1.01816
0
1.07466
1.01816
1.01816
1.03666
0
1.01816
0
0
1.03666
1.05548
0
1.01816
1.05548
0
0
1.01816
0
1.05548
0
0
1.03666
1.01816
1.07466
1.01816
0
1.01816
1.05548
0
1.01816
0
1.03666
0
1.03666
0
1.01816
1.05548
0
0
1.05548
0
1.01816
0
1.01816
1.01816
1.01816
1.01816
1.01816
0
0
1.01816
0
1.01816
1.01816
0
1.01816
1.05548
1.01816
1.05548
1.01816
0
0
1.01816
1.03666
1.03666
0
0
0
1.01816
1.01816
1.03666
1.01816
0
0
1.03666
1.01816
1.03666
1.01816
1.01816
1.01816
0
0
1.01816
1.01816
1.01816
1.03666
0
1.03666
0
1.09417
1.05548
0
0
1.01816
0
1.01816
0
1.03666
1.01816
1.01816
1.03666
1.07466
0
1.03666
1.01816
1.03666
0
0
1.11405
0
0
0
1.01816
1.05548
1.01816
1.05548
1.03666
0
0
0
0
1.01816
1.05548
0
0
1.01816
1.01816
0
1.05548
1.01816
1.05548
1.01816
0
0
1.01816
0
1.03666
1.07466
0
0
1.03666
1.07466
1.01816
1.01816
0
1.01816
0
0
1.09417
0
1.01816
1.03666
1.01816
1.01816
1.01816
1.05548
0
1.01816
1.01816
1.01816
1.01816
1.01816
0
1.09417
1.01816
1.03666
1.07466
0
1.01816
0
0
1.01816
1.01816
0
1.01816
0
0
1.01816
0
1.01816
1.05548
1.01816
0
1.11405
1.01816
0
1.01816
1.03666
1.07466
0
1.01816
1.01816
1.01816
0
1.05548
1.01816
1.03666
1.01816
0
1.01816
1.01816
0
1.05548
1.05548
0
0
0
1.01816
0
1.01816
1.01816
1.01816
0
0
1.01816
1.01816
1.01816
0
1.01816
1.01816
1.01816
0
1.03666
0
1.01816
1.03666
1.01816
0
0
1.01816
1.03666
1.01816
0
1.03666
1.05548
0
0
0
1.03666
0
0
0
1.01816
1.01816
1.03666
0
0
0
1.01816
1.03666
1.01816
0
0
1.01816
1.13428
0
1.03666
1.07466
0
1.01816
0
1.03666
1.01816
1.01816
0
1.03666
0
1.01816
0
1.01816
1.01816
1.01816
1.01816
0
0
1.01816
1.03666
1.03666
1.03666
1.03666
1.01816
0
1.03666
1.01816
1.05548
0
1.03666
1.01816
1.01816
1.01816
0
1.01816
1.07466
0
0
1.01816
1.01816
1.01816
0
1.01816
1.01816
0
0
0
1.01816
1.03666
0
1.03666
0
0
1.03666
1.01816
1.05548
1.03666
1.01816
1.05548
1.01816
1.13428
1.01816
1.01816
0
1.01816
0
1.13428
1.05548
1.07466
1.01816
1.01816
1.03666
1.01816
1.01816
0
0
1.05548
1.03666
1.01816
0
0
0
0
1.07466
0
0
0
1.03666
1.01816
0
1.01816
1.01816
1.11405
1.05548
0
0
1.01816
1.07466
0
0
1.03666
0
1.03666
