       0        22         2        11        12         1  
      24         2        22        13        12        23  
       2        24         4        13        14         3  
      26         4        24        15        14        25  
       4        26         6        15        16         5  
      28         6        26        17        16        27  
       6        28         8        17        18         7  
      30         8        28        19        18        29  
       8        30        10        19        20         9  
      32        10        30        21        20        31  
      22        44        24        33        34        23  
      46        24        44        35        34        45  
      24        46        26        35        36        25  
      48        26        46        37        36        47  
      26        48        28        37        38        27  
      50        28        48        39        38        49  
      28        50        30        39        40        29  
      52        30        50        41        40        51  
      30        52        32        41        42        31  
      54        32        52        43        42        53  
      44        66        46        55        56        45  
      68        46        66        57        56        67  
      46        68        48        57        58        47  
      70        48        68        59        58        69  
      48        70        50        59        60        49  
      72        50        70        61        60        71  
      50        72        52        61        62        51  
      74        52        72        63        62        73  
      52        74        54        63        64        53  
      76        54        74        65        64        75  
      66        88        68        77        78        67  
      90        68        88        79        78        89  
      68        90        70        79        80        69  
      92        70        90        81        80        91  
      70        92        72        81        82        71  
      94        72        92        83        82        93  
      72        94        74        83        84        73  
      96        74        94        85        84        95  
      74        96        76        85        86        75  
      98        76        96        87        86        97  
      88       110        90        99       100        89  
     112        90       110       101       100       111  
      90       112        92       101       102        91  
     114        92       112       103       102       113  
      92       114        94       103       104        93  
     116        94       114       105       104       115  
      94       116        96       105       106        95  
     118        96       116       107       106       117  
      96       118        98       107       108        97  
     120        98       118       109       108       119  
