       0         0
0.0172414         0
0.0344828         0
0.0517241         0
0.0689655         0
0.0862069         0
0.103448         0
 0.12069         0
0.137931         0
0.155172         0
0.172414         0
0.189655         0
0.206897         0
0.224138         0
0.241379         0
0.258621         0
0.275862         0
0.293103         0
0.310345         0
0.327586         0
0.344828         0
0.362069         0
 0.37931         0
0.396552         0
0.413793         0
0.431034         0
0.448276         0
0.465517         0
0.482759         0
     0.5         0
0.517241         0
0.534483         0
0.551724         0
0.568966         0
0.586207         0
0.603448         0
 0.62069         0
0.637931         0
0.655172         0
0.672414         0
0.689655         0
0.706897         0
0.724138         0
0.741379         0
0.758621         0
0.775862         0
0.793103         0
0.810345         0
0.827586         0
0.844828         0
0.862069         0
 0.87931         0
0.896552         0
0.913793         0
0.931034         0
0.948276         0
0.965517         0
0.982759         0
       1         0
       0  0.0172414
0.0172414  0.0172414
0.0344828  0.0172414
0.0517241  0.0172414
0.0689655  0.0172414
0.0862069  0.0172414
0.103448  0.0172414
 0.12069  0.0172414
0.137931  0.0172414
0.155172  0.0172414
0.172414  0.0172414
0.189655  0.0172414
0.206897  0.0172414
0.224138  0.0172414
0.241379  0.0172414
0.258621  0.0172414
0.275862  0.0172414
0.293103  0.0172414
0.310345  0.0172414
0.327586  0.0172414
0.344828  0.0172414
0.362069  0.0172414
 0.37931  0.0172414
0.396552  0.0172414
0.413793  0.0172414
0.431034  0.0172414
0.448276  0.0172414
0.465517  0.0172414
0.482759  0.0172414
     0.5  0.0172414
0.517241  0.0172414
0.534483  0.0172414
0.551724  0.0172414
0.568966  0.0172414
0.586207  0.0172414
0.603448  0.0172414
 0.62069  0.0172414
0.637931  0.0172414
0.655172  0.0172414
0.672414  0.0172414
0.689655  0.0172414
0.706897  0.0172414
0.724138  0.0172414
0.741379  0.0172414
0.758621  0.0172414
0.775862  0.0172414
0.793103  0.0172414
0.810345  0.0172414
0.827586  0.0172414
0.844828  0.0172414
0.862069  0.0172414
 0.87931  0.0172414
0.896552  0.0172414
0.913793  0.0172414
0.931034  0.0172414
0.948276  0.0172414
0.965517  0.0172414
0.982759  0.0172414
       1  0.0172414
       0  0.0344828
0.0172414  0.0344828
0.0344828  0.0344828
0.0517241  0.0344828
0.0689655  0.0344828
0.0862069  0.0344828
0.103448  0.0344828
 0.12069  0.0344828
0.137931  0.0344828
0.155172  0.0344828
0.172414  0.0344828
0.189655  0.0344828
0.206897  0.0344828
0.224138  0.0344828
0.241379  0.0344828
0.258621  0.0344828
0.275862  0.0344828
0.293103  0.0344828
0.310345  0.0344828
0.327586  0.0344828
0.344828  0.0344828
0.362069  0.0344828
 0.37931  0.0344828
0.396552  0.0344828
0.413793  0.0344828
0.431034  0.0344828
0.448276  0.0344828
0.465517  0.0344828
0.482759  0.0344828
     0.5  0.0344828
0.517241  0.0344828
0.534483  0.0344828
0.551724  0.0344828
0.568966  0.0344828
0.586207  0.0344828
0.603448  0.0344828
 0.62069  0.0344828
0.637931  0.0344828
0.655172  0.0344828
0.672414  0.0344828
0.689655  0.0344828
0.706897  0.0344828
0.724138  0.0344828
0.741379  0.0344828
0.758621  0.0344828
0.775862  0.0344828
0.793103  0.0344828
0.810345  0.0344828
0.827586  0.0344828
0.844828  0.0344828
0.862069  0.0344828
 0.87931  0.0344828
0.896552  0.0344828
0.913793  0.0344828
0.931034  0.0344828
0.948276  0.0344828
0.965517  0.0344828
0.982759  0.0344828
       1  0.0344828
       0  0.0517241
0.0172414  0.0517241
0.0344828  0.0517241
0.0517241  0.0517241
0.0689655  0.0517241
0.0862069  0.0517241
0.103448  0.0517241
 0.12069  0.0517241
0.137931  0.0517241
0.155172  0.0517241
0.172414  0.0517241
0.189655  0.0517241
0.206897  0.0517241
0.224138  0.0517241
0.241379  0.0517241
0.258621  0.0517241
0.275862  0.0517241
0.293103  0.0517241
0.310345  0.0517241
0.327586  0.0517241
0.344828  0.0517241
0.362069  0.0517241
 0.37931  0.0517241
0.396552  0.0517241
0.413793  0.0517241
0.431034  0.0517241
0.448276  0.0517241
0.465517  0.0517241
0.482759  0.0517241
     0.5  0.0517241
0.517241  0.0517241
0.534483  0.0517241
0.551724  0.0517241
0.568966  0.0517241
0.586207  0.0517241
0.603448  0.0517241
 0.62069  0.0517241
0.637931  0.0517241
0.655172  0.0517241
0.672414  0.0517241
0.689655  0.0517241
0.706897  0.0517241
0.724138  0.0517241
0.741379  0.0517241
0.758621  0.0517241
0.775862  0.0517241
0.793103  0.0517241
0.810345  0.0517241
0.827586  0.0517241
0.844828  0.0517241
0.862069  0.0517241
 0.87931  0.0517241
0.896552  0.0517241
0.913793  0.0517241
0.931034  0.0517241
0.948276  0.0517241
0.965517  0.0517241
0.982759  0.0517241
       1  0.0517241
       0  0.0689655
0.0172414  0.0689655
0.0344828  0.0689655
0.0517241  0.0689655
0.0689655  0.0689655
0.0862069  0.0689655
0.103448  0.0689655
 0.12069  0.0689655
0.137931  0.0689655
0.155172  0.0689655
0.172414  0.0689655
0.189655  0.0689655
0.206897  0.0689655
0.224138  0.0689655
0.241379  0.0689655
0.258621  0.0689655
0.275862  0.0689655
0.293103  0.0689655
0.310345  0.0689655
0.327586  0.0689655
0.344828  0.0689655
0.362069  0.0689655
 0.37931  0.0689655
0.396552  0.0689655
0.413793  0.0689655
0.431034  0.0689655
0.448276  0.0689655
0.465517  0.0689655
0.482759  0.0689655
     0.5  0.0689655
0.517241  0.0689655
0.534483  0.0689655
0.551724  0.0689655
0.568966  0.0689655
0.586207  0.0689655
0.603448  0.0689655
 0.62069  0.0689655
0.637931  0.0689655
0.655172  0.0689655
0.672414  0.0689655
0.689655  0.0689655
0.706897  0.0689655
0.724138  0.0689655
0.741379  0.0689655
0.758621  0.0689655
0.775862  0.0689655
0.793103  0.0689655
0.810345  0.0689655
0.827586  0.0689655
0.844828  0.0689655
0.862069  0.0689655
 0.87931  0.0689655
0.896552  0.0689655
0.913793  0.0689655
0.931034  0.0689655
0.948276  0.0689655
0.965517  0.0689655
0.982759  0.0689655
       1  0.0689655
       0  0.0862069
0.0172414  0.0862069
0.0344828  0.0862069
0.0517241  0.0862069
0.0689655  0.0862069
0.0862069  0.0862069
0.103448  0.0862069
 0.12069  0.0862069
0.137931  0.0862069
0.155172  0.0862069
0.172414  0.0862069
0.189655  0.0862069
0.206897  0.0862069
0.224138  0.0862069
0.241379  0.0862069
0.258621  0.0862069
0.275862  0.0862069
0.293103  0.0862069
0.310345  0.0862069
0.327586  0.0862069
0.344828  0.0862069
0.362069  0.0862069
 0.37931  0.0862069
0.396552  0.0862069
0.413793  0.0862069
0.431034  0.0862069
0.448276  0.0862069
0.465517  0.0862069
0.482759  0.0862069
     0.5  0.0862069
0.517241  0.0862069
0.534483  0.0862069
0.551724  0.0862069
0.568966  0.0862069
0.586207  0.0862069
0.603448  0.0862069
 0.62069  0.0862069
0.637931  0.0862069
0.655172  0.0862069
0.672414  0.0862069
0.689655  0.0862069
0.706897  0.0862069
0.724138  0.0862069
0.741379  0.0862069
0.758621  0.0862069
0.775862  0.0862069
0.793103  0.0862069
0.810345  0.0862069
0.827586  0.0862069
0.844828  0.0862069
0.862069  0.0862069
 0.87931  0.0862069
0.896552  0.0862069
0.913793  0.0862069
0.931034  0.0862069
0.948276  0.0862069
0.965517  0.0862069
0.982759  0.0862069
       1  0.0862069
       0  0.103448
0.0172414  0.103448
0.0344828  0.103448
0.0517241  0.103448
0.0689655  0.103448
0.0862069  0.103448
0.103448  0.103448
 0.12069  0.103448
0.137931  0.103448
0.155172  0.103448
0.172414  0.103448
0.189655  0.103448
0.206897  0.103448
0.224138  0.103448
0.241379  0.103448
0.258621  0.103448
0.275862  0.103448
0.293103  0.103448
0.310345  0.103448
0.327586  0.103448
0.344828  0.103448
0.362069  0.103448
 0.37931  0.103448
0.396552  0.103448
0.413793  0.103448
0.431034  0.103448
0.448276  0.103448
0.465517  0.103448
0.482759  0.103448
     0.5  0.103448
0.517241  0.103448
0.534483  0.103448
0.551724  0.103448
0.568966  0.103448
0.586207  0.103448
0.603448  0.103448
 0.62069  0.103448
0.637931  0.103448
0.655172  0.103448
0.672414  0.103448
0.689655  0.103448
0.706897  0.103448
0.724138  0.103448
0.741379  0.103448
0.758621  0.103448
0.775862  0.103448
0.793103  0.103448
0.810345  0.103448
0.827586  0.103448
0.844828  0.103448
0.862069  0.103448
 0.87931  0.103448
0.896552  0.103448
0.913793  0.103448
0.931034  0.103448
0.948276  0.103448
0.965517  0.103448
0.982759  0.103448
       1  0.103448
       0   0.12069
0.0172414   0.12069
0.0344828   0.12069
0.0517241   0.12069
0.0689655   0.12069
0.0862069   0.12069
0.103448   0.12069
 0.12069   0.12069
0.137931   0.12069
0.155172   0.12069
0.172414   0.12069
0.189655   0.12069
0.206897   0.12069
0.224138   0.12069
0.241379   0.12069
0.258621   0.12069
0.275862   0.12069
0.293103   0.12069
0.310345   0.12069
0.327586   0.12069
0.344828   0.12069
0.362069   0.12069
 0.37931   0.12069
0.396552   0.12069
0.413793   0.12069
0.431034   0.12069
0.448276   0.12069
0.465517   0.12069
0.482759   0.12069
     0.5   0.12069
0.517241   0.12069
0.534483   0.12069
0.551724   0.12069
0.568966   0.12069
0.586207   0.12069
0.603448   0.12069
 0.62069   0.12069
0.637931   0.12069
0.655172   0.12069
0.672414   0.12069
0.689655   0.12069
0.706897   0.12069
0.724138   0.12069
0.741379   0.12069
0.758621   0.12069
0.775862   0.12069
0.793103   0.12069
0.810345   0.12069
0.827586   0.12069
0.844828   0.12069
0.862069   0.12069
 0.87931   0.12069
0.896552   0.12069
0.913793   0.12069
0.931034   0.12069
0.948276   0.12069
0.965517   0.12069
0.982759   0.12069
       1   0.12069
       0  0.137931
0.0172414  0.137931
0.0344828  0.137931
0.0517241  0.137931
0.0689655  0.137931
0.0862069  0.137931
0.103448  0.137931
 0.12069  0.137931
0.137931  0.137931
0.155172  0.137931
0.172414  0.137931
0.189655  0.137931
0.206897  0.137931
0.224138  0.137931
0.241379  0.137931
0.258621  0.137931
0.275862  0.137931
0.293103  0.137931
0.310345  0.137931
0.327586  0.137931
0.344828  0.137931
0.362069  0.137931
 0.37931  0.137931
0.396552  0.137931
0.413793  0.137931
0.431034  0.137931
0.448276  0.137931
0.465517  0.137931
0.482759  0.137931
     0.5  0.137931
0.517241  0.137931
0.534483  0.137931
0.551724  0.137931
0.568966  0.137931
0.586207  0.137931
0.603448  0.137931
 0.62069  0.137931
0.637931  0.137931
0.655172  0.137931
0.672414  0.137931
0.689655  0.137931
0.706897  0.137931
0.724138  0.137931
0.741379  0.137931
0.758621  0.137931
0.775862  0.137931
0.793103  0.137931
0.810345  0.137931
0.827586  0.137931
0.844828  0.137931
0.862069  0.137931
 0.87931  0.137931
0.896552  0.137931
0.913793  0.137931
0.931034  0.137931
0.948276  0.137931
0.965517  0.137931
0.982759  0.137931
       1  0.137931
       0  0.155172
0.0172414  0.155172
0.0344828  0.155172
0.0517241  0.155172
0.0689655  0.155172
0.0862069  0.155172
0.103448  0.155172
 0.12069  0.155172
0.137931  0.155172
0.155172  0.155172
0.172414  0.155172
0.189655  0.155172
0.206897  0.155172
0.224138  0.155172
0.241379  0.155172
0.258621  0.155172
0.275862  0.155172
0.293103  0.155172
0.310345  0.155172
0.327586  0.155172
0.344828  0.155172
0.362069  0.155172
 0.37931  0.155172
0.396552  0.155172
0.413793  0.155172
0.431034  0.155172
0.448276  0.155172
0.465517  0.155172
0.482759  0.155172
     0.5  0.155172
0.517241  0.155172
0.534483  0.155172
0.551724  0.155172
0.568966  0.155172
0.586207  0.155172
0.603448  0.155172
 0.62069  0.155172
0.637931  0.155172
0.655172  0.155172
0.672414  0.155172
0.689655  0.155172
0.706897  0.155172
0.724138  0.155172
0.741379  0.155172
0.758621  0.155172
0.775862  0.155172
0.793103  0.155172
0.810345  0.155172
0.827586  0.155172
0.844828  0.155172
0.862069  0.155172
 0.87931  0.155172
0.896552  0.155172
0.913793  0.155172
0.931034  0.155172
0.948276  0.155172
0.965517  0.155172
0.982759  0.155172
       1  0.155172
       0  0.172414
0.0172414  0.172414
0.0344828  0.172414
0.0517241  0.172414
0.0689655  0.172414
0.0862069  0.172414
0.103448  0.172414
 0.12069  0.172414
0.137931  0.172414
0.155172  0.172414
0.172414  0.172414
0.189655  0.172414
0.206897  0.172414
0.224138  0.172414
0.241379  0.172414
0.258621  0.172414
0.275862  0.172414
0.293103  0.172414
0.310345  0.172414
0.327586  0.172414
0.344828  0.172414
0.362069  0.172414
 0.37931  0.172414
0.396552  0.172414
0.413793  0.172414
0.431034  0.172414
0.448276  0.172414
0.465517  0.172414
0.482759  0.172414
     0.5  0.172414
0.517241  0.172414
0.534483  0.172414
0.551724  0.172414
0.568966  0.172414
0.586207  0.172414
0.603448  0.172414
 0.62069  0.172414
0.637931  0.172414
0.655172  0.172414
0.672414  0.172414
0.689655  0.172414
0.706897  0.172414
0.724138  0.172414
0.741379  0.172414
0.758621  0.172414
0.775862  0.172414
0.793103  0.172414
0.810345  0.172414
0.827586  0.172414
0.844828  0.172414
0.862069  0.172414
 0.87931  0.172414
0.896552  0.172414
0.913793  0.172414
0.931034  0.172414
0.948276  0.172414
0.965517  0.172414
0.982759  0.172414
       1  0.172414
       0  0.189655
0.0172414  0.189655
0.0344828  0.189655
0.0517241  0.189655
0.0689655  0.189655
0.0862069  0.189655
0.103448  0.189655
 0.12069  0.189655
0.137931  0.189655
0.155172  0.189655
0.172414  0.189655
0.189655  0.189655
0.206897  0.189655
0.224138  0.189655
0.241379  0.189655
0.258621  0.189655
0.275862  0.189655
0.293103  0.189655
0.310345  0.189655
0.327586  0.189655
0.344828  0.189655
0.362069  0.189655
 0.37931  0.189655
0.396552  0.189655
0.413793  0.189655
0.431034  0.189655
0.448276  0.189655
0.465517  0.189655
0.482759  0.189655
     0.5  0.189655
0.517241  0.189655
0.534483  0.189655
0.551724  0.189655
0.568966  0.189655
0.586207  0.189655
0.603448  0.189655
 0.62069  0.189655
0.637931  0.189655
0.655172  0.189655
0.672414  0.189655
0.689655  0.189655
0.706897  0.189655
0.724138  0.189655
0.741379  0.189655
0.758621  0.189655
0.775862  0.189655
0.793103  0.189655
0.810345  0.189655
0.827586  0.189655
0.844828  0.189655
0.862069  0.189655
 0.87931  0.189655
0.896552  0.189655
0.913793  0.189655
0.931034  0.189655
0.948276  0.189655
0.965517  0.189655
0.982759  0.189655
       1  0.189655
       0  0.206897
0.0172414  0.206897
0.0344828  0.206897
0.0517241  0.206897
0.0689655  0.206897
0.0862069  0.206897
0.103448  0.206897
 0.12069  0.206897
0.137931  0.206897
0.155172  0.206897
0.172414  0.206897
0.189655  0.206897
0.206897  0.206897
0.224138  0.206897
0.241379  0.206897
0.258621  0.206897
0.275862  0.206897
0.293103  0.206897
0.310345  0.206897
0.327586  0.206897
0.344828  0.206897
0.362069  0.206897
 0.37931  0.206897
0.396552  0.206897
0.413793  0.206897
0.431034  0.206897
0.448276  0.206897
0.465517  0.206897
0.482759  0.206897
     0.5  0.206897
0.517241  0.206897
0.534483  0.206897
0.551724  0.206897
0.568966  0.206897
0.586207  0.206897
0.603448  0.206897
 0.62069  0.206897
0.637931  0.206897
0.655172  0.206897
0.672414  0.206897
0.689655  0.206897
0.706897  0.206897
0.724138  0.206897
0.741379  0.206897
0.758621  0.206897
0.775862  0.206897
0.793103  0.206897
0.810345  0.206897
0.827586  0.206897
0.844828  0.206897
0.862069  0.206897
 0.87931  0.206897
0.896552  0.206897
0.913793  0.206897
0.931034  0.206897
0.948276  0.206897
0.965517  0.206897
0.982759  0.206897
       1  0.206897
       0  0.224138
0.0172414  0.224138
0.0344828  0.224138
0.0517241  0.224138
0.0689655  0.224138
0.0862069  0.224138
0.103448  0.224138
 0.12069  0.224138
0.137931  0.224138
0.155172  0.224138
0.172414  0.224138
0.189655  0.224138
0.206897  0.224138
0.224138  0.224138
0.241379  0.224138
0.258621  0.224138
0.275862  0.224138
0.293103  0.224138
0.310345  0.224138
0.327586  0.224138
0.344828  0.224138
0.362069  0.224138
 0.37931  0.224138
0.396552  0.224138
0.413793  0.224138
0.431034  0.224138
0.448276  0.224138
0.465517  0.224138
0.482759  0.224138
     0.5  0.224138
0.517241  0.224138
0.534483  0.224138
0.551724  0.224138
0.568966  0.224138
0.586207  0.224138
0.603448  0.224138
 0.62069  0.224138
0.637931  0.224138
0.655172  0.224138
0.672414  0.224138
0.689655  0.224138
0.706897  0.224138
0.724138  0.224138
0.741379  0.224138
0.758621  0.224138
0.775862  0.224138
0.793103  0.224138
0.810345  0.224138
0.827586  0.224138
0.844828  0.224138
0.862069  0.224138
 0.87931  0.224138
0.896552  0.224138
0.913793  0.224138
0.931034  0.224138
0.948276  0.224138
0.965517  0.224138
0.982759  0.224138
       1  0.224138
       0  0.241379
0.0172414  0.241379
0.0344828  0.241379
0.0517241  0.241379
0.0689655  0.241379
0.0862069  0.241379
0.103448  0.241379
 0.12069  0.241379
0.137931  0.241379
0.155172  0.241379
0.172414  0.241379
0.189655  0.241379
0.206897  0.241379
0.224138  0.241379
0.241379  0.241379
0.258621  0.241379
0.275862  0.241379
0.293103  0.241379
0.310345  0.241379
0.327586  0.241379
0.344828  0.241379
0.362069  0.241379
 0.37931  0.241379
0.396552  0.241379
0.413793  0.241379
0.431034  0.241379
0.448276  0.241379
0.465517  0.241379
0.482759  0.241379
     0.5  0.241379
0.517241  0.241379
0.534483  0.241379
0.551724  0.241379
0.568966  0.241379
0.586207  0.241379
0.603448  0.241379
 0.62069  0.241379
0.637931  0.241379
0.655172  0.241379
0.672414  0.241379
0.689655  0.241379
0.706897  0.241379
0.724138  0.241379
0.741379  0.241379
0.758621  0.241379
0.775862  0.241379
0.793103  0.241379
0.810345  0.241379
0.827586  0.241379
0.844828  0.241379
0.862069  0.241379
 0.87931  0.241379
0.896552  0.241379
0.913793  0.241379
0.931034  0.241379
0.948276  0.241379
0.965517  0.241379
0.982759  0.241379
       1  0.241379
       0  0.258621
0.0172414  0.258621
0.0344828  0.258621
0.0517241  0.258621
0.0689655  0.258621
0.0862069  0.258621
0.103448  0.258621
 0.12069  0.258621
0.137931  0.258621
0.155172  0.258621
0.172414  0.258621
0.189655  0.258621
0.206897  0.258621
0.224138  0.258621
0.241379  0.258621
0.258621  0.258621
0.275862  0.258621
0.293103  0.258621
0.310345  0.258621
0.327586  0.258621
0.344828  0.258621
0.362069  0.258621
 0.37931  0.258621
0.396552  0.258621
0.413793  0.258621
0.431034  0.258621
0.448276  0.258621
0.465517  0.258621
0.482759  0.258621
     0.5  0.258621
0.517241  0.258621
0.534483  0.258621
0.551724  0.258621
0.568966  0.258621
0.586207  0.258621
0.603448  0.258621
 0.62069  0.258621
0.637931  0.258621
0.655172  0.258621
0.672414  0.258621
0.689655  0.258621
0.706897  0.258621
0.724138  0.258621
0.741379  0.258621
0.758621  0.258621
0.775862  0.258621
0.793103  0.258621
0.810345  0.258621
0.827586  0.258621
0.844828  0.258621
0.862069  0.258621
 0.87931  0.258621
0.896552  0.258621
0.913793  0.258621
0.931034  0.258621
0.948276  0.258621
0.965517  0.258621
0.982759  0.258621
       1  0.258621
       0  0.275862
0.0172414  0.275862
0.0344828  0.275862
0.0517241  0.275862
0.0689655  0.275862
0.0862069  0.275862
0.103448  0.275862
 0.12069  0.275862
0.137931  0.275862
0.155172  0.275862
0.172414  0.275862
0.189655  0.275862
0.206897  0.275862
0.224138  0.275862
0.241379  0.275862
0.258621  0.275862
0.275862  0.275862
0.293103  0.275862
0.310345  0.275862
0.327586  0.275862
0.344828  0.275862
0.362069  0.275862
 0.37931  0.275862
0.396552  0.275862
0.413793  0.275862
0.431034  0.275862
0.448276  0.275862
0.465517  0.275862
0.482759  0.275862
     0.5  0.275862
0.517241  0.275862
0.534483  0.275862
0.551724  0.275862
0.568966  0.275862
0.586207  0.275862
0.603448  0.275862
 0.62069  0.275862
0.637931  0.275862
0.655172  0.275862
0.672414  0.275862
0.689655  0.275862
0.706897  0.275862
0.724138  0.275862
0.741379  0.275862
0.758621  0.275862
0.775862  0.275862
0.793103  0.275862
0.810345  0.275862
0.827586  0.275862
0.844828  0.275862
0.862069  0.275862
 0.87931  0.275862
0.896552  0.275862
0.913793  0.275862
0.931034  0.275862
0.948276  0.275862
0.965517  0.275862
0.982759  0.275862
       1  0.275862
       0  0.293103
0.0172414  0.293103
0.0344828  0.293103
0.0517241  0.293103
0.0689655  0.293103
0.0862069  0.293103
0.103448  0.293103
 0.12069  0.293103
0.137931  0.293103
0.155172  0.293103
0.172414  0.293103
0.189655  0.293103
0.206897  0.293103
0.224138  0.293103
0.241379  0.293103
0.258621  0.293103
0.275862  0.293103
0.293103  0.293103
0.310345  0.293103
0.327586  0.293103
0.344828  0.293103
0.362069  0.293103
 0.37931  0.293103
0.396552  0.293103
0.413793  0.293103
0.431034  0.293103
0.448276  0.293103
0.465517  0.293103
0.482759  0.293103
     0.5  0.293103
0.517241  0.293103
0.534483  0.293103
0.551724  0.293103
0.568966  0.293103
0.586207  0.293103
0.603448  0.293103
 0.62069  0.293103
0.637931  0.293103
0.655172  0.293103
0.672414  0.293103
0.689655  0.293103
0.706897  0.293103
0.724138  0.293103
0.741379  0.293103
0.758621  0.293103
0.775862  0.293103
0.793103  0.293103
0.810345  0.293103
0.827586  0.293103
0.844828  0.293103
0.862069  0.293103
 0.87931  0.293103
0.896552  0.293103
0.913793  0.293103
0.931034  0.293103
0.948276  0.293103
0.965517  0.293103
0.982759  0.293103
       1  0.293103
       0  0.310345
0.0172414  0.310345
0.0344828  0.310345
0.0517241  0.310345
0.0689655  0.310345
0.0862069  0.310345
0.103448  0.310345
 0.12069  0.310345
0.137931  0.310345
0.155172  0.310345
0.172414  0.310345
0.189655  0.310345
0.206897  0.310345
0.224138  0.310345
0.241379  0.310345
0.258621  0.310345
0.275862  0.310345
0.293103  0.310345
0.310345  0.310345
0.327586  0.310345
0.344828  0.310345
0.362069  0.310345
 0.37931  0.310345
0.396552  0.310345
0.413793  0.310345
0.431034  0.310345
0.448276  0.310345
0.465517  0.310345
0.482759  0.310345
     0.5  0.310345
0.517241  0.310345
0.534483  0.310345
0.551724  0.310345
0.568966  0.310345
0.586207  0.310345
0.603448  0.310345
 0.62069  0.310345
0.637931  0.310345
0.655172  0.310345
0.672414  0.310345
0.689655  0.310345
0.706897  0.310345
0.724138  0.310345
0.741379  0.310345
0.758621  0.310345
0.775862  0.310345
0.793103  0.310345
0.810345  0.310345
0.827586  0.310345
0.844828  0.310345
0.862069  0.310345
 0.87931  0.310345
0.896552  0.310345
0.913793  0.310345
0.931034  0.310345
0.948276  0.310345
0.965517  0.310345
0.982759  0.310345
       1  0.310345
       0  0.327586
0.0172414  0.327586
0.0344828  0.327586
0.0517241  0.327586
0.0689655  0.327586
0.0862069  0.327586
0.103448  0.327586
 0.12069  0.327586
0.137931  0.327586
0.155172  0.327586
0.172414  0.327586
0.189655  0.327586
0.206897  0.327586
0.224138  0.327586
0.241379  0.327586
0.258621  0.327586
0.275862  0.327586
0.293103  0.327586
0.310345  0.327586
0.327586  0.327586
0.344828  0.327586
0.362069  0.327586
 0.37931  0.327586
0.396552  0.327586
0.413793  0.327586
0.431034  0.327586
0.448276  0.327586
0.465517  0.327586
0.482759  0.327586
     0.5  0.327586
0.517241  0.327586
0.534483  0.327586
0.551724  0.327586
0.568966  0.327586
0.586207  0.327586
0.603448  0.327586
 0.62069  0.327586
0.637931  0.327586
0.655172  0.327586
0.672414  0.327586
0.689655  0.327586
0.706897  0.327586
0.724138  0.327586
0.741379  0.327586
0.758621  0.327586
0.775862  0.327586
0.793103  0.327586
0.810345  0.327586
0.827586  0.327586
0.844828  0.327586
0.862069  0.327586
 0.87931  0.327586
0.896552  0.327586
0.913793  0.327586
0.931034  0.327586
0.948276  0.327586
0.965517  0.327586
0.982759  0.327586
       1  0.327586
       0  0.344828
0.0172414  0.344828
0.0344828  0.344828
0.0517241  0.344828
0.0689655  0.344828
0.0862069  0.344828
0.103448  0.344828
 0.12069  0.344828
0.137931  0.344828
0.155172  0.344828
0.172414  0.344828
0.189655  0.344828
0.206897  0.344828
0.224138  0.344828
0.241379  0.344828
0.258621  0.344828
0.275862  0.344828
0.293103  0.344828
0.310345  0.344828
0.327586  0.344828
0.344828  0.344828
0.362069  0.344828
 0.37931  0.344828
0.396552  0.344828
0.413793  0.344828
0.431034  0.344828
0.448276  0.344828
0.465517  0.344828
0.482759  0.344828
     0.5  0.344828
0.517241  0.344828
0.534483  0.344828
0.551724  0.344828
0.568966  0.344828
0.586207  0.344828
0.603448  0.344828
 0.62069  0.344828
0.637931  0.344828
0.655172  0.344828
0.672414  0.344828
0.689655  0.344828
0.706897  0.344828
0.724138  0.344828
0.741379  0.344828
0.758621  0.344828
0.775862  0.344828
0.793103  0.344828
0.810345  0.344828
0.827586  0.344828
0.844828  0.344828
0.862069  0.344828
 0.87931  0.344828
0.896552  0.344828
0.913793  0.344828
0.931034  0.344828
0.948276  0.344828
0.965517  0.344828
0.982759  0.344828
       1  0.344828
       0  0.362069
0.0172414  0.362069
0.0344828  0.362069
0.0517241  0.362069
0.0689655  0.362069
0.0862069  0.362069
0.103448  0.362069
 0.12069  0.362069
0.137931  0.362069
0.155172  0.362069
0.172414  0.362069
0.189655  0.362069
0.206897  0.362069
0.224138  0.362069
0.241379  0.362069
0.258621  0.362069
0.275862  0.362069
0.293103  0.362069
0.310345  0.362069
0.327586  0.362069
0.344828  0.362069
0.362069  0.362069
 0.37931  0.362069
0.396552  0.362069
0.413793  0.362069
0.431034  0.362069
0.448276  0.362069
0.465517  0.362069
0.482759  0.362069
     0.5  0.362069
0.517241  0.362069
0.534483  0.362069
0.551724  0.362069
0.568966  0.362069
0.586207  0.362069
0.603448  0.362069
 0.62069  0.362069
0.637931  0.362069
0.655172  0.362069
0.672414  0.362069
0.689655  0.362069
0.706897  0.362069
0.724138  0.362069
0.741379  0.362069
0.758621  0.362069
0.775862  0.362069
0.793103  0.362069
0.810345  0.362069
0.827586  0.362069
0.844828  0.362069
0.862069  0.362069
 0.87931  0.362069
0.896552  0.362069
0.913793  0.362069
0.931034  0.362069
0.948276  0.362069
0.965517  0.362069
0.982759  0.362069
       1  0.362069
       0   0.37931
0.0172414   0.37931
0.0344828   0.37931
0.0517241   0.37931
0.0689655   0.37931
0.0862069   0.37931
0.103448   0.37931
 0.12069   0.37931
0.137931   0.37931
0.155172   0.37931
0.172414   0.37931
0.189655   0.37931
0.206897   0.37931
0.224138   0.37931
0.241379   0.37931
0.258621   0.37931
0.275862   0.37931
0.293103   0.37931
0.310345   0.37931
0.327586   0.37931
0.344828   0.37931
0.362069   0.37931
 0.37931   0.37931
0.396552   0.37931
0.413793   0.37931
0.431034   0.37931
0.448276   0.37931
0.465517   0.37931
0.482759   0.37931
     0.5   0.37931
0.517241   0.37931
0.534483   0.37931
0.551724   0.37931
0.568966   0.37931
0.586207   0.37931
0.603448   0.37931
 0.62069   0.37931
0.637931   0.37931
0.655172   0.37931
0.672414   0.37931
0.689655   0.37931
0.706897   0.37931
0.724138   0.37931
0.741379   0.37931
0.758621   0.37931
0.775862   0.37931
0.793103   0.37931
0.810345   0.37931
0.827586   0.37931
0.844828   0.37931
0.862069   0.37931
 0.87931   0.37931
0.896552   0.37931
0.913793   0.37931
0.931034   0.37931
0.948276   0.37931
0.965517   0.37931
0.982759   0.37931
       1   0.37931
       0  0.396552
0.0172414  0.396552
0.0344828  0.396552
0.0517241  0.396552
0.0689655  0.396552
0.0862069  0.396552
0.103448  0.396552
 0.12069  0.396552
0.137931  0.396552
0.155172  0.396552
0.172414  0.396552
0.189655  0.396552
0.206897  0.396552
0.224138  0.396552
0.241379  0.396552
0.258621  0.396552
0.275862  0.396552
0.293103  0.396552
0.310345  0.396552
0.327586  0.396552
0.344828  0.396552
0.362069  0.396552
 0.37931  0.396552
0.396552  0.396552
0.413793  0.396552
0.431034  0.396552
0.448276  0.396552
0.465517  0.396552
0.482759  0.396552
     0.5  0.396552
0.517241  0.396552
0.534483  0.396552
0.551724  0.396552
0.568966  0.396552
0.586207  0.396552
0.603448  0.396552
 0.62069  0.396552
0.637931  0.396552
0.655172  0.396552
0.672414  0.396552
0.689655  0.396552
0.706897  0.396552
0.724138  0.396552
0.741379  0.396552
0.758621  0.396552
0.775862  0.396552
0.793103  0.396552
0.810345  0.396552
0.827586  0.396552
0.844828  0.396552
0.862069  0.396552
 0.87931  0.396552
0.896552  0.396552
0.913793  0.396552
0.931034  0.396552
0.948276  0.396552
0.965517  0.396552
0.982759  0.396552
       1  0.396552
       0  0.413793
0.0172414  0.413793
0.0344828  0.413793
0.0517241  0.413793
0.0689655  0.413793
0.0862069  0.413793
0.103448  0.413793
 0.12069  0.413793
0.137931  0.413793
0.155172  0.413793
0.172414  0.413793
0.189655  0.413793
0.206897  0.413793
0.224138  0.413793
0.241379  0.413793
0.258621  0.413793
0.275862  0.413793
0.293103  0.413793
0.310345  0.413793
0.327586  0.413793
0.344828  0.413793
0.362069  0.413793
 0.37931  0.413793
0.396552  0.413793
0.413793  0.413793
0.431034  0.413793
0.448276  0.413793
0.465517  0.413793
0.482759  0.413793
     0.5  0.413793
0.517241  0.413793
0.534483  0.413793
0.551724  0.413793
0.568966  0.413793
0.586207  0.413793
0.603448  0.413793
 0.62069  0.413793
0.637931  0.413793
0.655172  0.413793
0.672414  0.413793
0.689655  0.413793
0.706897  0.413793
0.724138  0.413793
0.741379  0.413793
0.758621  0.413793
0.775862  0.413793
0.793103  0.413793
0.810345  0.413793
0.827586  0.413793
0.844828  0.413793
0.862069  0.413793
 0.87931  0.413793
0.896552  0.413793
0.913793  0.413793
0.931034  0.413793
0.948276  0.413793
0.965517  0.413793
0.982759  0.413793
       1  0.413793
       0  0.431034
0.0172414  0.431034
0.0344828  0.431034
0.0517241  0.431034
0.0689655  0.431034
0.0862069  0.431034
0.103448  0.431034
 0.12069  0.431034
0.137931  0.431034
0.155172  0.431034
0.172414  0.431034
0.189655  0.431034
0.206897  0.431034
0.224138  0.431034
0.241379  0.431034
0.258621  0.431034
0.275862  0.431034
0.293103  0.431034
0.310345  0.431034
0.327586  0.431034
0.344828  0.431034
0.362069  0.431034
 0.37931  0.431034
0.396552  0.431034
0.413793  0.431034
0.431034  0.431034
0.448276  0.431034
0.465517  0.431034
0.482759  0.431034
     0.5  0.431034
0.517241  0.431034
0.534483  0.431034
0.551724  0.431034
0.568966  0.431034
0.586207  0.431034
0.603448  0.431034
 0.62069  0.431034
0.637931  0.431034
0.655172  0.431034
0.672414  0.431034
0.689655  0.431034
0.706897  0.431034
0.724138  0.431034
0.741379  0.431034
0.758621  0.431034
0.775862  0.431034
0.793103  0.431034
0.810345  0.431034
0.827586  0.431034
0.844828  0.431034
0.862069  0.431034
 0.87931  0.431034
0.896552  0.431034
0.913793  0.431034
0.931034  0.431034
0.948276  0.431034
0.965517  0.431034
0.982759  0.431034
       1  0.431034
       0  0.448276
0.0172414  0.448276
0.0344828  0.448276
0.0517241  0.448276
0.0689655  0.448276
0.0862069  0.448276
0.103448  0.448276
 0.12069  0.448276
0.137931  0.448276
0.155172  0.448276
0.172414  0.448276
0.189655  0.448276
0.206897  0.448276
0.224138  0.448276
0.241379  0.448276
0.258621  0.448276
0.275862  0.448276
0.293103  0.448276
0.310345  0.448276
0.327586  0.448276
0.344828  0.448276
0.362069  0.448276
 0.37931  0.448276
0.396552  0.448276
0.413793  0.448276
0.431034  0.448276
0.448276  0.448276
0.465517  0.448276
0.482759  0.448276
     0.5  0.448276
0.517241  0.448276
0.534483  0.448276
0.551724  0.448276
0.568966  0.448276
0.586207  0.448276
0.603448  0.448276
 0.62069  0.448276
0.637931  0.448276
0.655172  0.448276
0.672414  0.448276
0.689655  0.448276
0.706897  0.448276
0.724138  0.448276
0.741379  0.448276
0.758621  0.448276
0.775862  0.448276
0.793103  0.448276
0.810345  0.448276
0.827586  0.448276
0.844828  0.448276
0.862069  0.448276
 0.87931  0.448276
0.896552  0.448276
0.913793  0.448276
0.931034  0.448276
0.948276  0.448276
0.965517  0.448276
0.982759  0.448276
       1  0.448276
       0  0.465517
0.0172414  0.465517
0.0344828  0.465517
0.0517241  0.465517
0.0689655  0.465517
0.0862069  0.465517
0.103448  0.465517
 0.12069  0.465517
0.137931  0.465517
0.155172  0.465517
0.172414  0.465517
0.189655  0.465517
0.206897  0.465517
0.224138  0.465517
0.241379  0.465517
0.258621  0.465517
0.275862  0.465517
0.293103  0.465517
0.310345  0.465517
0.327586  0.465517
0.344828  0.465517
0.362069  0.465517
 0.37931  0.465517
0.396552  0.465517
0.413793  0.465517
0.431034  0.465517
0.448276  0.465517
0.465517  0.465517
0.482759  0.465517
     0.5  0.465517
0.517241  0.465517
0.534483  0.465517
0.551724  0.465517
0.568966  0.465517
0.586207  0.465517
0.603448  0.465517
 0.62069  0.465517
0.637931  0.465517
0.655172  0.465517
0.672414  0.465517
0.689655  0.465517
0.706897  0.465517
0.724138  0.465517
0.741379  0.465517
0.758621  0.465517
0.775862  0.465517
0.793103  0.465517
0.810345  0.465517
0.827586  0.465517
0.844828  0.465517
0.862069  0.465517
 0.87931  0.465517
0.896552  0.465517
0.913793  0.465517
0.931034  0.465517
0.948276  0.465517
0.965517  0.465517
0.982759  0.465517
       1  0.465517
       0  0.482759
0.0172414  0.482759
0.0344828  0.482759
0.0517241  0.482759
0.0689655  0.482759
0.0862069  0.482759
0.103448  0.482759
 0.12069  0.482759
0.137931  0.482759
0.155172  0.482759
0.172414  0.482759
0.189655  0.482759
0.206897  0.482759
0.224138  0.482759
0.241379  0.482759
0.258621  0.482759
0.275862  0.482759
0.293103  0.482759
0.310345  0.482759
0.327586  0.482759
0.344828  0.482759
0.362069  0.482759
 0.37931  0.482759
0.396552  0.482759
0.413793  0.482759
0.431034  0.482759
0.448276  0.482759
0.465517  0.482759
0.482759  0.482759
     0.5  0.482759
0.517241  0.482759
0.534483  0.482759
0.551724  0.482759
0.568966  0.482759
0.586207  0.482759
0.603448  0.482759
 0.62069  0.482759
0.637931  0.482759
0.655172  0.482759
0.672414  0.482759
0.689655  0.482759
0.706897  0.482759
0.724138  0.482759
0.741379  0.482759
0.758621  0.482759
0.775862  0.482759
0.793103  0.482759
0.810345  0.482759
0.827586  0.482759
0.844828  0.482759
0.862069  0.482759
 0.87931  0.482759
0.896552  0.482759
0.913793  0.482759
0.931034  0.482759
0.948276  0.482759
0.965517  0.482759
0.982759  0.482759
       1  0.482759
       0       0.5
0.0172414       0.5
0.0344828       0.5
0.0517241       0.5
0.0689655       0.5
0.0862069       0.5
0.103448       0.5
 0.12069       0.5
0.137931       0.5
0.155172       0.5
0.172414       0.5
0.189655       0.5
0.206897       0.5
0.224138       0.5
0.241379       0.5
0.258621       0.5
0.275862       0.5
0.293103       0.5
0.310345       0.5
0.327586       0.5
0.344828       0.5
0.362069       0.5
 0.37931       0.5
0.396552       0.5
0.413793       0.5
0.431034       0.5
0.448276       0.5
0.465517       0.5
0.482759       0.5
     0.5       0.5
0.517241       0.5
0.534483       0.5
0.551724       0.5
0.568966       0.5
0.586207       0.5
0.603448       0.5
 0.62069       0.5
0.637931       0.5
0.655172       0.5
0.672414       0.5
0.689655       0.5
0.706897       0.5
0.724138       0.5
0.741379       0.5
0.758621       0.5
0.775862       0.5
0.793103       0.5
0.810345       0.5
0.827586       0.5
0.844828       0.5
0.862069       0.5
 0.87931       0.5
0.896552       0.5
0.913793       0.5
0.931034       0.5
0.948276       0.5
0.965517       0.5
0.982759       0.5
       1       0.5
       0  0.517241
0.0172414  0.517241
0.0344828  0.517241
0.0517241  0.517241
0.0689655  0.517241
0.0862069  0.517241
0.103448  0.517241
 0.12069  0.517241
0.137931  0.517241
0.155172  0.517241
0.172414  0.517241
0.189655  0.517241
0.206897  0.517241
0.224138  0.517241
0.241379  0.517241
0.258621  0.517241
0.275862  0.517241
0.293103  0.517241
0.310345  0.517241
0.327586  0.517241
0.344828  0.517241
0.362069  0.517241
 0.37931  0.517241
0.396552  0.517241
0.413793  0.517241
0.431034  0.517241
0.448276  0.517241
0.465517  0.517241
0.482759  0.517241
     0.5  0.517241
0.517241  0.517241
0.534483  0.517241
0.551724  0.517241
0.568966  0.517241
0.586207  0.517241
0.603448  0.517241
 0.62069  0.517241
0.637931  0.517241
0.655172  0.517241
0.672414  0.517241
0.689655  0.517241
0.706897  0.517241
0.724138  0.517241
0.741379  0.517241
0.758621  0.517241
0.775862  0.517241
0.793103  0.517241
0.810345  0.517241
0.827586  0.517241
0.844828  0.517241
0.862069  0.517241
 0.87931  0.517241
0.896552  0.517241
0.913793  0.517241
0.931034  0.517241
0.948276  0.517241
0.965517  0.517241
0.982759  0.517241
       1  0.517241
       0  0.534483
0.0172414  0.534483
0.0344828  0.534483
0.0517241  0.534483
0.0689655  0.534483
0.0862069  0.534483
0.103448  0.534483
 0.12069  0.534483
0.137931  0.534483
0.155172  0.534483
0.172414  0.534483
0.189655  0.534483
0.206897  0.534483
0.224138  0.534483
0.241379  0.534483
0.258621  0.534483
0.275862  0.534483
0.293103  0.534483
0.310345  0.534483
0.327586  0.534483
0.344828  0.534483
0.362069  0.534483
 0.37931  0.534483
0.396552  0.534483
0.413793  0.534483
0.431034  0.534483
0.448276  0.534483
0.465517  0.534483
0.482759  0.534483
     0.5  0.534483
0.517241  0.534483
0.534483  0.534483
0.551724  0.534483
0.568966  0.534483
0.586207  0.534483
0.603448  0.534483
 0.62069  0.534483
0.637931  0.534483
0.655172  0.534483
0.672414  0.534483
0.689655  0.534483
0.706897  0.534483
0.724138  0.534483
0.741379  0.534483
0.758621  0.534483
0.775862  0.534483
0.793103  0.534483
0.810345  0.534483
0.827586  0.534483
0.844828  0.534483
0.862069  0.534483
 0.87931  0.534483
0.896552  0.534483
0.913793  0.534483
0.931034  0.534483
0.948276  0.534483
0.965517  0.534483
0.982759  0.534483
       1  0.534483
       0  0.551724
0.0172414  0.551724
0.0344828  0.551724
0.0517241  0.551724
0.0689655  0.551724
0.0862069  0.551724
0.103448  0.551724
 0.12069  0.551724
0.137931  0.551724
0.155172  0.551724
0.172414  0.551724
0.189655  0.551724
0.206897  0.551724
0.224138  0.551724
0.241379  0.551724
0.258621  0.551724
0.275862  0.551724
0.293103  0.551724
0.310345  0.551724
0.327586  0.551724
0.344828  0.551724
0.362069  0.551724
 0.37931  0.551724
0.396552  0.551724
0.413793  0.551724
0.431034  0.551724
0.448276  0.551724
0.465517  0.551724
0.482759  0.551724
     0.5  0.551724
0.517241  0.551724
0.534483  0.551724
0.551724  0.551724
0.568966  0.551724
0.586207  0.551724
0.603448  0.551724
 0.62069  0.551724
0.637931  0.551724
0.655172  0.551724
0.672414  0.551724
0.689655  0.551724
0.706897  0.551724
0.724138  0.551724
0.741379  0.551724
0.758621  0.551724
0.775862  0.551724
0.793103  0.551724
0.810345  0.551724
0.827586  0.551724
0.844828  0.551724
0.862069  0.551724
 0.87931  0.551724
0.896552  0.551724
0.913793  0.551724
0.931034  0.551724
0.948276  0.551724
0.965517  0.551724
0.982759  0.551724
       1  0.551724
       0  0.568966
0.0172414  0.568966
0.0344828  0.568966
0.0517241  0.568966
0.0689655  0.568966
0.0862069  0.568966
0.103448  0.568966
 0.12069  0.568966
0.137931  0.568966
0.155172  0.568966
0.172414  0.568966
0.189655  0.568966
0.206897  0.568966
0.224138  0.568966
0.241379  0.568966
0.258621  0.568966
0.275862  0.568966
0.293103  0.568966
0.310345  0.568966
0.327586  0.568966
0.344828  0.568966
0.362069  0.568966
 0.37931  0.568966
0.396552  0.568966
0.413793  0.568966
0.431034  0.568966
0.448276  0.568966
0.465517  0.568966
0.482759  0.568966
     0.5  0.568966
0.517241  0.568966
0.534483  0.568966
0.551724  0.568966
0.568966  0.568966
0.586207  0.568966
0.603448  0.568966
 0.62069  0.568966
0.637931  0.568966
0.655172  0.568966
0.672414  0.568966
0.689655  0.568966
0.706897  0.568966
0.724138  0.568966
0.741379  0.568966
0.758621  0.568966
0.775862  0.568966
0.793103  0.568966
0.810345  0.568966
0.827586  0.568966
0.844828  0.568966
0.862069  0.568966
 0.87931  0.568966
0.896552  0.568966
0.913793  0.568966
0.931034  0.568966
0.948276  0.568966
0.965517  0.568966
0.982759  0.568966
       1  0.568966
       0  0.586207
0.0172414  0.586207
0.0344828  0.586207
0.0517241  0.586207
0.0689655  0.586207
0.0862069  0.586207
0.103448  0.586207
 0.12069  0.586207
0.137931  0.586207
0.155172  0.586207
0.172414  0.586207
0.189655  0.586207
0.206897  0.586207
0.224138  0.586207
0.241379  0.586207
0.258621  0.586207
0.275862  0.586207
0.293103  0.586207
0.310345  0.586207
0.327586  0.586207
0.344828  0.586207
0.362069  0.586207
 0.37931  0.586207
0.396552  0.586207
0.413793  0.586207
0.431034  0.586207
0.448276  0.586207
0.465517  0.586207
0.482759  0.586207
     0.5  0.586207
0.517241  0.586207
0.534483  0.586207
0.551724  0.586207
0.568966  0.586207
0.586207  0.586207
0.603448  0.586207
 0.62069  0.586207
0.637931  0.586207
0.655172  0.586207
0.672414  0.586207
0.689655  0.586207
0.706897  0.586207
0.724138  0.586207
0.741379  0.586207
0.758621  0.586207
0.775862  0.586207
0.793103  0.586207
0.810345  0.586207
0.827586  0.586207
0.844828  0.586207
0.862069  0.586207
 0.87931  0.586207
0.896552  0.586207
0.913793  0.586207
0.931034  0.586207
0.948276  0.586207
0.965517  0.586207
0.982759  0.586207
       1  0.586207
       0  0.603448
0.0172414  0.603448
0.0344828  0.603448
0.0517241  0.603448
0.0689655  0.603448
0.0862069  0.603448
0.103448  0.603448
 0.12069  0.603448
0.137931  0.603448
0.155172  0.603448
0.172414  0.603448
0.189655  0.603448
0.206897  0.603448
0.224138  0.603448
0.241379  0.603448
0.258621  0.603448
0.275862  0.603448
0.293103  0.603448
0.310345  0.603448
0.327586  0.603448
0.344828  0.603448
0.362069  0.603448
 0.37931  0.603448
0.396552  0.603448
0.413793  0.603448
0.431034  0.603448
0.448276  0.603448
0.465517  0.603448
0.482759  0.603448
     0.5  0.603448
0.517241  0.603448
0.534483  0.603448
0.551724  0.603448
0.568966  0.603448
0.586207  0.603448
0.603448  0.603448
 0.62069  0.603448
0.637931  0.603448
0.655172  0.603448
0.672414  0.603448
0.689655  0.603448
0.706897  0.603448
0.724138  0.603448
0.741379  0.603448
0.758621  0.603448
0.775862  0.603448
0.793103  0.603448
0.810345  0.603448
0.827586  0.603448
0.844828  0.603448
0.862069  0.603448
 0.87931  0.603448
0.896552  0.603448
0.913793  0.603448
0.931034  0.603448
0.948276  0.603448
0.965517  0.603448
0.982759  0.603448
       1  0.603448
       0   0.62069
0.0172414   0.62069
0.0344828   0.62069
0.0517241   0.62069
0.0689655   0.62069
0.0862069   0.62069
0.103448   0.62069
 0.12069   0.62069
0.137931   0.62069
0.155172   0.62069
0.172414   0.62069
0.189655   0.62069
0.206897   0.62069
0.224138   0.62069
0.241379   0.62069
0.258621   0.62069
0.275862   0.62069
0.293103   0.62069
0.310345   0.62069
0.327586   0.62069
0.344828   0.62069
0.362069   0.62069
 0.37931   0.62069
0.396552   0.62069
0.413793   0.62069
0.431034   0.62069
0.448276   0.62069
0.465517   0.62069
0.482759   0.62069
     0.5   0.62069
0.517241   0.62069
0.534483   0.62069
0.551724   0.62069
0.568966   0.62069
0.586207   0.62069
0.603448   0.62069
 0.62069   0.62069
0.637931   0.62069
0.655172   0.62069
0.672414   0.62069
0.689655   0.62069
0.706897   0.62069
0.724138   0.62069
0.741379   0.62069
0.758621   0.62069
0.775862   0.62069
0.793103   0.62069
0.810345   0.62069
0.827586   0.62069
0.844828   0.62069
0.862069   0.62069
 0.87931   0.62069
0.896552   0.62069
0.913793   0.62069
0.931034   0.62069
0.948276   0.62069
0.965517   0.62069
0.982759   0.62069
       1   0.62069
       0  0.637931
0.0172414  0.637931
0.0344828  0.637931
0.0517241  0.637931
0.0689655  0.637931
0.0862069  0.637931
0.103448  0.637931
 0.12069  0.637931
0.137931  0.637931
0.155172  0.637931
0.172414  0.637931
0.189655  0.637931
0.206897  0.637931
0.224138  0.637931
0.241379  0.637931
0.258621  0.637931
0.275862  0.637931
0.293103  0.637931
0.310345  0.637931
0.327586  0.637931
0.344828  0.637931
0.362069  0.637931
 0.37931  0.637931
0.396552  0.637931
0.413793  0.637931
0.431034  0.637931
0.448276  0.637931
0.465517  0.637931
0.482759  0.637931
     0.5  0.637931
0.517241  0.637931
0.534483  0.637931
0.551724  0.637931
0.568966  0.637931
0.586207  0.637931
0.603448  0.637931
 0.62069  0.637931
0.637931  0.637931
0.655172  0.637931
0.672414  0.637931
0.689655  0.637931
0.706897  0.637931
0.724138  0.637931
0.741379  0.637931
0.758621  0.637931
0.775862  0.637931
0.793103  0.637931
0.810345  0.637931
0.827586  0.637931
0.844828  0.637931
0.862069  0.637931
 0.87931  0.637931
0.896552  0.637931
0.913793  0.637931
0.931034  0.637931
0.948276  0.637931
0.965517  0.637931
0.982759  0.637931
       1  0.637931
       0  0.655172
0.0172414  0.655172
0.0344828  0.655172
0.0517241  0.655172
0.0689655  0.655172
0.0862069  0.655172
0.103448  0.655172
 0.12069  0.655172
0.137931  0.655172
0.155172  0.655172
0.172414  0.655172
0.189655  0.655172
0.206897  0.655172
0.224138  0.655172
0.241379  0.655172
0.258621  0.655172
0.275862  0.655172
0.293103  0.655172
0.310345  0.655172
0.327586  0.655172
0.344828  0.655172
0.362069  0.655172
 0.37931  0.655172
0.396552  0.655172
0.413793  0.655172
0.431034  0.655172
0.448276  0.655172
0.465517  0.655172
0.482759  0.655172
     0.5  0.655172
0.517241  0.655172
0.534483  0.655172
0.551724  0.655172
0.568966  0.655172
0.586207  0.655172
0.603448  0.655172
 0.62069  0.655172
0.637931  0.655172
0.655172  0.655172
0.672414  0.655172
0.689655  0.655172
0.706897  0.655172
0.724138  0.655172
0.741379  0.655172
0.758621  0.655172
0.775862  0.655172
0.793103  0.655172
0.810345  0.655172
0.827586  0.655172
0.844828  0.655172
0.862069  0.655172
 0.87931  0.655172
0.896552  0.655172
0.913793  0.655172
0.931034  0.655172
0.948276  0.655172
0.965517  0.655172
0.982759  0.655172
       1  0.655172
       0  0.672414
0.0172414  0.672414
0.0344828  0.672414
0.0517241  0.672414
0.0689655  0.672414
0.0862069  0.672414
0.103448  0.672414
 0.12069  0.672414
0.137931  0.672414
0.155172  0.672414
0.172414  0.672414
0.189655  0.672414
0.206897  0.672414
0.224138  0.672414
0.241379  0.672414
0.258621  0.672414
0.275862  0.672414
0.293103  0.672414
0.310345  0.672414
0.327586  0.672414
0.344828  0.672414
0.362069  0.672414
 0.37931  0.672414
0.396552  0.672414
0.413793  0.672414
0.431034  0.672414
0.448276  0.672414
0.465517  0.672414
0.482759  0.672414
     0.5  0.672414
0.517241  0.672414
0.534483  0.672414
0.551724  0.672414
0.568966  0.672414
0.586207  0.672414
0.603448  0.672414
 0.62069  0.672414
0.637931  0.672414
0.655172  0.672414
0.672414  0.672414
0.689655  0.672414
0.706897  0.672414
0.724138  0.672414
0.741379  0.672414
0.758621  0.672414
0.775862  0.672414
0.793103  0.672414
0.810345  0.672414
0.827586  0.672414
0.844828  0.672414
0.862069  0.672414
 0.87931  0.672414
0.896552  0.672414
0.913793  0.672414
0.931034  0.672414
0.948276  0.672414
0.965517  0.672414
0.982759  0.672414
       1  0.672414
       0  0.689655
0.0172414  0.689655
0.0344828  0.689655
0.0517241  0.689655
0.0689655  0.689655
0.0862069  0.689655
0.103448  0.689655
 0.12069  0.689655
0.137931  0.689655
0.155172  0.689655
0.172414  0.689655
0.189655  0.689655
0.206897  0.689655
0.224138  0.689655
0.241379  0.689655
0.258621  0.689655
0.275862  0.689655
0.293103  0.689655
0.310345  0.689655
0.327586  0.689655
0.344828  0.689655
0.362069  0.689655
 0.37931  0.689655
0.396552  0.689655
0.413793  0.689655
0.431034  0.689655
0.448276  0.689655
0.465517  0.689655
0.482759  0.689655
     0.5  0.689655
0.517241  0.689655
0.534483  0.689655
0.551724  0.689655
0.568966  0.689655
0.586207  0.689655
0.603448  0.689655
 0.62069  0.689655
0.637931  0.689655
0.655172  0.689655
0.672414  0.689655
0.689655  0.689655
0.706897  0.689655
0.724138  0.689655
0.741379  0.689655
0.758621  0.689655
0.775862  0.689655
0.793103  0.689655
0.810345  0.689655
0.827586  0.689655
0.844828  0.689655
0.862069  0.689655
 0.87931  0.689655
0.896552  0.689655
0.913793  0.689655
0.931034  0.689655
0.948276  0.689655
0.965517  0.689655
0.982759  0.689655
       1  0.689655
       0  0.706897
0.0172414  0.706897
0.0344828  0.706897
0.0517241  0.706897
0.0689655  0.706897
0.0862069  0.706897
0.103448  0.706897
 0.12069  0.706897
0.137931  0.706897
0.155172  0.706897
0.172414  0.706897
0.189655  0.706897
0.206897  0.706897
0.224138  0.706897
0.241379  0.706897
0.258621  0.706897
0.275862  0.706897
0.293103  0.706897
0.310345  0.706897
0.327586  0.706897
0.344828  0.706897
0.362069  0.706897
 0.37931  0.706897
0.396552  0.706897
0.413793  0.706897
0.431034  0.706897
0.448276  0.706897
0.465517  0.706897
0.482759  0.706897
     0.5  0.706897
0.517241  0.706897
0.534483  0.706897
0.551724  0.706897
0.568966  0.706897
0.586207  0.706897
0.603448  0.706897
 0.62069  0.706897
0.637931  0.706897
0.655172  0.706897
0.672414  0.706897
0.689655  0.706897
0.706897  0.706897
0.724138  0.706897
0.741379  0.706897
0.758621  0.706897
0.775862  0.706897
0.793103  0.706897
0.810345  0.706897
0.827586  0.706897
0.844828  0.706897
0.862069  0.706897
 0.87931  0.706897
0.896552  0.706897
0.913793  0.706897
0.931034  0.706897
0.948276  0.706897
0.965517  0.706897
0.982759  0.706897
       1  0.706897
       0  0.724138
0.0172414  0.724138
0.0344828  0.724138
0.0517241  0.724138
0.0689655  0.724138
0.0862069  0.724138
0.103448  0.724138
 0.12069  0.724138
0.137931  0.724138
0.155172  0.724138
0.172414  0.724138
0.189655  0.724138
0.206897  0.724138
0.224138  0.724138
0.241379  0.724138
0.258621  0.724138
0.275862  0.724138
0.293103  0.724138
0.310345  0.724138
0.327586  0.724138
0.344828  0.724138
0.362069  0.724138
 0.37931  0.724138
0.396552  0.724138
0.413793  0.724138
0.431034  0.724138
0.448276  0.724138
0.465517  0.724138
0.482759  0.724138
     0.5  0.724138
0.517241  0.724138
0.534483  0.724138
0.551724  0.724138
0.568966  0.724138
0.586207  0.724138
0.603448  0.724138
 0.62069  0.724138
0.637931  0.724138
0.655172  0.724138
0.672414  0.724138
0.689655  0.724138
0.706897  0.724138
0.724138  0.724138
0.741379  0.724138
0.758621  0.724138
0.775862  0.724138
0.793103  0.724138
0.810345  0.724138
0.827586  0.724138
0.844828  0.724138
0.862069  0.724138
 0.87931  0.724138
0.896552  0.724138
0.913793  0.724138
0.931034  0.724138
0.948276  0.724138
0.965517  0.724138
0.982759  0.724138
       1  0.724138
       0  0.741379
0.0172414  0.741379
0.0344828  0.741379
0.0517241  0.741379
0.0689655  0.741379
0.0862069  0.741379
0.103448  0.741379
 0.12069  0.741379
0.137931  0.741379
0.155172  0.741379
0.172414  0.741379
0.189655  0.741379
0.206897  0.741379
0.224138  0.741379
0.241379  0.741379
0.258621  0.741379
0.275862  0.741379
0.293103  0.741379
0.310345  0.741379
0.327586  0.741379
0.344828  0.741379
0.362069  0.741379
 0.37931  0.741379
0.396552  0.741379
0.413793  0.741379
0.431034  0.741379
0.448276  0.741379
0.465517  0.741379
0.482759  0.741379
     0.5  0.741379
0.517241  0.741379
0.534483  0.741379
0.551724  0.741379
0.568966  0.741379
0.586207  0.741379
0.603448  0.741379
 0.62069  0.741379
0.637931  0.741379
0.655172  0.741379
0.672414  0.741379
0.689655  0.741379
0.706897  0.741379
0.724138  0.741379
0.741379  0.741379
0.758621  0.741379
0.775862  0.741379
0.793103  0.741379
0.810345  0.741379
0.827586  0.741379
0.844828  0.741379
0.862069  0.741379
 0.87931  0.741379
0.896552  0.741379
0.913793  0.741379
0.931034  0.741379
0.948276  0.741379
0.965517  0.741379
0.982759  0.741379
       1  0.741379
       0  0.758621
0.0172414  0.758621
0.0344828  0.758621
0.0517241  0.758621
0.0689655  0.758621
0.0862069  0.758621
0.103448  0.758621
 0.12069  0.758621
0.137931  0.758621
0.155172  0.758621
0.172414  0.758621
0.189655  0.758621
0.206897  0.758621
0.224138  0.758621
0.241379  0.758621
0.258621  0.758621
0.275862  0.758621
0.293103  0.758621
0.310345  0.758621
0.327586  0.758621
0.344828  0.758621
0.362069  0.758621
 0.37931  0.758621
0.396552  0.758621
0.413793  0.758621
0.431034  0.758621
0.448276  0.758621
0.465517  0.758621
0.482759  0.758621
     0.5  0.758621
0.517241  0.758621
0.534483  0.758621
0.551724  0.758621
0.568966  0.758621
0.586207  0.758621
0.603448  0.758621
 0.62069  0.758621
0.637931  0.758621
0.655172  0.758621
0.672414  0.758621
0.689655  0.758621
0.706897  0.758621
0.724138  0.758621
0.741379  0.758621
0.758621  0.758621
0.775862  0.758621
0.793103  0.758621
0.810345  0.758621
0.827586  0.758621
0.844828  0.758621
0.862069  0.758621
 0.87931  0.758621
0.896552  0.758621
0.913793  0.758621
0.931034  0.758621
0.948276  0.758621
0.965517  0.758621
0.982759  0.758621
       1  0.758621
       0  0.775862
0.0172414  0.775862
0.0344828  0.775862
0.0517241  0.775862
0.0689655  0.775862
0.0862069  0.775862
0.103448  0.775862
 0.12069  0.775862
0.137931  0.775862
0.155172  0.775862
0.172414  0.775862
0.189655  0.775862
0.206897  0.775862
0.224138  0.775862
0.241379  0.775862
0.258621  0.775862
0.275862  0.775862
0.293103  0.775862
0.310345  0.775862
0.327586  0.775862
0.344828  0.775862
0.362069  0.775862
 0.37931  0.775862
0.396552  0.775862
0.413793  0.775862
0.431034  0.775862
0.448276  0.775862
0.465517  0.775862
0.482759  0.775862
     0.5  0.775862
0.517241  0.775862
0.534483  0.775862
0.551724  0.775862
0.568966  0.775862
0.586207  0.775862
0.603448  0.775862
 0.62069  0.775862
0.637931  0.775862
0.655172  0.775862
0.672414  0.775862
0.689655  0.775862
0.706897  0.775862
0.724138  0.775862
0.741379  0.775862
0.758621  0.775862
0.775862  0.775862
0.793103  0.775862
0.810345  0.775862
0.827586  0.775862
0.844828  0.775862
0.862069  0.775862
 0.87931  0.775862
0.896552  0.775862
0.913793  0.775862
0.931034  0.775862
0.948276  0.775862
0.965517  0.775862
0.982759  0.775862
       1  0.775862
       0  0.793103
0.0172414  0.793103
0.0344828  0.793103
0.0517241  0.793103
0.0689655  0.793103
0.0862069  0.793103
0.103448  0.793103
 0.12069  0.793103
0.137931  0.793103
0.155172  0.793103
0.172414  0.793103
0.189655  0.793103
0.206897  0.793103
0.224138  0.793103
0.241379  0.793103
0.258621  0.793103
0.275862  0.793103
0.293103  0.793103
0.310345  0.793103
0.327586  0.793103
0.344828  0.793103
0.362069  0.793103
 0.37931  0.793103
0.396552  0.793103
0.413793  0.793103
0.431034  0.793103
0.448276  0.793103
0.465517  0.793103
0.482759  0.793103
     0.5  0.793103
0.517241  0.793103
0.534483  0.793103
0.551724  0.793103
0.568966  0.793103
0.586207  0.793103
0.603448  0.793103
 0.62069  0.793103
0.637931  0.793103
0.655172  0.793103
0.672414  0.793103
0.689655  0.793103
0.706897  0.793103
0.724138  0.793103
0.741379  0.793103
0.758621  0.793103
0.775862  0.793103
0.793103  0.793103
0.810345  0.793103
0.827586  0.793103
0.844828  0.793103
0.862069  0.793103
 0.87931  0.793103
0.896552  0.793103
0.913793  0.793103
0.931034  0.793103
0.948276  0.793103
0.965517  0.793103
0.982759  0.793103
       1  0.793103
       0  0.810345
0.0172414  0.810345
0.0344828  0.810345
0.0517241  0.810345
0.0689655  0.810345
0.0862069  0.810345
0.103448  0.810345
 0.12069  0.810345
0.137931  0.810345
0.155172  0.810345
0.172414  0.810345
0.189655  0.810345
0.206897  0.810345
0.224138  0.810345
0.241379  0.810345
0.258621  0.810345
0.275862  0.810345
0.293103  0.810345
0.310345  0.810345
0.327586  0.810345
0.344828  0.810345
0.362069  0.810345
 0.37931  0.810345
0.396552  0.810345
0.413793  0.810345
0.431034  0.810345
0.448276  0.810345
0.465517  0.810345
0.482759  0.810345
     0.5  0.810345
0.517241  0.810345
0.534483  0.810345
0.551724  0.810345
0.568966  0.810345
0.586207  0.810345
0.603448  0.810345
 0.62069  0.810345
0.637931  0.810345
0.655172  0.810345
0.672414  0.810345
0.689655  0.810345
0.706897  0.810345
0.724138  0.810345
0.741379  0.810345
0.758621  0.810345
0.775862  0.810345
0.793103  0.810345
0.810345  0.810345
0.827586  0.810345
0.844828  0.810345
0.862069  0.810345
 0.87931  0.810345
0.896552  0.810345
0.913793  0.810345
0.931034  0.810345
0.948276  0.810345
0.965517  0.810345
0.982759  0.810345
       1  0.810345
       0  0.827586
0.0172414  0.827586
0.0344828  0.827586
0.0517241  0.827586
0.0689655  0.827586
0.0862069  0.827586
0.103448  0.827586
 0.12069  0.827586
0.137931  0.827586
0.155172  0.827586
0.172414  0.827586
0.189655  0.827586
0.206897  0.827586
0.224138  0.827586
0.241379  0.827586
0.258621  0.827586
0.275862  0.827586
0.293103  0.827586
0.310345  0.827586
0.327586  0.827586
0.344828  0.827586
0.362069  0.827586
 0.37931  0.827586
0.396552  0.827586
0.413793  0.827586
0.431034  0.827586
0.448276  0.827586
0.465517  0.827586
0.482759  0.827586
     0.5  0.827586
0.517241  0.827586
0.534483  0.827586
0.551724  0.827586
0.568966  0.827586
0.586207  0.827586
0.603448  0.827586
 0.62069  0.827586
0.637931  0.827586
0.655172  0.827586
0.672414  0.827586
0.689655  0.827586
0.706897  0.827586
0.724138  0.827586
0.741379  0.827586
0.758621  0.827586
0.775862  0.827586
0.793103  0.827586
0.810345  0.827586
0.827586  0.827586
0.844828  0.827586
0.862069  0.827586
 0.87931  0.827586
0.896552  0.827586
0.913793  0.827586
0.931034  0.827586
0.948276  0.827586
0.965517  0.827586
0.982759  0.827586
       1  0.827586
       0  0.844828
0.0172414  0.844828
0.0344828  0.844828
0.0517241  0.844828
0.0689655  0.844828
0.0862069  0.844828
0.103448  0.844828
 0.12069  0.844828
0.137931  0.844828
0.155172  0.844828
0.172414  0.844828
0.189655  0.844828
0.206897  0.844828
0.224138  0.844828
0.241379  0.844828
0.258621  0.844828
0.275862  0.844828
0.293103  0.844828
0.310345  0.844828
0.327586  0.844828
0.344828  0.844828
0.362069  0.844828
 0.37931  0.844828
0.396552  0.844828
0.413793  0.844828
0.431034  0.844828
0.448276  0.844828
0.465517  0.844828
0.482759  0.844828
     0.5  0.844828
0.517241  0.844828
0.534483  0.844828
0.551724  0.844828
0.568966  0.844828
0.586207  0.844828
0.603448  0.844828
 0.62069  0.844828
0.637931  0.844828
0.655172  0.844828
0.672414  0.844828
0.689655  0.844828
0.706897  0.844828
0.724138  0.844828
0.741379  0.844828
0.758621  0.844828
0.775862  0.844828
0.793103  0.844828
0.810345  0.844828
0.827586  0.844828
0.844828  0.844828
0.862069  0.844828
 0.87931  0.844828
0.896552  0.844828
0.913793  0.844828
0.931034  0.844828
0.948276  0.844828
0.965517  0.844828
0.982759  0.844828
       1  0.844828
       0  0.862069
0.0172414  0.862069
0.0344828  0.862069
0.0517241  0.862069
0.0689655  0.862069
0.0862069  0.862069
0.103448  0.862069
 0.12069  0.862069
0.137931  0.862069
0.155172  0.862069
0.172414  0.862069
0.189655  0.862069
0.206897  0.862069
0.224138  0.862069
0.241379  0.862069
0.258621  0.862069
0.275862  0.862069
0.293103  0.862069
0.310345  0.862069
0.327586  0.862069
0.344828  0.862069
0.362069  0.862069
 0.37931  0.862069
0.396552  0.862069
0.413793  0.862069
0.431034  0.862069
0.448276  0.862069
0.465517  0.862069
0.482759  0.862069
     0.5  0.862069
0.517241  0.862069
0.534483  0.862069
0.551724  0.862069
0.568966  0.862069
0.586207  0.862069
0.603448  0.862069
 0.62069  0.862069
0.637931  0.862069
0.655172  0.862069
0.672414  0.862069
0.689655  0.862069
0.706897  0.862069
0.724138  0.862069
0.741379  0.862069
0.758621  0.862069
0.775862  0.862069
0.793103  0.862069
0.810345  0.862069
0.827586  0.862069
0.844828  0.862069
0.862069  0.862069
 0.87931  0.862069
0.896552  0.862069
0.913793  0.862069
0.931034  0.862069
0.948276  0.862069
0.965517  0.862069
0.982759  0.862069
       1  0.862069
       0   0.87931
0.0172414   0.87931
0.0344828   0.87931
0.0517241   0.87931
0.0689655   0.87931
0.0862069   0.87931
0.103448   0.87931
 0.12069   0.87931
0.137931   0.87931
0.155172   0.87931
0.172414   0.87931
0.189655   0.87931
0.206897   0.87931
0.224138   0.87931
0.241379   0.87931
0.258621   0.87931
0.275862   0.87931
0.293103   0.87931
0.310345   0.87931
0.327586   0.87931
0.344828   0.87931
0.362069   0.87931
 0.37931   0.87931
0.396552   0.87931
0.413793   0.87931
0.431034   0.87931
0.448276   0.87931
0.465517   0.87931
0.482759   0.87931
     0.5   0.87931
0.517241   0.87931
0.534483   0.87931
0.551724   0.87931
0.568966   0.87931
0.586207   0.87931
0.603448   0.87931
 0.62069   0.87931
0.637931   0.87931
0.655172   0.87931
0.672414   0.87931
0.689655   0.87931
0.706897   0.87931
0.724138   0.87931
0.741379   0.87931
0.758621   0.87931
0.775862   0.87931
0.793103   0.87931
0.810345   0.87931
0.827586   0.87931
0.844828   0.87931
0.862069   0.87931
 0.87931   0.87931
0.896552   0.87931
0.913793   0.87931
0.931034   0.87931
0.948276   0.87931
0.965517   0.87931
0.982759   0.87931
       1   0.87931
       0  0.896552
0.0172414  0.896552
0.0344828  0.896552
0.0517241  0.896552
0.0689655  0.896552
0.0862069  0.896552
0.103448  0.896552
 0.12069  0.896552
0.137931  0.896552
0.155172  0.896552
0.172414  0.896552
0.189655  0.896552
0.206897  0.896552
0.224138  0.896552
0.241379  0.896552
0.258621  0.896552
0.275862  0.896552
0.293103  0.896552
0.310345  0.896552
0.327586  0.896552
0.344828  0.896552
0.362069  0.896552
 0.37931  0.896552
0.396552  0.896552
0.413793  0.896552
0.431034  0.896552
0.448276  0.896552
0.465517  0.896552
0.482759  0.896552
     0.5  0.896552
0.517241  0.896552
0.534483  0.896552
0.551724  0.896552
0.568966  0.896552
0.586207  0.896552
0.603448  0.896552
 0.62069  0.896552
0.637931  0.896552
0.655172  0.896552
0.672414  0.896552
0.689655  0.896552
0.706897  0.896552
0.724138  0.896552
0.741379  0.896552
0.758621  0.896552
0.775862  0.896552
0.793103  0.896552
0.810345  0.896552
0.827586  0.896552
0.844828  0.896552
0.862069  0.896552
 0.87931  0.896552
0.896552  0.896552
0.913793  0.896552
0.931034  0.896552
0.948276  0.896552
0.965517  0.896552
0.982759  0.896552
       1  0.896552
       0  0.913793
0.0172414  0.913793
0.0344828  0.913793
0.0517241  0.913793
0.0689655  0.913793
0.0862069  0.913793
0.103448  0.913793
 0.12069  0.913793
0.137931  0.913793
0.155172  0.913793
0.172414  0.913793
0.189655  0.913793
0.206897  0.913793
0.224138  0.913793
0.241379  0.913793
0.258621  0.913793
0.275862  0.913793
0.293103  0.913793
0.310345  0.913793
0.327586  0.913793
0.344828  0.913793
0.362069  0.913793
 0.37931  0.913793
0.396552  0.913793
0.413793  0.913793
0.431034  0.913793
0.448276  0.913793
0.465517  0.913793
0.482759  0.913793
     0.5  0.913793
0.517241  0.913793
0.534483  0.913793
0.551724  0.913793
0.568966  0.913793
0.586207  0.913793
0.603448  0.913793
 0.62069  0.913793
0.637931  0.913793
0.655172  0.913793
0.672414  0.913793
0.689655  0.913793
0.706897  0.913793
0.724138  0.913793
0.741379  0.913793
0.758621  0.913793
0.775862  0.913793
0.793103  0.913793
0.810345  0.913793
0.827586  0.913793
0.844828  0.913793
0.862069  0.913793
 0.87931  0.913793
0.896552  0.913793
0.913793  0.913793
0.931034  0.913793
0.948276  0.913793
0.965517  0.913793
0.982759  0.913793
       1  0.913793
       0  0.931034
0.0172414  0.931034
0.0344828  0.931034
0.0517241  0.931034
0.0689655  0.931034
0.0862069  0.931034
0.103448  0.931034
 0.12069  0.931034
0.137931  0.931034
0.155172  0.931034
0.172414  0.931034
0.189655  0.931034
0.206897  0.931034
0.224138  0.931034
0.241379  0.931034
0.258621  0.931034
0.275862  0.931034
0.293103  0.931034
0.310345  0.931034
0.327586  0.931034
0.344828  0.931034
0.362069  0.931034
 0.37931  0.931034
0.396552  0.931034
0.413793  0.931034
0.431034  0.931034
0.448276  0.931034
0.465517  0.931034
0.482759  0.931034
     0.5  0.931034
0.517241  0.931034
0.534483  0.931034
0.551724  0.931034
0.568966  0.931034
0.586207  0.931034
0.603448  0.931034
 0.62069  0.931034
0.637931  0.931034
0.655172  0.931034
0.672414  0.931034
0.689655  0.931034
0.706897  0.931034
0.724138  0.931034
0.741379  0.931034
0.758621  0.931034
0.775862  0.931034
0.793103  0.931034
0.810345  0.931034
0.827586  0.931034
0.844828  0.931034
0.862069  0.931034
 0.87931  0.931034
0.896552  0.931034
0.913793  0.931034
0.931034  0.931034
0.948276  0.931034
0.965517  0.931034
0.982759  0.931034
       1  0.931034
       0  0.948276
0.0172414  0.948276
0.0344828  0.948276
0.0517241  0.948276
0.0689655  0.948276
0.0862069  0.948276
0.103448  0.948276
 0.12069  0.948276
0.137931  0.948276
0.155172  0.948276
0.172414  0.948276
0.189655  0.948276
0.206897  0.948276
0.224138  0.948276
0.241379  0.948276
0.258621  0.948276
0.275862  0.948276
0.293103  0.948276
0.310345  0.948276
0.327586  0.948276
0.344828  0.948276
0.362069  0.948276
 0.37931  0.948276
0.396552  0.948276
0.413793  0.948276
0.431034  0.948276
0.448276  0.948276
0.465517  0.948276
0.482759  0.948276
     0.5  0.948276
0.517241  0.948276
0.534483  0.948276
0.551724  0.948276
0.568966  0.948276
0.586207  0.948276
0.603448  0.948276
 0.62069  0.948276
0.637931  0.948276
0.655172  0.948276
0.672414  0.948276
0.689655  0.948276
0.706897  0.948276
0.724138  0.948276
0.741379  0.948276
0.758621  0.948276
0.775862  0.948276
0.793103  0.948276
0.810345  0.948276
0.827586  0.948276
0.844828  0.948276
0.862069  0.948276
 0.87931  0.948276
0.896552  0.948276
0.913793  0.948276
0.931034  0.948276
0.948276  0.948276
0.965517  0.948276
0.982759  0.948276
       1  0.948276
       0  0.965517
0.0172414  0.965517
0.0344828  0.965517
0.0517241  0.965517
0.0689655  0.965517
0.0862069  0.965517
0.103448  0.965517
 0.12069  0.965517
0.137931  0.965517
0.155172  0.965517
0.172414  0.965517
0.189655  0.965517
0.206897  0.965517
0.224138  0.965517
0.241379  0.965517
0.258621  0.965517
0.275862  0.965517
0.293103  0.965517
0.310345  0.965517
0.327586  0.965517
0.344828  0.965517
0.362069  0.965517
 0.37931  0.965517
0.396552  0.965517
0.413793  0.965517
0.431034  0.965517
0.448276  0.965517
0.465517  0.965517
0.482759  0.965517
     0.5  0.965517
0.517241  0.965517
0.534483  0.965517
0.551724  0.965517
0.568966  0.965517
0.586207  0.965517
0.603448  0.965517
 0.62069  0.965517
0.637931  0.965517
0.655172  0.965517
0.672414  0.965517
0.689655  0.965517
0.706897  0.965517
0.724138  0.965517
0.741379  0.965517
0.758621  0.965517
0.775862  0.965517
0.793103  0.965517
0.810345  0.965517
0.827586  0.965517
0.844828  0.965517
0.862069  0.965517
 0.87931  0.965517
0.896552  0.965517
0.913793  0.965517
0.931034  0.965517
0.948276  0.965517
0.965517  0.965517
0.982759  0.965517
       1  0.965517
       0  0.982759
0.0172414  0.982759
0.0344828  0.982759
0.0517241  0.982759
0.0689655  0.982759
0.0862069  0.982759
0.103448  0.982759
 0.12069  0.982759
0.137931  0.982759
0.155172  0.982759
0.172414  0.982759
0.189655  0.982759
0.206897  0.982759
0.224138  0.982759
0.241379  0.982759
0.258621  0.982759
0.275862  0.982759
0.293103  0.982759
0.310345  0.982759
0.327586  0.982759
0.344828  0.982759
0.362069  0.982759
 0.37931  0.982759
0.396552  0.982759
0.413793  0.982759
0.431034  0.982759
0.448276  0.982759
0.465517  0.982759
0.482759  0.982759
     0.5  0.982759
0.517241  0.982759
0.534483  0.982759
0.551724  0.982759
0.568966  0.982759
0.586207  0.982759
0.603448  0.982759
 0.62069  0.982759
0.637931  0.982759
0.655172  0.982759
0.672414  0.982759
0.689655  0.982759
0.706897  0.982759
0.724138  0.982759
0.741379  0.982759
0.758621  0.982759
0.775862  0.982759
0.793103  0.982759
0.810345  0.982759
0.827586  0.982759
0.844828  0.982759
0.862069  0.982759
 0.87931  0.982759
0.896552  0.982759
0.913793  0.982759
0.931034  0.982759
0.948276  0.982759
0.965517  0.982759
0.982759  0.982759
       1  0.982759
       0         1
0.0172414         1
0.0344828         1
0.0517241         1
0.0689655         1
0.0862069         1
0.103448         1
 0.12069         1
0.137931         1
0.155172         1
0.172414         1
0.189655         1
0.206897         1
0.224138         1
0.241379         1
0.258621         1
0.275862         1
0.293103         1
0.310345         1
0.327586         1
0.344828         1
0.362069         1
 0.37931         1
0.396552         1
0.413793         1
0.431034         1
0.448276         1
0.465517         1
0.482759         1
     0.5         1
0.517241         1
0.534483         1
0.551724         1
0.568966         1
0.586207         1
0.603448         1
 0.62069         1
0.637931         1
0.655172         1
0.672414         1
0.689655         1
0.706897         1
0.724138         1
0.741379         1
0.758621         1
0.775862         1
0.793103         1
0.810345         1
0.827586         1
0.844828         1
0.862069         1
 0.87931         1
0.896552         1
0.913793         1
0.931034         1
0.948276         1
0.965517         1
0.982759         1
       1         1
