             1
             1
             1
             1
             1
             1
             1
             1
             1
             1
             1
      0.975115
       0.97511
      0.975115
       0.97511
      0.975114
      0.975109
      0.975114
       0.97511
      0.975115
       0.97511
      0.975115
      0.952697
      0.952668
      0.952696
      0.952666
      0.952694
      0.952664
      0.952694
      0.952667
      0.952696
      0.952668
      0.952697
      0.934852
      0.934839
      0.934851
      0.934837
      0.934847
      0.934832
      0.934847
      0.934837
      0.934851
       0.93484
      0.934853
      0.923463
      0.923416
      0.923461
      0.923413
      0.923455
      0.923406
      0.923455
      0.923413
      0.923461
      0.923416
      0.923463
      0.919474
      0.919458
      0.919472
      0.919454
      0.919465
      0.919448
      0.919465
      0.919454
      0.919473
      0.919458
      0.919474
      0.923463
      0.923416
      0.923462
      0.923414
      0.923457
      0.923411
      0.923458
      0.923414
      0.923462
      0.923417
      0.923463
      0.934853
       0.93484
      0.934852
      0.934838
       0.93485
      0.934837
       0.93485
      0.934839
      0.934852
       0.93484
      0.934853
      0.952697
      0.952668
      0.952697
      0.952668
      0.952696
      0.952667
      0.952696
      0.952668
      0.952697
      0.952668
      0.952697
      0.975115
      0.975111
      0.975115
       0.97511
      0.975115
       0.97511
      0.975115
       0.97511
      0.975115
      0.975111
      0.975116
             1
             1
             1
             1
             1
             1
             1
             1
             1
             1
             1
