             1
             1
             1
             1
             1
             1
             1
             1
             1
             1
             1
      0.797295
      0.797208
      0.797295
      0.797208
      0.797295
      0.797208
      0.797295
      0.797208
      0.797295
      0.797208
      0.797295
      0.619213
      0.618731
      0.619213
       0.61873
      0.619211
      0.618728
      0.619211
       0.61873
      0.619213
      0.618731
      0.619213
      0.481661
      0.481543
       0.48166
       0.48154
      0.481656
      0.481537
      0.481656
       0.48154
       0.48166
      0.481543
      0.481661
      0.396685
      0.396479
      0.396684
      0.396475
      0.396675
      0.396466
      0.396675
      0.396475
      0.396684
      0.396479
      0.396685
      0.367754
      0.367691
      0.367752
      0.367686
       0.36774
      0.367659
       0.36774
      0.367686
      0.367752
      0.367691
      0.367754
      0.396685
      0.396479
      0.396684
      0.396475
      0.396675
      0.396466
      0.396675
      0.396475
      0.396684
      0.396479
      0.396685
      0.481661
      0.481543
       0.48166
       0.48154
      0.481656
      0.481537
      0.481656
       0.48154
       0.48166
      0.481543
      0.481661
      0.619213
      0.618731
      0.619213
       0.61873
      0.619211
      0.618728
      0.619211
       0.61873
      0.619213
      0.618731
      0.619213
      0.797295
      0.797208
      0.797295
      0.797208
      0.797295
      0.797208
      0.797295
      0.797208
      0.797295
      0.797208
      0.797295
             1
             1
             1
             1
             1
             1
             1
             1
             1
             1
             1
