             1
             1
             1
             1
             1
             1
             1
             1
             1
             1
             1
      0.900974
      0.900954
      0.900972
      0.900949
      0.900965
      0.900944
      0.900965
      0.900949
      0.900972
      0.900954
      0.900974
      0.811823
      0.811704
      0.811816
      0.811692
        0.8118
      0.811678
        0.8118
      0.811692
      0.811816
      0.811704
      0.811823
      0.740924
      0.740871
      0.740914
      0.740849
       0.74088
      0.740814
       0.74088
      0.740849
      0.740914
      0.740871
      0.740924
      0.695716
      0.695531
      0.695704
        0.6955
      0.695637
      0.695404
      0.695637
        0.6955
      0.695704
      0.695531
      0.695716
      0.679898
      0.679833
      0.679885
      0.679804
       0.67983
      0.679712
       0.67983
      0.679804
      0.679885
      0.679833
      0.679898
      0.695717
      0.695533
      0.695707
      0.695512
      0.695671
      0.695477
      0.695671
      0.695512
      0.695707
      0.695533
      0.695717
      0.740926
      0.740874
       0.74092
      0.740861
      0.740902
      0.740847
      0.740902
      0.740861
       0.74092
      0.740874
      0.740926
      0.811825
      0.811706
      0.811821
        0.8117
      0.811814
      0.811694
      0.811814
        0.8117
      0.811821
      0.811706
      0.811825
      0.900976
      0.900955
      0.900974
      0.900953
      0.900971
      0.900951
      0.900971
      0.900953
      0.900974
      0.900955
      0.900976
             1
             1
             1
             1
             1
             1
             1
             1
             1
             1
             1
