             1
             1
             1
             1
             1
             1
             1
             1
             1
             1
             1
      0.950367
      0.950356
      0.950363
      0.950348
      0.950353
      0.950341
      0.950353
      0.950348
      0.950363
      0.950356
      0.950367
      0.905653
      0.905593
      0.905643
      0.905575
       0.90562
      0.905556
       0.90562
      0.905575
      0.905643
      0.905593
      0.905653
      0.870062
      0.870034
      0.870048
      0.870002
          0.87
      0.869954
          0.87
      0.870002
      0.870048
      0.870034
      0.870062
      0.847347
       0.84725
      0.847328
      0.847205
      0.847237
      0.847078
      0.847237
      0.847205
      0.847328
       0.84725
      0.847347
      0.839392
      0.839356
      0.839373
      0.839314
      0.839297
      0.839191
      0.839297
      0.839314
      0.839373
      0.839356
      0.839392
      0.847349
      0.847253
      0.847334
      0.847222
      0.847284
      0.847174
      0.847284
      0.847222
      0.847334
      0.847253
      0.847349
      0.870067
      0.870039
      0.870057
       0.87002
      0.870032
          0.87
      0.870032
       0.87002
      0.870057
      0.870039
      0.870067
      0.905657
      0.905598
      0.905651
      0.905588
      0.905639
      0.905579
      0.905639
      0.905588
      0.905651
      0.905598
      0.905657
      0.950369
      0.950359
      0.950367
      0.950355
      0.950362
      0.950351
      0.950362
      0.950355
      0.950367
      0.950359
      0.950369
             1
             1
             1
             1
             1
             1
             1
             1
             1
             1
             1
