             1
             1
             1
             1
             1
             1
             1
             1
             1
             1
             1
      0.975087
      0.975079
      0.975076
      0.975059
       0.97505
      0.975038
      0.975051
      0.975061
      0.975078
      0.975081
      0.975089
      0.952642
      0.952608
      0.952619
      0.952562
      0.952552
      0.952501
      0.952554
      0.952566
      0.952623
      0.952612
      0.952646
      0.934776
      0.934755
      0.934741
      0.934679
      0.934617
      0.934517
      0.934622
      0.934685
      0.934748
      0.934761
      0.934782
      0.923373
      0.923316
      0.923328
       0.92321
       0.92313
      0.923009
      0.923137
       0.92322
      0.923337
      0.923324
      0.923381
      0.919381
      0.919354
      0.919333
      0.919243
      0.919113
      0.919054
      0.919121
      0.919254
      0.919344
      0.919363
      0.919389
      0.923379
      0.923323
      0.923341
      0.923245
      0.923216
      0.923161
      0.923223
      0.923255
      0.923351
      0.923331
      0.923386
      0.934785
      0.934767
      0.934762
      0.934723
      0.934707
      0.934687
      0.934711
       0.93473
      0.934769
      0.934773
      0.934791
       0.95265
      0.952619
      0.952638
      0.952597
      0.952616
      0.952582
      0.952618
      0.952601
      0.952642
      0.952623
      0.952655
      0.975092
      0.975086
      0.975087
      0.975077
      0.975078
      0.975072
      0.975079
      0.975079
      0.975089
      0.975088
      0.975094
             1
             1
             1
             1
             1
             1
             1
             1
             1
             1
             1
