             1
             1
             1
             1
             1
             1
             1
             1
             1
             1
             1
             1
             1
             1
             1
             1
             1
             1
             1
             1
             1
             1
             1
             1
             1
             1
             1
             1
             1
             1
             1
             1
             1
             1
             1
             1
             1
             1
             1
             1
             1
             1
             1
             1
             1
             1
             1
             1
             1
             1
             1
             1
             1
             1
             1
             1
             1
             1
             1
      0.719593
      0.719371
      0.719593
      0.719371
      0.719593
      0.719371
      0.719593
      0.719371
      0.719593
      0.719371
      0.719593
      0.719371
      0.719593
      0.719371
      0.719593
      0.719371
      0.719593
      0.719371
      0.719593
      0.719371
      0.719593
      0.719371
      0.719593
      0.719371
      0.719593
      0.719371
      0.719593
      0.719371
      0.719593
      0.719371
      0.719593
      0.719371
      0.719593
      0.719371
      0.719593
      0.719371
      0.719593
      0.719371
      0.719593
      0.719371
      0.719593
      0.719371
      0.719593
      0.719371
      0.719593
      0.719371
      0.719593
      0.719371
      0.719593
      0.719371
      0.719593
      0.719371
      0.719593
      0.719371
      0.719593
      0.719371
      0.719593
      0.719371
      0.719593
      0.477418
       0.47621
      0.477418
       0.47621
      0.477418
       0.47621
      0.477418
       0.47621
      0.477418
       0.47621
      0.477418
       0.47621
      0.477418
       0.47621
      0.477418
       0.47621
      0.477418
       0.47621
      0.477418
       0.47621
      0.477418
       0.47621
      0.477418
       0.47621
      0.477418
       0.47621
      0.477418
       0.47621
      0.477418
       0.47621
      0.477418
       0.47621
      0.477418
       0.47621
      0.477418
       0.47621
      0.477418
       0.47621
      0.477418
       0.47621
      0.477418
       0.47621
      0.477418
       0.47621
      0.477418
       0.47621
      0.477418
       0.47621
      0.477418
       0.47621
      0.477418
       0.47621
      0.477418
       0.47621
      0.477418
       0.47621
      0.477418
       0.47621
      0.477418
      0.289719
       0.28946
      0.289719
       0.28946
      0.289719
       0.28946
      0.289719
       0.28946
      0.289719
       0.28946
      0.289719
       0.28946
      0.289719
       0.28946
      0.289719
       0.28946
      0.289719
       0.28946
      0.289719
       0.28946
      0.289719
       0.28946
      0.289719
       0.28946
      0.289719
       0.28946
      0.289719
       0.28946
      0.289719
       0.28946
      0.289719
       0.28946
      0.289719
       0.28946
      0.289719
       0.28946
      0.289719
       0.28946
      0.289719
       0.28946
      0.289719
       0.28946
      0.289719
       0.28946
      0.289719
       0.28946
      0.289719
       0.28946
      0.289719
       0.28946
      0.289719
       0.28946
      0.289719
       0.28946
      0.289719
       0.28946
      0.289719
       0.28946
      0.289719
       0.16308
      0.162812
       0.16308
      0.162812
       0.16308
      0.162812
       0.16308
      0.162812
       0.16308
      0.162812
       0.16308
      0.162812
       0.16308
      0.162812
       0.16308
      0.162812
       0.16308
      0.162812
       0.16308
      0.162812
       0.16308
      0.162812
       0.16308
      0.162812
       0.16308
      0.162812
       0.16308
      0.162812
       0.16308
      0.162812
       0.16308
      0.162812
       0.16308
      0.162812
       0.16308
      0.162812
       0.16308
      0.162812
       0.16308
      0.162812
       0.16308
      0.162812
       0.16308
      0.162812
       0.16308
      0.162812
       0.16308
      0.162812
       0.16308
      0.162812
       0.16308
      0.162812
       0.16308
      0.162812
       0.16308
      0.162812
       0.16308
      0.162812
       0.16308
     0.0851089
     0.0851175
     0.0851089
     0.0851175
     0.0851089
     0.0851175
     0.0851089
     0.0851175
     0.0851089
     0.0851175
     0.0851089
     0.0851175
     0.0851089
     0.0851175
     0.0851089
     0.0851175
     0.0851089
     0.0851175
     0.0851089
     0.0851175
     0.0851089
     0.0851175
     0.0851089
     0.0851175
     0.0851089
     0.0851175
     0.0851089
     0.0851175
     0.0851089
     0.0851175
     0.0851089
     0.0851175
     0.0851089
     0.0851175
     0.0851089
     0.0851175
     0.0851089
     0.0851175
     0.0851089
     0.0851175
     0.0851089
     0.0851175
     0.0851089
     0.0851175
     0.0851089
     0.0851175
     0.0851089
     0.0851175
     0.0851089
     0.0851175
     0.0851089
     0.0851175
     0.0851089
     0.0851175
     0.0851089
     0.0851175
     0.0851089
     0.0851175
     0.0851089
     0.0412651
     0.0415162
     0.0412651
     0.0415162
     0.0412651
     0.0415162
     0.0412651
     0.0415162
     0.0412651
     0.0415162
     0.0412651
     0.0415162
     0.0412651
     0.0415162
     0.0412651
     0.0415162
     0.0412651
     0.0415162
     0.0412651
     0.0415162
     0.0412651
     0.0415162
     0.0412651
     0.0415162
     0.0412651
     0.0415162
     0.0412651
     0.0415162
     0.0412651
     0.0415162
     0.0412651
     0.0415162
     0.0412651
     0.0415162
     0.0412651
     0.0415162
     0.0412651
     0.0415162
     0.0412651
     0.0415162
     0.0412651
     0.0415162
     0.0412651
     0.0415162
     0.0412651
     0.0415162
     0.0412651
     0.0415162
     0.0412651
     0.0415162
     0.0412651
     0.0415162
     0.0412651
     0.0415162
     0.0412651
     0.0415162
     0.0412651
     0.0415162
     0.0412651
     0.0190927
      0.019166
     0.0190927
      0.019166
     0.0190927
      0.019166
     0.0190927
      0.019166
     0.0190927
      0.019166
     0.0190927
      0.019166
     0.0190927
      0.019166
     0.0190927
      0.019166
     0.0190927
      0.019166
     0.0190927
      0.019166
     0.0190927
      0.019166
     0.0190927
      0.019166
     0.0190927
      0.019166
     0.0190927
      0.019166
     0.0190927
      0.019166
     0.0190927
      0.019166
     0.0190927
      0.019166
     0.0190927
      0.019166
     0.0190927
      0.019166
     0.0190927
      0.019166
     0.0190927
      0.019166
     0.0190927
      0.019166
     0.0190927
      0.019166
     0.0190927
      0.019166
     0.0190927
      0.019166
     0.0190927
      0.019166
     0.0190927
      0.019166
     0.0190927
      0.019166
     0.0190927
      0.019166
     0.0190927
    0.00814344
    0.00830876
    0.00814344
    0.00830876
    0.00814344
    0.00830876
    0.00814344
    0.00830876
    0.00814344
    0.00830876
    0.00814344
    0.00830876
    0.00814344
    0.00830876
    0.00814344
    0.00830876
    0.00814344
    0.00830876
    0.00814344
    0.00830876
    0.00814344
    0.00830876
    0.00814344
    0.00830876
    0.00814344
    0.00830876
    0.00814344
    0.00830876
    0.00814344
    0.00830876
    0.00814344
    0.00830876
    0.00814344
    0.00830876
    0.00814344
    0.00830876
    0.00814344
    0.00830876
    0.00814344
    0.00830876
    0.00814344
    0.00830876
    0.00814344
    0.00830876
    0.00814344
    0.00830876
    0.00814344
    0.00830876
    0.00814344
    0.00830876
    0.00814344
    0.00830876
    0.00814344
    0.00830876
    0.00814344
    0.00830876
    0.00814344
    0.00830876
    0.00814344
    0.00343766
    0.00347276
    0.00343766
    0.00347276
    0.00343766
    0.00347276
    0.00343766
    0.00347276
    0.00343766
    0.00347276
    0.00343766
    0.00347276
    0.00343766
    0.00347276
    0.00343766
    0.00347276
    0.00343766
    0.00347276
    0.00343766
    0.00347276
    0.00343766
    0.00347276
    0.00343766
    0.00347276
    0.00343766
    0.00347276
    0.00343766
    0.00347276
    0.00343766
    0.00347276
    0.00343766
    0.00347276
    0.00343766
    0.00347276
    0.00343766
    0.00347276
    0.00343766
    0.00347276
    0.00343766
    0.00347276
    0.00343766
    0.00347276
    0.00343766
    0.00347276
    0.00343766
    0.00347276
    0.00343766
    0.00347276
    0.00343766
    0.00347276
    0.00343766
    0.00347276
    0.00343766
    0.00347276
    0.00343766
    0.00347276
    0.00343766
    0.00347276
    0.00343766
    0.00131833
    0.00136928
    0.00131833
    0.00136928
    0.00131833
    0.00136928
    0.00131833
    0.00136928
    0.00131833
    0.00136928
    0.00131833
    0.00136928
    0.00131833
    0.00136928
    0.00131833
    0.00136928
    0.00131833
    0.00136928
    0.00131833
    0.00136928
    0.00131833
    0.00136928
    0.00131833
    0.00136928
    0.00131833
    0.00136928
    0.00131833
    0.00136928
    0.00131833
    0.00136928
    0.00131833
    0.00136928
    0.00131833
    0.00136928
    0.00131833
    0.00136928
    0.00131833
    0.00136928
    0.00131833
    0.00136928
    0.00131833
    0.00136928
    0.00131833
    0.00136928
    0.00131833
    0.00136928
    0.00131833
    0.00136928
    0.00131833
    0.00136928
    0.00131833
    0.00136928
    0.00131833
    0.00136928
    0.00131833
    0.00136928
    0.00131833
    0.00136928
    0.00131833
   0.000519475
   0.000528989
   0.000519475
   0.000528989
   0.000519475
   0.000528989
   0.000519475
   0.000528989
   0.000519475
   0.000528989
   0.000519475
   0.000528989
   0.000519475
   0.000528989
   0.000519475
   0.000528989
   0.000519475
   0.000528989
   0.000519475
   0.000528989
   0.000519475
   0.000528989
   0.000519475
   0.000528989
   0.000519475
   0.000528989
   0.000519475
   0.000528989
   0.000519475
   0.000528989
   0.000519475
   0.000528989
   0.000519475
   0.000528989
   0.000519475
   0.000528989
   0.000519475
   0.000528989
   0.000519475
   0.000528989
   0.000519475
   0.000528989
   0.000519475
   0.000528989
   0.000519475
   0.000528989
   0.000519475
   0.000528989
   0.000519475
   0.000528989
   0.000519475
   0.000528989
   0.000519475
   0.000528989
   0.000519475
   0.000528989
   0.000519475
   0.000528989
   0.000519475
   0.000182682
   0.000193385
   0.000182682
   0.000193385
   0.000182682
   0.000193385
   0.000182682
   0.000193385
   0.000182682
   0.000193385
   0.000182682
   0.000193385
   0.000182682
   0.000193385
   0.000182682
   0.000193385
   0.000182682
   0.000193385
   0.000182682
   0.000193385
   0.000182682
   0.000193385
   0.000182682
   0.000193385
   0.000182682
   0.000193385
   0.000182682
   0.000193385
   0.000182682
   0.000193385
   0.000182682
   0.000193385
   0.000182682
   0.000193385
   0.000182682
   0.000193385
   0.000182682
   0.000193385
   0.000182682
   0.000193385
   0.000182682
   0.000193385
   0.000182682
   0.000193385
   0.000182682
   0.000193385
   0.000182682
   0.000193385
   0.000182682
   0.000193385
   0.000182682
   0.000193385
   0.000182682
   0.000193385
   0.000182682
   0.000193385
   0.000182682
   0.000193385
   0.000182682
   6.83226e-05
   7.01769e-05
   6.83226e-05
   7.01769e-05
   6.83226e-05
   7.01769e-05
   6.83226e-05
   7.01769e-05
   6.83226e-05
   7.01769e-05
   6.83226e-05
   7.01769e-05
   6.83226e-05
   7.01769e-05
   6.83226e-05
   7.01769e-05
   6.83226e-05
   7.01769e-05
   6.83226e-05
   7.01769e-05
   6.83226e-05
   7.01769e-05
   6.83226e-05
   7.01769e-05
   6.83226e-05
   7.01769e-05
   6.83226e-05
   7.01769e-05
   6.83226e-05
   7.01769e-05
   6.83226e-05
   7.01769e-05
   6.83226e-05
   7.01769e-05
   6.83226e-05
   7.01769e-05
   6.83226e-05
   7.01769e-05
   6.83226e-05
   7.01769e-05
   6.83226e-05
   7.01769e-05
   6.83226e-05
   7.01769e-05
   6.83226e-05
   7.01769e-05
   6.83226e-05
   7.01769e-05
   6.83226e-05
   7.01769e-05
   6.83226e-05
   7.01769e-05
   6.83226e-05
   7.01769e-05
   6.83226e-05
   7.01769e-05
   6.83226e-05
   7.01769e-05
   6.83226e-05
   2.23899e-05
   2.41462e-05
   2.23899e-05
   2.41462e-05
   2.23899e-05
   2.41462e-05
   2.23899e-05
   2.41462e-05
   2.23899e-05
   2.41462e-05
   2.23899e-05
   2.41462e-05
   2.23899e-05
   2.41462e-05
   2.23899e-05
   2.41462e-05
   2.23899e-05
   2.41462e-05
   2.23899e-05
   2.41462e-05
   2.23899e-05
   2.41462e-05
   2.23899e-05
   2.41462e-05
   2.23899e-05
   2.41462e-05
   2.23899e-05
   2.41462e-05
   2.23899e-05
   2.41462e-05
   2.23899e-05
   2.41462e-05
   2.23899e-05
   2.41462e-05
   2.23899e-05
   2.41462e-05
   2.23899e-05
   2.41462e-05
   2.23899e-05
   2.41462e-05
   2.23899e-05
   2.41462e-05
   2.23899e-05
   2.41462e-05
   2.23899e-05
   2.41462e-05
   2.23899e-05
   2.41462e-05
   2.23899e-05
   2.41462e-05
   2.23899e-05
   2.41462e-05
   2.23899e-05
   2.41462e-05
   2.23899e-05
   2.41462e-05
   2.23899e-05
   2.41462e-05
   2.23899e-05
    8.0419e-06
   8.33144e-06
    8.0419e-06
   8.33144e-06
    8.0419e-06
   8.33144e-06
    8.0419e-06
   8.33144e-06
    8.0419e-06
   8.33144e-06
    8.0419e-06
   8.33144e-06
    8.0419e-06
   8.33144e-06
    8.0419e-06
   8.33144e-06
    8.0419e-06
   8.33144e-06
    8.0419e-06
   8.33144e-06
    8.0419e-06
   8.33144e-06
    8.0419e-06
   8.33144e-06
    8.0419e-06
   8.33144e-06
    8.0419e-06
   8.33144e-06
    8.0419e-06
   8.33144e-06
    8.0419e-06
   8.33144e-06
    8.0419e-06
   8.33144e-06
    8.0419e-06
   8.33144e-06
    8.0419e-06
   8.33144e-06
    8.0419e-06
   8.33144e-06
    8.0419e-06
   8.33144e-06
    8.0419e-06
   8.33144e-06
    8.0419e-06
   8.33144e-06
    8.0419e-06
   8.33144e-06
    8.0419e-06
   8.33144e-06
    8.0419e-06
   8.33144e-06
    8.0419e-06
   8.33144e-06
    8.0419e-06
   8.33144e-06
    8.0419e-06
   8.33144e-06
    8.0419e-06
   2.48676e-06
   2.72898e-06
   2.48676e-06
   2.72898e-06
   2.48676e-06
   2.72898e-06
   2.48676e-06
   2.72898e-06
   2.48676e-06
   2.72898e-06
   2.48676e-06
   2.72898e-06
   2.48676e-06
   2.72898e-06
   2.48676e-06
   2.72898e-06
   2.48676e-06
   2.72898e-06
   2.48676e-06
   2.72898e-06
   2.48676e-06
   2.72898e-06
   2.48676e-06
   2.72898e-06
   2.48676e-06
   2.72898e-06
   2.48676e-06
   2.72898e-06
   2.48676e-06
   2.72898e-06
   2.48676e-06
   2.72898e-06
   2.48676e-06
   2.72898e-06
   2.48676e-06
   2.72898e-06
   2.48676e-06
   2.72898e-06
   2.48676e-06
   2.72898e-06
   2.48676e-06
   2.72898e-06
   2.48676e-06
   2.72898e-06
   2.48676e-06
   2.72898e-06
   2.48676e-06
   2.72898e-06
   2.48676e-06
   2.72898e-06
   2.48676e-06
   2.72898e-06
   2.48676e-06
   2.72898e-06
   2.48676e-06
   2.72898e-06
   2.48676e-06
   2.72898e-06
   2.48676e-06
   8.64992e-07
   9.03525e-07
   8.64992e-07
   9.03525e-07
   8.64992e-07
   9.03525e-07
   8.64992e-07
   9.03525e-07
   8.64992e-07
   9.03525e-07
   8.64992e-07
   9.03525e-07
   8.64992e-07
   9.03525e-07
   8.64992e-07
   9.03525e-07
   8.64992e-07
   9.03525e-07
   8.64992e-07
   9.03525e-07
   8.64992e-07
   9.03525e-07
   8.64992e-07
   9.03525e-07
   8.64992e-07
   9.03525e-07
   8.64992e-07
   9.03525e-07
   8.64992e-07
   9.03525e-07
   8.64992e-07
   9.03525e-07
   8.64992e-07
   9.03525e-07
   8.64992e-07
   9.03525e-07
   8.64992e-07
   9.03525e-07
   8.64992e-07
   9.03525e-07
   8.64992e-07
   9.03525e-07
   8.64992e-07
   9.03525e-07
   8.64992e-07
   9.03525e-07
   8.64992e-07
   9.03525e-07
   8.64992e-07
   9.03525e-07
   8.64992e-07
   9.03525e-07
   8.64992e-07
   9.03525e-07
   8.64992e-07
   9.03525e-07
   8.64992e-07
   9.03525e-07
   8.64992e-07
   2.54837e-07
   2.84183e-07
   2.54837e-07
   2.84183e-07
   2.54837e-07
   2.84183e-07
   2.54837e-07
   2.84183e-07
   2.54837e-07
   2.84183e-07
   2.54837e-07
   2.84183e-07
   2.54837e-07
   2.84183e-07
   2.54837e-07
   2.84183e-07
   2.54837e-07
   2.84183e-07
   2.54837e-07
   2.84183e-07
   2.54837e-07
   2.84183e-07
   2.54837e-07
   2.84183e-07
   2.54837e-07
   2.84183e-07
   2.54837e-07
   2.84183e-07
   2.54837e-07
   2.84183e-07
   2.54837e-07
   2.84183e-07
   2.54837e-07
   2.84183e-07
   2.54837e-07
   2.84183e-07
   2.54837e-07
   2.84183e-07
   2.54837e-07
   2.84183e-07
   2.54837e-07
   2.84183e-07
   2.54837e-07
   2.84183e-07
   2.54837e-07
   2.84183e-07
   2.54837e-07
   2.84183e-07
   2.54837e-07
   2.84183e-07
   2.54837e-07
   2.84183e-07
   2.54837e-07
   2.84183e-07
   2.54837e-07
   2.84183e-07
   2.54837e-07
   2.84183e-07
   2.54837e-07
   8.63688e-08
    9.0913e-08
   8.63688e-08
    9.0913e-08
   8.63688e-08
    9.0913e-08
   8.63688e-08
    9.0913e-08
   8.63688e-08
    9.0913e-08
   8.63688e-08
    9.0913e-08
   8.63688e-08
    9.0913e-08
   8.63688e-08
    9.0913e-08
   8.63688e-08
    9.0913e-08
   8.63688e-08
    9.0913e-08
   8.63688e-08
    9.0913e-08
   8.63688e-08
    9.0913e-08
   8.63688e-08
    9.0913e-08
   8.63688e-08
    9.0913e-08
   8.63688e-08
    9.0913e-08
   8.63688e-08
    9.0913e-08
   8.63688e-08
    9.0913e-08
   8.63688e-08
    9.0913e-08
   8.63688e-08
    9.0913e-08
   8.63688e-08
    9.0913e-08
   8.63688e-08
    9.0913e-08
   8.63688e-08
    9.0913e-08
   8.63688e-08
    9.0913e-08
   8.63688e-08
    9.0913e-08
   8.63688e-08
    9.0913e-08
   8.63688e-08
    9.0913e-08
   8.63688e-08
    9.0913e-08
   8.63688e-08
    9.0913e-08
   8.63688e-08
    9.0913e-08
   8.63688e-08
   2.44256e-08
   2.76404e-08
   2.44256e-08
   2.76404e-08
   2.44256e-08
   2.76404e-08
   2.44256e-08
   2.76404e-08
   2.44256e-08
   2.76404e-08
   2.44256e-08
   2.76404e-08
   2.44256e-08
   2.76404e-08
   2.44256e-08
   2.76404e-08
   2.44256e-08
   2.76404e-08
   2.44256e-08
   2.76404e-08
   2.44256e-08
   2.76404e-08
   2.44256e-08
   2.76404e-08
   2.44256e-08
   2.76404e-08
   2.44256e-08
   2.76404e-08
   2.44256e-08
   2.76404e-08
   2.44256e-08
   2.76404e-08
   2.44256e-08
   2.76404e-08
   2.44256e-08
   2.76404e-08
   2.44256e-08
   2.76404e-08
   2.44256e-08
   2.76404e-08
   2.44256e-08
   2.76404e-08
   2.44256e-08
   2.76404e-08
   2.44256e-08
   2.76404e-08
   2.44256e-08
   2.76404e-08
   2.44256e-08
   2.76404e-08
   2.44256e-08
   2.76404e-08
   2.44256e-08
   2.76404e-08
   2.44256e-08
   2.76404e-08
   2.44256e-08
   2.76404e-08
   2.44256e-08
   8.10261e-09
   8.58996e-09
   8.10261e-09
   8.58996e-09
   8.10261e-09
   8.58996e-09
   8.10261e-09
   8.58996e-09
   8.10261e-09
   8.58996e-09
   8.10261e-09
   8.58996e-09
   8.10261e-09
   8.58996e-09
   8.10261e-09
   8.58996e-09
   8.10261e-09
   8.58996e-09
   8.10261e-09
   8.58996e-09
   8.10261e-09
   8.58996e-09
   8.10261e-09
   8.58996e-09
   8.10261e-09
   8.58996e-09
   8.10261e-09
   8.58996e-09
   8.10261e-09
   8.58996e-09
   8.10261e-09
   8.58996e-09
   8.10261e-09
   8.58996e-09
   8.10261e-09
   8.58996e-09
   8.10261e-09
   8.58996e-09
   8.10261e-09
   8.58996e-09
   8.10261e-09
   8.58996e-09
   8.10261e-09
   8.58996e-09
   8.10261e-09
   8.58996e-09
   8.10261e-09
   8.58996e-09
   8.10261e-09
   8.58996e-09
   8.10261e-09
   8.58996e-09
   8.10261e-09
   8.58996e-09
   8.10261e-09
   8.58996e-09
   8.10261e-09
   8.58996e-09
   8.10261e-09
    2.2127e-09
   2.53754e-09
    2.2127e-09
   2.53754e-09
    2.2127e-09
   2.53754e-09
    2.2127e-09
   2.53754e-09
    2.2127e-09
   2.53754e-09
    2.2127e-09
   2.53754e-09
    2.2127e-09
   2.53754e-09
    2.2127e-09
   2.53754e-09
    2.2127e-09
   2.53754e-09
    2.2127e-09
   2.53754e-09
    2.2127e-09
   2.53754e-09
    2.2127e-09
   2.53754e-09
    2.2127e-09
   2.53754e-09
    2.2127e-09
   2.53754e-09
    2.2127e-09
   2.53754e-09
    2.2127e-09
   2.53754e-09
    2.2127e-09
   2.53754e-09
    2.2127e-09
   2.53754e-09
    2.2127e-09
   2.53754e-09
    2.2127e-09
   2.53754e-09
    2.2127e-09
   2.53754e-09
    2.2127e-09
   2.53754e-09
    2.2127e-09
   2.53754e-09
    2.2127e-09
   2.53754e-09
    2.2127e-09
   2.53754e-09
    2.2127e-09
   2.53754e-09
    2.2127e-09
   2.53754e-09
    2.2127e-09
   2.53754e-09
    2.2127e-09
   2.53754e-09
    2.2127e-09
   7.20923e-10
    7.6933e-10
   7.20923e-10
    7.6933e-10
   7.20923e-10
    7.6933e-10
   7.20923e-10
    7.6933e-10
   7.20923e-10
    7.6933e-10
   7.20923e-10
    7.6933e-10
   7.20923e-10
    7.6933e-10
   7.20923e-10
    7.6933e-10
   7.20923e-10
    7.6933e-10
   7.20923e-10
    7.6933e-10
   7.20923e-10
    7.6933e-10
   7.20923e-10
    7.6933e-10
   7.20923e-10
    7.6933e-10
   7.20923e-10
    7.6933e-10
   7.20923e-10
    7.6933e-10
   7.20923e-10
    7.6933e-10
   7.20923e-10
    7.6933e-10
   7.20923e-10
    7.6933e-10
   7.20923e-10
    7.6933e-10
   7.20923e-10
    7.6933e-10
   7.20923e-10
    7.6933e-10
   7.20923e-10
    7.6933e-10
   7.20923e-10
    7.6933e-10
   7.20923e-10
    7.6933e-10
   7.20923e-10
    7.6933e-10
   7.20923e-10
    7.6933e-10
   7.20923e-10
    7.6933e-10
   7.20923e-10
    7.6933e-10
   7.20923e-10
    7.6933e-10
   7.20923e-10
    1.9101e-10
   2.21726e-10
    1.9101e-10
   2.21726e-10
    1.9101e-10
   2.21726e-10
    1.9101e-10
   2.21726e-10
    1.9101e-10
   2.21726e-10
    1.9101e-10
   2.21726e-10
    1.9101e-10
   2.21726e-10
    1.9101e-10
   2.21726e-10
    1.9101e-10
   2.21726e-10
    1.9101e-10
   2.21726e-10
    1.9101e-10
   2.21726e-10
    1.9101e-10
   2.21726e-10
    1.9101e-10
   2.21726e-10
    1.9101e-10
   2.21726e-10
    1.9101e-10
   2.21726e-10
    1.9101e-10
   2.21726e-10
    1.9101e-10
   2.21726e-10
    1.9101e-10
   2.21726e-10
    1.9101e-10
   2.21726e-10
    1.9101e-10
   2.21726e-10
    1.9101e-10
   2.21726e-10
    1.9101e-10
   2.21726e-10
    1.9101e-10
   2.21726e-10
    1.9101e-10
   2.21726e-10
    1.9101e-10
   2.21726e-10
    1.9101e-10
   2.21726e-10
    1.9101e-10
   2.21726e-10
    1.9101e-10
   2.21726e-10
    1.9101e-10
   2.21726e-10
    1.9101e-10
   6.12901e-11
   6.58029e-11
   6.12901e-11
   6.58029e-11
   6.12901e-11
   6.58029e-11
   6.12901e-11
   6.58029e-11
   6.12901e-11
   6.58029e-11
   6.12901e-11
   6.58029e-11
   6.12901e-11
   6.58029e-11
   6.12901e-11
   6.58029e-11
   6.12901e-11
   6.58029e-11
   6.12901e-11
   6.58029e-11
   6.12901e-11
   6.58029e-11
   6.12901e-11
   6.58029e-11
   6.12901e-11
   6.58029e-11
   6.12901e-11
   6.58029e-11
   6.12901e-11
   6.58029e-11
   6.12901e-11
   6.58029e-11
   6.12901e-11
   6.58029e-11
   6.12901e-11
   6.58029e-11
   6.12901e-11
   6.58029e-11
   6.12901e-11
   6.58029e-11
   6.12901e-11
   6.58029e-11
   6.12901e-11
   6.58029e-11
   6.12901e-11
   6.58029e-11
   6.12901e-11
   6.58029e-11
   6.12901e-11
   6.58029e-11
   6.12901e-11
   6.58029e-11
   6.12901e-11
   6.58029e-11
   6.12901e-11
   6.58029e-11
   6.12901e-11
   6.58029e-11
   6.12901e-11
   1.58226e-11
   1.85715e-11
   1.58226e-11
   1.85715e-11
   1.58226e-11
   1.85715e-11
   1.58226e-11
   1.85715e-11
   1.58226e-11
   1.85715e-11
   1.58226e-11
   1.85715e-11
   1.58226e-11
   1.85715e-11
   1.58226e-11
   1.85715e-11
   1.58226e-11
   1.85715e-11
   1.58226e-11
   1.85715e-11
   1.58226e-11
   1.85715e-11
   1.58226e-11
   1.85715e-11
   1.58226e-11
   1.85715e-11
   1.58226e-11
   1.85715e-11
   1.58225e-11
   1.85715e-11
   1.58225e-11
   1.85715e-11
   1.58226e-11
   1.85715e-11
   1.58226e-11
   1.85715e-11
   1.58226e-11
   1.85715e-11
   1.58226e-11
   1.85715e-11
   1.58226e-11
   1.85715e-11
   1.58226e-11
   1.85715e-11
   1.58226e-11
   1.85715e-11
   1.58226e-11
   1.85715e-11
   1.58226e-11
   1.85715e-11
   1.58226e-11
   1.85715e-11
   1.58226e-11
   1.85715e-11
   1.58226e-11
   1.85715e-11
   1.58226e-11
   1.85715e-11
   1.58226e-11
   5.03837e-12
   5.43992e-12
   5.03837e-12
   5.43992e-12
   5.03837e-12
   5.43992e-12
   5.03837e-12
   5.43992e-12
   5.03837e-12
   5.43992e-12
   5.03837e-12
   5.43992e-12
   5.03837e-12
   5.43992e-12
   5.03837e-12
   5.43992e-12
   5.03837e-12
   5.43992e-12
   5.03837e-12
   5.43992e-12
   5.03837e-12
   5.43992e-12
   5.03837e-12
   5.43992e-12
   5.03837e-12
   5.43992e-12
   5.03837e-12
   5.43991e-12
   5.03835e-12
   5.43989e-12
   5.03835e-12
   5.43991e-12
   5.03837e-12
   5.43992e-12
   5.03837e-12
   5.43992e-12
   5.03837e-12
   5.43992e-12
   5.03837e-12
   5.43992e-12
   5.03837e-12
   5.43992e-12
   5.03837e-12
   5.43992e-12
   5.03837e-12
   5.43992e-12
   5.03837e-12
   5.43992e-12
   5.03837e-12
   5.43992e-12
   5.03837e-12
   5.43992e-12
   5.03837e-12
   5.43992e-12
   5.03837e-12
   5.43992e-12
   5.03837e-12
   5.43992e-12
   5.03837e-12
   1.36026e-12
   1.61385e-12
   1.36026e-12
   1.61385e-12
   1.36026e-12
   1.61385e-12
   1.36026e-12
   1.61385e-12
   1.36026e-12
   1.61385e-12
   1.36026e-12
   1.61385e-12
   1.36026e-12
   1.61385e-12
   1.36026e-12
   1.61385e-12
   1.36026e-12
   1.61385e-12
   1.36026e-12
   1.61385e-12
   1.36026e-12
   1.61385e-12
   1.36026e-12
   1.61385e-12
   1.36026e-12
   1.61385e-12
   1.36026e-12
   1.61383e-12
   1.36019e-12
   1.61374e-12
   1.36019e-12
   1.61383e-12
   1.36026e-12
   1.61385e-12
   1.36026e-12
   1.61385e-12
   1.36026e-12
   1.61385e-12
   1.36026e-12
   1.61385e-12
   1.36026e-12
   1.61385e-12
   1.36026e-12
   1.61385e-12
   1.36026e-12
   1.61385e-12
   1.36026e-12
   1.61385e-12
   1.36026e-12
   1.61385e-12
   1.36026e-12
   1.61385e-12
   1.36026e-12
   1.61385e-12
   1.36026e-12
   1.61385e-12
   1.36026e-12
   1.61385e-12
   1.36026e-12
   7.90556e-13
   8.57908e-13
   7.90556e-13
   8.57908e-13
   7.90556e-13
   8.57908e-13
   7.90556e-13
   8.57908e-13
   7.90556e-13
   8.57908e-13
   7.90556e-13
   8.57908e-13
   7.90556e-13
   8.57908e-13
   7.90556e-13
   8.57908e-13
   7.90556e-13
   8.57908e-13
   7.90556e-13
   8.57908e-13
   7.90556e-13
   8.57908e-13
   7.90556e-13
   8.57908e-13
   7.90556e-13
   8.57906e-13
    7.9055e-13
    8.5788e-13
   7.90446e-13
   8.57455e-13
   7.90446e-13
    8.5788e-13
    7.9055e-13
   8.57906e-13
   7.90556e-13
   8.57908e-13
   7.90556e-13
   8.57908e-13
   7.90556e-13
   8.57908e-13
   7.90556e-13
   8.57908e-13
   7.90556e-13
   8.57908e-13
   7.90556e-13
   8.57908e-13
   7.90556e-13
   8.57908e-13
   7.90556e-13
   8.57908e-13
   7.90556e-13
   8.57908e-13
   7.90556e-13
   8.57908e-13
   7.90556e-13
   8.57908e-13
   7.90556e-13
   8.57908e-13
   7.90556e-13
   1.36026e-12
   1.61385e-12
   1.36026e-12
   1.61385e-12
   1.36026e-12
   1.61385e-12
   1.36026e-12
   1.61385e-12
   1.36026e-12
   1.61385e-12
   1.36026e-12
   1.61385e-12
   1.36026e-12
   1.61385e-12
   1.36026e-12
   1.61385e-12
   1.36026e-12
   1.61385e-12
   1.36026e-12
   1.61385e-12
   1.36026e-12
   1.61385e-12
   1.36026e-12
   1.61385e-12
   1.36026e-12
   1.61385e-12
   1.36026e-12
   1.61383e-12
   1.36019e-12
   1.61374e-12
   1.36019e-12
   1.61383e-12
   1.36026e-12
   1.61385e-12
   1.36026e-12
   1.61385e-12
   1.36026e-12
   1.61385e-12
   1.36026e-12
   1.61385e-12
   1.36026e-12
   1.61385e-12
   1.36026e-12
   1.61385e-12
   1.36026e-12
   1.61385e-12
   1.36026e-12
   1.61385e-12
   1.36026e-12
   1.61385e-12
   1.36026e-12
   1.61385e-12
   1.36026e-12
   1.61385e-12
   1.36026e-12
   1.61385e-12
   1.36026e-12
   1.61385e-12
   1.36026e-12
   5.03837e-12
   5.43992e-12
   5.03837e-12
   5.43992e-12
   5.03837e-12
   5.43992e-12
   5.03837e-12
   5.43992e-12
   5.03837e-12
   5.43992e-12
   5.03837e-12
   5.43992e-12
   5.03837e-12
   5.43992e-12
   5.03837e-12
   5.43992e-12
   5.03837e-12
   5.43992e-12
   5.03837e-12
   5.43992e-12
   5.03837e-12
   5.43992e-12
   5.03837e-12
   5.43992e-12
   5.03837e-12
   5.43992e-12
   5.03837e-12
   5.43991e-12
   5.03835e-12
   5.43989e-12
   5.03835e-12
   5.43991e-12
   5.03837e-12
   5.43992e-12
   5.03837e-12
   5.43992e-12
   5.03837e-12
   5.43992e-12
   5.03837e-12
   5.43992e-12
   5.03837e-12
   5.43992e-12
   5.03837e-12
   5.43992e-12
   5.03837e-12
   5.43992e-12
   5.03837e-12
   5.43992e-12
   5.03837e-12
   5.43992e-12
   5.03837e-12
   5.43992e-12
   5.03837e-12
   5.43992e-12
   5.03837e-12
   5.43992e-12
   5.03837e-12
   5.43992e-12
   5.03837e-12
   1.58226e-11
   1.85715e-11
   1.58226e-11
   1.85715e-11
   1.58226e-11
   1.85715e-11
   1.58226e-11
   1.85715e-11
   1.58226e-11
   1.85715e-11
   1.58226e-11
   1.85715e-11
   1.58226e-11
   1.85715e-11
   1.58226e-11
   1.85715e-11
   1.58226e-11
   1.85715e-11
   1.58226e-11
   1.85715e-11
   1.58226e-11
   1.85715e-11
   1.58226e-11
   1.85715e-11
   1.58226e-11
   1.85715e-11
   1.58226e-11
   1.85715e-11
   1.58225e-11
   1.85715e-11
   1.58225e-11
   1.85715e-11
   1.58226e-11
   1.85715e-11
   1.58226e-11
   1.85715e-11
   1.58226e-11
   1.85715e-11
   1.58226e-11
   1.85715e-11
   1.58226e-11
   1.85715e-11
   1.58226e-11
   1.85715e-11
   1.58226e-11
   1.85715e-11
   1.58226e-11
   1.85715e-11
   1.58226e-11
   1.85715e-11
   1.58226e-11
   1.85715e-11
   1.58226e-11
   1.85715e-11
   1.58226e-11
   1.85715e-11
   1.58226e-11
   1.85715e-11
   1.58226e-11
   6.12901e-11
   6.58029e-11
   6.12901e-11
   6.58029e-11
   6.12901e-11
   6.58029e-11
   6.12901e-11
   6.58029e-11
   6.12901e-11
   6.58029e-11
   6.12901e-11
   6.58029e-11
   6.12901e-11
   6.58029e-11
   6.12901e-11
   6.58029e-11
   6.12901e-11
   6.58029e-11
   6.12901e-11
   6.58029e-11
   6.12901e-11
   6.58029e-11
   6.12901e-11
   6.58029e-11
   6.12901e-11
   6.58029e-11
   6.12901e-11
   6.58029e-11
   6.12901e-11
   6.58029e-11
   6.12901e-11
   6.58029e-11
   6.12901e-11
   6.58029e-11
   6.12901e-11
   6.58029e-11
   6.12901e-11
   6.58029e-11
   6.12901e-11
   6.58029e-11
   6.12901e-11
   6.58029e-11
   6.12901e-11
   6.58029e-11
   6.12901e-11
   6.58029e-11
   6.12901e-11
   6.58029e-11
   6.12901e-11
   6.58029e-11
   6.12901e-11
   6.58029e-11
   6.12901e-11
   6.58029e-11
   6.12901e-11
   6.58029e-11
   6.12901e-11
   6.58029e-11
   6.12901e-11
    1.9101e-10
   2.21726e-10
    1.9101e-10
   2.21726e-10
    1.9101e-10
   2.21726e-10
    1.9101e-10
   2.21726e-10
    1.9101e-10
   2.21726e-10
    1.9101e-10
   2.21726e-10
    1.9101e-10
   2.21726e-10
    1.9101e-10
   2.21726e-10
    1.9101e-10
   2.21726e-10
    1.9101e-10
   2.21726e-10
    1.9101e-10
   2.21726e-10
    1.9101e-10
   2.21726e-10
    1.9101e-10
   2.21726e-10
    1.9101e-10
   2.21726e-10
    1.9101e-10
   2.21726e-10
    1.9101e-10
   2.21726e-10
    1.9101e-10
   2.21726e-10
    1.9101e-10
   2.21726e-10
    1.9101e-10
   2.21726e-10
    1.9101e-10
   2.21726e-10
    1.9101e-10
   2.21726e-10
    1.9101e-10
   2.21726e-10
    1.9101e-10
   2.21726e-10
    1.9101e-10
   2.21726e-10
    1.9101e-10
   2.21726e-10
    1.9101e-10
   2.21726e-10
    1.9101e-10
   2.21726e-10
    1.9101e-10
   2.21726e-10
    1.9101e-10
   2.21726e-10
    1.9101e-10
   7.20923e-10
    7.6933e-10
   7.20923e-10
    7.6933e-10
   7.20923e-10
    7.6933e-10
   7.20923e-10
    7.6933e-10
   7.20923e-10
    7.6933e-10
   7.20923e-10
    7.6933e-10
   7.20923e-10
    7.6933e-10
   7.20923e-10
    7.6933e-10
   7.20923e-10
    7.6933e-10
   7.20923e-10
    7.6933e-10
   7.20923e-10
    7.6933e-10
   7.20923e-10
    7.6933e-10
   7.20923e-10
    7.6933e-10
   7.20923e-10
    7.6933e-10
   7.20923e-10
    7.6933e-10
   7.20923e-10
    7.6933e-10
   7.20923e-10
    7.6933e-10
   7.20923e-10
    7.6933e-10
   7.20923e-10
    7.6933e-10
   7.20923e-10
    7.6933e-10
   7.20923e-10
    7.6933e-10
   7.20923e-10
    7.6933e-10
   7.20923e-10
    7.6933e-10
   7.20923e-10
    7.6933e-10
   7.20923e-10
    7.6933e-10
   7.20923e-10
    7.6933e-10
   7.20923e-10
    7.6933e-10
   7.20923e-10
    7.6933e-10
   7.20923e-10
    7.6933e-10
   7.20923e-10
    2.2127e-09
   2.53754e-09
    2.2127e-09
   2.53754e-09
    2.2127e-09
   2.53754e-09
    2.2127e-09
   2.53754e-09
    2.2127e-09
   2.53754e-09
    2.2127e-09
   2.53754e-09
    2.2127e-09
   2.53754e-09
    2.2127e-09
   2.53754e-09
    2.2127e-09
   2.53754e-09
    2.2127e-09
   2.53754e-09
    2.2127e-09
   2.53754e-09
    2.2127e-09
   2.53754e-09
    2.2127e-09
   2.53754e-09
    2.2127e-09
   2.53754e-09
    2.2127e-09
   2.53754e-09
    2.2127e-09
   2.53754e-09
    2.2127e-09
   2.53754e-09
    2.2127e-09
   2.53754e-09
    2.2127e-09
   2.53754e-09
    2.2127e-09
   2.53754e-09
    2.2127e-09
   2.53754e-09
    2.2127e-09
   2.53754e-09
    2.2127e-09
   2.53754e-09
    2.2127e-09
   2.53754e-09
    2.2127e-09
   2.53754e-09
    2.2127e-09
   2.53754e-09
    2.2127e-09
   2.53754e-09
    2.2127e-09
   2.53754e-09
    2.2127e-09
   2.53754e-09
    2.2127e-09
   8.10261e-09
   8.58996e-09
   8.10261e-09
   8.58996e-09
   8.10261e-09
   8.58996e-09
   8.10261e-09
   8.58996e-09
   8.10261e-09
   8.58996e-09
   8.10261e-09
   8.58996e-09
   8.10261e-09
   8.58996e-09
   8.10261e-09
   8.58996e-09
   8.10261e-09
   8.58996e-09
   8.10261e-09
   8.58996e-09
   8.10261e-09
   8.58996e-09
   8.10261e-09
   8.58996e-09
   8.10261e-09
   8.58996e-09
   8.10261e-09
   8.58996e-09
   8.10261e-09
   8.58996e-09
   8.10261e-09
   8.58996e-09
   8.10261e-09
   8.58996e-09
   8.10261e-09
   8.58996e-09
   8.10261e-09
   8.58996e-09
   8.10261e-09
   8.58996e-09
   8.10261e-09
   8.58996e-09
   8.10261e-09
   8.58996e-09
   8.10261e-09
   8.58996e-09
   8.10261e-09
   8.58996e-09
   8.10261e-09
   8.58996e-09
   8.10261e-09
   8.58996e-09
   8.10261e-09
   8.58996e-09
   8.10261e-09
   8.58996e-09
   8.10261e-09
   8.58996e-09
   8.10261e-09
   2.44256e-08
   2.76404e-08
   2.44256e-08
   2.76404e-08
   2.44256e-08
   2.76404e-08
   2.44256e-08
   2.76404e-08
   2.44256e-08
   2.76404e-08
   2.44256e-08
   2.76404e-08
   2.44256e-08
   2.76404e-08
   2.44256e-08
   2.76404e-08
   2.44256e-08
   2.76404e-08
   2.44256e-08
   2.76404e-08
   2.44256e-08
   2.76404e-08
   2.44256e-08
   2.76404e-08
   2.44256e-08
   2.76404e-08
   2.44256e-08
   2.76404e-08
   2.44256e-08
   2.76404e-08
   2.44256e-08
   2.76404e-08
   2.44256e-08
   2.76404e-08
   2.44256e-08
   2.76404e-08
   2.44256e-08
   2.76404e-08
   2.44256e-08
   2.76404e-08
   2.44256e-08
   2.76404e-08
   2.44256e-08
   2.76404e-08
   2.44256e-08
   2.76404e-08
   2.44256e-08
   2.76404e-08
   2.44256e-08
   2.76404e-08
   2.44256e-08
   2.76404e-08
   2.44256e-08
   2.76404e-08
   2.44256e-08
   2.76404e-08
   2.44256e-08
   2.76404e-08
   2.44256e-08
   8.63688e-08
    9.0913e-08
   8.63688e-08
    9.0913e-08
   8.63688e-08
    9.0913e-08
   8.63688e-08
    9.0913e-08
   8.63688e-08
    9.0913e-08
   8.63688e-08
    9.0913e-08
   8.63688e-08
    9.0913e-08
   8.63688e-08
    9.0913e-08
   8.63688e-08
    9.0913e-08
   8.63688e-08
    9.0913e-08
   8.63688e-08
    9.0913e-08
   8.63688e-08
    9.0913e-08
   8.63688e-08
    9.0913e-08
   8.63688e-08
    9.0913e-08
   8.63688e-08
    9.0913e-08
   8.63688e-08
    9.0913e-08
   8.63688e-08
    9.0913e-08
   8.63688e-08
    9.0913e-08
   8.63688e-08
    9.0913e-08
   8.63688e-08
    9.0913e-08
   8.63688e-08
    9.0913e-08
   8.63688e-08
    9.0913e-08
   8.63688e-08
    9.0913e-08
   8.63688e-08
    9.0913e-08
   8.63688e-08
    9.0913e-08
   8.63688e-08
    9.0913e-08
   8.63688e-08
    9.0913e-08
   8.63688e-08
    9.0913e-08
   8.63688e-08
    9.0913e-08
   8.63688e-08
   2.54837e-07
   2.84183e-07
   2.54837e-07
   2.84183e-07
   2.54837e-07
   2.84183e-07
   2.54837e-07
   2.84183e-07
   2.54837e-07
   2.84183e-07
   2.54837e-07
   2.84183e-07
   2.54837e-07
   2.84183e-07
   2.54837e-07
   2.84183e-07
   2.54837e-07
   2.84183e-07
   2.54837e-07
   2.84183e-07
   2.54837e-07
   2.84183e-07
   2.54837e-07
   2.84183e-07
   2.54837e-07
   2.84183e-07
   2.54837e-07
   2.84183e-07
   2.54837e-07
   2.84183e-07
   2.54837e-07
   2.84183e-07
   2.54837e-07
   2.84183e-07
   2.54837e-07
   2.84183e-07
   2.54837e-07
   2.84183e-07
   2.54837e-07
   2.84183e-07
   2.54837e-07
   2.84183e-07
   2.54837e-07
   2.84183e-07
   2.54837e-07
   2.84183e-07
   2.54837e-07
   2.84183e-07
   2.54837e-07
   2.84183e-07
   2.54837e-07
   2.84183e-07
   2.54837e-07
   2.84183e-07
   2.54837e-07
   2.84183e-07
   2.54837e-07
   2.84183e-07
   2.54837e-07
   8.64992e-07
   9.03525e-07
   8.64992e-07
   9.03525e-07
   8.64992e-07
   9.03525e-07
   8.64992e-07
   9.03525e-07
   8.64992e-07
   9.03525e-07
   8.64992e-07
   9.03525e-07
   8.64992e-07
   9.03525e-07
   8.64992e-07
   9.03525e-07
   8.64992e-07
   9.03525e-07
   8.64992e-07
   9.03525e-07
   8.64992e-07
   9.03525e-07
   8.64992e-07
   9.03525e-07
   8.64992e-07
   9.03525e-07
   8.64992e-07
   9.03525e-07
   8.64992e-07
   9.03525e-07
   8.64992e-07
   9.03525e-07
   8.64992e-07
   9.03525e-07
   8.64992e-07
   9.03525e-07
   8.64992e-07
   9.03525e-07
   8.64992e-07
   9.03525e-07
   8.64992e-07
   9.03525e-07
   8.64992e-07
   9.03525e-07
   8.64992e-07
   9.03525e-07
   8.64992e-07
   9.03525e-07
   8.64992e-07
   9.03525e-07
   8.64992e-07
   9.03525e-07
   8.64992e-07
   9.03525e-07
   8.64992e-07
   9.03525e-07
   8.64992e-07
   9.03525e-07
   8.64992e-07
   2.48676e-06
   2.72898e-06
   2.48676e-06
   2.72898e-06
   2.48676e-06
   2.72898e-06
   2.48676e-06
   2.72898e-06
   2.48676e-06
   2.72898e-06
   2.48676e-06
   2.72898e-06
   2.48676e-06
   2.72898e-06
   2.48676e-06
   2.72898e-06
   2.48676e-06
   2.72898e-06
   2.48676e-06
   2.72898e-06
   2.48676e-06
   2.72898e-06
   2.48676e-06
   2.72898e-06
   2.48676e-06
   2.72898e-06
   2.48676e-06
   2.72898e-06
   2.48676e-06
   2.72898e-06
   2.48676e-06
   2.72898e-06
   2.48676e-06
   2.72898e-06
   2.48676e-06
   2.72898e-06
   2.48676e-06
   2.72898e-06
   2.48676e-06
   2.72898e-06
   2.48676e-06
   2.72898e-06
   2.48676e-06
   2.72898e-06
   2.48676e-06
   2.72898e-06
   2.48676e-06
   2.72898e-06
   2.48676e-06
   2.72898e-06
   2.48676e-06
   2.72898e-06
   2.48676e-06
   2.72898e-06
   2.48676e-06
   2.72898e-06
   2.48676e-06
   2.72898e-06
   2.48676e-06
    8.0419e-06
   8.33144e-06
    8.0419e-06
   8.33144e-06
    8.0419e-06
   8.33144e-06
    8.0419e-06
   8.33144e-06
    8.0419e-06
   8.33144e-06
    8.0419e-06
   8.33144e-06
    8.0419e-06
   8.33144e-06
    8.0419e-06
   8.33144e-06
    8.0419e-06
   8.33144e-06
    8.0419e-06
   8.33144e-06
    8.0419e-06
   8.33144e-06
    8.0419e-06
   8.33144e-06
    8.0419e-06
   8.33144e-06
    8.0419e-06
   8.33144e-06
    8.0419e-06
   8.33144e-06
    8.0419e-06
   8.33144e-06
    8.0419e-06
   8.33144e-06
    8.0419e-06
   8.33144e-06
    8.0419e-06
   8.33144e-06
    8.0419e-06
   8.33144e-06
    8.0419e-06
   8.33144e-06
    8.0419e-06
   8.33144e-06
    8.0419e-06
   8.33144e-06
    8.0419e-06
   8.33144e-06
    8.0419e-06
   8.33144e-06
    8.0419e-06
   8.33144e-06
    8.0419e-06
   8.33144e-06
    8.0419e-06
   8.33144e-06
    8.0419e-06
   8.33144e-06
    8.0419e-06
   2.23899e-05
   2.41462e-05
   2.23899e-05
   2.41462e-05
   2.23899e-05
   2.41462e-05
   2.23899e-05
   2.41462e-05
   2.23899e-05
   2.41462e-05
   2.23899e-05
   2.41462e-05
   2.23899e-05
   2.41462e-05
   2.23899e-05
   2.41462e-05
   2.23899e-05
   2.41462e-05
   2.23899e-05
   2.41462e-05
   2.23899e-05
   2.41462e-05
   2.23899e-05
   2.41462e-05
   2.23899e-05
   2.41462e-05
   2.23899e-05
   2.41462e-05
   2.23899e-05
   2.41462e-05
   2.23899e-05
   2.41462e-05
   2.23899e-05
   2.41462e-05
   2.23899e-05
   2.41462e-05
   2.23899e-05
   2.41462e-05
   2.23899e-05
   2.41462e-05
   2.23899e-05
   2.41462e-05
   2.23899e-05
   2.41462e-05
   2.23899e-05
   2.41462e-05
   2.23899e-05
   2.41462e-05
   2.23899e-05
   2.41462e-05
   2.23899e-05
   2.41462e-05
   2.23899e-05
   2.41462e-05
   2.23899e-05
   2.41462e-05
   2.23899e-05
   2.41462e-05
   2.23899e-05
   6.83226e-05
   7.01769e-05
   6.83226e-05
   7.01769e-05
   6.83226e-05
   7.01769e-05
   6.83226e-05
   7.01769e-05
   6.83226e-05
   7.01769e-05
   6.83226e-05
   7.01769e-05
   6.83226e-05
   7.01769e-05
   6.83226e-05
   7.01769e-05
   6.83226e-05
   7.01769e-05
   6.83226e-05
   7.01769e-05
   6.83226e-05
   7.01769e-05
   6.83226e-05
   7.01769e-05
   6.83226e-05
   7.01769e-05
   6.83226e-05
   7.01769e-05
   6.83226e-05
   7.01769e-05
   6.83226e-05
   7.01769e-05
   6.83226e-05
   7.01769e-05
   6.83226e-05
   7.01769e-05
   6.83226e-05
   7.01769e-05
   6.83226e-05
   7.01769e-05
   6.83226e-05
   7.01769e-05
   6.83226e-05
   7.01769e-05
   6.83226e-05
   7.01769e-05
   6.83226e-05
   7.01769e-05
   6.83226e-05
   7.01769e-05
   6.83226e-05
   7.01769e-05
   6.83226e-05
   7.01769e-05
   6.83226e-05
   7.01769e-05
   6.83226e-05
   7.01769e-05
   6.83226e-05
   0.000182682
   0.000193385
   0.000182682
   0.000193385
   0.000182682
   0.000193385
   0.000182682
   0.000193385
   0.000182682
   0.000193385
   0.000182682
   0.000193385
   0.000182682
   0.000193385
   0.000182682
   0.000193385
   0.000182682
   0.000193385
   0.000182682
   0.000193385
   0.000182682
   0.000193385
   0.000182682
   0.000193385
   0.000182682
   0.000193385
   0.000182682
   0.000193385
   0.000182682
   0.000193385
   0.000182682
   0.000193385
   0.000182682
   0.000193385
   0.000182682
   0.000193385
   0.000182682
   0.000193385
   0.000182682
   0.000193385
   0.000182682
   0.000193385
   0.000182682
   0.000193385
   0.000182682
   0.000193385
   0.000182682
   0.000193385
   0.000182682
   0.000193385
   0.000182682
   0.000193385
   0.000182682
   0.000193385
   0.000182682
   0.000193385
   0.000182682
   0.000193385
   0.000182682
   0.000519475
   0.000528989
   0.000519475
   0.000528989
   0.000519475
   0.000528989
   0.000519475
   0.000528989
   0.000519475
   0.000528989
   0.000519475
   0.000528989
   0.000519475
   0.000528989
   0.000519475
   0.000528989
   0.000519475
   0.000528989
   0.000519475
   0.000528989
   0.000519475
   0.000528989
   0.000519475
   0.000528989
   0.000519475
   0.000528989
   0.000519475
   0.000528989
   0.000519475
   0.000528989
   0.000519475
   0.000528989
   0.000519475
   0.000528989
   0.000519475
   0.000528989
   0.000519475
   0.000528989
   0.000519475
   0.000528989
   0.000519475
   0.000528989
   0.000519475
   0.000528989
   0.000519475
   0.000528989
   0.000519475
   0.000528989
   0.000519475
   0.000528989
   0.000519475
   0.000528989
   0.000519475
   0.000528989
   0.000519475
   0.000528989
   0.000519475
   0.000528989
   0.000519475
    0.00131833
    0.00136928
    0.00131833
    0.00136928
    0.00131833
    0.00136928
    0.00131833
    0.00136928
    0.00131833
    0.00136928
    0.00131833
    0.00136928
    0.00131833
    0.00136928
    0.00131833
    0.00136928
    0.00131833
    0.00136928
    0.00131833
    0.00136928
    0.00131833
    0.00136928
    0.00131833
    0.00136928
    0.00131833
    0.00136928
    0.00131833
    0.00136928
    0.00131833
    0.00136928
    0.00131833
    0.00136928
    0.00131833
    0.00136928
    0.00131833
    0.00136928
    0.00131833
    0.00136928
    0.00131833
    0.00136928
    0.00131833
    0.00136928
    0.00131833
    0.00136928
    0.00131833
    0.00136928
    0.00131833
    0.00136928
    0.00131833
    0.00136928
    0.00131833
    0.00136928
    0.00131833
    0.00136928
    0.00131833
    0.00136928
    0.00131833
    0.00136928
    0.00131833
    0.00343766
    0.00347276
    0.00343766
    0.00347276
    0.00343766
    0.00347276
    0.00343766
    0.00347276
    0.00343766
    0.00347276
    0.00343766
    0.00347276
    0.00343766
    0.00347276
    0.00343766
    0.00347276
    0.00343766
    0.00347276
    0.00343766
    0.00347276
    0.00343766
    0.00347276
    0.00343766
    0.00347276
    0.00343766
    0.00347276
    0.00343766
    0.00347276
    0.00343766
    0.00347276
    0.00343766
    0.00347276
    0.00343766
    0.00347276
    0.00343766
    0.00347276
    0.00343766
    0.00347276
    0.00343766
    0.00347276
    0.00343766
    0.00347276
    0.00343766
    0.00347276
    0.00343766
    0.00347276
    0.00343766
    0.00347276
    0.00343766
    0.00347276
    0.00343766
    0.00347276
    0.00343766
    0.00347276
    0.00343766
    0.00347276
    0.00343766
    0.00347276
    0.00343766
    0.00814344
    0.00830876
    0.00814344
    0.00830876
    0.00814344
    0.00830876
    0.00814344
    0.00830876
    0.00814344
    0.00830876
    0.00814344
    0.00830876
    0.00814344
    0.00830876
    0.00814344
    0.00830876
    0.00814344
    0.00830876
    0.00814344
    0.00830876
    0.00814344
    0.00830876
    0.00814344
    0.00830876
    0.00814344
    0.00830876
    0.00814344
    0.00830876
    0.00814344
    0.00830876
    0.00814344
    0.00830876
    0.00814344
    0.00830876
    0.00814344
    0.00830876
    0.00814344
    0.00830876
    0.00814344
    0.00830876
    0.00814344
    0.00830876
    0.00814344
    0.00830876
    0.00814344
    0.00830876
    0.00814344
    0.00830876
    0.00814344
    0.00830876
    0.00814344
    0.00830876
    0.00814344
    0.00830876
    0.00814344
    0.00830876
    0.00814344
    0.00830876
    0.00814344
     0.0190927
      0.019166
     0.0190927
      0.019166
     0.0190927
      0.019166
     0.0190927
      0.019166
     0.0190927
      0.019166
     0.0190927
      0.019166
     0.0190927
      0.019166
     0.0190927
      0.019166
     0.0190927
      0.019166
     0.0190927
      0.019166
     0.0190927
      0.019166
     0.0190927
      0.019166
     0.0190927
      0.019166
     0.0190927
      0.019166
     0.0190927
      0.019166
     0.0190927
      0.019166
     0.0190927
      0.019166
     0.0190927
      0.019166
     0.0190927
      0.019166
     0.0190927
      0.019166
     0.0190927
      0.019166
     0.0190927
      0.019166
     0.0190927
      0.019166
     0.0190927
      0.019166
     0.0190927
      0.019166
     0.0190927
      0.019166
     0.0190927
      0.019166
     0.0190927
      0.019166
     0.0190927
      0.019166
     0.0190927
     0.0412651
     0.0415162
     0.0412651
     0.0415162
     0.0412651
     0.0415162
     0.0412651
     0.0415162
     0.0412651
     0.0415162
     0.0412651
     0.0415162
     0.0412651
     0.0415162
     0.0412651
     0.0415162
     0.0412651
     0.0415162
     0.0412651
     0.0415162
     0.0412651
     0.0415162
     0.0412651
     0.0415162
     0.0412651
     0.0415162
     0.0412651
     0.0415162
     0.0412651
     0.0415162
     0.0412651
     0.0415162
     0.0412651
     0.0415162
     0.0412651
     0.0415162
     0.0412651
     0.0415162
     0.0412651
     0.0415162
     0.0412651
     0.0415162
     0.0412651
     0.0415162
     0.0412651
     0.0415162
     0.0412651
     0.0415162
     0.0412651
     0.0415162
     0.0412651
     0.0415162
     0.0412651
     0.0415162
     0.0412651
     0.0415162
     0.0412651
     0.0415162
     0.0412651
     0.0851089
     0.0851175
     0.0851089
     0.0851175
     0.0851089
     0.0851175
     0.0851089
     0.0851175
     0.0851089
     0.0851175
     0.0851089
     0.0851175
     0.0851089
     0.0851175
     0.0851089
     0.0851175
     0.0851089
     0.0851175
     0.0851089
     0.0851175
     0.0851089
     0.0851175
     0.0851089
     0.0851175
     0.0851089
     0.0851175
     0.0851089
     0.0851175
     0.0851089
     0.0851175
     0.0851089
     0.0851175
     0.0851089
     0.0851175
     0.0851089
     0.0851175
     0.0851089
     0.0851175
     0.0851089
     0.0851175
     0.0851089
     0.0851175
     0.0851089
     0.0851175
     0.0851089
     0.0851175
     0.0851089
     0.0851175
     0.0851089
     0.0851175
     0.0851089
     0.0851175
     0.0851089
     0.0851175
     0.0851089
     0.0851175
     0.0851089
     0.0851175
     0.0851089
       0.16308
      0.162812
       0.16308
      0.162812
       0.16308
      0.162812
       0.16308
      0.162812
       0.16308
      0.162812
       0.16308
      0.162812
       0.16308
      0.162812
       0.16308
      0.162812
       0.16308
      0.162812
       0.16308
      0.162812
       0.16308
      0.162812
       0.16308
      0.162812
       0.16308
      0.162812
       0.16308
      0.162812
       0.16308
      0.162812
       0.16308
      0.162812
       0.16308
      0.162812
       0.16308
      0.162812
       0.16308
      0.162812
       0.16308
      0.162812
       0.16308
      0.162812
       0.16308
      0.162812
       0.16308
      0.162812
       0.16308
      0.162812
       0.16308
      0.162812
       0.16308
      0.162812
       0.16308
      0.162812
       0.16308
      0.162812
       0.16308
      0.162812
       0.16308
      0.289719
       0.28946
      0.289719
       0.28946
      0.289719
       0.28946
      0.289719
       0.28946
      0.289719
       0.28946
      0.289719
       0.28946
      0.289719
       0.28946
      0.289719
       0.28946
      0.289719
       0.28946
      0.289719
       0.28946
      0.289719
       0.28946
      0.289719
       0.28946
      0.289719
       0.28946
      0.289719
       0.28946
      0.289719
       0.28946
      0.289719
       0.28946
      0.289719
       0.28946
      0.289719
       0.28946
      0.289719
       0.28946
      0.289719
       0.28946
      0.289719
       0.28946
      0.289719
       0.28946
      0.289719
       0.28946
      0.289719
       0.28946
      0.289719
       0.28946
      0.289719
       0.28946
      0.289719
       0.28946
      0.289719
       0.28946
      0.289719
       0.28946
      0.289719
      0.477418
       0.47621
      0.477418
       0.47621
      0.477418
       0.47621
      0.477418
       0.47621
      0.477418
       0.47621
      0.477418
       0.47621
      0.477418
       0.47621
      0.477418
       0.47621
      0.477418
       0.47621
      0.477418
       0.47621
      0.477418
       0.47621
      0.477418
       0.47621
      0.477418
       0.47621
      0.477418
       0.47621
      0.477418
       0.47621
      0.477418
       0.47621
      0.477418
       0.47621
      0.477418
       0.47621
      0.477418
       0.47621
      0.477418
       0.47621
      0.477418
       0.47621
      0.477418
       0.47621
      0.477418
       0.47621
      0.477418
       0.47621
      0.477418
       0.47621
      0.477418
       0.47621
      0.477418
       0.47621
      0.477418
       0.47621
      0.477418
       0.47621
      0.477418
      0.719593
      0.719371
      0.719593
      0.719371
      0.719593
      0.719371
      0.719593
      0.719371
      0.719593
      0.719371
      0.719593
      0.719371
      0.719593
      0.719371
      0.719593
      0.719371
      0.719593
      0.719371
      0.719593
      0.719371
      0.719593
      0.719371
      0.719593
      0.719371
      0.719593
      0.719371
      0.719593
      0.719371
      0.719593
      0.719371
      0.719593
      0.719371
      0.719593
      0.719371
      0.719593
      0.719371
      0.719593
      0.719371
      0.719593
      0.719371
      0.719593
      0.719371
      0.719593
      0.719371
      0.719593
      0.719371
      0.719593
      0.719371
      0.719593
      0.719371
      0.719593
      0.719371
      0.719593
      0.719371
      0.719593
      0.719371
      0.719593
      0.719371
      0.719593
             1
             1
             1
             1
             1
             1
             1
             1
             1
             1
             1
             1
             1
             1
             1
             1
             1
             1
             1
             1
             1
             1
             1
             1
             1
             1
             1
             1
             1
             1
             1
             1
             1
             1
             1
             1
             1
             1
             1
             1
             1
             1
             1
             1
             1
             1
             1
             1
             1
             1
             1
             1
             1
             1
             1
             1
             1
             1
             1
