             1
             1
             1
             1
             1
             1
             1
             1
             1
             1
             1
             1
             1
             1
             1
             1
             1
             1
             1
             1
             1
             1
             1
             1
             1
             1
             1
             1
             1
             1
             1
             1
             1
             1
             1
             1
             1
             1
             1
             1
             1
             1
             1
             1
             1
             1
             1
             1
             1
             1
             1
             1
             1
             1
             1
             1
             1
             1
             1
      0.824689
      0.824664
      0.824689
      0.824664
      0.824689
      0.824664
      0.824689
      0.824664
      0.824689
      0.824664
      0.824689
      0.824664
      0.824689
      0.824664
      0.824689
      0.824664
      0.824689
      0.824664
      0.824689
      0.824664
      0.824689
      0.824664
      0.824689
      0.824664
      0.824689
      0.824664
      0.824689
      0.824664
      0.824689
      0.824664
      0.824689
      0.824664
      0.824689
      0.824664
      0.824689
      0.824664
      0.824689
      0.824664
      0.824689
      0.824664
      0.824689
      0.824664
      0.824689
      0.824664
      0.824689
      0.824664
      0.824689
      0.824664
      0.824689
      0.824664
      0.824689
      0.824664
      0.824689
      0.824664
      0.824689
      0.824664
      0.824689
      0.824664
      0.824689
      0.658186
      0.658042
      0.658186
      0.658042
      0.658186
      0.658042
      0.658186
      0.658042
      0.658186
      0.658042
      0.658186
      0.658042
      0.658186
      0.658042
      0.658186
      0.658042
      0.658186
      0.658042
      0.658186
      0.658042
      0.658186
      0.658042
      0.658186
      0.658042
      0.658186
      0.658042
      0.658186
      0.658042
      0.658186
      0.658042
      0.658186
      0.658042
      0.658186
      0.658042
      0.658186
      0.658042
      0.658186
      0.658042
      0.658186
      0.658042
      0.658186
      0.658042
      0.658186
      0.658042
      0.658186
      0.658042
      0.658186
      0.658042
      0.658186
      0.658042
      0.658186
      0.658042
      0.658186
      0.658042
      0.658186
      0.658042
      0.658186
      0.658042
      0.658186
      0.507315
      0.507263
      0.507315
      0.507263
      0.507315
      0.507263
      0.507315
      0.507263
      0.507315
      0.507263
      0.507315
      0.507263
      0.507315
      0.507263
      0.507315
      0.507263
      0.507315
      0.507263
      0.507315
      0.507263
      0.507315
      0.507263
      0.507315
      0.507263
      0.507315
      0.507263
      0.507315
      0.507263
      0.507315
      0.507263
      0.507315
      0.507263
      0.507315
      0.507263
      0.507315
      0.507263
      0.507315
      0.507263
      0.507315
      0.507263
      0.507315
      0.507263
      0.507315
      0.507263
      0.507315
      0.507263
      0.507315
      0.507263
      0.507315
      0.507263
      0.507315
      0.507263
      0.507315
      0.507263
      0.507315
      0.507263
      0.507315
      0.507263
      0.507315
       0.37775
       0.37759
       0.37775
       0.37759
       0.37775
       0.37759
       0.37775
       0.37759
       0.37775
       0.37759
       0.37775
       0.37759
       0.37775
       0.37759
       0.37775
       0.37759
       0.37775
       0.37759
       0.37775
       0.37759
       0.37775
       0.37759
       0.37775
       0.37759
       0.37775
       0.37759
       0.37775
       0.37759
       0.37775
       0.37759
       0.37775
       0.37759
       0.37775
       0.37759
       0.37775
       0.37759
       0.37775
       0.37759
       0.37775
       0.37759
       0.37775
       0.37759
       0.37775
       0.37759
       0.37775
       0.37759
       0.37775
       0.37759
       0.37775
       0.37759
       0.37775
       0.37759
       0.37775
       0.37759
       0.37775
       0.37759
       0.37775
       0.37759
       0.37775
      0.271171
      0.271132
      0.271171
      0.271132
      0.271171
      0.271132
      0.271171
      0.271132
      0.271171
      0.271132
      0.271171
      0.271132
      0.271171
      0.271132
      0.271171
      0.271132
      0.271171
      0.271132
      0.271171
      0.271132
      0.271171
      0.271132
      0.271171
      0.271132
      0.271171
      0.271132
      0.271171
      0.271132
      0.271171
      0.271132
      0.271171
      0.271132
      0.271171
      0.271132
      0.271171
      0.271132
      0.271171
      0.271132
      0.271171
      0.271132
      0.271171
      0.271132
      0.271171
      0.271132
      0.271171
      0.271132
      0.271171
      0.271132
      0.271171
      0.271132
      0.271171
      0.271132
      0.271171
      0.271132
      0.271171
      0.271132
      0.271171
      0.271132
      0.271171
      0.187982
      0.187909
      0.187982
      0.187909
      0.187982
      0.187909
      0.187982
      0.187909
      0.187982
      0.187909
      0.187982
      0.187909
      0.187982
      0.187909
      0.187982
      0.187909
      0.187982
      0.187909
      0.187982
      0.187909
      0.187982
      0.187909
      0.187982
      0.187909
      0.187982
      0.187909
      0.187982
      0.187909
      0.187982
      0.187909
      0.187982
      0.187909
      0.187982
      0.187909
      0.187982
      0.187909
      0.187982
      0.187909
      0.187982
      0.187909
      0.187982
      0.187909
      0.187982
      0.187909
      0.187982
      0.187909
      0.187982
      0.187909
      0.187982
      0.187909
      0.187982
      0.187909
      0.187982
      0.187909
      0.187982
      0.187909
      0.187982
      0.187909
      0.187982
      0.125672
      0.125662
      0.125672
      0.125662
      0.125672
      0.125662
      0.125672
      0.125662
      0.125672
      0.125662
      0.125672
      0.125662
      0.125672
      0.125662
      0.125672
      0.125662
      0.125672
      0.125662
      0.125672
      0.125662
      0.125672
      0.125662
      0.125672
      0.125662
      0.125672
      0.125662
      0.125672
      0.125662
      0.125672
      0.125662
      0.125672
      0.125662
      0.125672
      0.125662
      0.125672
      0.125662
      0.125672
      0.125662
      0.125672
      0.125662
      0.125672
      0.125662
      0.125672
      0.125662
      0.125672
      0.125662
      0.125672
      0.125662
      0.125672
      0.125662
      0.125672
      0.125662
      0.125672
      0.125662
      0.125672
      0.125662
      0.125672
      0.125662
      0.125672
     0.0811402
     0.0811509
     0.0811402
     0.0811509
     0.0811402
     0.0811509
     0.0811402
     0.0811509
     0.0811402
     0.0811509
     0.0811402
     0.0811509
     0.0811402
     0.0811509
     0.0811402
     0.0811509
     0.0811402
     0.0811509
     0.0811402
     0.0811509
     0.0811402
     0.0811509
     0.0811402
     0.0811509
     0.0811402
     0.0811509
     0.0811402
     0.0811509
     0.0811402
     0.0811509
     0.0811402
     0.0811509
     0.0811402
     0.0811509
     0.0811402
     0.0811509
     0.0811402
     0.0811509
     0.0811402
     0.0811509
     0.0811402
     0.0811509
     0.0811402
     0.0811509
     0.0811402
     0.0811509
     0.0811402
     0.0811509
     0.0811402
     0.0811509
     0.0811402
     0.0811509
     0.0811402
     0.0811509
     0.0811402
     0.0811509
     0.0811402
     0.0811509
     0.0811402
     0.0506425
     0.0506518
     0.0506425
     0.0506518
     0.0506425
     0.0506518
     0.0506425
     0.0506518
     0.0506425
     0.0506518
     0.0506425
     0.0506518
     0.0506425
     0.0506518
     0.0506425
     0.0506518
     0.0506425
     0.0506518
     0.0506425
     0.0506518
     0.0506425
     0.0506518
     0.0506425
     0.0506518
     0.0506425
     0.0506518
     0.0506425
     0.0506518
     0.0506425
     0.0506518
     0.0506425
     0.0506518
     0.0506425
     0.0506518
     0.0506425
     0.0506518
     0.0506425
     0.0506518
     0.0506425
     0.0506518
     0.0506425
     0.0506518
     0.0506425
     0.0506518
     0.0506425
     0.0506518
     0.0506425
     0.0506518
     0.0506425
     0.0506518
     0.0506425
     0.0506518
     0.0506425
     0.0506518
     0.0506425
     0.0506518
     0.0506425
     0.0506518
     0.0506425
      0.030518
     0.0305593
      0.030518
     0.0305593
      0.030518
     0.0305593
      0.030518
     0.0305593
      0.030518
     0.0305593
      0.030518
     0.0305593
      0.030518
     0.0305593
      0.030518
     0.0305593
      0.030518
     0.0305593
      0.030518
     0.0305593
      0.030518
     0.0305593
      0.030518
     0.0305593
      0.030518
     0.0305593
      0.030518
     0.0305593
      0.030518
     0.0305593
      0.030518
     0.0305593
      0.030518
     0.0305593
      0.030518
     0.0305593
      0.030518
     0.0305593
      0.030518
     0.0305593
      0.030518
     0.0305593
      0.030518
     0.0305593
      0.030518
     0.0305593
      0.030518
     0.0305593
      0.030518
     0.0305593
      0.030518
     0.0305593
      0.030518
     0.0305593
      0.030518
     0.0305593
      0.030518
     0.0305593
      0.030518
     0.0178554
     0.0178683
     0.0178554
     0.0178683
     0.0178554
     0.0178683
     0.0178554
     0.0178683
     0.0178554
     0.0178683
     0.0178554
     0.0178683
     0.0178554
     0.0178683
     0.0178554
     0.0178683
     0.0178554
     0.0178683
     0.0178554
     0.0178683
     0.0178554
     0.0178683
     0.0178554
     0.0178683
     0.0178554
     0.0178683
     0.0178554
     0.0178683
     0.0178554
     0.0178683
     0.0178554
     0.0178683
     0.0178554
     0.0178683
     0.0178554
     0.0178683
     0.0178554
     0.0178683
     0.0178554
     0.0178683
     0.0178554
     0.0178683
     0.0178554
     0.0178683
     0.0178554
     0.0178683
     0.0178554
     0.0178683
     0.0178554
     0.0178683
     0.0178554
     0.0178683
     0.0178554
     0.0178683
     0.0178554
     0.0178683
     0.0178554
     0.0178683
     0.0178554
     0.0100743
     0.0101088
     0.0100743
     0.0101088
     0.0100743
     0.0101088
     0.0100743
     0.0101088
     0.0100743
     0.0101088
     0.0100743
     0.0101088
     0.0100743
     0.0101088
     0.0100743
     0.0101088
     0.0100743
     0.0101088
     0.0100743
     0.0101088
     0.0100743
     0.0101088
     0.0100743
     0.0101088
     0.0100743
     0.0101088
     0.0100743
     0.0101088
     0.0100743
     0.0101088
     0.0100743
     0.0101088
     0.0100743
     0.0101088
     0.0100743
     0.0101088
     0.0100743
     0.0101088
     0.0100743
     0.0101088
     0.0100743
     0.0101088
     0.0100743
     0.0101088
     0.0100743
     0.0101088
     0.0100743
     0.0101088
     0.0100743
     0.0101088
     0.0100743
     0.0101088
     0.0100743
     0.0101088
     0.0100743
     0.0101088
     0.0100743
     0.0101088
     0.0100743
    0.00555278
    0.00556164
    0.00555278
    0.00556164
    0.00555278
    0.00556164
    0.00555278
    0.00556164
    0.00555278
    0.00556164
    0.00555278
    0.00556164
    0.00555278
    0.00556164
    0.00555278
    0.00556164
    0.00555278
    0.00556164
    0.00555278
    0.00556164
    0.00555278
    0.00556164
    0.00555278
    0.00556164
    0.00555278
    0.00556164
    0.00555278
    0.00556164
    0.00555278
    0.00556164
    0.00555278
    0.00556164
    0.00555278
    0.00556164
    0.00555278
    0.00556164
    0.00555278
    0.00556164
    0.00555278
    0.00556164
    0.00555278
    0.00556164
    0.00555278
    0.00556164
    0.00555278
    0.00556164
    0.00555278
    0.00556164
    0.00555278
    0.00556164
    0.00555278
    0.00556164
    0.00555278
    0.00556164
    0.00555278
    0.00556164
    0.00555278
    0.00556164
    0.00555278
    0.00294423
    0.00296299
    0.00294423
    0.00296299
    0.00294423
    0.00296299
    0.00294423
    0.00296299
    0.00294423
    0.00296299
    0.00294423
    0.00296299
    0.00294423
    0.00296299
    0.00294423
    0.00296299
    0.00294423
    0.00296299
    0.00294423
    0.00296299
    0.00294423
    0.00296299
    0.00294423
    0.00296299
    0.00294423
    0.00296299
    0.00294423
    0.00296299
    0.00294423
    0.00296299
    0.00294423
    0.00296299
    0.00294423
    0.00296299
    0.00294423
    0.00296299
    0.00294423
    0.00296299
    0.00294423
    0.00296299
    0.00294423
    0.00296299
    0.00294423
    0.00296299
    0.00294423
    0.00296299
    0.00294423
    0.00296299
    0.00294423
    0.00296299
    0.00294423
    0.00296299
    0.00294423
    0.00296299
    0.00294423
    0.00296299
    0.00294423
    0.00296299
    0.00294423
    0.00153682
    0.00154117
    0.00153682
    0.00154117
    0.00153682
    0.00154117
    0.00153682
    0.00154117
    0.00153682
    0.00154117
    0.00153682
    0.00154117
    0.00153682
    0.00154117
    0.00153682
    0.00154117
    0.00153682
    0.00154117
    0.00153682
    0.00154117
    0.00153682
    0.00154117
    0.00153682
    0.00154117
    0.00153682
    0.00154117
    0.00153682
    0.00154117
    0.00153682
    0.00154117
    0.00153682
    0.00154117
    0.00153682
    0.00154117
    0.00153682
    0.00154117
    0.00153682
    0.00154117
    0.00153682
    0.00154117
    0.00153682
    0.00154117
    0.00153682
    0.00154117
    0.00153682
    0.00154117
    0.00153682
    0.00154117
    0.00153682
    0.00154117
    0.00153682
    0.00154117
    0.00153682
    0.00154117
    0.00153682
    0.00154117
    0.00153682
    0.00154117
    0.00153682
   0.000768801
   0.000776642
   0.000768801
   0.000776642
   0.000768801
   0.000776642
   0.000768801
   0.000776642
   0.000768801
   0.000776642
   0.000768801
   0.000776642
   0.000768801
   0.000776642
   0.000768801
   0.000776642
   0.000768801
   0.000776642
   0.000768801
   0.000776642
   0.000768801
   0.000776642
   0.000768801
   0.000776642
   0.000768801
   0.000776642
   0.000768801
   0.000776642
   0.000768801
   0.000776642
   0.000768801
   0.000776642
   0.000768801
   0.000776642
   0.000768801
   0.000776642
   0.000768801
   0.000776642
   0.000768801
   0.000776642
   0.000768801
   0.000776642
   0.000768801
   0.000776642
   0.000768801
   0.000776642
   0.000768801
   0.000776642
   0.000768801
   0.000776642
   0.000768801
   0.000776642
   0.000768801
   0.000776642
   0.000768801
   0.000776642
   0.000768801
   0.000776642
   0.000768801
   0.000382012
   0.000383703
   0.000382012
   0.000383703
   0.000382012
   0.000383703
   0.000382012
   0.000383703
   0.000382012
   0.000383703
   0.000382012
   0.000383703
   0.000382012
   0.000383703
   0.000382012
   0.000383703
   0.000382012
   0.000383703
   0.000382012
   0.000383703
   0.000382012
   0.000383703
   0.000382012
   0.000383703
   0.000382012
   0.000383703
   0.000382012
   0.000383703
   0.000382012
   0.000383703
   0.000382012
   0.000383703
   0.000382012
   0.000383703
   0.000382012
   0.000383703
   0.000382012
   0.000383703
   0.000382012
   0.000383703
   0.000382012
   0.000383703
   0.000382012
   0.000383703
   0.000382012
   0.000383703
   0.000382012
   0.000383703
   0.000382012
   0.000383703
   0.000382012
   0.000383703
   0.000382012
   0.000383703
   0.000382012
   0.000383703
   0.000382012
   0.000383703
   0.000382012
   0.000181023
   0.000183707
   0.000181023
   0.000183707
   0.000181023
   0.000183707
   0.000181023
   0.000183707
   0.000181023
   0.000183707
   0.000181023
   0.000183707
   0.000181023
   0.000183707
   0.000181023
   0.000183707
   0.000181023
   0.000183707
   0.000181023
   0.000183707
   0.000181023
   0.000183707
   0.000181023
   0.000183707
   0.000181023
   0.000183707
   0.000181023
   0.000183707
   0.000181023
   0.000183707
   0.000181023
   0.000183707
   0.000181023
   0.000183707
   0.000181023
   0.000183707
   0.000181023
   0.000183707
   0.000181023
   0.000183707
   0.000181023
   0.000183707
   0.000181023
   0.000183707
   0.000181023
   0.000183707
   0.000181023
   0.000183707
   0.000181023
   0.000183707
   0.000181023
   0.000183707
   0.000181023
   0.000183707
   0.000181023
   0.000183707
   0.000181023
   0.000183707
   0.000181023
   8.60496e-05
   8.65973e-05
   8.60496e-05
   8.65973e-05
   8.60496e-05
   8.65973e-05
   8.60496e-05
   8.65973e-05
   8.60496e-05
   8.65973e-05
   8.60496e-05
   8.65973e-05
   8.60496e-05
   8.65973e-05
   8.60496e-05
   8.65973e-05
   8.60496e-05
   8.65973e-05
   8.60496e-05
   8.65973e-05
   8.60496e-05
   8.65973e-05
   8.60496e-05
   8.65973e-05
   8.60496e-05
   8.65973e-05
   8.60496e-05
   8.65973e-05
   8.60496e-05
   8.65973e-05
   8.60496e-05
   8.65973e-05
   8.60496e-05
   8.65973e-05
   8.60496e-05
   8.65973e-05
   8.60496e-05
   8.65973e-05
   8.60496e-05
   8.65973e-05
   8.60496e-05
   8.65973e-05
   8.60496e-05
   8.65973e-05
   8.60496e-05
   8.65973e-05
   8.60496e-05
   8.65973e-05
   8.60496e-05
   8.65973e-05
   8.60496e-05
   8.65973e-05
   8.60496e-05
   8.65973e-05
   8.60496e-05
   8.65973e-05
   8.60496e-05
   8.65973e-05
   8.60496e-05
   3.87768e-05
    3.9558e-05
   3.87768e-05
    3.9558e-05
   3.87768e-05
    3.9558e-05
   3.87768e-05
    3.9558e-05
   3.87768e-05
    3.9558e-05
   3.87768e-05
    3.9558e-05
   3.87768e-05
    3.9558e-05
   3.87768e-05
    3.9558e-05
   3.87768e-05
    3.9558e-05
   3.87768e-05
    3.9558e-05
   3.87768e-05
    3.9558e-05
   3.87768e-05
    3.9558e-05
   3.87768e-05
    3.9558e-05
   3.87768e-05
    3.9558e-05
   3.87768e-05
    3.9558e-05
   3.87768e-05
    3.9558e-05
   3.87768e-05
    3.9558e-05
   3.87768e-05
    3.9558e-05
   3.87768e-05
    3.9558e-05
   3.87768e-05
    3.9558e-05
   3.87768e-05
    3.9558e-05
   3.87768e-05
    3.9558e-05
   3.87768e-05
    3.9558e-05
   3.87768e-05
    3.9558e-05
   3.87768e-05
    3.9558e-05
   3.87768e-05
    3.9558e-05
   3.87768e-05
    3.9558e-05
   3.87768e-05
    3.9558e-05
   3.87768e-05
    3.9558e-05
   3.87768e-05
   1.77138e-05
   1.78664e-05
   1.77138e-05
   1.78664e-05
   1.77138e-05
   1.78664e-05
   1.77138e-05
   1.78664e-05
   1.77138e-05
   1.78664e-05
   1.77138e-05
   1.78664e-05
   1.77138e-05
   1.78664e-05
   1.77138e-05
   1.78664e-05
   1.77138e-05
   1.78664e-05
   1.77138e-05
   1.78664e-05
   1.77138e-05
   1.78664e-05
   1.77138e-05
   1.78664e-05
   1.77138e-05
   1.78664e-05
   1.77138e-05
   1.78664e-05
   1.77138e-05
   1.78664e-05
   1.77138e-05
   1.78664e-05
   1.77138e-05
   1.78664e-05
   1.77138e-05
   1.78664e-05
   1.77138e-05
   1.78664e-05
   1.77138e-05
   1.78664e-05
   1.77138e-05
   1.78664e-05
   1.77138e-05
   1.78664e-05
   1.77138e-05
   1.78664e-05
   1.77138e-05
   1.78664e-05
   1.77138e-05
   1.78664e-05
   1.77138e-05
   1.78664e-05
   1.77138e-05
   1.78664e-05
   1.77138e-05
   1.78664e-05
   1.77138e-05
   1.78664e-05
   1.77138e-05
   7.61954e-06
   7.81798e-06
   7.61954e-06
   7.81798e-06
   7.61954e-06
   7.81798e-06
   7.61954e-06
   7.81798e-06
   7.61954e-06
   7.81798e-06
   7.61954e-06
   7.81798e-06
   7.61954e-06
   7.81798e-06
   7.61954e-06
   7.81798e-06
   7.61954e-06
   7.81798e-06
   7.61954e-06
   7.81798e-06
   7.61954e-06
   7.81798e-06
   7.61954e-06
   7.81798e-06
   7.61954e-06
   7.81798e-06
   7.61954e-06
   7.81798e-06
   7.61954e-06
   7.81798e-06
   7.61954e-06
   7.81798e-06
   7.61954e-06
   7.81798e-06
   7.61954e-06
   7.81798e-06
   7.61954e-06
   7.81798e-06
   7.61954e-06
   7.81798e-06
   7.61954e-06
   7.81798e-06
   7.61954e-06
   7.81798e-06
   7.61954e-06
   7.81798e-06
   7.61954e-06
   7.81798e-06
   7.61954e-06
   7.81798e-06
   7.61954e-06
   7.81798e-06
   7.61954e-06
   7.81798e-06
   7.61954e-06
   7.81798e-06
   7.61954e-06
   7.81798e-06
   7.61954e-06
   3.35884e-06
   3.39622e-06
   3.35884e-06
   3.39622e-06
   3.35884e-06
   3.39622e-06
   3.35884e-06
   3.39622e-06
   3.35884e-06
   3.39622e-06
   3.35884e-06
   3.39622e-06
   3.35884e-06
   3.39622e-06
   3.35884e-06
   3.39622e-06
   3.35884e-06
   3.39622e-06
   3.35884e-06
   3.39622e-06
   3.35884e-06
   3.39622e-06
   3.35884e-06
   3.39622e-06
   3.35884e-06
   3.39622e-06
   3.35884e-06
   3.39622e-06
   3.35884e-06
   3.39622e-06
   3.35884e-06
   3.39622e-06
   3.35884e-06
   3.39622e-06
   3.35884e-06
   3.39622e-06
   3.35884e-06
   3.39622e-06
   3.35884e-06
   3.39622e-06
   3.35884e-06
   3.39622e-06
   3.35884e-06
   3.39622e-06
   3.35884e-06
   3.39622e-06
   3.35884e-06
   3.39622e-06
   3.35884e-06
   3.39622e-06
   3.35884e-06
   3.39622e-06
   3.35884e-06
   3.39622e-06
   3.35884e-06
   3.39622e-06
   3.35884e-06
   3.39622e-06
   3.35884e-06
   1.38408e-06
   1.42892e-06
   1.38408e-06
   1.42892e-06
   1.38408e-06
   1.42892e-06
   1.38408e-06
   1.42892e-06
   1.38408e-06
   1.42892e-06
   1.38408e-06
   1.42892e-06
   1.38408e-06
   1.42892e-06
   1.38408e-06
   1.42892e-06
   1.38408e-06
   1.42892e-06
   1.38408e-06
   1.42892e-06
   1.38408e-06
   1.42892e-06
   1.38408e-06
   1.42892e-06
   1.38408e-06
   1.42892e-06
   1.38408e-06
   1.42892e-06
   1.38408e-06
   1.42892e-06
   1.38408e-06
   1.42892e-06
   1.38408e-06
   1.42892e-06
   1.38408e-06
   1.42892e-06
   1.38408e-06
   1.42892e-06
   1.38408e-06
   1.42892e-06
   1.38408e-06
   1.42892e-06
   1.38408e-06
   1.42892e-06
   1.38408e-06
   1.42892e-06
   1.38408e-06
   1.42892e-06
   1.38408e-06
   1.42892e-06
   1.38408e-06
   1.42892e-06
   1.38408e-06
   1.42892e-06
   1.38408e-06
   1.42892e-06
   1.38408e-06
   1.42892e-06
   1.38408e-06
   5.91185e-07
   5.99384e-07
   5.91185e-07
   5.99384e-07
   5.91185e-07
   5.99384e-07
   5.91185e-07
   5.99384e-07
   5.91185e-07
   5.99384e-07
   5.91185e-07
   5.99384e-07
   5.91185e-07
   5.99384e-07
   5.91185e-07
   5.99384e-07
   5.91185e-07
   5.99384e-07
   5.91185e-07
   5.99384e-07
   5.91185e-07
   5.99384e-07
   5.91185e-07
   5.99384e-07
   5.91185e-07
   5.99384e-07
   5.91185e-07
   5.99384e-07
   5.91185e-07
   5.99384e-07
   5.91185e-07
   5.99384e-07
   5.91185e-07
   5.99384e-07
   5.91185e-07
   5.99384e-07
   5.91185e-07
   5.99384e-07
   5.91185e-07
   5.99384e-07
   5.91185e-07
   5.99384e-07
   5.91185e-07
   5.99384e-07
   5.91185e-07
   5.99384e-07
   5.91185e-07
   5.99384e-07
   5.91185e-07
   5.99384e-07
   5.91185e-07
   5.99384e-07
   5.91185e-07
   5.99384e-07
   5.91185e-07
   5.99384e-07
   5.91185e-07
   5.99384e-07
   5.91185e-07
   2.34775e-07
   2.43967e-07
   2.34775e-07
   2.43967e-07
   2.34775e-07
   2.43967e-07
   2.34775e-07
   2.43967e-07
   2.34775e-07
   2.43967e-07
   2.34775e-07
   2.43967e-07
   2.34775e-07
   2.43967e-07
   2.34775e-07
   2.43967e-07
   2.34775e-07
   2.43967e-07
   2.34775e-07
   2.43967e-07
   2.34775e-07
   2.43967e-07
   2.34775e-07
   2.43967e-07
   2.34775e-07
   2.43967e-07
   2.34775e-07
   2.43967e-07
   2.34775e-07
   2.43966e-07
   2.34775e-07
   2.43967e-07
   2.34775e-07
   2.43967e-07
   2.34775e-07
   2.43967e-07
   2.34775e-07
   2.43967e-07
   2.34775e-07
   2.43967e-07
   2.34775e-07
   2.43967e-07
   2.34775e-07
   2.43967e-07
   2.34775e-07
   2.43967e-07
   2.34775e-07
   2.43967e-07
   2.34775e-07
   2.43967e-07
   2.34775e-07
   2.43967e-07
   2.34775e-07
   2.43967e-07
   2.34775e-07
   2.43967e-07
   2.34775e-07
   2.43967e-07
   2.34775e-07
   9.92612e-08
   1.00939e-07
   9.92612e-08
   1.00939e-07
   9.92612e-08
   1.00939e-07
   9.92612e-08
   1.00939e-07
   9.92612e-08
   1.00939e-07
   9.92612e-08
   1.00939e-07
   9.92612e-08
   1.00939e-07
   9.92612e-08
   1.00939e-07
   9.92612e-08
   1.00939e-07
   9.92612e-08
   1.00939e-07
   9.92612e-08
   1.00939e-07
   9.92611e-08
   1.00939e-07
   9.92611e-08
   1.00939e-07
   9.92606e-08
   1.00937e-07
   9.92582e-08
   1.00935e-07
   9.92582e-08
   1.00937e-07
   9.92606e-08
   1.00939e-07
   9.92611e-08
   1.00939e-07
   9.92611e-08
   1.00939e-07
   9.92612e-08
   1.00939e-07
   9.92612e-08
   1.00939e-07
   9.92612e-08
   1.00939e-07
   9.92612e-08
   1.00939e-07
   9.92612e-08
   1.00939e-07
   9.92612e-08
   1.00939e-07
   9.92612e-08
   1.00939e-07
   9.92612e-08
   1.00939e-07
   9.92612e-08
   1.00939e-07
   9.92612e-08
   1.00939e-07
   9.92612e-08
   4.25888e-08
   4.45873e-08
   4.25888e-08
   4.45873e-08
   4.25888e-08
   4.45873e-08
   4.25888e-08
   4.45873e-08
   4.25888e-08
   4.45873e-08
   4.25888e-08
   4.45873e-08
   4.25888e-08
   4.45873e-08
   4.25888e-08
   4.45873e-08
   4.25888e-08
   4.45873e-08
   4.25888e-08
   4.45873e-08
   4.25888e-08
   4.45873e-08
   4.25888e-08
   4.45872e-08
   4.25887e-08
    4.4587e-08
    4.2588e-08
   4.45843e-08
   4.25802e-08
    4.4575e-08
   4.25802e-08
   4.45843e-08
    4.2588e-08
    4.4587e-08
   4.25887e-08
   4.45872e-08
   4.25888e-08
   4.45873e-08
   4.25888e-08
   4.45873e-08
   4.25888e-08
   4.45873e-08
   4.25888e-08
   4.45873e-08
   4.25888e-08
   4.45873e-08
   4.25888e-08
   4.45873e-08
   4.25888e-08
   4.45873e-08
   4.25888e-08
   4.45873e-08
   4.25888e-08
   4.45873e-08
   4.25888e-08
   4.45873e-08
   4.25888e-08
   4.45873e-08
   4.25888e-08
   2.99663e-08
   3.05595e-08
   2.99663e-08
   3.05595e-08
   2.99663e-08
   3.05595e-08
   2.99663e-08
   3.05595e-08
   2.99663e-08
   3.05595e-08
   2.99663e-08
   3.05595e-08
   2.99663e-08
   3.05595e-08
   2.99663e-08
   3.05595e-08
   2.99663e-08
   3.05595e-08
   2.99663e-08
   3.05595e-08
   2.99663e-08
   3.05595e-08
   2.99663e-08
   3.05595e-08
   2.99662e-08
   3.05592e-08
   2.99651e-08
   3.05556e-08
    2.9954e-08
   3.05197e-08
    2.9954e-08
   3.05556e-08
   2.99651e-08
   3.05592e-08
   2.99662e-08
   3.05595e-08
   2.99663e-08
   3.05595e-08
   2.99663e-08
   3.05595e-08
   2.99663e-08
   3.05595e-08
   2.99663e-08
   3.05595e-08
   2.99663e-08
   3.05595e-08
   2.99663e-08
   3.05595e-08
   2.99663e-08
   3.05595e-08
   2.99663e-08
   3.05595e-08
   2.99663e-08
   3.05595e-08
   2.99663e-08
   3.05595e-08
   2.99663e-08
   3.05595e-08
   2.99663e-08
   4.25888e-08
   4.45873e-08
   4.25888e-08
   4.45873e-08
   4.25888e-08
   4.45873e-08
   4.25888e-08
   4.45873e-08
   4.25888e-08
   4.45873e-08
   4.25888e-08
   4.45873e-08
   4.25888e-08
   4.45873e-08
   4.25888e-08
   4.45873e-08
   4.25888e-08
   4.45873e-08
   4.25888e-08
   4.45873e-08
   4.25888e-08
   4.45873e-08
   4.25888e-08
   4.45872e-08
   4.25887e-08
    4.4587e-08
    4.2588e-08
   4.45843e-08
   4.25802e-08
    4.4575e-08
   4.25802e-08
   4.45843e-08
    4.2588e-08
    4.4587e-08
   4.25887e-08
   4.45872e-08
   4.25888e-08
   4.45873e-08
   4.25888e-08
   4.45873e-08
   4.25888e-08
   4.45873e-08
   4.25888e-08
   4.45873e-08
   4.25888e-08
   4.45873e-08
   4.25888e-08
   4.45873e-08
   4.25888e-08
   4.45873e-08
   4.25888e-08
   4.45873e-08
   4.25888e-08
   4.45873e-08
   4.25888e-08
   4.45873e-08
   4.25888e-08
   4.45873e-08
   4.25888e-08
   9.92612e-08
   1.00939e-07
   9.92612e-08
   1.00939e-07
   9.92612e-08
   1.00939e-07
   9.92612e-08
   1.00939e-07
   9.92612e-08
   1.00939e-07
   9.92612e-08
   1.00939e-07
   9.92612e-08
   1.00939e-07
   9.92612e-08
   1.00939e-07
   9.92612e-08
   1.00939e-07
   9.92612e-08
   1.00939e-07
   9.92612e-08
   1.00939e-07
   9.92611e-08
   1.00939e-07
   9.92611e-08
   1.00939e-07
   9.92606e-08
   1.00937e-07
   9.92582e-08
   1.00935e-07
   9.92582e-08
   1.00937e-07
   9.92606e-08
   1.00939e-07
   9.92611e-08
   1.00939e-07
   9.92611e-08
   1.00939e-07
   9.92612e-08
   1.00939e-07
   9.92612e-08
   1.00939e-07
   9.92612e-08
   1.00939e-07
   9.92612e-08
   1.00939e-07
   9.92612e-08
   1.00939e-07
   9.92612e-08
   1.00939e-07
   9.92612e-08
   1.00939e-07
   9.92612e-08
   1.00939e-07
   9.92612e-08
   1.00939e-07
   9.92612e-08
   1.00939e-07
   9.92612e-08
   2.34775e-07
   2.43967e-07
   2.34775e-07
   2.43967e-07
   2.34775e-07
   2.43967e-07
   2.34775e-07
   2.43967e-07
   2.34775e-07
   2.43967e-07
   2.34775e-07
   2.43967e-07
   2.34775e-07
   2.43967e-07
   2.34775e-07
   2.43967e-07
   2.34775e-07
   2.43967e-07
   2.34775e-07
   2.43967e-07
   2.34775e-07
   2.43967e-07
   2.34775e-07
   2.43967e-07
   2.34775e-07
   2.43967e-07
   2.34775e-07
   2.43967e-07
   2.34775e-07
   2.43966e-07
   2.34775e-07
   2.43967e-07
   2.34775e-07
   2.43967e-07
   2.34775e-07
   2.43967e-07
   2.34775e-07
   2.43967e-07
   2.34775e-07
   2.43967e-07
   2.34775e-07
   2.43967e-07
   2.34775e-07
   2.43967e-07
   2.34775e-07
   2.43967e-07
   2.34775e-07
   2.43967e-07
   2.34775e-07
   2.43967e-07
   2.34775e-07
   2.43967e-07
   2.34775e-07
   2.43967e-07
   2.34775e-07
   2.43967e-07
   2.34775e-07
   2.43967e-07
   2.34775e-07
   5.91185e-07
   5.99384e-07
   5.91185e-07
   5.99384e-07
   5.91185e-07
   5.99384e-07
   5.91185e-07
   5.99384e-07
   5.91185e-07
   5.99384e-07
   5.91185e-07
   5.99384e-07
   5.91185e-07
   5.99384e-07
   5.91185e-07
   5.99384e-07
   5.91185e-07
   5.99384e-07
   5.91185e-07
   5.99384e-07
   5.91185e-07
   5.99384e-07
   5.91185e-07
   5.99384e-07
   5.91185e-07
   5.99384e-07
   5.91185e-07
   5.99384e-07
   5.91185e-07
   5.99384e-07
   5.91185e-07
   5.99384e-07
   5.91185e-07
   5.99384e-07
   5.91185e-07
   5.99384e-07
   5.91185e-07
   5.99384e-07
   5.91185e-07
   5.99384e-07
   5.91185e-07
   5.99384e-07
   5.91185e-07
   5.99384e-07
   5.91185e-07
   5.99384e-07
   5.91185e-07
   5.99384e-07
   5.91185e-07
   5.99384e-07
   5.91185e-07
   5.99384e-07
   5.91185e-07
   5.99384e-07
   5.91185e-07
   5.99384e-07
   5.91185e-07
   5.99384e-07
   5.91185e-07
   1.38408e-06
   1.42892e-06
   1.38408e-06
   1.42892e-06
   1.38408e-06
   1.42892e-06
   1.38408e-06
   1.42892e-06
   1.38408e-06
   1.42892e-06
   1.38408e-06
   1.42892e-06
   1.38408e-06
   1.42892e-06
   1.38408e-06
   1.42892e-06
   1.38408e-06
   1.42892e-06
   1.38408e-06
   1.42892e-06
   1.38408e-06
   1.42892e-06
   1.38408e-06
   1.42892e-06
   1.38408e-06
   1.42892e-06
   1.38408e-06
   1.42892e-06
   1.38408e-06
   1.42892e-06
   1.38408e-06
   1.42892e-06
   1.38408e-06
   1.42892e-06
   1.38408e-06
   1.42892e-06
   1.38408e-06
   1.42892e-06
   1.38408e-06
   1.42892e-06
   1.38408e-06
   1.42892e-06
   1.38408e-06
   1.42892e-06
   1.38408e-06
   1.42892e-06
   1.38408e-06
   1.42892e-06
   1.38408e-06
   1.42892e-06
   1.38408e-06
   1.42892e-06
   1.38408e-06
   1.42892e-06
   1.38408e-06
   1.42892e-06
   1.38408e-06
   1.42892e-06
   1.38408e-06
   3.35884e-06
   3.39622e-06
   3.35884e-06
   3.39622e-06
   3.35884e-06
   3.39622e-06
   3.35884e-06
   3.39622e-06
   3.35884e-06
   3.39622e-06
   3.35884e-06
   3.39622e-06
   3.35884e-06
   3.39622e-06
   3.35884e-06
   3.39622e-06
   3.35884e-06
   3.39622e-06
   3.35884e-06
   3.39622e-06
   3.35884e-06
   3.39622e-06
   3.35884e-06
   3.39622e-06
   3.35884e-06
   3.39622e-06
   3.35884e-06
   3.39622e-06
   3.35884e-06
   3.39622e-06
   3.35884e-06
   3.39622e-06
   3.35884e-06
   3.39622e-06
   3.35884e-06
   3.39622e-06
   3.35884e-06
   3.39622e-06
   3.35884e-06
   3.39622e-06
   3.35884e-06
   3.39622e-06
   3.35884e-06
   3.39622e-06
   3.35884e-06
   3.39622e-06
   3.35884e-06
   3.39622e-06
   3.35884e-06
   3.39622e-06
   3.35884e-06
   3.39622e-06
   3.35884e-06
   3.39622e-06
   3.35884e-06
   3.39622e-06
   3.35884e-06
   3.39622e-06
   3.35884e-06
   7.61954e-06
   7.81798e-06
   7.61954e-06
   7.81798e-06
   7.61954e-06
   7.81798e-06
   7.61954e-06
   7.81798e-06
   7.61954e-06
   7.81798e-06
   7.61954e-06
   7.81798e-06
   7.61954e-06
   7.81798e-06
   7.61954e-06
   7.81798e-06
   7.61954e-06
   7.81798e-06
   7.61954e-06
   7.81798e-06
   7.61954e-06
   7.81798e-06
   7.61954e-06
   7.81798e-06
   7.61954e-06
   7.81798e-06
   7.61954e-06
   7.81798e-06
   7.61954e-06
   7.81798e-06
   7.61954e-06
   7.81798e-06
   7.61954e-06
   7.81798e-06
   7.61954e-06
   7.81798e-06
   7.61954e-06
   7.81798e-06
   7.61954e-06
   7.81798e-06
   7.61954e-06
   7.81798e-06
   7.61954e-06
   7.81798e-06
   7.61954e-06
   7.81798e-06
   7.61954e-06
   7.81798e-06
   7.61954e-06
   7.81798e-06
   7.61954e-06
   7.81798e-06
   7.61954e-06
   7.81798e-06
   7.61954e-06
   7.81798e-06
   7.61954e-06
   7.81798e-06
   7.61954e-06
   1.77138e-05
   1.78664e-05
   1.77138e-05
   1.78664e-05
   1.77138e-05
   1.78664e-05
   1.77138e-05
   1.78664e-05
   1.77138e-05
   1.78664e-05
   1.77138e-05
   1.78664e-05
   1.77138e-05
   1.78664e-05
   1.77138e-05
   1.78664e-05
   1.77138e-05
   1.78664e-05
   1.77138e-05
   1.78664e-05
   1.77138e-05
   1.78664e-05
   1.77138e-05
   1.78664e-05
   1.77138e-05
   1.78664e-05
   1.77138e-05
   1.78664e-05
   1.77138e-05
   1.78664e-05
   1.77138e-05
   1.78664e-05
   1.77138e-05
   1.78664e-05
   1.77138e-05
   1.78664e-05
   1.77138e-05
   1.78664e-05
   1.77138e-05
   1.78664e-05
   1.77138e-05
   1.78664e-05
   1.77138e-05
   1.78664e-05
   1.77138e-05
   1.78664e-05
   1.77138e-05
   1.78664e-05
   1.77138e-05
   1.78664e-05
   1.77138e-05
   1.78664e-05
   1.77138e-05
   1.78664e-05
   1.77138e-05
   1.78664e-05
   1.77138e-05
   1.78664e-05
   1.77138e-05
   3.87768e-05
    3.9558e-05
   3.87768e-05
    3.9558e-05
   3.87768e-05
    3.9558e-05
   3.87768e-05
    3.9558e-05
   3.87768e-05
    3.9558e-05
   3.87768e-05
    3.9558e-05
   3.87768e-05
    3.9558e-05
   3.87768e-05
    3.9558e-05
   3.87768e-05
    3.9558e-05
   3.87768e-05
    3.9558e-05
   3.87768e-05
    3.9558e-05
   3.87768e-05
    3.9558e-05
   3.87768e-05
    3.9558e-05
   3.87768e-05
    3.9558e-05
   3.87768e-05
    3.9558e-05
   3.87768e-05
    3.9558e-05
   3.87768e-05
    3.9558e-05
   3.87768e-05
    3.9558e-05
   3.87768e-05
    3.9558e-05
   3.87768e-05
    3.9558e-05
   3.87768e-05
    3.9558e-05
   3.87768e-05
    3.9558e-05
   3.87768e-05
    3.9558e-05
   3.87768e-05
    3.9558e-05
   3.87768e-05
    3.9558e-05
   3.87768e-05
    3.9558e-05
   3.87768e-05
    3.9558e-05
   3.87768e-05
    3.9558e-05
   3.87768e-05
    3.9558e-05
   3.87768e-05
   8.60496e-05
   8.65973e-05
   8.60496e-05
   8.65973e-05
   8.60496e-05
   8.65973e-05
   8.60496e-05
   8.65973e-05
   8.60496e-05
   8.65973e-05
   8.60496e-05
   8.65973e-05
   8.60496e-05
   8.65973e-05
   8.60496e-05
   8.65973e-05
   8.60496e-05
   8.65973e-05
   8.60496e-05
   8.65973e-05
   8.60496e-05
   8.65973e-05
   8.60496e-05
   8.65973e-05
   8.60496e-05
   8.65973e-05
   8.60496e-05
   8.65973e-05
   8.60496e-05
   8.65973e-05
   8.60496e-05
   8.65973e-05
   8.60496e-05
   8.65973e-05
   8.60496e-05
   8.65973e-05
   8.60496e-05
   8.65973e-05
   8.60496e-05
   8.65973e-05
   8.60496e-05
   8.65973e-05
   8.60496e-05
   8.65973e-05
   8.60496e-05
   8.65973e-05
   8.60496e-05
   8.65973e-05
   8.60496e-05
   8.65973e-05
   8.60496e-05
   8.65973e-05
   8.60496e-05
   8.65973e-05
   8.60496e-05
   8.65973e-05
   8.60496e-05
   8.65973e-05
   8.60496e-05
   0.000181023
   0.000183707
   0.000181023
   0.000183707
   0.000181023
   0.000183707
   0.000181023
   0.000183707
   0.000181023
   0.000183707
   0.000181023
   0.000183707
   0.000181023
   0.000183707
   0.000181023
   0.000183707
   0.000181023
   0.000183707
   0.000181023
   0.000183707
   0.000181023
   0.000183707
   0.000181023
   0.000183707
   0.000181023
   0.000183707
   0.000181023
   0.000183707
   0.000181023
   0.000183707
   0.000181023
   0.000183707
   0.000181023
   0.000183707
   0.000181023
   0.000183707
   0.000181023
   0.000183707
   0.000181023
   0.000183707
   0.000181023
   0.000183707
   0.000181023
   0.000183707
   0.000181023
   0.000183707
   0.000181023
   0.000183707
   0.000181023
   0.000183707
   0.000181023
   0.000183707
   0.000181023
   0.000183707
   0.000181023
   0.000183707
   0.000181023
   0.000183707
   0.000181023
   0.000382012
   0.000383703
   0.000382012
   0.000383703
   0.000382012
   0.000383703
   0.000382012
   0.000383703
   0.000382012
   0.000383703
   0.000382012
   0.000383703
   0.000382012
   0.000383703
   0.000382012
   0.000383703
   0.000382012
   0.000383703
   0.000382012
   0.000383703
   0.000382012
   0.000383703
   0.000382012
   0.000383703
   0.000382012
   0.000383703
   0.000382012
   0.000383703
   0.000382012
   0.000383703
   0.000382012
   0.000383703
   0.000382012
   0.000383703
   0.000382012
   0.000383703
   0.000382012
   0.000383703
   0.000382012
   0.000383703
   0.000382012
   0.000383703
   0.000382012
   0.000383703
   0.000382012
   0.000383703
   0.000382012
   0.000383703
   0.000382012
   0.000383703
   0.000382012
   0.000383703
   0.000382012
   0.000383703
   0.000382012
   0.000383703
   0.000382012
   0.000383703
   0.000382012
   0.000768801
   0.000776642
   0.000768801
   0.000776642
   0.000768801
   0.000776642
   0.000768801
   0.000776642
   0.000768801
   0.000776642
   0.000768801
   0.000776642
   0.000768801
   0.000776642
   0.000768801
   0.000776642
   0.000768801
   0.000776642
   0.000768801
   0.000776642
   0.000768801
   0.000776642
   0.000768801
   0.000776642
   0.000768801
   0.000776642
   0.000768801
   0.000776642
   0.000768801
   0.000776642
   0.000768801
   0.000776642
   0.000768801
   0.000776642
   0.000768801
   0.000776642
   0.000768801
   0.000776642
   0.000768801
   0.000776642
   0.000768801
   0.000776642
   0.000768801
   0.000776642
   0.000768801
   0.000776642
   0.000768801
   0.000776642
   0.000768801
   0.000776642
   0.000768801
   0.000776642
   0.000768801
   0.000776642
   0.000768801
   0.000776642
   0.000768801
   0.000776642
   0.000768801
    0.00153682
    0.00154117
    0.00153682
    0.00154117
    0.00153682
    0.00154117
    0.00153682
    0.00154117
    0.00153682
    0.00154117
    0.00153682
    0.00154117
    0.00153682
    0.00154117
    0.00153682
    0.00154117
    0.00153682
    0.00154117
    0.00153682
    0.00154117
    0.00153682
    0.00154117
    0.00153682
    0.00154117
    0.00153682
    0.00154117
    0.00153682
    0.00154117
    0.00153682
    0.00154117
    0.00153682
    0.00154117
    0.00153682
    0.00154117
    0.00153682
    0.00154117
    0.00153682
    0.00154117
    0.00153682
    0.00154117
    0.00153682
    0.00154117
    0.00153682
    0.00154117
    0.00153682
    0.00154117
    0.00153682
    0.00154117
    0.00153682
    0.00154117
    0.00153682
    0.00154117
    0.00153682
    0.00154117
    0.00153682
    0.00154117
    0.00153682
    0.00154117
    0.00153682
    0.00294423
    0.00296299
    0.00294423
    0.00296299
    0.00294423
    0.00296299
    0.00294423
    0.00296299
    0.00294423
    0.00296299
    0.00294423
    0.00296299
    0.00294423
    0.00296299
    0.00294423
    0.00296299
    0.00294423
    0.00296299
    0.00294423
    0.00296299
    0.00294423
    0.00296299
    0.00294423
    0.00296299
    0.00294423
    0.00296299
    0.00294423
    0.00296299
    0.00294423
    0.00296299
    0.00294423
    0.00296299
    0.00294423
    0.00296299
    0.00294423
    0.00296299
    0.00294423
    0.00296299
    0.00294423
    0.00296299
    0.00294423
    0.00296299
    0.00294423
    0.00296299
    0.00294423
    0.00296299
    0.00294423
    0.00296299
    0.00294423
    0.00296299
    0.00294423
    0.00296299
    0.00294423
    0.00296299
    0.00294423
    0.00296299
    0.00294423
    0.00296299
    0.00294423
    0.00555278
    0.00556164
    0.00555278
    0.00556164
    0.00555278
    0.00556164
    0.00555278
    0.00556164
    0.00555278
    0.00556164
    0.00555278
    0.00556164
    0.00555278
    0.00556164
    0.00555278
    0.00556164
    0.00555278
    0.00556164
    0.00555278
    0.00556164
    0.00555278
    0.00556164
    0.00555278
    0.00556164
    0.00555278
    0.00556164
    0.00555278
    0.00556164
    0.00555278
    0.00556164
    0.00555278
    0.00556164
    0.00555278
    0.00556164
    0.00555278
    0.00556164
    0.00555278
    0.00556164
    0.00555278
    0.00556164
    0.00555278
    0.00556164
    0.00555278
    0.00556164
    0.00555278
    0.00556164
    0.00555278
    0.00556164
    0.00555278
    0.00556164
    0.00555278
    0.00556164
    0.00555278
    0.00556164
    0.00555278
    0.00556164
    0.00555278
    0.00556164
    0.00555278
     0.0100743
     0.0101088
     0.0100743
     0.0101088
     0.0100743
     0.0101088
     0.0100743
     0.0101088
     0.0100743
     0.0101088
     0.0100743
     0.0101088
     0.0100743
     0.0101088
     0.0100743
     0.0101088
     0.0100743
     0.0101088
     0.0100743
     0.0101088
     0.0100743
     0.0101088
     0.0100743
     0.0101088
     0.0100743
     0.0101088
     0.0100743
     0.0101088
     0.0100743
     0.0101088
     0.0100743
     0.0101088
     0.0100743
     0.0101088
     0.0100743
     0.0101088
     0.0100743
     0.0101088
     0.0100743
     0.0101088
     0.0100743
     0.0101088
     0.0100743
     0.0101088
     0.0100743
     0.0101088
     0.0100743
     0.0101088
     0.0100743
     0.0101088
     0.0100743
     0.0101088
     0.0100743
     0.0101088
     0.0100743
     0.0101088
     0.0100743
     0.0101088
     0.0100743
     0.0178554
     0.0178683
     0.0178554
     0.0178683
     0.0178554
     0.0178683
     0.0178554
     0.0178683
     0.0178554
     0.0178683
     0.0178554
     0.0178683
     0.0178554
     0.0178683
     0.0178554
     0.0178683
     0.0178554
     0.0178683
     0.0178554
     0.0178683
     0.0178554
     0.0178683
     0.0178554
     0.0178683
     0.0178554
     0.0178683
     0.0178554
     0.0178683
     0.0178554
     0.0178683
     0.0178554
     0.0178683
     0.0178554
     0.0178683
     0.0178554
     0.0178683
     0.0178554
     0.0178683
     0.0178554
     0.0178683
     0.0178554
     0.0178683
     0.0178554
     0.0178683
     0.0178554
     0.0178683
     0.0178554
     0.0178683
     0.0178554
     0.0178683
     0.0178554
     0.0178683
     0.0178554
     0.0178683
     0.0178554
     0.0178683
     0.0178554
     0.0178683
     0.0178554
      0.030518
     0.0305593
      0.030518
     0.0305593
      0.030518
     0.0305593
      0.030518
     0.0305593
      0.030518
     0.0305593
      0.030518
     0.0305593
      0.030518
     0.0305593
      0.030518
     0.0305593
      0.030518
     0.0305593
      0.030518
     0.0305593
      0.030518
     0.0305593
      0.030518
     0.0305593
      0.030518
     0.0305593
      0.030518
     0.0305593
      0.030518
     0.0305593
      0.030518
     0.0305593
      0.030518
     0.0305593
      0.030518
     0.0305593
      0.030518
     0.0305593
      0.030518
     0.0305593
      0.030518
     0.0305593
      0.030518
     0.0305593
      0.030518
     0.0305593
      0.030518
     0.0305593
      0.030518
     0.0305593
      0.030518
     0.0305593
      0.030518
     0.0305593
      0.030518
     0.0305593
      0.030518
     0.0305593
      0.030518
     0.0506425
     0.0506518
     0.0506425
     0.0506518
     0.0506425
     0.0506518
     0.0506425
     0.0506518
     0.0506425
     0.0506518
     0.0506425
     0.0506518
     0.0506425
     0.0506518
     0.0506425
     0.0506518
     0.0506425
     0.0506518
     0.0506425
     0.0506518
     0.0506425
     0.0506518
     0.0506425
     0.0506518
     0.0506425
     0.0506518
     0.0506425
     0.0506518
     0.0506425
     0.0506518
     0.0506425
     0.0506518
     0.0506425
     0.0506518
     0.0506425
     0.0506518
     0.0506425
     0.0506518
     0.0506425
     0.0506518
     0.0506425
     0.0506518
     0.0506425
     0.0506518
     0.0506425
     0.0506518
     0.0506425
     0.0506518
     0.0506425
     0.0506518
     0.0506425
     0.0506518
     0.0506425
     0.0506518
     0.0506425
     0.0506518
     0.0506425
     0.0506518
     0.0506425
     0.0811402
     0.0811509
     0.0811402
     0.0811509
     0.0811402
     0.0811509
     0.0811402
     0.0811509
     0.0811402
     0.0811509
     0.0811402
     0.0811509
     0.0811402
     0.0811509
     0.0811402
     0.0811509
     0.0811402
     0.0811509
     0.0811402
     0.0811509
     0.0811402
     0.0811509
     0.0811402
     0.0811509
     0.0811402
     0.0811509
     0.0811402
     0.0811509
     0.0811402
     0.0811509
     0.0811402
     0.0811509
     0.0811402
     0.0811509
     0.0811402
     0.0811509
     0.0811402
     0.0811509
     0.0811402
     0.0811509
     0.0811402
     0.0811509
     0.0811402
     0.0811509
     0.0811402
     0.0811509
     0.0811402
     0.0811509
     0.0811402
     0.0811509
     0.0811402
     0.0811509
     0.0811402
     0.0811509
     0.0811402
     0.0811509
     0.0811402
     0.0811509
     0.0811402
      0.125672
      0.125662
      0.125672
      0.125662
      0.125672
      0.125662
      0.125672
      0.125662
      0.125672
      0.125662
      0.125672
      0.125662
      0.125672
      0.125662
      0.125672
      0.125662
      0.125672
      0.125662
      0.125672
      0.125662
      0.125672
      0.125662
      0.125672
      0.125662
      0.125672
      0.125662
      0.125672
      0.125662
      0.125672
      0.125662
      0.125672
      0.125662
      0.125672
      0.125662
      0.125672
      0.125662
      0.125672
      0.125662
      0.125672
      0.125662
      0.125672
      0.125662
      0.125672
      0.125662
      0.125672
      0.125662
      0.125672
      0.125662
      0.125672
      0.125662
      0.125672
      0.125662
      0.125672
      0.125662
      0.125672
      0.125662
      0.125672
      0.125662
      0.125672
      0.187982
      0.187909
      0.187982
      0.187909
      0.187982
      0.187909
      0.187982
      0.187909
      0.187982
      0.187909
      0.187982
      0.187909
      0.187982
      0.187909
      0.187982
      0.187909
      0.187982
      0.187909
      0.187982
      0.187909
      0.187982
      0.187909
      0.187982
      0.187909
      0.187982
      0.187909
      0.187982
      0.187909
      0.187982
      0.187909
      0.187982
      0.187909
      0.187982
      0.187909
      0.187982
      0.187909
      0.187982
      0.187909
      0.187982
      0.187909
      0.187982
      0.187909
      0.187982
      0.187909
      0.187982
      0.187909
      0.187982
      0.187909
      0.187982
      0.187909
      0.187982
      0.187909
      0.187982
      0.187909
      0.187982
      0.187909
      0.187982
      0.187909
      0.187982
      0.271171
      0.271132
      0.271171
      0.271132
      0.271171
      0.271132
      0.271171
      0.271132
      0.271171
      0.271132
      0.271171
      0.271132
      0.271171
      0.271132
      0.271171
      0.271132
      0.271171
      0.271132
      0.271171
      0.271132
      0.271171
      0.271132
      0.271171
      0.271132
      0.271171
      0.271132
      0.271171
      0.271132
      0.271171
      0.271132
      0.271171
      0.271132
      0.271171
      0.271132
      0.271171
      0.271132
      0.271171
      0.271132
      0.271171
      0.271132
      0.271171
      0.271132
      0.271171
      0.271132
      0.271171
      0.271132
      0.271171
      0.271132
      0.271171
      0.271132
      0.271171
      0.271132
      0.271171
      0.271132
      0.271171
      0.271132
      0.271171
      0.271132
      0.271171
       0.37775
       0.37759
       0.37775
       0.37759
       0.37775
       0.37759
       0.37775
       0.37759
       0.37775
       0.37759
       0.37775
       0.37759
       0.37775
       0.37759
       0.37775
       0.37759
       0.37775
       0.37759
       0.37775
       0.37759
       0.37775
       0.37759
       0.37775
       0.37759
       0.37775
       0.37759
       0.37775
       0.37759
       0.37775
       0.37759
       0.37775
       0.37759
       0.37775
       0.37759
       0.37775
       0.37759
       0.37775
       0.37759
       0.37775
       0.37759
       0.37775
       0.37759
       0.37775
       0.37759
       0.37775
       0.37759
       0.37775
       0.37759
       0.37775
       0.37759
       0.37775
       0.37759
       0.37775
       0.37759
       0.37775
       0.37759
       0.37775
       0.37759
       0.37775
      0.507315
      0.507263
      0.507315
      0.507263
      0.507315
      0.507263
      0.507315
      0.507263
      0.507315
      0.507263
      0.507315
      0.507263
      0.507315
      0.507263
      0.507315
      0.507263
      0.507315
      0.507263
      0.507315
      0.507263
      0.507315
      0.507263
      0.507315
      0.507263
      0.507315
      0.507263
      0.507315
      0.507263
      0.507315
      0.507263
      0.507315
      0.507263
      0.507315
      0.507263
      0.507315
      0.507263
      0.507315
      0.507263
      0.507315
      0.507263
      0.507315
      0.507263
      0.507315
      0.507263
      0.507315
      0.507263
      0.507315
      0.507263
      0.507315
      0.507263
      0.507315
      0.507263
      0.507315
      0.507263
      0.507315
      0.507263
      0.507315
      0.507263
      0.507315
      0.658186
      0.658042
      0.658186
      0.658042
      0.658186
      0.658042
      0.658186
      0.658042
      0.658186
      0.658042
      0.658186
      0.658042
      0.658186
      0.658042
      0.658186
      0.658042
      0.658186
      0.658042
      0.658186
      0.658042
      0.658186
      0.658042
      0.658186
      0.658042
      0.658186
      0.658042
      0.658186
      0.658042
      0.658186
      0.658042
      0.658186
      0.658042
      0.658186
      0.658042
      0.658186
      0.658042
      0.658186
      0.658042
      0.658186
      0.658042
      0.658186
      0.658042
      0.658186
      0.658042
      0.658186
      0.658042
      0.658186
      0.658042
      0.658186
      0.658042
      0.658186
      0.658042
      0.658186
      0.658042
      0.658186
      0.658042
      0.658186
      0.658042
      0.658186
      0.824689
      0.824664
      0.824689
      0.824664
      0.824689
      0.824664
      0.824689
      0.824664
      0.824689
      0.824664
      0.824689
      0.824664
      0.824689
      0.824664
      0.824689
      0.824664
      0.824689
      0.824664
      0.824689
      0.824664
      0.824689
      0.824664
      0.824689
      0.824664
      0.824689
      0.824664
      0.824689
      0.824664
      0.824689
      0.824664
      0.824689
      0.824664
      0.824689
      0.824664
      0.824689
      0.824664
      0.824689
      0.824664
      0.824689
      0.824664
      0.824689
      0.824664
      0.824689
      0.824664
      0.824689
      0.824664
      0.824689
      0.824664
      0.824689
      0.824664
      0.824689
      0.824664
      0.824689
      0.824664
      0.824689
      0.824664
      0.824689
      0.824664
      0.824689
             1
             1
             1
             1
             1
             1
             1
             1
             1
             1
             1
             1
             1
             1
             1
             1
             1
             1
             1
             1
             1
             1
             1
             1
             1
             1
             1
             1
             1
             1
             1
             1
             1
             1
             1
             1
             1
             1
             1
             1
             1
             1
             1
             1
             1
             1
             1
             1
             1
             1
             1
             1
             1
             1
             1
             1
             1
             1
             1
