             1
             1
             1
             1
             1
             1
             1
             1
             1
             1
             1
             1
             1
             1
             1
             1
             1
             1
             1
             1
             1
             1
             1
             1
             1
             1
             1
             1
             1
             1
             1
             1
             1
             1
             1
             1
             1
             1
             1
             1
             1
             1
             1
             1
             1
             1
             1
             1
             1
             1
             1
             1
             1
             1
             1
             1
             1
             1
             1
      0.840138
      0.840122
      0.840138
      0.840122
      0.840138
      0.840122
      0.840138
      0.840122
      0.840138
      0.840122
      0.840138
      0.840122
      0.840138
      0.840122
      0.840138
      0.840122
      0.840138
      0.840122
      0.840138
      0.840122
      0.840138
      0.840122
      0.840138
      0.840122
      0.840138
      0.840122
      0.840138
      0.840122
      0.840138
      0.840122
      0.840138
      0.840122
      0.840138
      0.840122
      0.840138
      0.840122
      0.840138
      0.840122
      0.840138
      0.840122
      0.840138
      0.840122
      0.840138
      0.840122
      0.840138
      0.840122
      0.840138
      0.840122
      0.840138
      0.840122
      0.840138
      0.840122
      0.840138
      0.840122
      0.840138
      0.840122
      0.840138
      0.840122
      0.840138
      0.686922
       0.68683
      0.686922
       0.68683
      0.686922
       0.68683
      0.686922
       0.68683
      0.686922
       0.68683
      0.686922
       0.68683
      0.686922
       0.68683
      0.686922
       0.68683
      0.686922
       0.68683
      0.686922
       0.68683
      0.686922
       0.68683
      0.686922
       0.68683
      0.686922
       0.68683
      0.686922
       0.68683
      0.686922
       0.68683
      0.686922
       0.68683
      0.686922
       0.68683
      0.686922
       0.68683
      0.686922
       0.68683
      0.686922
       0.68683
      0.686922
       0.68683
      0.686922
       0.68683
      0.686922
       0.68683
      0.686922
       0.68683
      0.686922
       0.68683
      0.686922
       0.68683
      0.686922
       0.68683
      0.686922
       0.68683
      0.686922
       0.68683
      0.686922
      0.545738
      0.545703
      0.545738
      0.545703
      0.545738
      0.545703
      0.545738
      0.545703
      0.545738
      0.545703
      0.545738
      0.545703
      0.545738
      0.545703
      0.545738
      0.545703
      0.545738
      0.545703
      0.545738
      0.545703
      0.545738
      0.545703
      0.545738
      0.545703
      0.545738
      0.545703
      0.545738
      0.545703
      0.545738
      0.545703
      0.545738
      0.545703
      0.545738
      0.545703
      0.545738
      0.545703
      0.545738
      0.545703
      0.545738
      0.545703
      0.545738
      0.545703
      0.545738
      0.545703
      0.545738
      0.545703
      0.545738
      0.545703
      0.545738
      0.545703
      0.545738
      0.545703
      0.545738
      0.545703
      0.545738
      0.545703
      0.545738
      0.545703
      0.545738
      0.421238
      0.421124
      0.421238
      0.421124
      0.421238
      0.421124
      0.421238
      0.421124
      0.421238
      0.421124
      0.421238
      0.421124
      0.421238
      0.421124
      0.421238
      0.421124
      0.421238
      0.421124
      0.421238
      0.421124
      0.421238
      0.421124
      0.421238
      0.421124
      0.421238
      0.421124
      0.421238
      0.421124
      0.421238
      0.421124
      0.421238
      0.421124
      0.421238
      0.421124
      0.421238
      0.421124
      0.421238
      0.421124
      0.421238
      0.421124
      0.421238
      0.421124
      0.421238
      0.421124
      0.421238
      0.421124
      0.421238
      0.421124
      0.421238
      0.421124
      0.421238
      0.421124
      0.421238
      0.421124
      0.421238
      0.421124
      0.421238
      0.421124
      0.421238
      0.315399
      0.315367
      0.315399
      0.315367
      0.315399
      0.315367
      0.315399
      0.315367
      0.315399
      0.315367
      0.315399
      0.315367
      0.315399
      0.315367
      0.315399
      0.315367
      0.315399
      0.315367
      0.315399
      0.315367
      0.315399
      0.315367
      0.315399
      0.315367
      0.315399
      0.315367
      0.315399
      0.315367
      0.315399
      0.315367
      0.315399
      0.315367
      0.315399
      0.315367
      0.315399
      0.315367
      0.315399
      0.315367
      0.315399
      0.315367
      0.315399
      0.315367
      0.315399
      0.315367
      0.315399
      0.315367
      0.315399
      0.315367
      0.315399
      0.315367
      0.315399
      0.315367
      0.315399
      0.315367
      0.315399
      0.315367
      0.315399
      0.315367
      0.315399
      0.229277
      0.229207
      0.229277
      0.229207
      0.229277
      0.229207
      0.229277
      0.229207
      0.229277
      0.229207
      0.229277
      0.229207
      0.229277
      0.229207
      0.229277
      0.229207
      0.229277
      0.229207
      0.229277
      0.229207
      0.229277
      0.229207
      0.229277
      0.229207
      0.229277
      0.229207
      0.229277
      0.229207
      0.229277
      0.229207
      0.229277
      0.229207
      0.229277
      0.229207
      0.229277
      0.229207
      0.229277
      0.229207
      0.229277
      0.229207
      0.229277
      0.229207
      0.229277
      0.229207
      0.229277
      0.229207
      0.229277
      0.229207
      0.229277
      0.229207
      0.229277
      0.229207
      0.229277
      0.229207
      0.229277
      0.229207
      0.229277
      0.229207
      0.229277
      0.161612
      0.161598
      0.161612
      0.161598
      0.161612
      0.161598
      0.161612
      0.161598
      0.161612
      0.161598
      0.161612
      0.161598
      0.161612
      0.161598
      0.161612
      0.161598
      0.161612
      0.161598
      0.161612
      0.161598
      0.161612
      0.161598
      0.161612
      0.161598
      0.161612
      0.161598
      0.161612
      0.161598
      0.161612
      0.161598
      0.161612
      0.161598
      0.161612
      0.161598
      0.161612
      0.161598
      0.161612
      0.161598
      0.161612
      0.161598
      0.161612
      0.161598
      0.161612
      0.161598
      0.161612
      0.161598
      0.161612
      0.161598
      0.161612
      0.161598
      0.161612
      0.161598
      0.161612
      0.161598
      0.161612
      0.161598
      0.161612
      0.161598
      0.161612
      0.110583
      0.110572
      0.110583
      0.110572
      0.110583
      0.110572
      0.110583
      0.110572
      0.110583
      0.110572
      0.110583
      0.110572
      0.110583
      0.110572
      0.110583
      0.110572
      0.110583
      0.110572
      0.110583
      0.110572
      0.110583
      0.110572
      0.110583
      0.110572
      0.110583
      0.110572
      0.110583
      0.110572
      0.110583
      0.110572
      0.110583
      0.110572
      0.110583
      0.110572
      0.110583
      0.110572
      0.110583
      0.110572
      0.110583
      0.110572
      0.110583
      0.110572
      0.110583
      0.110572
      0.110583
      0.110572
      0.110583
      0.110572
      0.110583
      0.110572
      0.110583
      0.110572
      0.110583
      0.110572
      0.110583
      0.110572
      0.110583
      0.110572
      0.110583
     0.0734362
     0.0734388
     0.0734362
     0.0734388
     0.0734362
     0.0734388
     0.0734362
     0.0734388
     0.0734362
     0.0734388
     0.0734362
     0.0734388
     0.0734362
     0.0734388
     0.0734362
     0.0734388
     0.0734362
     0.0734388
     0.0734362
     0.0734388
     0.0734362
     0.0734388
     0.0734362
     0.0734388
     0.0734362
     0.0734388
     0.0734362
     0.0734388
     0.0734362
     0.0734388
     0.0734362
     0.0734388
     0.0734362
     0.0734388
     0.0734362
     0.0734388
     0.0734362
     0.0734388
     0.0734362
     0.0734388
     0.0734362
     0.0734388
     0.0734362
     0.0734388
     0.0734362
     0.0734388
     0.0734362
     0.0734388
     0.0734362
     0.0734388
     0.0734362
     0.0734388
     0.0734362
     0.0734388
     0.0734362
     0.0734388
     0.0734362
     0.0734388
     0.0734362
     0.0473348
     0.0473582
     0.0473348
     0.0473582
     0.0473348
     0.0473582
     0.0473348
     0.0473582
     0.0473348
     0.0473582
     0.0473348
     0.0473582
     0.0473348
     0.0473582
     0.0473348
     0.0473582
     0.0473348
     0.0473582
     0.0473348
     0.0473582
     0.0473348
     0.0473582
     0.0473348
     0.0473582
     0.0473348
     0.0473582
     0.0473348
     0.0473582
     0.0473348
     0.0473582
     0.0473348
     0.0473582
     0.0473348
     0.0473582
     0.0473348
     0.0473582
     0.0473348
     0.0473582
     0.0473348
     0.0473582
     0.0473348
     0.0473582
     0.0473348
     0.0473582
     0.0473348
     0.0473582
     0.0473348
     0.0473582
     0.0473348
     0.0473582
     0.0473348
     0.0473582
     0.0473348
     0.0473582
     0.0473348
     0.0473582
     0.0473348
     0.0473582
     0.0473348
     0.0296773
     0.0296863
     0.0296773
     0.0296863
     0.0296773
     0.0296863
     0.0296773
     0.0296863
     0.0296773
     0.0296863
     0.0296773
     0.0296863
     0.0296773
     0.0296863
     0.0296773
     0.0296863
     0.0296773
     0.0296863
     0.0296773
     0.0296863
     0.0296773
     0.0296863
     0.0296773
     0.0296863
     0.0296773
     0.0296863
     0.0296773
     0.0296863
     0.0296773
     0.0296863
     0.0296773
     0.0296863
     0.0296773
     0.0296863
     0.0296773
     0.0296863
     0.0296773
     0.0296863
     0.0296773
     0.0296863
     0.0296773
     0.0296863
     0.0296773
     0.0296863
     0.0296773
     0.0296863
     0.0296773
     0.0296863
     0.0296773
     0.0296863
     0.0296773
     0.0296863
     0.0296773
     0.0296863
     0.0296773
     0.0296863
     0.0296773
     0.0296863
     0.0296773
     0.0180505
      0.018079
     0.0180505
      0.018079
     0.0180505
      0.018079
     0.0180505
      0.018079
     0.0180505
      0.018079
     0.0180505
      0.018079
     0.0180505
      0.018079
     0.0180505
      0.018079
     0.0180505
      0.018079
     0.0180505
      0.018079
     0.0180505
      0.018079
     0.0180505
      0.018079
     0.0180505
      0.018079
     0.0180505
      0.018079
     0.0180505
      0.018079
     0.0180505
      0.018079
     0.0180505
      0.018079
     0.0180505
      0.018079
     0.0180505
      0.018079
     0.0180505
      0.018079
     0.0180505
      0.018079
     0.0180505
      0.018079
     0.0180505
      0.018079
     0.0180505
      0.018079
     0.0180505
      0.018079
     0.0180505
      0.018079
     0.0180505
      0.018079
     0.0180505
      0.018079
     0.0180505
      0.018079
     0.0180505
     0.0107163
     0.0107245
     0.0107163
     0.0107245
     0.0107163
     0.0107245
     0.0107163
     0.0107245
     0.0107163
     0.0107245
     0.0107163
     0.0107245
     0.0107163
     0.0107245
     0.0107163
     0.0107245
     0.0107163
     0.0107245
     0.0107163
     0.0107245
     0.0107163
     0.0107245
     0.0107163
     0.0107245
     0.0107163
     0.0107245
     0.0107163
     0.0107245
     0.0107163
     0.0107245
     0.0107163
     0.0107245
     0.0107163
     0.0107245
     0.0107163
     0.0107245
     0.0107163
     0.0107245
     0.0107163
     0.0107245
     0.0107163
     0.0107245
     0.0107163
     0.0107245
     0.0107163
     0.0107245
     0.0107163
     0.0107245
     0.0107163
     0.0107245
     0.0107163
     0.0107245
     0.0107163
     0.0107245
     0.0107163
     0.0107245
     0.0107163
     0.0107245
     0.0107163
    0.00616451
    0.00618438
    0.00616451
    0.00618438
    0.00616451
    0.00618438
    0.00616451
    0.00618438
    0.00616451
    0.00618438
    0.00616451
    0.00618438
    0.00616451
    0.00618438
    0.00616451
    0.00618438
    0.00616451
    0.00618438
    0.00616451
    0.00618438
    0.00616451
    0.00618438
    0.00616451
    0.00618438
    0.00616451
    0.00618438
    0.00616451
    0.00618438
    0.00616451
    0.00618438
    0.00616451
    0.00618438
    0.00616451
    0.00618438
    0.00616451
    0.00618438
    0.00616451
    0.00618438
    0.00616451
    0.00618438
    0.00616451
    0.00618438
    0.00616451
    0.00618438
    0.00616451
    0.00618438
    0.00616451
    0.00618438
    0.00616451
    0.00618438
    0.00616451
    0.00618438
    0.00616451
    0.00618438
    0.00616451
    0.00618438
    0.00616451
    0.00618438
    0.00616451
    0.00347755
    0.00348256
    0.00347755
    0.00348256
    0.00347755
    0.00348256
    0.00347755
    0.00348256
    0.00347755
    0.00348256
    0.00347755
    0.00348256
    0.00347755
    0.00348256
    0.00347755
    0.00348256
    0.00347755
    0.00348256
    0.00347755
    0.00348256
    0.00347755
    0.00348256
    0.00347755
    0.00348256
    0.00347755
    0.00348256
    0.00347755
    0.00348256
    0.00347755
    0.00348256
    0.00347755
    0.00348256
    0.00347755
    0.00348256
    0.00347755
    0.00348256
    0.00347755
    0.00348256
    0.00347755
    0.00348256
    0.00347755
    0.00348256
    0.00347755
    0.00348256
    0.00347755
    0.00348256
    0.00347755
    0.00348256
    0.00347755
    0.00348256
    0.00347755
    0.00348256
    0.00347755
    0.00348256
    0.00347755
    0.00348256
    0.00347755
    0.00348256
    0.00347755
    0.00189694
    0.00190731
    0.00189694
    0.00190731
    0.00189694
    0.00190731
    0.00189694
    0.00190731
    0.00189694
    0.00190731
    0.00189694
    0.00190731
    0.00189694
    0.00190731
    0.00189694
    0.00190731
    0.00189694
    0.00190731
    0.00189694
    0.00190731
    0.00189694
    0.00190731
    0.00189694
    0.00190731
    0.00189694
    0.00190731
    0.00189694
    0.00190731
    0.00189694
    0.00190731
    0.00189694
    0.00190731
    0.00189694
    0.00190731
    0.00189694
    0.00190731
    0.00189694
    0.00190731
    0.00189694
    0.00190731
    0.00189694
    0.00190731
    0.00189694
    0.00190731
    0.00189694
    0.00190731
    0.00189694
    0.00190731
    0.00189694
    0.00190731
    0.00189694
    0.00190731
    0.00189694
    0.00190731
    0.00189694
    0.00190731
    0.00189694
    0.00190731
    0.00189694
    0.00102058
    0.00102299
    0.00102058
    0.00102299
    0.00102058
    0.00102299
    0.00102058
    0.00102299
    0.00102058
    0.00102299
    0.00102058
    0.00102299
    0.00102058
    0.00102299
    0.00102058
    0.00102299
    0.00102058
    0.00102299
    0.00102058
    0.00102299
    0.00102058
    0.00102299
    0.00102058
    0.00102299
    0.00102058
    0.00102299
    0.00102058
    0.00102299
    0.00102058
    0.00102299
    0.00102058
    0.00102299
    0.00102058
    0.00102299
    0.00102058
    0.00102299
    0.00102058
    0.00102299
    0.00102058
    0.00102299
    0.00102058
    0.00102299
    0.00102058
    0.00102299
    0.00102058
    0.00102299
    0.00102058
    0.00102299
    0.00102058
    0.00102299
    0.00102058
    0.00102299
    0.00102058
    0.00102299
    0.00102058
    0.00102299
    0.00102058
    0.00102299
    0.00102058
   0.000529379
    0.00053378
   0.000529379
    0.00053378
   0.000529379
    0.00053378
   0.000529379
    0.00053378
   0.000529379
    0.00053378
   0.000529379
    0.00053378
   0.000529379
    0.00053378
   0.000529379
    0.00053378
   0.000529379
    0.00053378
   0.000529379
    0.00053378
   0.000529379
    0.00053378
   0.000529379
    0.00053378
   0.000529379
    0.00053378
   0.000529379
    0.00053378
   0.000529379
    0.00053378
   0.000529379
    0.00053378
   0.000529379
    0.00053378
   0.000529379
    0.00053378
   0.000529379
    0.00053378
   0.000529379
    0.00053378
   0.000529379
    0.00053378
   0.000529379
    0.00053378
   0.000529379
    0.00053378
   0.000529379
    0.00053378
   0.000529379
    0.00053378
   0.000529379
    0.00053378
   0.000529379
    0.00053378
   0.000529379
    0.00053378
   0.000529379
    0.00053378
   0.000529379
   0.000272637
     0.0002736
   0.000272637
     0.0002736
   0.000272637
     0.0002736
   0.000272637
     0.0002736
   0.000272637
     0.0002736
   0.000272637
     0.0002736
   0.000272637
     0.0002736
   0.000272637
     0.0002736
   0.000272637
     0.0002736
   0.000272637
     0.0002736
   0.000272637
     0.0002736
   0.000272637
     0.0002736
   0.000272637
     0.0002736
   0.000272637
     0.0002736
   0.000272637
     0.0002736
   0.000272637
     0.0002736
   0.000272637
     0.0002736
   0.000272637
     0.0002736
   0.000272637
     0.0002736
   0.000272637
     0.0002736
   0.000272637
     0.0002736
   0.000272637
     0.0002736
   0.000272637
     0.0002736
   0.000272637
     0.0002736
   0.000272637
     0.0002736
   0.000272637
     0.0002736
   0.000272637
     0.0002736
   0.000272637
     0.0002736
   0.000272637
     0.0002736
   0.000272637
    0.00013486
   0.000136442
    0.00013486
   0.000136442
    0.00013486
   0.000136442
    0.00013486
   0.000136442
    0.00013486
   0.000136442
    0.00013486
   0.000136442
    0.00013486
   0.000136442
    0.00013486
   0.000136442
    0.00013486
   0.000136442
    0.00013486
   0.000136442
    0.00013486
   0.000136442
    0.00013486
   0.000136442
    0.00013486
   0.000136442
    0.00013486
   0.000136442
    0.00013486
   0.000136442
    0.00013486
   0.000136442
    0.00013486
   0.000136442
    0.00013486
   0.000136442
    0.00013486
   0.000136442
    0.00013486
   0.000136442
    0.00013486
   0.000136442
    0.00013486
   0.000136442
    0.00013486
   0.000136442
    0.00013486
   0.000136442
    0.00013486
   0.000136442
    0.00013486
   0.000136442
    0.00013486
   0.000136442
    0.00013486
   0.000136442
    0.00013486
   0.000136442
    0.00013486
   6.67247e-05
   6.70547e-05
   6.67247e-05
   6.70547e-05
   6.67247e-05
   6.70547e-05
   6.67247e-05
   6.70547e-05
   6.67247e-05
   6.70547e-05
   6.67247e-05
   6.70547e-05
   6.67247e-05
   6.70547e-05
   6.67247e-05
   6.70547e-05
   6.67247e-05
   6.70547e-05
   6.67247e-05
   6.70547e-05
   6.67247e-05
   6.70547e-05
   6.67247e-05
   6.70547e-05
   6.67247e-05
   6.70547e-05
   6.67247e-05
   6.70547e-05
   6.67247e-05
   6.70547e-05
   6.67247e-05
   6.70547e-05
   6.67247e-05
   6.70547e-05
   6.67247e-05
   6.70547e-05
   6.67247e-05
   6.70547e-05
   6.67247e-05
   6.70547e-05
   6.67247e-05
   6.70547e-05
   6.67247e-05
   6.70547e-05
   6.67247e-05
   6.70547e-05
   6.67247e-05
   6.70547e-05
   6.67247e-05
   6.70547e-05
   6.67247e-05
   6.70547e-05
   6.67247e-05
   6.70547e-05
   6.67247e-05
   6.70547e-05
   6.67247e-05
   6.70547e-05
   6.67247e-05
    3.1564e-05
   3.20587e-05
    3.1564e-05
   3.20587e-05
    3.1564e-05
   3.20587e-05
    3.1564e-05
   3.20587e-05
    3.1564e-05
   3.20587e-05
    3.1564e-05
   3.20587e-05
    3.1564e-05
   3.20587e-05
    3.1564e-05
   3.20587e-05
    3.1564e-05
   3.20587e-05
    3.1564e-05
   3.20587e-05
    3.1564e-05
   3.20587e-05
    3.1564e-05
   3.20587e-05
    3.1564e-05
   3.20587e-05
    3.1564e-05
   3.20587e-05
    3.1564e-05
   3.20587e-05
    3.1564e-05
   3.20587e-05
    3.1564e-05
   3.20587e-05
    3.1564e-05
   3.20587e-05
    3.1564e-05
   3.20587e-05
    3.1564e-05
   3.20587e-05
    3.1564e-05
   3.20587e-05
    3.1564e-05
   3.20587e-05
    3.1564e-05
   3.20587e-05
    3.1564e-05
   3.20587e-05
    3.1564e-05
   3.20587e-05
    3.1564e-05
   3.20587e-05
    3.1564e-05
   3.20587e-05
    3.1564e-05
   3.20587e-05
    3.1564e-05
   3.20587e-05
    3.1564e-05
   1.50546e-05
   1.51538e-05
   1.50546e-05
   1.51538e-05
   1.50546e-05
   1.51538e-05
   1.50546e-05
   1.51538e-05
   1.50546e-05
   1.51538e-05
   1.50546e-05
   1.51538e-05
   1.50546e-05
   1.51538e-05
   1.50546e-05
   1.51538e-05
   1.50546e-05
   1.51538e-05
   1.50546e-05
   1.51538e-05
   1.50546e-05
   1.51538e-05
   1.50546e-05
   1.51538e-05
   1.50546e-05
   1.51538e-05
   1.50546e-05
   1.51538e-05
   1.50546e-05
   1.51538e-05
   1.50546e-05
   1.51538e-05
   1.50546e-05
   1.51538e-05
   1.50546e-05
   1.51538e-05
   1.50546e-05
   1.51538e-05
   1.50546e-05
   1.51538e-05
   1.50546e-05
   1.51538e-05
   1.50546e-05
   1.51538e-05
   1.50546e-05
   1.51538e-05
   1.50546e-05
   1.51538e-05
   1.50546e-05
   1.51538e-05
   1.50546e-05
   1.51538e-05
   1.50546e-05
   1.51538e-05
   1.50546e-05
   1.51538e-05
   1.50546e-05
   1.51538e-05
   1.50546e-05
   6.83025e-06
   6.96737e-06
   6.83025e-06
   6.96737e-06
   6.83025e-06
   6.96737e-06
   6.83025e-06
   6.96737e-06
   6.83025e-06
   6.96737e-06
   6.83025e-06
   6.96737e-06
   6.83025e-06
   6.96737e-06
   6.83025e-06
   6.96737e-06
   6.83025e-06
   6.96737e-06
   6.83025e-06
   6.96737e-06
   6.83025e-06
   6.96737e-06
   6.83025e-06
   6.96737e-06
   6.83025e-06
   6.96737e-06
   6.83025e-06
   6.96737e-06
   6.83025e-06
   6.96737e-06
   6.83025e-06
   6.96737e-06
   6.83025e-06
   6.96737e-06
   6.83025e-06
   6.96737e-06
   6.83025e-06
   6.96737e-06
   6.83025e-06
   6.96737e-06
   6.83025e-06
   6.96737e-06
   6.83025e-06
   6.96737e-06
   6.83025e-06
   6.96737e-06
   6.83025e-06
   6.96737e-06
   6.83025e-06
   6.96737e-06
   6.83025e-06
   6.96737e-06
   6.83025e-06
   6.96737e-06
   6.83025e-06
   6.96737e-06
   6.83025e-06
   6.96737e-06
   6.83025e-06
   3.15283e-06
   3.17946e-06
   3.15283e-06
   3.17946e-06
   3.15283e-06
   3.17946e-06
   3.15283e-06
   3.17946e-06
   3.15283e-06
   3.17946e-06
   3.15283e-06
   3.17946e-06
   3.15283e-06
   3.17946e-06
   3.15283e-06
   3.17946e-06
   3.15283e-06
   3.17946e-06
   3.15283e-06
   3.17946e-06
   3.15283e-06
   3.17946e-06
   3.15283e-06
   3.17946e-06
   3.15283e-06
   3.17946e-06
   3.15283e-06
   3.17946e-06
   3.15283e-06
   3.17946e-06
   3.15283e-06
   3.17946e-06
   3.15283e-06
   3.17946e-06
   3.15283e-06
   3.17946e-06
   3.15283e-06
   3.17946e-06
   3.15283e-06
   3.17946e-06
   3.15283e-06
   3.17946e-06
   3.15283e-06
   3.17946e-06
   3.15283e-06
   3.17946e-06
   3.15283e-06
   3.17946e-06
   3.15283e-06
   3.17946e-06
   3.15283e-06
   3.17946e-06
   3.15283e-06
   3.17946e-06
   3.15283e-06
   3.17946e-06
   3.15283e-06
   3.17946e-06
   3.15283e-06
   1.38139e-06
   1.41586e-06
   1.38139e-06
   1.41586e-06
   1.38139e-06
   1.41586e-06
   1.38139e-06
   1.41586e-06
   1.38139e-06
   1.41586e-06
   1.38139e-06
   1.41586e-06
   1.38139e-06
   1.41586e-06
   1.38139e-06
   1.41586e-06
   1.38139e-06
   1.41586e-06
   1.38139e-06
   1.41586e-06
   1.38139e-06
   1.41586e-06
   1.38139e-06
   1.41586e-06
   1.38139e-06
   1.41586e-06
   1.38139e-06
   1.41586e-06
   1.38138e-06
   1.41585e-06
   1.38138e-06
   1.41586e-06
   1.38139e-06
   1.41586e-06
   1.38139e-06
   1.41586e-06
   1.38139e-06
   1.41586e-06
   1.38139e-06
   1.41586e-06
   1.38139e-06
   1.41586e-06
   1.38139e-06
   1.41586e-06
   1.38139e-06
   1.41586e-06
   1.38139e-06
   1.41586e-06
   1.38139e-06
   1.41586e-06
   1.38139e-06
   1.41586e-06
   1.38139e-06
   1.41586e-06
   1.38139e-06
   1.41586e-06
   1.38139e-06
   1.41586e-06
   1.38139e-06
   6.33866e-07
   6.40591e-07
   6.33866e-07
   6.40591e-07
   6.33866e-07
   6.40591e-07
   6.33866e-07
   6.40591e-07
   6.33866e-07
   6.40591e-07
   6.33866e-07
   6.40591e-07
   6.33866e-07
   6.40591e-07
   6.33866e-07
   6.40591e-07
   6.33866e-07
   6.40591e-07
   6.33866e-07
   6.40591e-07
   6.33866e-07
   6.40591e-07
   6.33866e-07
    6.4059e-07
   6.33865e-07
   6.40588e-07
    6.3386e-07
   6.40575e-07
   6.33836e-07
   6.40552e-07
   6.33836e-07
   6.40575e-07
    6.3386e-07
   6.40588e-07
   6.33865e-07
    6.4059e-07
   6.33866e-07
   6.40591e-07
   6.33866e-07
   6.40591e-07
   6.33866e-07
   6.40591e-07
   6.33866e-07
   6.40591e-07
   6.33866e-07
   6.40591e-07
   6.33866e-07
   6.40591e-07
   6.33866e-07
   6.40591e-07
   6.33866e-07
   6.40591e-07
   6.33866e-07
   6.40591e-07
   6.33866e-07
   6.40591e-07
   6.33866e-07
   6.40591e-07
   6.33866e-07
   3.04003e-07
   3.13365e-07
   3.04003e-07
   3.13365e-07
   3.04003e-07
   3.13365e-07
   3.04003e-07
   3.13365e-07
   3.04003e-07
   3.13365e-07
   3.04003e-07
   3.13365e-07
   3.04003e-07
   3.13365e-07
   3.04003e-07
   3.13365e-07
   3.04003e-07
   3.13365e-07
   3.04003e-07
   3.13365e-07
   3.04003e-07
   3.13365e-07
   3.04002e-07
   3.13365e-07
   3.04001e-07
   3.13361e-07
   3.03993e-07
   3.13335e-07
   3.03921e-07
    3.1325e-07
   3.03921e-07
   3.13335e-07
   3.03993e-07
   3.13361e-07
   3.04001e-07
   3.13365e-07
   3.04002e-07
   3.13365e-07
   3.04003e-07
   3.13365e-07
   3.04003e-07
   3.13365e-07
   3.04003e-07
   3.13365e-07
   3.04003e-07
   3.13365e-07
   3.04003e-07
   3.13365e-07
   3.04003e-07
   3.13365e-07
   3.04003e-07
   3.13365e-07
   3.04003e-07
   3.13365e-07
   3.04003e-07
   3.13365e-07
   3.04003e-07
   3.13365e-07
   3.04003e-07
    2.2476e-07
   2.27606e-07
    2.2476e-07
   2.27606e-07
    2.2476e-07
   2.27606e-07
    2.2476e-07
   2.27606e-07
    2.2476e-07
   2.27606e-07
    2.2476e-07
   2.27606e-07
    2.2476e-07
   2.27606e-07
    2.2476e-07
   2.27606e-07
    2.2476e-07
   2.27606e-07
    2.2476e-07
   2.27606e-07
    2.2476e-07
   2.27606e-07
    2.2476e-07
   2.27606e-07
   2.24759e-07
   2.27602e-07
   2.24747e-07
   2.27567e-07
   2.24645e-07
   2.27257e-07
   2.24645e-07
   2.27567e-07
   2.24747e-07
   2.27602e-07
   2.24759e-07
   2.27606e-07
    2.2476e-07
   2.27606e-07
    2.2476e-07
   2.27606e-07
    2.2476e-07
   2.27606e-07
    2.2476e-07
   2.27606e-07
    2.2476e-07
   2.27606e-07
    2.2476e-07
   2.27606e-07
    2.2476e-07
   2.27606e-07
    2.2476e-07
   2.27606e-07
    2.2476e-07
   2.27606e-07
    2.2476e-07
   2.27606e-07
    2.2476e-07
   2.27606e-07
    2.2476e-07
   3.04003e-07
   3.13365e-07
   3.04003e-07
   3.13365e-07
   3.04003e-07
   3.13365e-07
   3.04003e-07
   3.13365e-07
   3.04003e-07
   3.13365e-07
   3.04003e-07
   3.13365e-07
   3.04003e-07
   3.13365e-07
   3.04003e-07
   3.13365e-07
   3.04003e-07
   3.13365e-07
   3.04003e-07
   3.13365e-07
   3.04003e-07
   3.13365e-07
   3.04002e-07
   3.13365e-07
   3.04001e-07
   3.13361e-07
   3.03993e-07
   3.13335e-07
   3.03921e-07
    3.1325e-07
   3.03921e-07
   3.13335e-07
   3.03993e-07
   3.13361e-07
   3.04001e-07
   3.13365e-07
   3.04002e-07
   3.13365e-07
   3.04003e-07
   3.13365e-07
   3.04003e-07
   3.13365e-07
   3.04003e-07
   3.13365e-07
   3.04003e-07
   3.13365e-07
   3.04003e-07
   3.13365e-07
   3.04003e-07
   3.13365e-07
   3.04003e-07
   3.13365e-07
   3.04003e-07
   3.13365e-07
   3.04003e-07
   3.13365e-07
   3.04003e-07
   3.13365e-07
   3.04003e-07
   6.33866e-07
   6.40591e-07
   6.33866e-07
   6.40591e-07
   6.33866e-07
   6.40591e-07
   6.33866e-07
   6.40591e-07
   6.33866e-07
   6.40591e-07
   6.33866e-07
   6.40591e-07
   6.33866e-07
   6.40591e-07
   6.33866e-07
   6.40591e-07
   6.33866e-07
   6.40591e-07
   6.33866e-07
   6.40591e-07
   6.33866e-07
   6.40591e-07
   6.33866e-07
    6.4059e-07
   6.33865e-07
   6.40588e-07
    6.3386e-07
   6.40575e-07
   6.33836e-07
   6.40552e-07
   6.33836e-07
   6.40575e-07
    6.3386e-07
   6.40588e-07
   6.33865e-07
    6.4059e-07
   6.33866e-07
   6.40591e-07
   6.33866e-07
   6.40591e-07
   6.33866e-07
   6.40591e-07
   6.33866e-07
   6.40591e-07
   6.33866e-07
   6.40591e-07
   6.33866e-07
   6.40591e-07
   6.33866e-07
   6.40591e-07
   6.33866e-07
   6.40591e-07
   6.33866e-07
   6.40591e-07
   6.33866e-07
   6.40591e-07
   6.33866e-07
   6.40591e-07
   6.33866e-07
   1.38139e-06
   1.41586e-06
   1.38139e-06
   1.41586e-06
   1.38139e-06
   1.41586e-06
   1.38139e-06
   1.41586e-06
   1.38139e-06
   1.41586e-06
   1.38139e-06
   1.41586e-06
   1.38139e-06
   1.41586e-06
   1.38139e-06
   1.41586e-06
   1.38139e-06
   1.41586e-06
   1.38139e-06
   1.41586e-06
   1.38139e-06
   1.41586e-06
   1.38139e-06
   1.41586e-06
   1.38139e-06
   1.41586e-06
   1.38139e-06
   1.41586e-06
   1.38138e-06
   1.41585e-06
   1.38138e-06
   1.41586e-06
   1.38139e-06
   1.41586e-06
   1.38139e-06
   1.41586e-06
   1.38139e-06
   1.41586e-06
   1.38139e-06
   1.41586e-06
   1.38139e-06
   1.41586e-06
   1.38139e-06
   1.41586e-06
   1.38139e-06
   1.41586e-06
   1.38139e-06
   1.41586e-06
   1.38139e-06
   1.41586e-06
   1.38139e-06
   1.41586e-06
   1.38139e-06
   1.41586e-06
   1.38139e-06
   1.41586e-06
   1.38139e-06
   1.41586e-06
   1.38139e-06
   3.15283e-06
   3.17946e-06
   3.15283e-06
   3.17946e-06
   3.15283e-06
   3.17946e-06
   3.15283e-06
   3.17946e-06
   3.15283e-06
   3.17946e-06
   3.15283e-06
   3.17946e-06
   3.15283e-06
   3.17946e-06
   3.15283e-06
   3.17946e-06
   3.15283e-06
   3.17946e-06
   3.15283e-06
   3.17946e-06
   3.15283e-06
   3.17946e-06
   3.15283e-06
   3.17946e-06
   3.15283e-06
   3.17946e-06
   3.15283e-06
   3.17946e-06
   3.15283e-06
   3.17946e-06
   3.15283e-06
   3.17946e-06
   3.15283e-06
   3.17946e-06
   3.15283e-06
   3.17946e-06
   3.15283e-06
   3.17946e-06
   3.15283e-06
   3.17946e-06
   3.15283e-06
   3.17946e-06
   3.15283e-06
   3.17946e-06
   3.15283e-06
   3.17946e-06
   3.15283e-06
   3.17946e-06
   3.15283e-06
   3.17946e-06
   3.15283e-06
   3.17946e-06
   3.15283e-06
   3.17946e-06
   3.15283e-06
   3.17946e-06
   3.15283e-06
   3.17946e-06
   3.15283e-06
   6.83025e-06
   6.96737e-06
   6.83025e-06
   6.96737e-06
   6.83025e-06
   6.96737e-06
   6.83025e-06
   6.96737e-06
   6.83025e-06
   6.96737e-06
   6.83025e-06
   6.96737e-06
   6.83025e-06
   6.96737e-06
   6.83025e-06
   6.96737e-06
   6.83025e-06
   6.96737e-06
   6.83025e-06
   6.96737e-06
   6.83025e-06
   6.96737e-06
   6.83025e-06
   6.96737e-06
   6.83025e-06
   6.96737e-06
   6.83025e-06
   6.96737e-06
   6.83025e-06
   6.96737e-06
   6.83025e-06
   6.96737e-06
   6.83025e-06
   6.96737e-06
   6.83025e-06
   6.96737e-06
   6.83025e-06
   6.96737e-06
   6.83025e-06
   6.96737e-06
   6.83025e-06
   6.96737e-06
   6.83025e-06
   6.96737e-06
   6.83025e-06
   6.96737e-06
   6.83025e-06
   6.96737e-06
   6.83025e-06
   6.96737e-06
   6.83025e-06
   6.96737e-06
   6.83025e-06
   6.96737e-06
   6.83025e-06
   6.96737e-06
   6.83025e-06
   6.96737e-06
   6.83025e-06
   1.50546e-05
   1.51538e-05
   1.50546e-05
   1.51538e-05
   1.50546e-05
   1.51538e-05
   1.50546e-05
   1.51538e-05
   1.50546e-05
   1.51538e-05
   1.50546e-05
   1.51538e-05
   1.50546e-05
   1.51538e-05
   1.50546e-05
   1.51538e-05
   1.50546e-05
   1.51538e-05
   1.50546e-05
   1.51538e-05
   1.50546e-05
   1.51538e-05
   1.50546e-05
   1.51538e-05
   1.50546e-05
   1.51538e-05
   1.50546e-05
   1.51538e-05
   1.50546e-05
   1.51538e-05
   1.50546e-05
   1.51538e-05
   1.50546e-05
   1.51538e-05
   1.50546e-05
   1.51538e-05
   1.50546e-05
   1.51538e-05
   1.50546e-05
   1.51538e-05
   1.50546e-05
   1.51538e-05
   1.50546e-05
   1.51538e-05
   1.50546e-05
   1.51538e-05
   1.50546e-05
   1.51538e-05
   1.50546e-05
   1.51538e-05
   1.50546e-05
   1.51538e-05
   1.50546e-05
   1.51538e-05
   1.50546e-05
   1.51538e-05
   1.50546e-05
   1.51538e-05
   1.50546e-05
    3.1564e-05
   3.20587e-05
    3.1564e-05
   3.20587e-05
    3.1564e-05
   3.20587e-05
    3.1564e-05
   3.20587e-05
    3.1564e-05
   3.20587e-05
    3.1564e-05
   3.20587e-05
    3.1564e-05
   3.20587e-05
    3.1564e-05
   3.20587e-05
    3.1564e-05
   3.20587e-05
    3.1564e-05
   3.20587e-05
    3.1564e-05
   3.20587e-05
    3.1564e-05
   3.20587e-05
    3.1564e-05
   3.20587e-05
    3.1564e-05
   3.20587e-05
    3.1564e-05
   3.20587e-05
    3.1564e-05
   3.20587e-05
    3.1564e-05
   3.20587e-05
    3.1564e-05
   3.20587e-05
    3.1564e-05
   3.20587e-05
    3.1564e-05
   3.20587e-05
    3.1564e-05
   3.20587e-05
    3.1564e-05
   3.20587e-05
    3.1564e-05
   3.20587e-05
    3.1564e-05
   3.20587e-05
    3.1564e-05
   3.20587e-05
    3.1564e-05
   3.20587e-05
    3.1564e-05
   3.20587e-05
    3.1564e-05
   3.20587e-05
    3.1564e-05
   3.20587e-05
    3.1564e-05
   6.67247e-05
   6.70547e-05
   6.67247e-05
   6.70547e-05
   6.67247e-05
   6.70547e-05
   6.67247e-05
   6.70547e-05
   6.67247e-05
   6.70547e-05
   6.67247e-05
   6.70547e-05
   6.67247e-05
   6.70547e-05
   6.67247e-05
   6.70547e-05
   6.67247e-05
   6.70547e-05
   6.67247e-05
   6.70547e-05
   6.67247e-05
   6.70547e-05
   6.67247e-05
   6.70547e-05
   6.67247e-05
   6.70547e-05
   6.67247e-05
   6.70547e-05
   6.67247e-05
   6.70547e-05
   6.67247e-05
   6.70547e-05
   6.67247e-05
   6.70547e-05
   6.67247e-05
   6.70547e-05
   6.67247e-05
   6.70547e-05
   6.67247e-05
   6.70547e-05
   6.67247e-05
   6.70547e-05
   6.67247e-05
   6.70547e-05
   6.67247e-05
   6.70547e-05
   6.67247e-05
   6.70547e-05
   6.67247e-05
   6.70547e-05
   6.67247e-05
   6.70547e-05
   6.67247e-05
   6.70547e-05
   6.67247e-05
   6.70547e-05
   6.67247e-05
   6.70547e-05
   6.67247e-05
    0.00013486
   0.000136442
    0.00013486
   0.000136442
    0.00013486
   0.000136442
    0.00013486
   0.000136442
    0.00013486
   0.000136442
    0.00013486
   0.000136442
    0.00013486
   0.000136442
    0.00013486
   0.000136442
    0.00013486
   0.000136442
    0.00013486
   0.000136442
    0.00013486
   0.000136442
    0.00013486
   0.000136442
    0.00013486
   0.000136442
    0.00013486
   0.000136442
    0.00013486
   0.000136442
    0.00013486
   0.000136442
    0.00013486
   0.000136442
    0.00013486
   0.000136442
    0.00013486
   0.000136442
    0.00013486
   0.000136442
    0.00013486
   0.000136442
    0.00013486
   0.000136442
    0.00013486
   0.000136442
    0.00013486
   0.000136442
    0.00013486
   0.000136442
    0.00013486
   0.000136442
    0.00013486
   0.000136442
    0.00013486
   0.000136442
    0.00013486
   0.000136442
    0.00013486
   0.000272637
     0.0002736
   0.000272637
     0.0002736
   0.000272637
     0.0002736
   0.000272637
     0.0002736
   0.000272637
     0.0002736
   0.000272637
     0.0002736
   0.000272637
     0.0002736
   0.000272637
     0.0002736
   0.000272637
     0.0002736
   0.000272637
     0.0002736
   0.000272637
     0.0002736
   0.000272637
     0.0002736
   0.000272637
     0.0002736
   0.000272637
     0.0002736
   0.000272637
     0.0002736
   0.000272637
     0.0002736
   0.000272637
     0.0002736
   0.000272637
     0.0002736
   0.000272637
     0.0002736
   0.000272637
     0.0002736
   0.000272637
     0.0002736
   0.000272637
     0.0002736
   0.000272637
     0.0002736
   0.000272637
     0.0002736
   0.000272637
     0.0002736
   0.000272637
     0.0002736
   0.000272637
     0.0002736
   0.000272637
     0.0002736
   0.000272637
     0.0002736
   0.000272637
   0.000529379
    0.00053378
   0.000529379
    0.00053378
   0.000529379
    0.00053378
   0.000529379
    0.00053378
   0.000529379
    0.00053378
   0.000529379
    0.00053378
   0.000529379
    0.00053378
   0.000529379
    0.00053378
   0.000529379
    0.00053378
   0.000529379
    0.00053378
   0.000529379
    0.00053378
   0.000529379
    0.00053378
   0.000529379
    0.00053378
   0.000529379
    0.00053378
   0.000529379
    0.00053378
   0.000529379
    0.00053378
   0.000529379
    0.00053378
   0.000529379
    0.00053378
   0.000529379
    0.00053378
   0.000529379
    0.00053378
   0.000529379
    0.00053378
   0.000529379
    0.00053378
   0.000529379
    0.00053378
   0.000529379
    0.00053378
   0.000529379
    0.00053378
   0.000529379
    0.00053378
   0.000529379
    0.00053378
   0.000529379
    0.00053378
   0.000529379
    0.00053378
   0.000529379
    0.00102058
    0.00102299
    0.00102058
    0.00102299
    0.00102058
    0.00102299
    0.00102058
    0.00102299
    0.00102058
    0.00102299
    0.00102058
    0.00102299
    0.00102058
    0.00102299
    0.00102058
    0.00102299
    0.00102058
    0.00102299
    0.00102058
    0.00102299
    0.00102058
    0.00102299
    0.00102058
    0.00102299
    0.00102058
    0.00102299
    0.00102058
    0.00102299
    0.00102058
    0.00102299
    0.00102058
    0.00102299
    0.00102058
    0.00102299
    0.00102058
    0.00102299
    0.00102058
    0.00102299
    0.00102058
    0.00102299
    0.00102058
    0.00102299
    0.00102058
    0.00102299
    0.00102058
    0.00102299
    0.00102058
    0.00102299
    0.00102058
    0.00102299
    0.00102058
    0.00102299
    0.00102058
    0.00102299
    0.00102058
    0.00102299
    0.00102058
    0.00102299
    0.00102058
    0.00189694
    0.00190731
    0.00189694
    0.00190731
    0.00189694
    0.00190731
    0.00189694
    0.00190731
    0.00189694
    0.00190731
    0.00189694
    0.00190731
    0.00189694
    0.00190731
    0.00189694
    0.00190731
    0.00189694
    0.00190731
    0.00189694
    0.00190731
    0.00189694
    0.00190731
    0.00189694
    0.00190731
    0.00189694
    0.00190731
    0.00189694
    0.00190731
    0.00189694
    0.00190731
    0.00189694
    0.00190731
    0.00189694
    0.00190731
    0.00189694
    0.00190731
    0.00189694
    0.00190731
    0.00189694
    0.00190731
    0.00189694
    0.00190731
    0.00189694
    0.00190731
    0.00189694
    0.00190731
    0.00189694
    0.00190731
    0.00189694
    0.00190731
    0.00189694
    0.00190731
    0.00189694
    0.00190731
    0.00189694
    0.00190731
    0.00189694
    0.00190731
    0.00189694
    0.00347755
    0.00348256
    0.00347755
    0.00348256
    0.00347755
    0.00348256
    0.00347755
    0.00348256
    0.00347755
    0.00348256
    0.00347755
    0.00348256
    0.00347755
    0.00348256
    0.00347755
    0.00348256
    0.00347755
    0.00348256
    0.00347755
    0.00348256
    0.00347755
    0.00348256
    0.00347755
    0.00348256
    0.00347755
    0.00348256
    0.00347755
    0.00348256
    0.00347755
    0.00348256
    0.00347755
    0.00348256
    0.00347755
    0.00348256
    0.00347755
    0.00348256
    0.00347755
    0.00348256
    0.00347755
    0.00348256
    0.00347755
    0.00348256
    0.00347755
    0.00348256
    0.00347755
    0.00348256
    0.00347755
    0.00348256
    0.00347755
    0.00348256
    0.00347755
    0.00348256
    0.00347755
    0.00348256
    0.00347755
    0.00348256
    0.00347755
    0.00348256
    0.00347755
    0.00616451
    0.00618438
    0.00616451
    0.00618438
    0.00616451
    0.00618438
    0.00616451
    0.00618438
    0.00616451
    0.00618438
    0.00616451
    0.00618438
    0.00616451
    0.00618438
    0.00616451
    0.00618438
    0.00616451
    0.00618438
    0.00616451
    0.00618438
    0.00616451
    0.00618438
    0.00616451
    0.00618438
    0.00616451
    0.00618438
    0.00616451
    0.00618438
    0.00616451
    0.00618438
    0.00616451
    0.00618438
    0.00616451
    0.00618438
    0.00616451
    0.00618438
    0.00616451
    0.00618438
    0.00616451
    0.00618438
    0.00616451
    0.00618438
    0.00616451
    0.00618438
    0.00616451
    0.00618438
    0.00616451
    0.00618438
    0.00616451
    0.00618438
    0.00616451
    0.00618438
    0.00616451
    0.00618438
    0.00616451
    0.00618438
    0.00616451
    0.00618438
    0.00616451
     0.0107163
     0.0107245
     0.0107163
     0.0107245
     0.0107163
     0.0107245
     0.0107163
     0.0107245
     0.0107163
     0.0107245
     0.0107163
     0.0107245
     0.0107163
     0.0107245
     0.0107163
     0.0107245
     0.0107163
     0.0107245
     0.0107163
     0.0107245
     0.0107163
     0.0107245
     0.0107163
     0.0107245
     0.0107163
     0.0107245
     0.0107163
     0.0107245
     0.0107163
     0.0107245
     0.0107163
     0.0107245
     0.0107163
     0.0107245
     0.0107163
     0.0107245
     0.0107163
     0.0107245
     0.0107163
     0.0107245
     0.0107163
     0.0107245
     0.0107163
     0.0107245
     0.0107163
     0.0107245
     0.0107163
     0.0107245
     0.0107163
     0.0107245
     0.0107163
     0.0107245
     0.0107163
     0.0107245
     0.0107163
     0.0107245
     0.0107163
     0.0107245
     0.0107163
     0.0180505
      0.018079
     0.0180505
      0.018079
     0.0180505
      0.018079
     0.0180505
      0.018079
     0.0180505
      0.018079
     0.0180505
      0.018079
     0.0180505
      0.018079
     0.0180505
      0.018079
     0.0180505
      0.018079
     0.0180505
      0.018079
     0.0180505
      0.018079
     0.0180505
      0.018079
     0.0180505
      0.018079
     0.0180505
      0.018079
     0.0180505
      0.018079
     0.0180505
      0.018079
     0.0180505
      0.018079
     0.0180505
      0.018079
     0.0180505
      0.018079
     0.0180505
      0.018079
     0.0180505
      0.018079
     0.0180505
      0.018079
     0.0180505
      0.018079
     0.0180505
      0.018079
     0.0180505
      0.018079
     0.0180505
      0.018079
     0.0180505
      0.018079
     0.0180505
      0.018079
     0.0180505
      0.018079
     0.0180505
     0.0296773
     0.0296863
     0.0296773
     0.0296863
     0.0296773
     0.0296863
     0.0296773
     0.0296863
     0.0296773
     0.0296863
     0.0296773
     0.0296863
     0.0296773
     0.0296863
     0.0296773
     0.0296863
     0.0296773
     0.0296863
     0.0296773
     0.0296863
     0.0296773
     0.0296863
     0.0296773
     0.0296863
     0.0296773
     0.0296863
     0.0296773
     0.0296863
     0.0296773
     0.0296863
     0.0296773
     0.0296863
     0.0296773
     0.0296863
     0.0296773
     0.0296863
     0.0296773
     0.0296863
     0.0296773
     0.0296863
     0.0296773
     0.0296863
     0.0296773
     0.0296863
     0.0296773
     0.0296863
     0.0296773
     0.0296863
     0.0296773
     0.0296863
     0.0296773
     0.0296863
     0.0296773
     0.0296863
     0.0296773
     0.0296863
     0.0296773
     0.0296863
     0.0296773
     0.0473348
     0.0473582
     0.0473348
     0.0473582
     0.0473348
     0.0473582
     0.0473348
     0.0473582
     0.0473348
     0.0473582
     0.0473348
     0.0473582
     0.0473348
     0.0473582
     0.0473348
     0.0473582
     0.0473348
     0.0473582
     0.0473348
     0.0473582
     0.0473348
     0.0473582
     0.0473348
     0.0473582
     0.0473348
     0.0473582
     0.0473348
     0.0473582
     0.0473348
     0.0473582
     0.0473348
     0.0473582
     0.0473348
     0.0473582
     0.0473348
     0.0473582
     0.0473348
     0.0473582
     0.0473348
     0.0473582
     0.0473348
     0.0473582
     0.0473348
     0.0473582
     0.0473348
     0.0473582
     0.0473348
     0.0473582
     0.0473348
     0.0473582
     0.0473348
     0.0473582
     0.0473348
     0.0473582
     0.0473348
     0.0473582
     0.0473348
     0.0473582
     0.0473348
     0.0734362
     0.0734388
     0.0734362
     0.0734388
     0.0734362
     0.0734388
     0.0734362
     0.0734388
     0.0734362
     0.0734388
     0.0734362
     0.0734388
     0.0734362
     0.0734388
     0.0734362
     0.0734388
     0.0734362
     0.0734388
     0.0734362
     0.0734388
     0.0734362
     0.0734388
     0.0734362
     0.0734388
     0.0734362
     0.0734388
     0.0734362
     0.0734388
     0.0734362
     0.0734388
     0.0734362
     0.0734388
     0.0734362
     0.0734388
     0.0734362
     0.0734388
     0.0734362
     0.0734388
     0.0734362
     0.0734388
     0.0734362
     0.0734388
     0.0734362
     0.0734388
     0.0734362
     0.0734388
     0.0734362
     0.0734388
     0.0734362
     0.0734388
     0.0734362
     0.0734388
     0.0734362
     0.0734388
     0.0734362
     0.0734388
     0.0734362
     0.0734388
     0.0734362
      0.110583
      0.110572
      0.110583
      0.110572
      0.110583
      0.110572
      0.110583
      0.110572
      0.110583
      0.110572
      0.110583
      0.110572
      0.110583
      0.110572
      0.110583
      0.110572
      0.110583
      0.110572
      0.110583
      0.110572
      0.110583
      0.110572
      0.110583
      0.110572
      0.110583
      0.110572
      0.110583
      0.110572
      0.110583
      0.110572
      0.110583
      0.110572
      0.110583
      0.110572
      0.110583
      0.110572
      0.110583
      0.110572
      0.110583
      0.110572
      0.110583
      0.110572
      0.110583
      0.110572
      0.110583
      0.110572
      0.110583
      0.110572
      0.110583
      0.110572
      0.110583
      0.110572
      0.110583
      0.110572
      0.110583
      0.110572
      0.110583
      0.110572
      0.110583
      0.161612
      0.161598
      0.161612
      0.161598
      0.161612
      0.161598
      0.161612
      0.161598
      0.161612
      0.161598
      0.161612
      0.161598
      0.161612
      0.161598
      0.161612
      0.161598
      0.161612
      0.161598
      0.161612
      0.161598
      0.161612
      0.161598
      0.161612
      0.161598
      0.161612
      0.161598
      0.161612
      0.161598
      0.161612
      0.161598
      0.161612
      0.161598
      0.161612
      0.161598
      0.161612
      0.161598
      0.161612
      0.161598
      0.161612
      0.161598
      0.161612
      0.161598
      0.161612
      0.161598
      0.161612
      0.161598
      0.161612
      0.161598
      0.161612
      0.161598
      0.161612
      0.161598
      0.161612
      0.161598
      0.161612
      0.161598
      0.161612
      0.161598
      0.161612
      0.229277
      0.229207
      0.229277
      0.229207
      0.229277
      0.229207
      0.229277
      0.229207
      0.229277
      0.229207
      0.229277
      0.229207
      0.229277
      0.229207
      0.229277
      0.229207
      0.229277
      0.229207
      0.229277
      0.229207
      0.229277
      0.229207
      0.229277
      0.229207
      0.229277
      0.229207
      0.229277
      0.229207
      0.229277
      0.229207
      0.229277
      0.229207
      0.229277
      0.229207
      0.229277
      0.229207
      0.229277
      0.229207
      0.229277
      0.229207
      0.229277
      0.229207
      0.229277
      0.229207
      0.229277
      0.229207
      0.229277
      0.229207
      0.229277
      0.229207
      0.229277
      0.229207
      0.229277
      0.229207
      0.229277
      0.229207
      0.229277
      0.229207
      0.229277
      0.315399
      0.315367
      0.315399
      0.315367
      0.315399
      0.315367
      0.315399
      0.315367
      0.315399
      0.315367
      0.315399
      0.315367
      0.315399
      0.315367
      0.315399
      0.315367
      0.315399
      0.315367
      0.315399
      0.315367
      0.315399
      0.315367
      0.315399
      0.315367
      0.315399
      0.315367
      0.315399
      0.315367
      0.315399
      0.315367
      0.315399
      0.315367
      0.315399
      0.315367
      0.315399
      0.315367
      0.315399
      0.315367
      0.315399
      0.315367
      0.315399
      0.315367
      0.315399
      0.315367
      0.315399
      0.315367
      0.315399
      0.315367
      0.315399
      0.315367
      0.315399
      0.315367
      0.315399
      0.315367
      0.315399
      0.315367
      0.315399
      0.315367
      0.315399
      0.421238
      0.421124
      0.421238
      0.421124
      0.421238
      0.421124
      0.421238
      0.421124
      0.421238
      0.421124
      0.421238
      0.421124
      0.421238
      0.421124
      0.421238
      0.421124
      0.421238
      0.421124
      0.421238
      0.421124
      0.421238
      0.421124
      0.421238
      0.421124
      0.421238
      0.421124
      0.421238
      0.421124
      0.421238
      0.421124
      0.421238
      0.421124
      0.421238
      0.421124
      0.421238
      0.421124
      0.421238
      0.421124
      0.421238
      0.421124
      0.421238
      0.421124
      0.421238
      0.421124
      0.421238
      0.421124
      0.421238
      0.421124
      0.421238
      0.421124
      0.421238
      0.421124
      0.421238
      0.421124
      0.421238
      0.421124
      0.421238
      0.421124
      0.421238
      0.545738
      0.545703
      0.545738
      0.545703
      0.545738
      0.545703
      0.545738
      0.545703
      0.545738
      0.545703
      0.545738
      0.545703
      0.545738
      0.545703
      0.545738
      0.545703
      0.545738
      0.545703
      0.545738
      0.545703
      0.545738
      0.545703
      0.545738
      0.545703
      0.545738
      0.545703
      0.545738
      0.545703
      0.545738
      0.545703
      0.545738
      0.545703
      0.545738
      0.545703
      0.545738
      0.545703
      0.545738
      0.545703
      0.545738
      0.545703
      0.545738
      0.545703
      0.545738
      0.545703
      0.545738
      0.545703
      0.545738
      0.545703
      0.545738
      0.545703
      0.545738
      0.545703
      0.545738
      0.545703
      0.545738
      0.545703
      0.545738
      0.545703
      0.545738
      0.686922
       0.68683
      0.686922
       0.68683
      0.686922
       0.68683
      0.686922
       0.68683
      0.686922
       0.68683
      0.686922
       0.68683
      0.686922
       0.68683
      0.686922
       0.68683
      0.686922
       0.68683
      0.686922
       0.68683
      0.686922
       0.68683
      0.686922
       0.68683
      0.686922
       0.68683
      0.686922
       0.68683
      0.686922
       0.68683
      0.686922
       0.68683
      0.686922
       0.68683
      0.686922
       0.68683
      0.686922
       0.68683
      0.686922
       0.68683
      0.686922
       0.68683
      0.686922
       0.68683
      0.686922
       0.68683
      0.686922
       0.68683
      0.686922
       0.68683
      0.686922
       0.68683
      0.686922
       0.68683
      0.686922
       0.68683
      0.686922
       0.68683
      0.686922
      0.840138
      0.840122
      0.840138
      0.840122
      0.840138
      0.840122
      0.840138
      0.840122
      0.840138
      0.840122
      0.840138
      0.840122
      0.840138
      0.840122
      0.840138
      0.840122
      0.840138
      0.840122
      0.840138
      0.840122
      0.840138
      0.840122
      0.840138
      0.840122
      0.840138
      0.840122
      0.840138
      0.840122
      0.840138
      0.840122
      0.840138
      0.840122
      0.840138
      0.840122
      0.840138
      0.840122
      0.840138
      0.840122
      0.840138
      0.840122
      0.840138
      0.840122
      0.840138
      0.840122
      0.840138
      0.840122
      0.840138
      0.840122
      0.840138
      0.840122
      0.840138
      0.840122
      0.840138
      0.840122
      0.840138
      0.840122
      0.840138
      0.840122
      0.840138
             1
             1
             1
             1
             1
             1
             1
             1
             1
             1
             1
             1
             1
             1
             1
             1
             1
             1
             1
             1
             1
             1
             1
             1
             1
             1
             1
             1
             1
             1
             1
             1
             1
             1
             1
             1
             1
             1
             1
             1
             1
             1
             1
             1
             1
             1
             1
             1
             1
             1
             1
             1
             1
             1
             1
             1
             1
             1
             1
