             1
             1
             1
             1
             1
             1
             1
             1
             1
             1
             1
             1
             1
             1
             1
             1
             1
             1
             1
             1
             1
             1
             1
             1
             1
             1
             1
             1
             1
             1
             1
             1
             1
             1
             1
             1
             1
             1
             1
             1
             1
             1
             1
             1
             1
             1
             1
             1
             1
             1
             1
             1
             1
             1
             1
             1
             1
             1
             1
      0.861733
      0.861725
      0.861733
      0.861725
      0.861733
      0.861725
      0.861733
      0.861725
      0.861733
      0.861725
      0.861733
      0.861725
      0.861733
      0.861725
      0.861733
      0.861725
      0.861733
      0.861725
      0.861733
      0.861725
      0.861733
      0.861725
      0.861733
      0.861725
      0.861733
      0.861725
      0.861733
      0.861725
      0.861733
      0.861725
      0.861733
      0.861725
      0.861733
      0.861725
      0.861733
      0.861725
      0.861733
      0.861725
      0.861733
      0.861725
      0.861733
      0.861725
      0.861733
      0.861725
      0.861733
      0.861725
      0.861733
      0.861725
      0.861733
      0.861725
      0.861733
      0.861725
      0.861733
      0.861725
      0.861733
      0.861725
      0.861733
      0.861725
      0.861733
      0.727746
      0.727701
      0.727746
      0.727701
      0.727746
      0.727701
      0.727746
      0.727701
      0.727746
      0.727701
      0.727746
      0.727701
      0.727746
      0.727701
      0.727746
      0.727701
      0.727746
      0.727701
      0.727746
      0.727701
      0.727746
      0.727701
      0.727746
      0.727701
      0.727746
      0.727701
      0.727746
      0.727701
      0.727746
      0.727701
      0.727746
      0.727701
      0.727746
      0.727701
      0.727746
      0.727701
      0.727746
      0.727701
      0.727746
      0.727701
      0.727746
      0.727701
      0.727746
      0.727701
      0.727746
      0.727701
      0.727746
      0.727701
      0.727746
      0.727701
      0.727746
      0.727701
      0.727746
      0.727701
      0.727746
      0.727701
      0.727746
      0.727701
      0.727746
       0.60169
      0.601671
       0.60169
      0.601671
       0.60169
      0.601671
       0.60169
      0.601671
       0.60169
      0.601671
       0.60169
      0.601671
       0.60169
      0.601671
       0.60169
      0.601671
       0.60169
      0.601671
       0.60169
      0.601671
       0.60169
      0.601671
       0.60169
      0.601671
       0.60169
      0.601671
       0.60169
      0.601671
       0.60169
      0.601671
       0.60169
      0.601671
       0.60169
      0.601671
       0.60169
      0.601671
       0.60169
      0.601671
       0.60169
      0.601671
       0.60169
      0.601671
       0.60169
      0.601671
       0.60169
      0.601671
       0.60169
      0.601671
       0.60169
      0.601671
       0.60169
      0.601671
       0.60169
      0.601671
       0.60169
      0.601671
       0.60169
      0.601671
       0.60169
      0.486855
      0.486791
      0.486855
      0.486791
      0.486855
      0.486791
      0.486855
      0.486791
      0.486855
      0.486791
      0.486855
      0.486791
      0.486855
      0.486791
      0.486855
      0.486791
      0.486855
      0.486791
      0.486855
      0.486791
      0.486855
      0.486791
      0.486855
      0.486791
      0.486855
      0.486791
      0.486855
      0.486791
      0.486855
      0.486791
      0.486855
      0.486791
      0.486855
      0.486791
      0.486855
      0.486791
      0.486855
      0.486791
      0.486855
      0.486791
      0.486855
      0.486791
      0.486855
      0.486791
      0.486855
      0.486791
      0.486855
      0.486791
      0.486855
      0.486791
      0.486855
      0.486791
      0.486855
      0.486791
      0.486855
      0.486791
      0.486855
      0.486791
      0.486855
      0.385142
      0.385122
      0.385142
      0.385122
      0.385142
      0.385122
      0.385142
      0.385122
      0.385142
      0.385122
      0.385142
      0.385122
      0.385142
      0.385122
      0.385142
      0.385122
      0.385142
      0.385122
      0.385142
      0.385122
      0.385142
      0.385122
      0.385142
      0.385122
      0.385142
      0.385122
      0.385142
      0.385122
      0.385142
      0.385122
      0.385142
      0.385122
      0.385142
      0.385122
      0.385142
      0.385122
      0.385142
      0.385122
      0.385142
      0.385122
      0.385142
      0.385122
      0.385142
      0.385122
      0.385142
      0.385122
      0.385142
      0.385122
      0.385142
      0.385122
      0.385142
      0.385122
      0.385142
      0.385122
      0.385142
      0.385122
      0.385142
      0.385122
      0.385142
      0.297935
      0.297883
      0.297935
      0.297883
      0.297935
      0.297883
      0.297935
      0.297883
      0.297935
      0.297883
      0.297935
      0.297883
      0.297935
      0.297883
      0.297935
      0.297883
      0.297935
      0.297883
      0.297935
      0.297883
      0.297935
      0.297883
      0.297935
      0.297883
      0.297935
      0.297883
      0.297935
      0.297883
      0.297935
      0.297883
      0.297935
      0.297883
      0.297935
      0.297883
      0.297935
      0.297883
      0.297935
      0.297883
      0.297935
      0.297883
      0.297935
      0.297883
      0.297935
      0.297883
      0.297935
      0.297883
      0.297935
      0.297883
      0.297935
      0.297883
      0.297935
      0.297883
      0.297935
      0.297883
      0.297935
      0.297883
      0.297935
      0.297883
      0.297935
      0.225161
      0.225149
      0.225161
      0.225149
      0.225161
      0.225149
      0.225161
      0.225149
      0.225161
      0.225149
      0.225161
      0.225149
      0.225161
      0.225149
      0.225161
      0.225149
      0.225161
      0.225149
      0.225161
      0.225149
      0.225161
      0.225149
      0.225161
      0.225149
      0.225161
      0.225149
      0.225161
      0.225149
      0.225161
      0.225149
      0.225161
      0.225149
      0.225161
      0.225149
      0.225161
      0.225149
      0.225161
      0.225149
      0.225161
      0.225149
      0.225161
      0.225149
      0.225161
      0.225149
      0.225161
      0.225149
      0.225161
      0.225149
      0.225161
      0.225149
      0.225161
      0.225149
      0.225161
      0.225149
      0.225161
      0.225149
      0.225161
      0.225149
      0.225161
      0.166328
      0.166305
      0.166328
      0.166305
      0.166328
      0.166305
      0.166328
      0.166305
      0.166328
      0.166305
      0.166328
      0.166305
      0.166328
      0.166305
      0.166328
      0.166305
      0.166328
      0.166305
      0.166328
      0.166305
      0.166328
      0.166305
      0.166328
      0.166305
      0.166328
      0.166305
      0.166328
      0.166305
      0.166328
      0.166305
      0.166328
      0.166305
      0.166328
      0.166305
      0.166328
      0.166305
      0.166328
      0.166305
      0.166328
      0.166305
      0.166328
      0.166305
      0.166328
      0.166305
      0.166328
      0.166305
      0.166328
      0.166305
      0.166328
      0.166305
      0.166328
      0.166305
      0.166328
      0.166305
      0.166328
      0.166305
      0.166328
      0.166305
      0.166328
      0.120022
      0.120018
      0.120022
      0.120018
      0.120022
      0.120018
      0.120022
      0.120018
      0.120022
      0.120018
      0.120022
      0.120018
      0.120022
      0.120018
      0.120022
      0.120018
      0.120022
      0.120018
      0.120022
      0.120018
      0.120022
      0.120018
      0.120022
      0.120018
      0.120022
      0.120018
      0.120022
      0.120018
      0.120022
      0.120018
      0.120022
      0.120018
      0.120022
      0.120018
      0.120022
      0.120018
      0.120022
      0.120018
      0.120022
      0.120018
      0.120022
      0.120018
      0.120022
      0.120018
      0.120022
      0.120018
      0.120022
      0.120018
      0.120022
      0.120018
      0.120022
      0.120018
      0.120022
      0.120018
      0.120022
      0.120018
      0.120022
      0.120018
      0.120022
     0.0846379
     0.0846397
     0.0846379
     0.0846397
     0.0846379
     0.0846397
     0.0846379
     0.0846397
     0.0846379
     0.0846397
     0.0846379
     0.0846397
     0.0846379
     0.0846397
     0.0846379
     0.0846397
     0.0846379
     0.0846397
     0.0846379
     0.0846397
     0.0846379
     0.0846397
     0.0846379
     0.0846397
     0.0846379
     0.0846397
     0.0846379
     0.0846397
     0.0846379
     0.0846397
     0.0846379
     0.0846397
     0.0846379
     0.0846397
     0.0846379
     0.0846397
     0.0846379
     0.0846397
     0.0846379
     0.0846397
     0.0846379
     0.0846397
     0.0846379
     0.0846397
     0.0846379
     0.0846397
     0.0846379
     0.0846397
     0.0846379
     0.0846397
     0.0846379
     0.0846397
     0.0846379
     0.0846397
     0.0846379
     0.0846397
     0.0846379
     0.0846397
     0.0846379
     0.0583339
     0.0583369
     0.0583339
     0.0583369
     0.0583339
     0.0583369
     0.0583339
     0.0583369
     0.0583339
     0.0583369
     0.0583339
     0.0583369
     0.0583339
     0.0583369
     0.0583339
     0.0583369
     0.0583339
     0.0583369
     0.0583339
     0.0583369
     0.0583339
     0.0583369
     0.0583339
     0.0583369
     0.0583339
     0.0583369
     0.0583339
     0.0583369
     0.0583339
     0.0583369
     0.0583339
     0.0583369
     0.0583339
     0.0583369
     0.0583339
     0.0583369
     0.0583339
     0.0583369
     0.0583339
     0.0583369
     0.0583339
     0.0583369
     0.0583339
     0.0583369
     0.0583339
     0.0583369
     0.0583339
     0.0583369
     0.0583339
     0.0583369
     0.0583339
     0.0583369
     0.0583339
     0.0583369
     0.0583339
     0.0583369
     0.0583339
     0.0583369
     0.0583339
     0.0392824
      0.039297
     0.0392824
      0.039297
     0.0392824
      0.039297
     0.0392824
      0.039297
     0.0392824
      0.039297
     0.0392824
      0.039297
     0.0392824
      0.039297
     0.0392824
      0.039297
     0.0392824
      0.039297
     0.0392824
      0.039297
     0.0392824
      0.039297
     0.0392824
      0.039297
     0.0392824
      0.039297
     0.0392824
      0.039297
     0.0392824
      0.039297
     0.0392824
      0.039297
     0.0392824
      0.039297
     0.0392824
      0.039297
     0.0392824
      0.039297
     0.0392824
      0.039297
     0.0392824
      0.039297
     0.0392824
      0.039297
     0.0392824
      0.039297
     0.0392824
      0.039297
     0.0392824
      0.039297
     0.0392824
      0.039297
     0.0392824
      0.039297
     0.0392824
      0.039297
     0.0392824
      0.039297
     0.0392824
     0.0258846
     0.0258899
     0.0258846
     0.0258899
     0.0258846
     0.0258899
     0.0258846
     0.0258899
     0.0258846
     0.0258899
     0.0258846
     0.0258899
     0.0258846
     0.0258899
     0.0258846
     0.0258899
     0.0258846
     0.0258899
     0.0258846
     0.0258899
     0.0258846
     0.0258899
     0.0258846
     0.0258899
     0.0258846
     0.0258899
     0.0258846
     0.0258899
     0.0258846
     0.0258899
     0.0258846
     0.0258899
     0.0258846
     0.0258899
     0.0258846
     0.0258899
     0.0258846
     0.0258899
     0.0258846
     0.0258899
     0.0258846
     0.0258899
     0.0258846
     0.0258899
     0.0258846
     0.0258899
     0.0258846
     0.0258899
     0.0258846
     0.0258899
     0.0258846
     0.0258899
     0.0258846
     0.0258899
     0.0258846
     0.0258899
     0.0258846
     0.0258899
     0.0258846
     0.0166587
     0.0166747
     0.0166587
     0.0166747
     0.0166587
     0.0166747
     0.0166587
     0.0166747
     0.0166587
     0.0166747
     0.0166587
     0.0166747
     0.0166587
     0.0166747
     0.0166587
     0.0166747
     0.0166587
     0.0166747
     0.0166587
     0.0166747
     0.0166587
     0.0166747
     0.0166587
     0.0166747
     0.0166587
     0.0166747
     0.0166587
     0.0166747
     0.0166587
     0.0166747
     0.0166587
     0.0166747
     0.0166587
     0.0166747
     0.0166587
     0.0166747
     0.0166587
     0.0166747
     0.0166587
     0.0166747
     0.0166587
     0.0166747
     0.0166587
     0.0166747
     0.0166587
     0.0166747
     0.0166587
     0.0166747
     0.0166587
     0.0166747
     0.0166587
     0.0166747
     0.0166587
     0.0166747
     0.0166587
     0.0166747
     0.0166587
     0.0166747
     0.0166587
     0.0105101
     0.0105148
     0.0105101
     0.0105148
     0.0105101
     0.0105148
     0.0105101
     0.0105148
     0.0105101
     0.0105148
     0.0105101
     0.0105148
     0.0105101
     0.0105148
     0.0105101
     0.0105148
     0.0105101
     0.0105148
     0.0105101
     0.0105148
     0.0105101
     0.0105148
     0.0105101
     0.0105148
     0.0105101
     0.0105148
     0.0105101
     0.0105148
     0.0105101
     0.0105148
     0.0105101
     0.0105148
     0.0105101
     0.0105148
     0.0105101
     0.0105148
     0.0105101
     0.0105148
     0.0105101
     0.0105148
     0.0105101
     0.0105148
     0.0105101
     0.0105148
     0.0105101
     0.0105148
     0.0105101
     0.0105148
     0.0105101
     0.0105148
     0.0105101
     0.0105148
     0.0105101
     0.0105148
     0.0105101
     0.0105148
     0.0105101
     0.0105148
     0.0105101
    0.00647185
    0.00648365
    0.00647185
    0.00648365
    0.00647185
    0.00648365
    0.00647185
    0.00648365
    0.00647185
    0.00648365
    0.00647185
    0.00648365
    0.00647185
    0.00648365
    0.00647185
    0.00648365
    0.00647185
    0.00648365
    0.00647185
    0.00648365
    0.00647185
    0.00648365
    0.00647185
    0.00648365
    0.00647185
    0.00648365
    0.00647185
    0.00648365
    0.00647185
    0.00648365
    0.00647185
    0.00648365
    0.00647185
    0.00648365
    0.00647185
    0.00648365
    0.00647185
    0.00648365
    0.00647185
    0.00648365
    0.00647185
    0.00648365
    0.00647185
    0.00648365
    0.00647185
    0.00648365
    0.00647185
    0.00648365
    0.00647185
    0.00648365
    0.00647185
    0.00648365
    0.00647185
    0.00648365
    0.00647185
    0.00648365
    0.00647185
    0.00648365
    0.00647185
    0.00391643
    0.00391954
    0.00391643
    0.00391954
    0.00391643
    0.00391954
    0.00391643
    0.00391954
    0.00391643
    0.00391954
    0.00391643
    0.00391954
    0.00391643
    0.00391954
    0.00391643
    0.00391954
    0.00391643
    0.00391954
    0.00391643
    0.00391954
    0.00391643
    0.00391954
    0.00391643
    0.00391954
    0.00391643
    0.00391954
    0.00391643
    0.00391954
    0.00391643
    0.00391954
    0.00391643
    0.00391954
    0.00391643
    0.00391954
    0.00391643
    0.00391954
    0.00391643
    0.00391954
    0.00391643
    0.00391954
    0.00391643
    0.00391954
    0.00391643
    0.00391954
    0.00391643
    0.00391954
    0.00391643
    0.00391954
    0.00391643
    0.00391954
    0.00391643
    0.00391954
    0.00391643
    0.00391954
    0.00391643
    0.00391954
    0.00391643
    0.00391954
    0.00391643
    0.00231064
    0.00231756
    0.00231064
    0.00231756
    0.00231064
    0.00231756
    0.00231064
    0.00231756
    0.00231064
    0.00231756
    0.00231064
    0.00231756
    0.00231064
    0.00231756
    0.00231064
    0.00231756
    0.00231064
    0.00231756
    0.00231064
    0.00231756
    0.00231064
    0.00231756
    0.00231064
    0.00231756
    0.00231064
    0.00231756
    0.00231064
    0.00231756
    0.00231064
    0.00231756
    0.00231064
    0.00231756
    0.00231064
    0.00231756
    0.00231064
    0.00231756
    0.00231064
    0.00231756
    0.00231064
    0.00231756
    0.00231064
    0.00231756
    0.00231064
    0.00231756
    0.00231064
    0.00231756
    0.00231064
    0.00231756
    0.00231064
    0.00231756
    0.00231064
    0.00231756
    0.00231064
    0.00231756
    0.00231064
    0.00231756
    0.00231064
    0.00231756
    0.00231064
    0.00134388
    0.00134558
    0.00134388
    0.00134558
    0.00134388
    0.00134558
    0.00134388
    0.00134558
    0.00134388
    0.00134558
    0.00134388
    0.00134558
    0.00134388
    0.00134558
    0.00134388
    0.00134558
    0.00134388
    0.00134558
    0.00134388
    0.00134558
    0.00134388
    0.00134558
    0.00134388
    0.00134558
    0.00134388
    0.00134558
    0.00134388
    0.00134558
    0.00134388
    0.00134558
    0.00134388
    0.00134558
    0.00134388
    0.00134558
    0.00134388
    0.00134558
    0.00134388
    0.00134558
    0.00134388
    0.00134558
    0.00134388
    0.00134558
    0.00134388
    0.00134558
    0.00134388
    0.00134558
    0.00134388
    0.00134558
    0.00134388
    0.00134558
    0.00134388
    0.00134558
    0.00134388
    0.00134558
    0.00134388
    0.00134558
    0.00134388
    0.00134558
    0.00134388
   0.000760833
   0.000764246
   0.000760833
   0.000764246
   0.000760833
   0.000764246
   0.000760833
   0.000764246
   0.000760833
   0.000764246
   0.000760833
   0.000764246
   0.000760833
   0.000764246
   0.000760833
   0.000764246
   0.000760833
   0.000764246
   0.000760833
   0.000764246
   0.000760833
   0.000764246
   0.000760833
   0.000764246
   0.000760833
   0.000764246
   0.000760833
   0.000764246
   0.000760833
   0.000764246
   0.000760833
   0.000764246
   0.000760833
   0.000764246
   0.000760833
   0.000764246
   0.000760833
   0.000764246
   0.000760833
   0.000764246
   0.000760833
   0.000764246
   0.000760833
   0.000764246
   0.000760833
   0.000764246
   0.000760833
   0.000764246
   0.000760833
   0.000764246
   0.000760833
   0.000764246
   0.000760833
   0.000764246
   0.000760833
   0.000764246
   0.000760833
   0.000764246
   0.000760833
   0.000426185
   0.000426979
   0.000426185
   0.000426979
   0.000426185
   0.000426979
   0.000426185
   0.000426979
   0.000426185
   0.000426979
   0.000426185
   0.000426979
   0.000426185
   0.000426979
   0.000426185
   0.000426979
   0.000426185
   0.000426979
   0.000426185
   0.000426979
   0.000426185
   0.000426979
   0.000426185
   0.000426979
   0.000426185
   0.000426979
   0.000426185
   0.000426979
   0.000426185
   0.000426979
   0.000426185
   0.000426979
   0.000426185
   0.000426979
   0.000426185
   0.000426979
   0.000426185
   0.000426979
   0.000426185
   0.000426979
   0.000426185
   0.000426979
   0.000426185
   0.000426979
   0.000426185
   0.000426979
   0.000426185
   0.000426979
   0.000426185
   0.000426979
   0.000426185
   0.000426979
   0.000426185
   0.000426979
   0.000426185
   0.000426979
   0.000426185
   0.000426979
   0.000426185
   0.000231915
   0.000233378
   0.000231915
   0.000233378
   0.000231915
   0.000233378
   0.000231915
   0.000233378
   0.000231915
   0.000233378
   0.000231915
   0.000233378
   0.000231915
   0.000233378
   0.000231915
   0.000233378
   0.000231915
   0.000233378
   0.000231915
   0.000233378
   0.000231915
   0.000233378
   0.000231915
   0.000233378
   0.000231915
   0.000233378
   0.000231915
   0.000233378
   0.000231915
   0.000233378
   0.000231915
   0.000233378
   0.000231915
   0.000233378
   0.000231915
   0.000233378
   0.000231915
   0.000233378
   0.000231915
   0.000233378
   0.000231915
   0.000233378
   0.000231915
   0.000233378
   0.000231915
   0.000233378
   0.000231915
   0.000233378
   0.000231915
   0.000233378
   0.000231915
   0.000233378
   0.000231915
   0.000233378
   0.000231915
   0.000233378
   0.000231915
   0.000233378
   0.000231915
   0.000125401
   0.000125727
   0.000125401
   0.000125727
   0.000125401
   0.000125727
   0.000125401
   0.000125727
   0.000125401
   0.000125727
   0.000125401
   0.000125727
   0.000125401
   0.000125727
   0.000125401
   0.000125727
   0.000125401
   0.000125727
   0.000125401
   0.000125727
   0.000125401
   0.000125727
   0.000125401
   0.000125727
   0.000125401
   0.000125727
   0.000125401
   0.000125727
   0.000125401
   0.000125727
   0.000125401
   0.000125727
   0.000125401
   0.000125727
   0.000125401
   0.000125727
   0.000125401
   0.000125727
   0.000125401
   0.000125727
   0.000125401
   0.000125727
   0.000125401
   0.000125727
   0.000125401
   0.000125727
   0.000125401
   0.000125727
   0.000125401
   0.000125727
   0.000125401
   0.000125727
   0.000125401
   0.000125727
   0.000125401
   0.000125727
   0.000125401
   0.000125727
   0.000125401
   6.57285e-05
   6.62849e-05
   6.57285e-05
   6.62849e-05
   6.57285e-05
   6.62849e-05
   6.57285e-05
   6.62849e-05
   6.57285e-05
   6.62849e-05
   6.57285e-05
   6.62849e-05
   6.57285e-05
   6.62849e-05
   6.57285e-05
   6.62849e-05
   6.57285e-05
   6.62849e-05
   6.57285e-05
   6.62849e-05
   6.57285e-05
   6.62849e-05
   6.57285e-05
   6.62849e-05
   6.57285e-05
   6.62849e-05
   6.57285e-05
   6.62849e-05
   6.57285e-05
   6.62848e-05
   6.57285e-05
   6.62849e-05
   6.57285e-05
   6.62849e-05
   6.57285e-05
   6.62849e-05
   6.57285e-05
   6.62849e-05
   6.57285e-05
   6.62849e-05
   6.57285e-05
   6.62849e-05
   6.57285e-05
   6.62849e-05
   6.57285e-05
   6.62849e-05
   6.57285e-05
   6.62849e-05
   6.57285e-05
   6.62849e-05
   6.57285e-05
   6.62849e-05
   6.57285e-05
   6.62849e-05
   6.57285e-05
   6.62849e-05
   6.57285e-05
   6.62849e-05
   6.57285e-05
   3.44507e-05
   3.45706e-05
   3.44507e-05
   3.45706e-05
   3.44507e-05
   3.45706e-05
   3.44507e-05
   3.45706e-05
   3.44507e-05
   3.45706e-05
   3.44507e-05
   3.45706e-05
   3.44507e-05
   3.45706e-05
   3.44507e-05
   3.45706e-05
   3.44507e-05
   3.45706e-05
   3.44507e-05
   3.45706e-05
   3.44507e-05
   3.45706e-05
   3.44507e-05
   3.45706e-05
   3.44507e-05
   3.45705e-05
   3.44506e-05
   3.45705e-05
   3.44505e-05
   3.45704e-05
   3.44505e-05
   3.45705e-05
   3.44506e-05
   3.45705e-05
   3.44507e-05
   3.45706e-05
   3.44507e-05
   3.45706e-05
   3.44507e-05
   3.45706e-05
   3.44507e-05
   3.45706e-05
   3.44507e-05
   3.45706e-05
   3.44507e-05
   3.45706e-05
   3.44507e-05
   3.45706e-05
   3.44507e-05
   3.45706e-05
   3.44507e-05
   3.45706e-05
   3.44507e-05
   3.45706e-05
   3.44507e-05
   3.45706e-05
   3.44507e-05
   3.45706e-05
   3.44507e-05
   1.75713e-05
    1.7765e-05
   1.75713e-05
    1.7765e-05
   1.75713e-05
    1.7765e-05
   1.75713e-05
    1.7765e-05
   1.75713e-05
    1.7765e-05
   1.75713e-05
    1.7765e-05
   1.75713e-05
    1.7765e-05
   1.75713e-05
    1.7765e-05
   1.75713e-05
    1.7765e-05
   1.75713e-05
    1.7765e-05
   1.75713e-05
    1.7765e-05
   1.75713e-05
    1.7765e-05
   1.75713e-05
    1.7765e-05
   1.75712e-05
   1.77648e-05
   1.75709e-05
   1.77646e-05
   1.75709e-05
   1.77648e-05
   1.75712e-05
    1.7765e-05
   1.75713e-05
    1.7765e-05
   1.75713e-05
    1.7765e-05
   1.75713e-05
    1.7765e-05
   1.75713e-05
    1.7765e-05
   1.75713e-05
    1.7765e-05
   1.75713e-05
    1.7765e-05
   1.75713e-05
    1.7765e-05
   1.75713e-05
    1.7765e-05
   1.75713e-05
    1.7765e-05
   1.75713e-05
    1.7765e-05
   1.75713e-05
    1.7765e-05
   1.75713e-05
    1.7765e-05
   1.75713e-05
   9.27332e-06
    9.3159e-06
   9.27332e-06
    9.3159e-06
   9.27332e-06
    9.3159e-06
   9.27332e-06
    9.3159e-06
   9.27332e-06
    9.3159e-06
   9.27332e-06
    9.3159e-06
   9.27332e-06
    9.3159e-06
   9.27332e-06
    9.3159e-06
   9.27332e-06
    9.3159e-06
   9.27332e-06
    9.3159e-06
   9.27332e-06
   9.31589e-06
   9.27331e-06
   9.31588e-06
   9.27327e-06
   9.31579e-06
   9.27308e-06
   9.31539e-06
    9.2724e-06
   9.31474e-06
    9.2724e-06
   9.31539e-06
   9.27308e-06
   9.31579e-06
   9.27327e-06
   9.31588e-06
   9.27331e-06
   9.31589e-06
   9.27332e-06
    9.3159e-06
   9.27332e-06
    9.3159e-06
   9.27332e-06
    9.3159e-06
   9.27332e-06
    9.3159e-06
   9.27332e-06
    9.3159e-06
   9.27332e-06
    9.3159e-06
   9.27332e-06
    9.3159e-06
   9.27332e-06
    9.3159e-06
   9.27332e-06
    9.3159e-06
   9.27332e-06
    9.3159e-06
   9.27332e-06
    5.2896e-06
   5.36491e-06
    5.2896e-06
   5.36491e-06
    5.2896e-06
   5.36491e-06
    5.2896e-06
   5.36491e-06
    5.2896e-06
   5.36491e-06
    5.2896e-06
   5.36491e-06
    5.2896e-06
   5.36491e-06
    5.2896e-06
   5.36491e-06
    5.2896e-06
   5.36491e-06
    5.2896e-06
   5.36491e-06
    5.2896e-06
   5.36491e-06
   5.28959e-06
   5.36489e-06
   5.28954e-06
   5.36476e-06
   5.28925e-06
   5.36399e-06
    5.2874e-06
   5.36189e-06
    5.2874e-06
   5.36399e-06
   5.28925e-06
   5.36476e-06
   5.28954e-06
   5.36489e-06
   5.28959e-06
   5.36491e-06
    5.2896e-06
   5.36491e-06
    5.2896e-06
   5.36491e-06
    5.2896e-06
   5.36491e-06
    5.2896e-06
   5.36491e-06
    5.2896e-06
   5.36491e-06
    5.2896e-06
   5.36491e-06
    5.2896e-06
   5.36491e-06
    5.2896e-06
   5.36491e-06
    5.2896e-06
   5.36491e-06
    5.2896e-06
   5.36491e-06
    5.2896e-06
    4.2257e-06
   4.24936e-06
    4.2257e-06
   4.24936e-06
    4.2257e-06
   4.24936e-06
    4.2257e-06
   4.24936e-06
    4.2257e-06
   4.24936e-06
    4.2257e-06
   4.24936e-06
    4.2257e-06
   4.24936e-06
    4.2257e-06
   4.24936e-06
    4.2257e-06
   4.24936e-06
    4.2257e-06
   4.24936e-06
   4.22569e-06
   4.24935e-06
   4.22569e-06
   4.24933e-06
   4.22563e-06
   4.24918e-06
   4.22525e-06
    4.2482e-06
   4.22267e-06
    4.2411e-06
   4.22267e-06
    4.2482e-06
   4.22525e-06
   4.24918e-06
   4.22563e-06
   4.24933e-06
   4.22569e-06
   4.24935e-06
   4.22569e-06
   4.24936e-06
    4.2257e-06
   4.24936e-06
    4.2257e-06
   4.24936e-06
    4.2257e-06
   4.24936e-06
    4.2257e-06
   4.24936e-06
    4.2257e-06
   4.24936e-06
    4.2257e-06
   4.24936e-06
    4.2257e-06
   4.24936e-06
    4.2257e-06
   4.24936e-06
    4.2257e-06
   4.24936e-06
    4.2257e-06
    5.2896e-06
   5.36491e-06
    5.2896e-06
   5.36491e-06
    5.2896e-06
   5.36491e-06
    5.2896e-06
   5.36491e-06
    5.2896e-06
   5.36491e-06
    5.2896e-06
   5.36491e-06
    5.2896e-06
   5.36491e-06
    5.2896e-06
   5.36491e-06
    5.2896e-06
   5.36491e-06
    5.2896e-06
   5.36491e-06
    5.2896e-06
   5.36491e-06
   5.28959e-06
   5.36489e-06
   5.28954e-06
   5.36476e-06
   5.28925e-06
   5.36399e-06
    5.2874e-06
   5.36189e-06
    5.2874e-06
   5.36399e-06
   5.28925e-06
   5.36476e-06
   5.28954e-06
   5.36489e-06
   5.28959e-06
   5.36491e-06
    5.2896e-06
   5.36491e-06
    5.2896e-06
   5.36491e-06
    5.2896e-06
   5.36491e-06
    5.2896e-06
   5.36491e-06
    5.2896e-06
   5.36491e-06
    5.2896e-06
   5.36491e-06
    5.2896e-06
   5.36491e-06
    5.2896e-06
   5.36491e-06
    5.2896e-06
   5.36491e-06
    5.2896e-06
   5.36491e-06
    5.2896e-06
   9.27332e-06
    9.3159e-06
   9.27332e-06
    9.3159e-06
   9.27332e-06
    9.3159e-06
   9.27332e-06
    9.3159e-06
   9.27332e-06
    9.3159e-06
   9.27332e-06
    9.3159e-06
   9.27332e-06
    9.3159e-06
   9.27332e-06
    9.3159e-06
   9.27332e-06
    9.3159e-06
   9.27332e-06
    9.3159e-06
   9.27332e-06
   9.31589e-06
   9.27331e-06
   9.31588e-06
   9.27327e-06
   9.31579e-06
   9.27308e-06
   9.31539e-06
    9.2724e-06
   9.31474e-06
    9.2724e-06
   9.31539e-06
   9.27308e-06
   9.31579e-06
   9.27327e-06
   9.31588e-06
   9.27331e-06
   9.31589e-06
   9.27332e-06
    9.3159e-06
   9.27332e-06
    9.3159e-06
   9.27332e-06
    9.3159e-06
   9.27332e-06
    9.3159e-06
   9.27332e-06
    9.3159e-06
   9.27332e-06
    9.3159e-06
   9.27332e-06
    9.3159e-06
   9.27332e-06
    9.3159e-06
   9.27332e-06
    9.3159e-06
   9.27332e-06
    9.3159e-06
   9.27332e-06
   1.75713e-05
    1.7765e-05
   1.75713e-05
    1.7765e-05
   1.75713e-05
    1.7765e-05
   1.75713e-05
    1.7765e-05
   1.75713e-05
    1.7765e-05
   1.75713e-05
    1.7765e-05
   1.75713e-05
    1.7765e-05
   1.75713e-05
    1.7765e-05
   1.75713e-05
    1.7765e-05
   1.75713e-05
    1.7765e-05
   1.75713e-05
    1.7765e-05
   1.75713e-05
    1.7765e-05
   1.75713e-05
    1.7765e-05
   1.75712e-05
   1.77648e-05
   1.75709e-05
   1.77646e-05
   1.75709e-05
   1.77648e-05
   1.75712e-05
    1.7765e-05
   1.75713e-05
    1.7765e-05
   1.75713e-05
    1.7765e-05
   1.75713e-05
    1.7765e-05
   1.75713e-05
    1.7765e-05
   1.75713e-05
    1.7765e-05
   1.75713e-05
    1.7765e-05
   1.75713e-05
    1.7765e-05
   1.75713e-05
    1.7765e-05
   1.75713e-05
    1.7765e-05
   1.75713e-05
    1.7765e-05
   1.75713e-05
    1.7765e-05
   1.75713e-05
    1.7765e-05
   1.75713e-05
   3.44507e-05
   3.45706e-05
   3.44507e-05
   3.45706e-05
   3.44507e-05
   3.45706e-05
   3.44507e-05
   3.45706e-05
   3.44507e-05
   3.45706e-05
   3.44507e-05
   3.45706e-05
   3.44507e-05
   3.45706e-05
   3.44507e-05
   3.45706e-05
   3.44507e-05
   3.45706e-05
   3.44507e-05
   3.45706e-05
   3.44507e-05
   3.45706e-05
   3.44507e-05
   3.45706e-05
   3.44507e-05
   3.45705e-05
   3.44506e-05
   3.45705e-05
   3.44505e-05
   3.45704e-05
   3.44505e-05
   3.45705e-05
   3.44506e-05
   3.45705e-05
   3.44507e-05
   3.45706e-05
   3.44507e-05
   3.45706e-05
   3.44507e-05
   3.45706e-05
   3.44507e-05
   3.45706e-05
   3.44507e-05
   3.45706e-05
   3.44507e-05
   3.45706e-05
   3.44507e-05
   3.45706e-05
   3.44507e-05
   3.45706e-05
   3.44507e-05
   3.45706e-05
   3.44507e-05
   3.45706e-05
   3.44507e-05
   3.45706e-05
   3.44507e-05
   3.45706e-05
   3.44507e-05
   6.57285e-05
   6.62849e-05
   6.57285e-05
   6.62849e-05
   6.57285e-05
   6.62849e-05
   6.57285e-05
   6.62849e-05
   6.57285e-05
   6.62849e-05
   6.57285e-05
   6.62849e-05
   6.57285e-05
   6.62849e-05
   6.57285e-05
   6.62849e-05
   6.57285e-05
   6.62849e-05
   6.57285e-05
   6.62849e-05
   6.57285e-05
   6.62849e-05
   6.57285e-05
   6.62849e-05
   6.57285e-05
   6.62849e-05
   6.57285e-05
   6.62849e-05
   6.57285e-05
   6.62848e-05
   6.57285e-05
   6.62849e-05
   6.57285e-05
   6.62849e-05
   6.57285e-05
   6.62849e-05
   6.57285e-05
   6.62849e-05
   6.57285e-05
   6.62849e-05
   6.57285e-05
   6.62849e-05
   6.57285e-05
   6.62849e-05
   6.57285e-05
   6.62849e-05
   6.57285e-05
   6.62849e-05
   6.57285e-05
   6.62849e-05
   6.57285e-05
   6.62849e-05
   6.57285e-05
   6.62849e-05
   6.57285e-05
   6.62849e-05
   6.57285e-05
   6.62849e-05
   6.57285e-05
   0.000125401
   0.000125727
   0.000125401
   0.000125727
   0.000125401
   0.000125727
   0.000125401
   0.000125727
   0.000125401
   0.000125727
   0.000125401
   0.000125727
   0.000125401
   0.000125727
   0.000125401
   0.000125727
   0.000125401
   0.000125727
   0.000125401
   0.000125727
   0.000125401
   0.000125727
   0.000125401
   0.000125727
   0.000125401
   0.000125727
   0.000125401
   0.000125727
   0.000125401
   0.000125727
   0.000125401
   0.000125727
   0.000125401
   0.000125727
   0.000125401
   0.000125727
   0.000125401
   0.000125727
   0.000125401
   0.000125727
   0.000125401
   0.000125727
   0.000125401
   0.000125727
   0.000125401
   0.000125727
   0.000125401
   0.000125727
   0.000125401
   0.000125727
   0.000125401
   0.000125727
   0.000125401
   0.000125727
   0.000125401
   0.000125727
   0.000125401
   0.000125727
   0.000125401
   0.000231915
   0.000233378
   0.000231915
   0.000233378
   0.000231915
   0.000233378
   0.000231915
   0.000233378
   0.000231915
   0.000233378
   0.000231915
   0.000233378
   0.000231915
   0.000233378
   0.000231915
   0.000233378
   0.000231915
   0.000233378
   0.000231915
   0.000233378
   0.000231915
   0.000233378
   0.000231915
   0.000233378
   0.000231915
   0.000233378
   0.000231915
   0.000233378
   0.000231915
   0.000233378
   0.000231915
   0.000233378
   0.000231915
   0.000233378
   0.000231915
   0.000233378
   0.000231915
   0.000233378
   0.000231915
   0.000233378
   0.000231915
   0.000233378
   0.000231915
   0.000233378
   0.000231915
   0.000233378
   0.000231915
   0.000233378
   0.000231915
   0.000233378
   0.000231915
   0.000233378
   0.000231915
   0.000233378
   0.000231915
   0.000233378
   0.000231915
   0.000233378
   0.000231915
   0.000426185
   0.000426979
   0.000426185
   0.000426979
   0.000426185
   0.000426979
   0.000426185
   0.000426979
   0.000426185
   0.000426979
   0.000426185
   0.000426979
   0.000426185
   0.000426979
   0.000426185
   0.000426979
   0.000426185
   0.000426979
   0.000426185
   0.000426979
   0.000426185
   0.000426979
   0.000426185
   0.000426979
   0.000426185
   0.000426979
   0.000426185
   0.000426979
   0.000426185
   0.000426979
   0.000426185
   0.000426979
   0.000426185
   0.000426979
   0.000426185
   0.000426979
   0.000426185
   0.000426979
   0.000426185
   0.000426979
   0.000426185
   0.000426979
   0.000426185
   0.000426979
   0.000426185
   0.000426979
   0.000426185
   0.000426979
   0.000426185
   0.000426979
   0.000426185
   0.000426979
   0.000426185
   0.000426979
   0.000426185
   0.000426979
   0.000426185
   0.000426979
   0.000426185
   0.000760833
   0.000764246
   0.000760833
   0.000764246
   0.000760833
   0.000764246
   0.000760833
   0.000764246
   0.000760833
   0.000764246
   0.000760833
   0.000764246
   0.000760833
   0.000764246
   0.000760833
   0.000764246
   0.000760833
   0.000764246
   0.000760833
   0.000764246
   0.000760833
   0.000764246
   0.000760833
   0.000764246
   0.000760833
   0.000764246
   0.000760833
   0.000764246
   0.000760833
   0.000764246
   0.000760833
   0.000764246
   0.000760833
   0.000764246
   0.000760833
   0.000764246
   0.000760833
   0.000764246
   0.000760833
   0.000764246
   0.000760833
   0.000764246
   0.000760833
   0.000764246
   0.000760833
   0.000764246
   0.000760833
   0.000764246
   0.000760833
   0.000764246
   0.000760833
   0.000764246
   0.000760833
   0.000764246
   0.000760833
   0.000764246
   0.000760833
   0.000764246
   0.000760833
    0.00134388
    0.00134558
    0.00134388
    0.00134558
    0.00134388
    0.00134558
    0.00134388
    0.00134558
    0.00134388
    0.00134558
    0.00134388
    0.00134558
    0.00134388
    0.00134558
    0.00134388
    0.00134558
    0.00134388
    0.00134558
    0.00134388
    0.00134558
    0.00134388
    0.00134558
    0.00134388
    0.00134558
    0.00134388
    0.00134558
    0.00134388
    0.00134558
    0.00134388
    0.00134558
    0.00134388
    0.00134558
    0.00134388
    0.00134558
    0.00134388
    0.00134558
    0.00134388
    0.00134558
    0.00134388
    0.00134558
    0.00134388
    0.00134558
    0.00134388
    0.00134558
    0.00134388
    0.00134558
    0.00134388
    0.00134558
    0.00134388
    0.00134558
    0.00134388
    0.00134558
    0.00134388
    0.00134558
    0.00134388
    0.00134558
    0.00134388
    0.00134558
    0.00134388
    0.00231064
    0.00231756
    0.00231064
    0.00231756
    0.00231064
    0.00231756
    0.00231064
    0.00231756
    0.00231064
    0.00231756
    0.00231064
    0.00231756
    0.00231064
    0.00231756
    0.00231064
    0.00231756
    0.00231064
    0.00231756
    0.00231064
    0.00231756
    0.00231064
    0.00231756
    0.00231064
    0.00231756
    0.00231064
    0.00231756
    0.00231064
    0.00231756
    0.00231064
    0.00231756
    0.00231064
    0.00231756
    0.00231064
    0.00231756
    0.00231064
    0.00231756
    0.00231064
    0.00231756
    0.00231064
    0.00231756
    0.00231064
    0.00231756
    0.00231064
    0.00231756
    0.00231064
    0.00231756
    0.00231064
    0.00231756
    0.00231064
    0.00231756
    0.00231064
    0.00231756
    0.00231064
    0.00231756
    0.00231064
    0.00231756
    0.00231064
    0.00231756
    0.00231064
    0.00391643
    0.00391954
    0.00391643
    0.00391954
    0.00391643
    0.00391954
    0.00391643
    0.00391954
    0.00391643
    0.00391954
    0.00391643
    0.00391954
    0.00391643
    0.00391954
    0.00391643
    0.00391954
    0.00391643
    0.00391954
    0.00391643
    0.00391954
    0.00391643
    0.00391954
    0.00391643
    0.00391954
    0.00391643
    0.00391954
    0.00391643
    0.00391954
    0.00391643
    0.00391954
    0.00391643
    0.00391954
    0.00391643
    0.00391954
    0.00391643
    0.00391954
    0.00391643
    0.00391954
    0.00391643
    0.00391954
    0.00391643
    0.00391954
    0.00391643
    0.00391954
    0.00391643
    0.00391954
    0.00391643
    0.00391954
    0.00391643
    0.00391954
    0.00391643
    0.00391954
    0.00391643
    0.00391954
    0.00391643
    0.00391954
    0.00391643
    0.00391954
    0.00391643
    0.00647185
    0.00648365
    0.00647185
    0.00648365
    0.00647185
    0.00648365
    0.00647185
    0.00648365
    0.00647185
    0.00648365
    0.00647185
    0.00648365
    0.00647185
    0.00648365
    0.00647185
    0.00648365
    0.00647185
    0.00648365
    0.00647185
    0.00648365
    0.00647185
    0.00648365
    0.00647185
    0.00648365
    0.00647185
    0.00648365
    0.00647185
    0.00648365
    0.00647185
    0.00648365
    0.00647185
    0.00648365
    0.00647185
    0.00648365
    0.00647185
    0.00648365
    0.00647185
    0.00648365
    0.00647185
    0.00648365
    0.00647185
    0.00648365
    0.00647185
    0.00648365
    0.00647185
    0.00648365
    0.00647185
    0.00648365
    0.00647185
    0.00648365
    0.00647185
    0.00648365
    0.00647185
    0.00648365
    0.00647185
    0.00648365
    0.00647185
    0.00648365
    0.00647185
     0.0105101
     0.0105148
     0.0105101
     0.0105148
     0.0105101
     0.0105148
     0.0105101
     0.0105148
     0.0105101
     0.0105148
     0.0105101
     0.0105148
     0.0105101
     0.0105148
     0.0105101
     0.0105148
     0.0105101
     0.0105148
     0.0105101
     0.0105148
     0.0105101
     0.0105148
     0.0105101
     0.0105148
     0.0105101
     0.0105148
     0.0105101
     0.0105148
     0.0105101
     0.0105148
     0.0105101
     0.0105148
     0.0105101
     0.0105148
     0.0105101
     0.0105148
     0.0105101
     0.0105148
     0.0105101
     0.0105148
     0.0105101
     0.0105148
     0.0105101
     0.0105148
     0.0105101
     0.0105148
     0.0105101
     0.0105148
     0.0105101
     0.0105148
     0.0105101
     0.0105148
     0.0105101
     0.0105148
     0.0105101
     0.0105148
     0.0105101
     0.0105148
     0.0105101
     0.0166587
     0.0166747
     0.0166587
     0.0166747
     0.0166587
     0.0166747
     0.0166587
     0.0166747
     0.0166587
     0.0166747
     0.0166587
     0.0166747
     0.0166587
     0.0166747
     0.0166587
     0.0166747
     0.0166587
     0.0166747
     0.0166587
     0.0166747
     0.0166587
     0.0166747
     0.0166587
     0.0166747
     0.0166587
     0.0166747
     0.0166587
     0.0166747
     0.0166587
     0.0166747
     0.0166587
     0.0166747
     0.0166587
     0.0166747
     0.0166587
     0.0166747
     0.0166587
     0.0166747
     0.0166587
     0.0166747
     0.0166587
     0.0166747
     0.0166587
     0.0166747
     0.0166587
     0.0166747
     0.0166587
     0.0166747
     0.0166587
     0.0166747
     0.0166587
     0.0166747
     0.0166587
     0.0166747
     0.0166587
     0.0166747
     0.0166587
     0.0166747
     0.0166587
     0.0258846
     0.0258899
     0.0258846
     0.0258899
     0.0258846
     0.0258899
     0.0258846
     0.0258899
     0.0258846
     0.0258899
     0.0258846
     0.0258899
     0.0258846
     0.0258899
     0.0258846
     0.0258899
     0.0258846
     0.0258899
     0.0258846
     0.0258899
     0.0258846
     0.0258899
     0.0258846
     0.0258899
     0.0258846
     0.0258899
     0.0258846
     0.0258899
     0.0258846
     0.0258899
     0.0258846
     0.0258899
     0.0258846
     0.0258899
     0.0258846
     0.0258899
     0.0258846
     0.0258899
     0.0258846
     0.0258899
     0.0258846
     0.0258899
     0.0258846
     0.0258899
     0.0258846
     0.0258899
     0.0258846
     0.0258899
     0.0258846
     0.0258899
     0.0258846
     0.0258899
     0.0258846
     0.0258899
     0.0258846
     0.0258899
     0.0258846
     0.0258899
     0.0258846
     0.0392824
      0.039297
     0.0392824
      0.039297
     0.0392824
      0.039297
     0.0392824
      0.039297
     0.0392824
      0.039297
     0.0392824
      0.039297
     0.0392824
      0.039297
     0.0392824
      0.039297
     0.0392824
      0.039297
     0.0392824
      0.039297
     0.0392824
      0.039297
     0.0392824
      0.039297
     0.0392824
      0.039297
     0.0392824
      0.039297
     0.0392824
      0.039297
     0.0392824
      0.039297
     0.0392824
      0.039297
     0.0392824
      0.039297
     0.0392824
      0.039297
     0.0392824
      0.039297
     0.0392824
      0.039297
     0.0392824
      0.039297
     0.0392824
      0.039297
     0.0392824
      0.039297
     0.0392824
      0.039297
     0.0392824
      0.039297
     0.0392824
      0.039297
     0.0392824
      0.039297
     0.0392824
      0.039297
     0.0392824
     0.0583339
     0.0583369
     0.0583339
     0.0583369
     0.0583339
     0.0583369
     0.0583339
     0.0583369
     0.0583339
     0.0583369
     0.0583339
     0.0583369
     0.0583339
     0.0583369
     0.0583339
     0.0583369
     0.0583339
     0.0583369
     0.0583339
     0.0583369
     0.0583339
     0.0583369
     0.0583339
     0.0583369
     0.0583339
     0.0583369
     0.0583339
     0.0583369
     0.0583339
     0.0583369
     0.0583339
     0.0583369
     0.0583339
     0.0583369
     0.0583339
     0.0583369
     0.0583339
     0.0583369
     0.0583339
     0.0583369
     0.0583339
     0.0583369
     0.0583339
     0.0583369
     0.0583339
     0.0583369
     0.0583339
     0.0583369
     0.0583339
     0.0583369
     0.0583339
     0.0583369
     0.0583339
     0.0583369
     0.0583339
     0.0583369
     0.0583339
     0.0583369
     0.0583339
     0.0846379
     0.0846397
     0.0846379
     0.0846397
     0.0846379
     0.0846397
     0.0846379
     0.0846397
     0.0846379
     0.0846397
     0.0846379
     0.0846397
     0.0846379
     0.0846397
     0.0846379
     0.0846397
     0.0846379
     0.0846397
     0.0846379
     0.0846397
     0.0846379
     0.0846397
     0.0846379
     0.0846397
     0.0846379
     0.0846397
     0.0846379
     0.0846397
     0.0846379
     0.0846397
     0.0846379
     0.0846397
     0.0846379
     0.0846397
     0.0846379
     0.0846397
     0.0846379
     0.0846397
     0.0846379
     0.0846397
     0.0846379
     0.0846397
     0.0846379
     0.0846397
     0.0846379
     0.0846397
     0.0846379
     0.0846397
     0.0846379
     0.0846397
     0.0846379
     0.0846397
     0.0846379
     0.0846397
     0.0846379
     0.0846397
     0.0846379
     0.0846397
     0.0846379
      0.120022
      0.120018
      0.120022
      0.120018
      0.120022
      0.120018
      0.120022
      0.120018
      0.120022
      0.120018
      0.120022
      0.120018
      0.120022
      0.120018
      0.120022
      0.120018
      0.120022
      0.120018
      0.120022
      0.120018
      0.120022
      0.120018
      0.120022
      0.120018
      0.120022
      0.120018
      0.120022
      0.120018
      0.120022
      0.120018
      0.120022
      0.120018
      0.120022
      0.120018
      0.120022
      0.120018
      0.120022
      0.120018
      0.120022
      0.120018
      0.120022
      0.120018
      0.120022
      0.120018
      0.120022
      0.120018
      0.120022
      0.120018
      0.120022
      0.120018
      0.120022
      0.120018
      0.120022
      0.120018
      0.120022
      0.120018
      0.120022
      0.120018
      0.120022
      0.166328
      0.166305
      0.166328
      0.166305
      0.166328
      0.166305
      0.166328
      0.166305
      0.166328
      0.166305
      0.166328
      0.166305
      0.166328
      0.166305
      0.166328
      0.166305
      0.166328
      0.166305
      0.166328
      0.166305
      0.166328
      0.166305
      0.166328
      0.166305
      0.166328
      0.166305
      0.166328
      0.166305
      0.166328
      0.166305
      0.166328
      0.166305
      0.166328
      0.166305
      0.166328
      0.166305
      0.166328
      0.166305
      0.166328
      0.166305
      0.166328
      0.166305
      0.166328
      0.166305
      0.166328
      0.166305
      0.166328
      0.166305
      0.166328
      0.166305
      0.166328
      0.166305
      0.166328
      0.166305
      0.166328
      0.166305
      0.166328
      0.166305
      0.166328
      0.225161
      0.225149
      0.225161
      0.225149
      0.225161
      0.225149
      0.225161
      0.225149
      0.225161
      0.225149
      0.225161
      0.225149
      0.225161
      0.225149
      0.225161
      0.225149
      0.225161
      0.225149
      0.225161
      0.225149
      0.225161
      0.225149
      0.225161
      0.225149
      0.225161
      0.225149
      0.225161
      0.225149
      0.225161
      0.225149
      0.225161
      0.225149
      0.225161
      0.225149
      0.225161
      0.225149
      0.225161
      0.225149
      0.225161
      0.225149
      0.225161
      0.225149
      0.225161
      0.225149
      0.225161
      0.225149
      0.225161
      0.225149
      0.225161
      0.225149
      0.225161
      0.225149
      0.225161
      0.225149
      0.225161
      0.225149
      0.225161
      0.225149
      0.225161
      0.297935
      0.297883
      0.297935
      0.297883
      0.297935
      0.297883
      0.297935
      0.297883
      0.297935
      0.297883
      0.297935
      0.297883
      0.297935
      0.297883
      0.297935
      0.297883
      0.297935
      0.297883
      0.297935
      0.297883
      0.297935
      0.297883
      0.297935
      0.297883
      0.297935
      0.297883
      0.297935
      0.297883
      0.297935
      0.297883
      0.297935
      0.297883
      0.297935
      0.297883
      0.297935
      0.297883
      0.297935
      0.297883
      0.297935
      0.297883
      0.297935
      0.297883
      0.297935
      0.297883
      0.297935
      0.297883
      0.297935
      0.297883
      0.297935
      0.297883
      0.297935
      0.297883
      0.297935
      0.297883
      0.297935
      0.297883
      0.297935
      0.297883
      0.297935
      0.385142
      0.385122
      0.385142
      0.385122
      0.385142
      0.385122
      0.385142
      0.385122
      0.385142
      0.385122
      0.385142
      0.385122
      0.385142
      0.385122
      0.385142
      0.385122
      0.385142
      0.385122
      0.385142
      0.385122
      0.385142
      0.385122
      0.385142
      0.385122
      0.385142
      0.385122
      0.385142
      0.385122
      0.385142
      0.385122
      0.385142
      0.385122
      0.385142
      0.385122
      0.385142
      0.385122
      0.385142
      0.385122
      0.385142
      0.385122
      0.385142
      0.385122
      0.385142
      0.385122
      0.385142
      0.385122
      0.385142
      0.385122
      0.385142
      0.385122
      0.385142
      0.385122
      0.385142
      0.385122
      0.385142
      0.385122
      0.385142
      0.385122
      0.385142
      0.486855
      0.486791
      0.486855
      0.486791
      0.486855
      0.486791
      0.486855
      0.486791
      0.486855
      0.486791
      0.486855
      0.486791
      0.486855
      0.486791
      0.486855
      0.486791
      0.486855
      0.486791
      0.486855
      0.486791
      0.486855
      0.486791
      0.486855
      0.486791
      0.486855
      0.486791
      0.486855
      0.486791
      0.486855
      0.486791
      0.486855
      0.486791
      0.486855
      0.486791
      0.486855
      0.486791
      0.486855
      0.486791
      0.486855
      0.486791
      0.486855
      0.486791
      0.486855
      0.486791
      0.486855
      0.486791
      0.486855
      0.486791
      0.486855
      0.486791
      0.486855
      0.486791
      0.486855
      0.486791
      0.486855
      0.486791
      0.486855
      0.486791
      0.486855
       0.60169
      0.601671
       0.60169
      0.601671
       0.60169
      0.601671
       0.60169
      0.601671
       0.60169
      0.601671
       0.60169
      0.601671
       0.60169
      0.601671
       0.60169
      0.601671
       0.60169
      0.601671
       0.60169
      0.601671
       0.60169
      0.601671
       0.60169
      0.601671
       0.60169
      0.601671
       0.60169
      0.601671
       0.60169
      0.601671
       0.60169
      0.601671
       0.60169
      0.601671
       0.60169
      0.601671
       0.60169
      0.601671
       0.60169
      0.601671
       0.60169
      0.601671
       0.60169
      0.601671
       0.60169
      0.601671
       0.60169
      0.601671
       0.60169
      0.601671
       0.60169
      0.601671
       0.60169
      0.601671
       0.60169
      0.601671
       0.60169
      0.601671
       0.60169
      0.727746
      0.727701
      0.727746
      0.727701
      0.727746
      0.727701
      0.727746
      0.727701
      0.727746
      0.727701
      0.727746
      0.727701
      0.727746
      0.727701
      0.727746
      0.727701
      0.727746
      0.727701
      0.727746
      0.727701
      0.727746
      0.727701
      0.727746
      0.727701
      0.727746
      0.727701
      0.727746
      0.727701
      0.727746
      0.727701
      0.727746
      0.727701
      0.727746
      0.727701
      0.727746
      0.727701
      0.727746
      0.727701
      0.727746
      0.727701
      0.727746
      0.727701
      0.727746
      0.727701
      0.727746
      0.727701
      0.727746
      0.727701
      0.727746
      0.727701
      0.727746
      0.727701
      0.727746
      0.727701
      0.727746
      0.727701
      0.727746
      0.727701
      0.727746
      0.861733
      0.861725
      0.861733
      0.861725
      0.861733
      0.861725
      0.861733
      0.861725
      0.861733
      0.861725
      0.861733
      0.861725
      0.861733
      0.861725
      0.861733
      0.861725
      0.861733
      0.861725
      0.861733
      0.861725
      0.861733
      0.861725
      0.861733
      0.861725
      0.861733
      0.861725
      0.861733
      0.861725
      0.861733
      0.861725
      0.861733
      0.861725
      0.861733
      0.861725
      0.861733
      0.861725
      0.861733
      0.861725
      0.861733
      0.861725
      0.861733
      0.861725
      0.861733
      0.861725
      0.861733
      0.861725
      0.861733
      0.861725
      0.861733
      0.861725
      0.861733
      0.861725
      0.861733
      0.861725
      0.861733
      0.861725
      0.861733
      0.861725
      0.861733
             1
             1
             1
             1
             1
             1
             1
             1
             1
             1
             1
             1
             1
             1
             1
             1
             1
             1
             1
             1
             1
             1
             1
             1
             1
             1
             1
             1
             1
             1
             1
             1
             1
             1
             1
             1
             1
             1
             1
             1
             1
             1
             1
             1
             1
             1
             1
             1
             1
             1
             1
             1
             1
             1
             1
             1
             1
             1
             1
