             1
             1
             1
             1
             1
             1
             1
             1
             1
             1
             1
             1
             1
             1
             1
             1
             1
             1
             1
             1
             1
             1
             1
             1
             1
             1
             1
             1
             1
             1
             1
             1
             1
             1
             1
             1
             1
             1
             1
             1
             1
             1
             1
             1
             1
             1
             1
             1
             1
             1
             1
             1
             1
             1
             1
             1
             1
             1
             1
      0.876415
      0.876411
      0.876415
      0.876411
      0.876415
      0.876411
      0.876415
      0.876411
      0.876415
      0.876411
      0.876415
      0.876411
      0.876415
      0.876411
      0.876415
      0.876411
      0.876415
      0.876411
      0.876415
      0.876411
      0.876415
      0.876411
      0.876415
      0.876411
      0.876415
      0.876411
      0.876415
      0.876411
      0.876415
      0.876411
      0.876415
      0.876411
      0.876415
      0.876411
      0.876415
      0.876411
      0.876415
      0.876411
      0.876415
      0.876411
      0.876415
      0.876411
      0.876415
      0.876411
      0.876415
      0.876411
      0.876415
      0.876411
      0.876415
      0.876411
      0.876415
      0.876411
      0.876415
      0.876411
      0.876415
      0.876411
      0.876415
      0.876411
      0.876415
      0.755884
      0.755858
      0.755884
      0.755858
      0.755884
      0.755858
      0.755884
      0.755858
      0.755884
      0.755858
      0.755884
      0.755858
      0.755884
      0.755858
      0.755884
      0.755858
      0.755884
      0.755858
      0.755884
      0.755858
      0.755884
      0.755858
      0.755884
      0.755858
      0.755884
      0.755858
      0.755884
      0.755858
      0.755884
      0.755858
      0.755884
      0.755858
      0.755884
      0.755858
      0.755884
      0.755858
      0.755884
      0.755858
      0.755884
      0.755858
      0.755884
      0.755858
      0.755884
      0.755858
      0.755884
      0.755858
      0.755884
      0.755858
      0.755884
      0.755858
      0.755884
      0.755858
      0.755884
      0.755858
      0.755884
      0.755858
      0.755884
      0.755858
      0.755884
       0.64108
      0.641069
       0.64108
      0.641069
       0.64108
      0.641069
       0.64108
      0.641069
       0.64108
      0.641069
       0.64108
      0.641069
       0.64108
      0.641069
       0.64108
      0.641069
       0.64108
      0.641069
       0.64108
      0.641069
       0.64108
      0.641069
       0.64108
      0.641069
       0.64108
      0.641069
       0.64108
      0.641069
       0.64108
      0.641069
       0.64108
      0.641069
       0.64108
      0.641069
       0.64108
      0.641069
       0.64108
      0.641069
       0.64108
      0.641069
       0.64108
      0.641069
       0.64108
      0.641069
       0.64108
      0.641069
       0.64108
      0.641069
       0.64108
      0.641069
       0.64108
      0.641069
       0.64108
      0.641069
       0.64108
      0.641069
       0.64108
      0.641069
       0.64108
      0.534473
      0.534434
      0.534473
      0.534434
      0.534473
      0.534434
      0.534473
      0.534434
      0.534473
      0.534434
      0.534473
      0.534434
      0.534473
      0.534434
      0.534473
      0.534434
      0.534473
      0.534434
      0.534473
      0.534434
      0.534473
      0.534434
      0.534473
      0.534434
      0.534473
      0.534434
      0.534473
      0.534434
      0.534473
      0.534434
      0.534473
      0.534434
      0.534473
      0.534434
      0.534473
      0.534434
      0.534473
      0.534434
      0.534473
      0.534434
      0.534473
      0.534434
      0.534473
      0.534434
      0.534473
      0.534434
      0.534473
      0.534434
      0.534473
      0.534434
      0.534473
      0.534434
      0.534473
      0.534434
      0.534473
      0.534434
      0.534473
      0.534434
      0.534473
      0.437705
      0.437692
      0.437705
      0.437692
      0.437705
      0.437692
      0.437705
      0.437692
      0.437705
      0.437692
      0.437705
      0.437692
      0.437705
      0.437692
      0.437705
      0.437692
      0.437705
      0.437692
      0.437705
      0.437692
      0.437705
      0.437692
      0.437705
      0.437692
      0.437705
      0.437692
      0.437705
      0.437692
      0.437705
      0.437692
      0.437705
      0.437692
      0.437705
      0.437692
      0.437705
      0.437692
      0.437705
      0.437692
      0.437705
      0.437692
      0.437705
      0.437692
      0.437705
      0.437692
      0.437705
      0.437692
      0.437705
      0.437692
      0.437705
      0.437692
      0.437705
      0.437692
      0.437705
      0.437692
      0.437705
      0.437692
      0.437705
      0.437692
      0.437705
      0.352101
      0.352064
      0.352101
      0.352064
      0.352101
      0.352064
      0.352101
      0.352064
      0.352101
      0.352064
      0.352101
      0.352064
      0.352101
      0.352064
      0.352101
      0.352064
      0.352101
      0.352064
      0.352101
      0.352064
      0.352101
      0.352064
      0.352101
      0.352064
      0.352101
      0.352064
      0.352101
      0.352064
      0.352101
      0.352064
      0.352101
      0.352064
      0.352101
      0.352064
      0.352101
      0.352064
      0.352101
      0.352064
      0.352101
      0.352064
      0.352101
      0.352064
      0.352101
      0.352064
      0.352101
      0.352064
      0.352101
      0.352064
      0.352101
      0.352064
      0.352101
      0.352064
      0.352101
      0.352064
      0.352101
      0.352064
      0.352101
      0.352064
      0.352101
      0.278023
      0.278013
      0.278023
      0.278013
      0.278023
      0.278013
      0.278023
      0.278013
      0.278023
      0.278013
      0.278023
      0.278013
      0.278023
      0.278013
      0.278023
      0.278013
      0.278023
      0.278013
      0.278023
      0.278013
      0.278023
      0.278013
      0.278023
      0.278013
      0.278023
      0.278013
      0.278023
      0.278013
      0.278023
      0.278013
      0.278023
      0.278013
      0.278023
      0.278013
      0.278023
      0.278013
      0.278023
      0.278013
      0.278023
      0.278013
      0.278023
      0.278013
      0.278023
      0.278013
      0.278023
      0.278013
      0.278023
      0.278013
      0.278023
      0.278013
      0.278023
      0.278013
      0.278023
      0.278013
      0.278023
      0.278013
      0.278023
      0.278013
      0.278023
      0.215535
      0.215511
      0.215535
      0.215511
      0.215535
      0.215511
      0.215535
      0.215511
      0.215535
      0.215511
      0.215535
      0.215511
      0.215535
      0.215511
      0.215535
      0.215511
      0.215535
      0.215511
      0.215535
      0.215511
      0.215535
      0.215511
      0.215535
      0.215511
      0.215535
      0.215511
      0.215535
      0.215511
      0.215535
      0.215511
      0.215535
      0.215511
      0.215535
      0.215511
      0.215535
      0.215511
      0.215535
      0.215511
      0.215535
      0.215511
      0.215535
      0.215511
      0.215535
      0.215511
      0.215535
      0.215511
      0.215535
      0.215511
      0.215535
      0.215511
      0.215535
      0.215511
      0.215535
      0.215511
      0.215535
      0.215511
      0.215535
      0.215511
      0.215535
      0.163955
       0.16395
      0.163955
       0.16395
      0.163955
       0.16395
      0.163955
       0.16395
      0.163955
       0.16395
      0.163955
       0.16395
      0.163955
       0.16395
      0.163955
       0.16395
      0.163955
       0.16395
      0.163955
       0.16395
      0.163955
       0.16395
      0.163955
       0.16395
      0.163955
       0.16395
      0.163955
       0.16395
      0.163955
       0.16395
      0.163955
       0.16395
      0.163955
       0.16395
      0.163955
       0.16395
      0.163955
       0.16395
      0.163955
       0.16395
      0.163955
       0.16395
      0.163955
       0.16395
      0.163955
       0.16395
      0.163955
       0.16395
      0.163955
       0.16395
      0.163955
       0.16395
      0.163955
       0.16395
      0.163955
       0.16395
      0.163955
       0.16395
      0.163955
      0.122414
      0.122407
      0.122414
      0.122407
      0.122414
      0.122407
      0.122414
      0.122407
      0.122414
      0.122407
      0.122414
      0.122407
      0.122414
      0.122407
      0.122414
      0.122407
      0.122414
      0.122407
      0.122414
      0.122407
      0.122414
      0.122407
      0.122414
      0.122407
      0.122414
      0.122407
      0.122414
      0.122407
      0.122414
      0.122407
      0.122414
      0.122407
      0.122414
      0.122407
      0.122414
      0.122407
      0.122414
      0.122407
      0.122414
      0.122407
      0.122414
      0.122407
      0.122414
      0.122407
      0.122414
      0.122407
      0.122414
      0.122407
      0.122414
      0.122407
      0.122414
      0.122407
      0.122414
      0.122407
      0.122414
      0.122407
      0.122414
      0.122407
      0.122414
     0.0896834
     0.0896831
     0.0896834
     0.0896831
     0.0896834
     0.0896831
     0.0896834
     0.0896831
     0.0896834
     0.0896831
     0.0896834
     0.0896831
     0.0896834
     0.0896831
     0.0896834
     0.0896831
     0.0896834
     0.0896831
     0.0896834
     0.0896831
     0.0896834
     0.0896831
     0.0896834
     0.0896831
     0.0896834
     0.0896831
     0.0896834
     0.0896831
     0.0896834
     0.0896831
     0.0896834
     0.0896831
     0.0896834
     0.0896831
     0.0896834
     0.0896831
     0.0896834
     0.0896831
     0.0896834
     0.0896831
     0.0896834
     0.0896831
     0.0896834
     0.0896831
     0.0896834
     0.0896831
     0.0896834
     0.0896831
     0.0896834
     0.0896831
     0.0896834
     0.0896831
     0.0896834
     0.0896831
     0.0896834
     0.0896831
     0.0896834
     0.0896831
     0.0896834
     0.0644771
      0.064482
     0.0644771
      0.064482
     0.0644771
      0.064482
     0.0644771
      0.064482
     0.0644771
      0.064482
     0.0644771
      0.064482
     0.0644771
      0.064482
     0.0644771
      0.064482
     0.0644771
      0.064482
     0.0644771
      0.064482
     0.0644771
      0.064482
     0.0644771
      0.064482
     0.0644771
      0.064482
     0.0644771
      0.064482
     0.0644771
      0.064482
     0.0644771
      0.064482
     0.0644771
      0.064482
     0.0644771
      0.064482
     0.0644771
      0.064482
     0.0644771
      0.064482
     0.0644771
      0.064482
     0.0644771
      0.064482
     0.0644771
      0.064482
     0.0644771
      0.064482
     0.0644771
      0.064482
     0.0644771
      0.064482
     0.0644771
      0.064482
     0.0644771
      0.064482
     0.0644771
      0.064482
     0.0644771
     0.0455023
     0.0455049
     0.0455023
     0.0455049
     0.0455023
     0.0455049
     0.0455023
     0.0455049
     0.0455023
     0.0455049
     0.0455023
     0.0455049
     0.0455023
     0.0455049
     0.0455023
     0.0455049
     0.0455023
     0.0455049
     0.0455023
     0.0455049
     0.0455023
     0.0455049
     0.0455023
     0.0455049
     0.0455023
     0.0455049
     0.0455023
     0.0455049
     0.0455023
     0.0455049
     0.0455023
     0.0455049
     0.0455023
     0.0455049
     0.0455023
     0.0455049
     0.0455023
     0.0455049
     0.0455023
     0.0455049
     0.0455023
     0.0455049
     0.0455023
     0.0455049
     0.0455023
     0.0455049
     0.0455023
     0.0455049
     0.0455023
     0.0455049
     0.0455023
     0.0455049
     0.0455023
     0.0455049
     0.0455023
     0.0455049
     0.0455023
     0.0455049
     0.0455023
     0.0315054
     0.0315155
     0.0315054
     0.0315155
     0.0315054
     0.0315155
     0.0315054
     0.0315155
     0.0315054
     0.0315155
     0.0315054
     0.0315155
     0.0315054
     0.0315155
     0.0315054
     0.0315155
     0.0315054
     0.0315155
     0.0315054
     0.0315155
     0.0315054
     0.0315155
     0.0315054
     0.0315155
     0.0315054
     0.0315155
     0.0315054
     0.0315155
     0.0315054
     0.0315155
     0.0315054
     0.0315155
     0.0315054
     0.0315155
     0.0315054
     0.0315155
     0.0315054
     0.0315155
     0.0315054
     0.0315155
     0.0315054
     0.0315155
     0.0315054
     0.0315155
     0.0315054
     0.0315155
     0.0315054
     0.0315155
     0.0315054
     0.0315155
     0.0315054
     0.0315155
     0.0315054
     0.0315155
     0.0315054
     0.0315155
     0.0315054
     0.0315155
     0.0315054
     0.0214288
     0.0214322
     0.0214288
     0.0214322
     0.0214288
     0.0214322
     0.0214288
     0.0214322
     0.0214288
     0.0214322
     0.0214288
     0.0214322
     0.0214288
     0.0214322
     0.0214288
     0.0214322
     0.0214288
     0.0214322
     0.0214288
     0.0214322
     0.0214288
     0.0214322
     0.0214288
     0.0214322
     0.0214288
     0.0214322
     0.0214288
     0.0214322
     0.0214288
     0.0214322
     0.0214288
     0.0214322
     0.0214288
     0.0214322
     0.0214288
     0.0214322
     0.0214288
     0.0214322
     0.0214288
     0.0214322
     0.0214288
     0.0214322
     0.0214288
     0.0214322
     0.0214288
     0.0214322
     0.0214288
     0.0214322
     0.0214288
     0.0214322
     0.0214288
     0.0214322
     0.0214288
     0.0214322
     0.0214288
     0.0214322
     0.0214288
     0.0214322
     0.0214288
     0.0142956
     0.0143056
     0.0142956
     0.0143056
     0.0142956
     0.0143056
     0.0142956
     0.0143056
     0.0142956
     0.0143056
     0.0142956
     0.0143056
     0.0142956
     0.0143056
     0.0142956
     0.0143056
     0.0142956
     0.0143056
     0.0142956
     0.0143056
     0.0142956
     0.0143056
     0.0142956
     0.0143056
     0.0142956
     0.0143056
     0.0142956
     0.0143056
     0.0142956
     0.0143056
     0.0142956
     0.0143056
     0.0142956
     0.0143056
     0.0142956
     0.0143056
     0.0142956
     0.0143056
     0.0142956
     0.0143056
     0.0142956
     0.0143056
     0.0142956
     0.0143056
     0.0142956
     0.0143056
     0.0142956
     0.0143056
     0.0142956
     0.0143056
     0.0142956
     0.0143056
     0.0142956
     0.0143056
     0.0142956
     0.0143056
     0.0142956
     0.0143056
     0.0142956
    0.00937915
    0.00938208
    0.00937915
    0.00938208
    0.00937915
    0.00938208
    0.00937915
    0.00938208
    0.00937915
    0.00938208
    0.00937915
    0.00938208
    0.00937915
    0.00938208
    0.00937915
    0.00938208
    0.00937915
    0.00938208
    0.00937915
    0.00938208
    0.00937915
    0.00938208
    0.00937915
    0.00938208
    0.00937915
    0.00938208
    0.00937915
    0.00938208
    0.00937915
    0.00938208
    0.00937915
    0.00938208
    0.00937915
    0.00938208
    0.00937915
    0.00938208
    0.00937915
    0.00938208
    0.00937915
    0.00938208
    0.00937915
    0.00938208
    0.00937915
    0.00938208
    0.00937915
    0.00938208
    0.00937915
    0.00938208
    0.00937915
    0.00938208
    0.00937915
    0.00938208
    0.00937915
    0.00938208
    0.00937915
    0.00938208
    0.00937915
    0.00938208
    0.00937915
    0.00603269
    0.00604015
    0.00603269
    0.00604015
    0.00603269
    0.00604015
    0.00603269
    0.00604015
    0.00603269
    0.00604015
    0.00603269
    0.00604015
    0.00603269
    0.00604015
    0.00603269
    0.00604015
    0.00603269
    0.00604015
    0.00603269
    0.00604015
    0.00603269
    0.00604015
    0.00603269
    0.00604015
    0.00603269
    0.00604015
    0.00603269
    0.00604015
    0.00603269
    0.00604015
    0.00603269
    0.00604015
    0.00603269
    0.00604015
    0.00603269
    0.00604015
    0.00603269
    0.00604015
    0.00603269
    0.00604015
    0.00603269
    0.00604015
    0.00603269
    0.00604015
    0.00603269
    0.00604015
    0.00603269
    0.00604015
    0.00603269
    0.00604015
    0.00603269
    0.00604015
    0.00603269
    0.00604015
    0.00603269
    0.00604015
    0.00603269
    0.00604015
    0.00603269
    0.00382186
    0.00382387
    0.00382186
    0.00382387
    0.00382186
    0.00382387
    0.00382186
    0.00382387
    0.00382186
    0.00382387
    0.00382186
    0.00382387
    0.00382186
    0.00382387
    0.00382186
    0.00382387
    0.00382186
    0.00382387
    0.00382186
    0.00382387
    0.00382186
    0.00382387
    0.00382186
    0.00382387
    0.00382186
    0.00382387
    0.00382186
    0.00382387
    0.00382186
    0.00382387
    0.00382186
    0.00382387
    0.00382186
    0.00382387
    0.00382186
    0.00382387
    0.00382186
    0.00382387
    0.00382186
    0.00382387
    0.00382186
    0.00382387
    0.00382186
    0.00382387
    0.00382186
    0.00382387
    0.00382186
    0.00382387
    0.00382186
    0.00382387
    0.00382186
    0.00382387
    0.00382186
    0.00382387
    0.00382186
    0.00382387
    0.00382186
    0.00382387
    0.00382186
    0.00237205
    0.00237668
    0.00237205
    0.00237668
    0.00237205
    0.00237668
    0.00237205
    0.00237668
    0.00237205
    0.00237668
    0.00237205
    0.00237668
    0.00237205
    0.00237668
    0.00237205
    0.00237668
    0.00237205
    0.00237668
    0.00237205
    0.00237668
    0.00237205
    0.00237668
    0.00237205
    0.00237668
    0.00237205
    0.00237668
    0.00237205
    0.00237668
    0.00237205
    0.00237668
    0.00237205
    0.00237668
    0.00237205
    0.00237668
    0.00237205
    0.00237668
    0.00237205
    0.00237668
    0.00237205
    0.00237668
    0.00237205
    0.00237668
    0.00237205
    0.00237668
    0.00237205
    0.00237668
    0.00237205
    0.00237668
    0.00237205
    0.00237668
    0.00237205
    0.00237668
    0.00237205
    0.00237668
    0.00237205
    0.00237668
    0.00237205
    0.00237668
    0.00237205
    0.00145287
    0.00145404
    0.00145287
    0.00145404
    0.00145287
    0.00145404
    0.00145287
    0.00145404
    0.00145287
    0.00145404
    0.00145287
    0.00145404
    0.00145287
    0.00145404
    0.00145287
    0.00145404
    0.00145287
    0.00145404
    0.00145287
    0.00145404
    0.00145287
    0.00145404
    0.00145287
    0.00145404
    0.00145287
    0.00145404
    0.00145287
    0.00145404
    0.00145287
    0.00145404
    0.00145287
    0.00145404
    0.00145287
    0.00145404
    0.00145287
    0.00145404
    0.00145287
    0.00145404
    0.00145287
    0.00145404
    0.00145287
    0.00145404
    0.00145287
    0.00145404
    0.00145287
    0.00145404
    0.00145287
    0.00145404
    0.00145287
    0.00145404
    0.00145287
    0.00145404
    0.00145287
    0.00145404
    0.00145287
    0.00145404
    0.00145287
    0.00145404
    0.00145287
   0.000871007
     0.0008735
   0.000871007
     0.0008735
   0.000871007
     0.0008735
   0.000871007
     0.0008735
   0.000871007
     0.0008735
   0.000871007
     0.0008735
   0.000871007
     0.0008735
   0.000871007
     0.0008735
   0.000871007
     0.0008735
   0.000871007
     0.0008735
   0.000871007
     0.0008735
   0.000871007
     0.0008735
   0.000871007
     0.0008735
   0.000871007
     0.0008735
   0.000871007
     0.0008735
   0.000871007
     0.0008735
   0.000871007
     0.0008735
   0.000871007
     0.0008735
   0.000871007
     0.0008735
   0.000871007
     0.0008735
   0.000871007
     0.0008735
   0.000871007
     0.0008735
   0.000871007
     0.0008735
   0.000871007
     0.0008735
   0.000871007
     0.0008735
   0.000871007
     0.0008735
   0.000871007
     0.0008735
   0.000871007
     0.0008735
   0.000871007
     0.0008735
   0.000871007
   0.000516625
   0.000517229
   0.000516625
   0.000517229
   0.000516625
   0.000517229
   0.000516625
   0.000517229
   0.000516625
   0.000517229
   0.000516625
   0.000517229
   0.000516625
   0.000517229
   0.000516625
   0.000517229
   0.000516625
   0.000517229
   0.000516625
   0.000517229
   0.000516625
   0.000517229
   0.000516625
   0.000517229
   0.000516625
   0.000517229
   0.000516625
   0.000517229
   0.000516624
   0.000517228
   0.000516624
   0.000517229
   0.000516625
   0.000517229
   0.000516625
   0.000517229
   0.000516625
   0.000517229
   0.000516625
   0.000517229
   0.000516625
   0.000517229
   0.000516625
   0.000517229
   0.000516625
   0.000517229
   0.000516625
   0.000517229
   0.000516625
   0.000517229
   0.000516625
   0.000517229
   0.000516625
   0.000517229
   0.000516625
   0.000517229
   0.000516625
   0.000517229
   0.000516625
   0.000299818
   0.000301012
   0.000299818
   0.000301012
   0.000299818
   0.000301012
   0.000299818
   0.000301012
   0.000299818
   0.000301012
   0.000299818
   0.000301012
   0.000299818
   0.000301012
   0.000299818
   0.000301012
   0.000299818
   0.000301012
   0.000299818
   0.000301012
   0.000299818
   0.000301012
   0.000299818
   0.000301012
   0.000299818
   0.000301012
   0.000299817
   0.000301012
   0.000299817
   0.000301011
   0.000299817
   0.000301012
   0.000299817
   0.000301012
   0.000299818
   0.000301012
   0.000299818
   0.000301012
   0.000299818
   0.000301012
   0.000299818
   0.000301012
   0.000299818
   0.000301012
   0.000299818
   0.000301012
   0.000299818
   0.000301012
   0.000299818
   0.000301012
   0.000299818
   0.000301012
   0.000299818
   0.000301012
   0.000299818
   0.000301012
   0.000299818
   0.000301012
   0.000299818
   0.000173145
   0.000173426
   0.000173145
   0.000173426
   0.000173145
   0.000173426
   0.000173145
   0.000173426
   0.000173145
   0.000173426
   0.000173145
   0.000173426
   0.000173145
   0.000173426
   0.000173145
   0.000173426
   0.000173145
   0.000173426
   0.000173145
   0.000173426
   0.000173145
   0.000173426
   0.000173145
   0.000173426
   0.000173145
   0.000173426
   0.000173144
   0.000173425
   0.000173143
   0.000173424
   0.000173143
   0.000173425
   0.000173144
   0.000173426
   0.000173145
   0.000173426
   0.000173145
   0.000173426
   0.000173145
   0.000173426
   0.000173145
   0.000173426
   0.000173145
   0.000173426
   0.000173145
   0.000173426
   0.000173145
   0.000173426
   0.000173145
   0.000173426
   0.000173145
   0.000173426
   0.000173145
   0.000173426
   0.000173145
   0.000173426
   0.000173145
   0.000173426
   0.000173145
   9.87249e-05
    9.9258e-05
   9.87249e-05
    9.9258e-05
   9.87249e-05
    9.9258e-05
   9.87249e-05
    9.9258e-05
   9.87249e-05
    9.9258e-05
   9.87249e-05
    9.9258e-05
   9.87249e-05
    9.9258e-05
   9.87249e-05
    9.9258e-05
   9.87249e-05
    9.9258e-05
   9.87249e-05
    9.9258e-05
   9.87249e-05
    9.9258e-05
   9.87248e-05
   9.92578e-05
   9.87244e-05
    9.9257e-05
    9.8723e-05
    9.9255e-05
   9.87206e-05
   9.92528e-05
   9.87206e-05
    9.9255e-05
    9.8723e-05
    9.9257e-05
   9.87244e-05
   9.92578e-05
   9.87248e-05
    9.9258e-05
   9.87249e-05
    9.9258e-05
   9.87249e-05
    9.9258e-05
   9.87249e-05
    9.9258e-05
   9.87249e-05
    9.9258e-05
   9.87249e-05
    9.9258e-05
   9.87249e-05
    9.9258e-05
   9.87249e-05
    9.9258e-05
   9.87249e-05
    9.9258e-05
   9.87249e-05
    9.9258e-05
   9.87249e-05
    9.9258e-05
   9.87249e-05
   5.82326e-05
   5.83621e-05
   5.82326e-05
   5.83621e-05
   5.82326e-05
   5.83621e-05
   5.82326e-05
   5.83621e-05
   5.82326e-05
   5.83621e-05
   5.82326e-05
   5.83621e-05
   5.82326e-05
   5.83621e-05
   5.82326e-05
   5.83621e-05
   5.82326e-05
   5.83621e-05
   5.82326e-05
   5.83621e-05
   5.82326e-05
    5.8362e-05
   5.82325e-05
   5.83618e-05
   5.82319e-05
   5.83606e-05
   5.82296e-05
   5.83563e-05
   5.82227e-05
   5.83499e-05
   5.82227e-05
   5.83563e-05
   5.82296e-05
   5.83606e-05
   5.82319e-05
   5.83618e-05
   5.82325e-05
    5.8362e-05
   5.82326e-05
   5.83621e-05
   5.82326e-05
   5.83621e-05
   5.82326e-05
   5.83621e-05
   5.82326e-05
   5.83621e-05
   5.82326e-05
   5.83621e-05
   5.82326e-05
   5.83621e-05
   5.82326e-05
   5.83621e-05
   5.82326e-05
   5.83621e-05
   5.82326e-05
   5.83621e-05
   5.82326e-05
   5.83621e-05
   5.82326e-05
   3.76089e-05
   3.78791e-05
   3.76089e-05
   3.78791e-05
   3.76089e-05
   3.78791e-05
   3.76089e-05
   3.78791e-05
   3.76089e-05
   3.78791e-05
   3.76089e-05
   3.78791e-05
   3.76089e-05
   3.78791e-05
   3.76089e-05
   3.78791e-05
   3.76089e-05
   3.78791e-05
   3.76089e-05
   3.78791e-05
   3.76089e-05
    3.7879e-05
   3.76087e-05
   3.78787e-05
    3.7608e-05
   3.78771e-05
   3.76046e-05
   3.78692e-05
   3.75873e-05
   3.78501e-05
   3.75873e-05
   3.78692e-05
   3.76046e-05
   3.78771e-05
    3.7608e-05
   3.78787e-05
   3.76087e-05
    3.7879e-05
   3.76089e-05
   3.78791e-05
   3.76089e-05
   3.78791e-05
   3.76089e-05
   3.78791e-05
   3.76089e-05
   3.78791e-05
   3.76089e-05
   3.78791e-05
   3.76089e-05
   3.78791e-05
   3.76089e-05
   3.78791e-05
   3.76089e-05
   3.78791e-05
   3.76089e-05
   3.78791e-05
   3.76089e-05
   3.78791e-05
   3.76089e-05
   3.17238e-05
   3.18105e-05
   3.17238e-05
   3.18105e-05
   3.17238e-05
   3.18105e-05
   3.17238e-05
   3.18105e-05
   3.17238e-05
   3.18105e-05
   3.17238e-05
   3.18105e-05
   3.17238e-05
   3.18105e-05
   3.17238e-05
   3.18105e-05
   3.17238e-05
   3.18105e-05
   3.17238e-05
   3.18105e-05
   3.17238e-05
   3.18104e-05
   3.17236e-05
     3.181e-05
   3.17228e-05
   3.18082e-05
   3.17186e-05
   3.17983e-05
   3.16948e-05
   3.17376e-05
   3.16948e-05
   3.17983e-05
   3.17186e-05
   3.18082e-05
   3.17228e-05
     3.181e-05
   3.17236e-05
   3.18104e-05
   3.17238e-05
   3.18105e-05
   3.17238e-05
   3.18105e-05
   3.17238e-05
   3.18105e-05
   3.17238e-05
   3.18105e-05
   3.17238e-05
   3.18105e-05
   3.17238e-05
   3.18105e-05
   3.17238e-05
   3.18105e-05
   3.17238e-05
   3.18105e-05
   3.17238e-05
   3.18105e-05
   3.17238e-05
   3.18105e-05
   3.17238e-05
   3.76089e-05
   3.78791e-05
   3.76089e-05
   3.78791e-05
   3.76089e-05
   3.78791e-05
   3.76089e-05
   3.78791e-05
   3.76089e-05
   3.78791e-05
   3.76089e-05
   3.78791e-05
   3.76089e-05
   3.78791e-05
   3.76089e-05
   3.78791e-05
   3.76089e-05
   3.78791e-05
   3.76089e-05
   3.78791e-05
   3.76089e-05
    3.7879e-05
   3.76087e-05
   3.78787e-05
    3.7608e-05
   3.78771e-05
   3.76046e-05
   3.78692e-05
   3.75873e-05
   3.78501e-05
   3.75873e-05
   3.78692e-05
   3.76046e-05
   3.78771e-05
    3.7608e-05
   3.78787e-05
   3.76087e-05
    3.7879e-05
   3.76089e-05
   3.78791e-05
   3.76089e-05
   3.78791e-05
   3.76089e-05
   3.78791e-05
   3.76089e-05
   3.78791e-05
   3.76089e-05
   3.78791e-05
   3.76089e-05
   3.78791e-05
   3.76089e-05
   3.78791e-05
   3.76089e-05
   3.78791e-05
   3.76089e-05
   3.78791e-05
   3.76089e-05
   3.78791e-05
   3.76089e-05
   5.82326e-05
   5.83621e-05
   5.82326e-05
   5.83621e-05
   5.82326e-05
   5.83621e-05
   5.82326e-05
   5.83621e-05
   5.82326e-05
   5.83621e-05
   5.82326e-05
   5.83621e-05
   5.82326e-05
   5.83621e-05
   5.82326e-05
   5.83621e-05
   5.82326e-05
   5.83621e-05
   5.82326e-05
   5.83621e-05
   5.82326e-05
    5.8362e-05
   5.82325e-05
   5.83618e-05
   5.82319e-05
   5.83606e-05
   5.82296e-05
   5.83563e-05
   5.82227e-05
   5.83499e-05
   5.82227e-05
   5.83563e-05
   5.82296e-05
   5.83606e-05
   5.82319e-05
   5.83618e-05
   5.82325e-05
    5.8362e-05
   5.82326e-05
   5.83621e-05
   5.82326e-05
   5.83621e-05
   5.82326e-05
   5.83621e-05
   5.82326e-05
   5.83621e-05
   5.82326e-05
   5.83621e-05
   5.82326e-05
   5.83621e-05
   5.82326e-05
   5.83621e-05
   5.82326e-05
   5.83621e-05
   5.82326e-05
   5.83621e-05
   5.82326e-05
   5.83621e-05
   5.82326e-05
   9.87249e-05
    9.9258e-05
   9.87249e-05
    9.9258e-05
   9.87249e-05
    9.9258e-05
   9.87249e-05
    9.9258e-05
   9.87249e-05
    9.9258e-05
   9.87249e-05
    9.9258e-05
   9.87249e-05
    9.9258e-05
   9.87249e-05
    9.9258e-05
   9.87249e-05
    9.9258e-05
   9.87249e-05
    9.9258e-05
   9.87249e-05
    9.9258e-05
   9.87248e-05
   9.92578e-05
   9.87244e-05
    9.9257e-05
    9.8723e-05
    9.9255e-05
   9.87206e-05
   9.92528e-05
   9.87206e-05
    9.9255e-05
    9.8723e-05
    9.9257e-05
   9.87244e-05
   9.92578e-05
   9.87248e-05
    9.9258e-05
   9.87249e-05
    9.9258e-05
   9.87249e-05
    9.9258e-05
   9.87249e-05
    9.9258e-05
   9.87249e-05
    9.9258e-05
   9.87249e-05
    9.9258e-05
   9.87249e-05
    9.9258e-05
   9.87249e-05
    9.9258e-05
   9.87249e-05
    9.9258e-05
   9.87249e-05
    9.9258e-05
   9.87249e-05
    9.9258e-05
   9.87249e-05
   0.000173145
   0.000173426
   0.000173145
   0.000173426
   0.000173145
   0.000173426
   0.000173145
   0.000173426
   0.000173145
   0.000173426
   0.000173145
   0.000173426
   0.000173145
   0.000173426
   0.000173145
   0.000173426
   0.000173145
   0.000173426
   0.000173145
   0.000173426
   0.000173145
   0.000173426
   0.000173145
   0.000173426
   0.000173145
   0.000173426
   0.000173144
   0.000173425
   0.000173143
   0.000173424
   0.000173143
   0.000173425
   0.000173144
   0.000173426
   0.000173145
   0.000173426
   0.000173145
   0.000173426
   0.000173145
   0.000173426
   0.000173145
   0.000173426
   0.000173145
   0.000173426
   0.000173145
   0.000173426
   0.000173145
   0.000173426
   0.000173145
   0.000173426
   0.000173145
   0.000173426
   0.000173145
   0.000173426
   0.000173145
   0.000173426
   0.000173145
   0.000173426
   0.000173145
   0.000299818
   0.000301012
   0.000299818
   0.000301012
   0.000299818
   0.000301012
   0.000299818
   0.000301012
   0.000299818
   0.000301012
   0.000299818
   0.000301012
   0.000299818
   0.000301012
   0.000299818
   0.000301012
   0.000299818
   0.000301012
   0.000299818
   0.000301012
   0.000299818
   0.000301012
   0.000299818
   0.000301012
   0.000299818
   0.000301012
   0.000299817
   0.000301012
   0.000299817
   0.000301011
   0.000299817
   0.000301012
   0.000299817
   0.000301012
   0.000299818
   0.000301012
   0.000299818
   0.000301012
   0.000299818
   0.000301012
   0.000299818
   0.000301012
   0.000299818
   0.000301012
   0.000299818
   0.000301012
   0.000299818
   0.000301012
   0.000299818
   0.000301012
   0.000299818
   0.000301012
   0.000299818
   0.000301012
   0.000299818
   0.000301012
   0.000299818
   0.000301012
   0.000299818
   0.000516625
   0.000517229
   0.000516625
   0.000517229
   0.000516625
   0.000517229
   0.000516625
   0.000517229
   0.000516625
   0.000517229
   0.000516625
   0.000517229
   0.000516625
   0.000517229
   0.000516625
   0.000517229
   0.000516625
   0.000517229
   0.000516625
   0.000517229
   0.000516625
   0.000517229
   0.000516625
   0.000517229
   0.000516625
   0.000517229
   0.000516625
   0.000517229
   0.000516624
   0.000517228
   0.000516624
   0.000517229
   0.000516625
   0.000517229
   0.000516625
   0.000517229
   0.000516625
   0.000517229
   0.000516625
   0.000517229
   0.000516625
   0.000517229
   0.000516625
   0.000517229
   0.000516625
   0.000517229
   0.000516625
   0.000517229
   0.000516625
   0.000517229
   0.000516625
   0.000517229
   0.000516625
   0.000517229
   0.000516625
   0.000517229
   0.000516625
   0.000517229
   0.000516625
   0.000871007
     0.0008735
   0.000871007
     0.0008735
   0.000871007
     0.0008735
   0.000871007
     0.0008735
   0.000871007
     0.0008735
   0.000871007
     0.0008735
   0.000871007
     0.0008735
   0.000871007
     0.0008735
   0.000871007
     0.0008735
   0.000871007
     0.0008735
   0.000871007
     0.0008735
   0.000871007
     0.0008735
   0.000871007
     0.0008735
   0.000871007
     0.0008735
   0.000871007
     0.0008735
   0.000871007
     0.0008735
   0.000871007
     0.0008735
   0.000871007
     0.0008735
   0.000871007
     0.0008735
   0.000871007
     0.0008735
   0.000871007
     0.0008735
   0.000871007
     0.0008735
   0.000871007
     0.0008735
   0.000871007
     0.0008735
   0.000871007
     0.0008735
   0.000871007
     0.0008735
   0.000871007
     0.0008735
   0.000871007
     0.0008735
   0.000871007
     0.0008735
   0.000871007
    0.00145287
    0.00145404
    0.00145287
    0.00145404
    0.00145287
    0.00145404
    0.00145287
    0.00145404
    0.00145287
    0.00145404
    0.00145287
    0.00145404
    0.00145287
    0.00145404
    0.00145287
    0.00145404
    0.00145287
    0.00145404
    0.00145287
    0.00145404
    0.00145287
    0.00145404
    0.00145287
    0.00145404
    0.00145287
    0.00145404
    0.00145287
    0.00145404
    0.00145287
    0.00145404
    0.00145287
    0.00145404
    0.00145287
    0.00145404
    0.00145287
    0.00145404
    0.00145287
    0.00145404
    0.00145287
    0.00145404
    0.00145287
    0.00145404
    0.00145287
    0.00145404
    0.00145287
    0.00145404
    0.00145287
    0.00145404
    0.00145287
    0.00145404
    0.00145287
    0.00145404
    0.00145287
    0.00145404
    0.00145287
    0.00145404
    0.00145287
    0.00145404
    0.00145287
    0.00237205
    0.00237668
    0.00237205
    0.00237668
    0.00237205
    0.00237668
    0.00237205
    0.00237668
    0.00237205
    0.00237668
    0.00237205
    0.00237668
    0.00237205
    0.00237668
    0.00237205
    0.00237668
    0.00237205
    0.00237668
    0.00237205
    0.00237668
    0.00237205
    0.00237668
    0.00237205
    0.00237668
    0.00237205
    0.00237668
    0.00237205
    0.00237668
    0.00237205
    0.00237668
    0.00237205
    0.00237668
    0.00237205
    0.00237668
    0.00237205
    0.00237668
    0.00237205
    0.00237668
    0.00237205
    0.00237668
    0.00237205
    0.00237668
    0.00237205
    0.00237668
    0.00237205
    0.00237668
    0.00237205
    0.00237668
    0.00237205
    0.00237668
    0.00237205
    0.00237668
    0.00237205
    0.00237668
    0.00237205
    0.00237668
    0.00237205
    0.00237668
    0.00237205
    0.00382186
    0.00382387
    0.00382186
    0.00382387
    0.00382186
    0.00382387
    0.00382186
    0.00382387
    0.00382186
    0.00382387
    0.00382186
    0.00382387
    0.00382186
    0.00382387
    0.00382186
    0.00382387
    0.00382186
    0.00382387
    0.00382186
    0.00382387
    0.00382186
    0.00382387
    0.00382186
    0.00382387
    0.00382186
    0.00382387
    0.00382186
    0.00382387
    0.00382186
    0.00382387
    0.00382186
    0.00382387
    0.00382186
    0.00382387
    0.00382186
    0.00382387
    0.00382186
    0.00382387
    0.00382186
    0.00382387
    0.00382186
    0.00382387
    0.00382186
    0.00382387
    0.00382186
    0.00382387
    0.00382186
    0.00382387
    0.00382186
    0.00382387
    0.00382186
    0.00382387
    0.00382186
    0.00382387
    0.00382186
    0.00382387
    0.00382186
    0.00382387
    0.00382186
    0.00603269
    0.00604015
    0.00603269
    0.00604015
    0.00603269
    0.00604015
    0.00603269
    0.00604015
    0.00603269
    0.00604015
    0.00603269
    0.00604015
    0.00603269
    0.00604015
    0.00603269
    0.00604015
    0.00603269
    0.00604015
    0.00603269
    0.00604015
    0.00603269
    0.00604015
    0.00603269
    0.00604015
    0.00603269
    0.00604015
    0.00603269
    0.00604015
    0.00603269
    0.00604015
    0.00603269
    0.00604015
    0.00603269
    0.00604015
    0.00603269
    0.00604015
    0.00603269
    0.00604015
    0.00603269
    0.00604015
    0.00603269
    0.00604015
    0.00603269
    0.00604015
    0.00603269
    0.00604015
    0.00603269
    0.00604015
    0.00603269
    0.00604015
    0.00603269
    0.00604015
    0.00603269
    0.00604015
    0.00603269
    0.00604015
    0.00603269
    0.00604015
    0.00603269
    0.00937915
    0.00938208
    0.00937915
    0.00938208
    0.00937915
    0.00938208
    0.00937915
    0.00938208
    0.00937915
    0.00938208
    0.00937915
    0.00938208
    0.00937915
    0.00938208
    0.00937915
    0.00938208
    0.00937915
    0.00938208
    0.00937915
    0.00938208
    0.00937915
    0.00938208
    0.00937915
    0.00938208
    0.00937915
    0.00938208
    0.00937915
    0.00938208
    0.00937915
    0.00938208
    0.00937915
    0.00938208
    0.00937915
    0.00938208
    0.00937915
    0.00938208
    0.00937915
    0.00938208
    0.00937915
    0.00938208
    0.00937915
    0.00938208
    0.00937915
    0.00938208
    0.00937915
    0.00938208
    0.00937915
    0.00938208
    0.00937915
    0.00938208
    0.00937915
    0.00938208
    0.00937915
    0.00938208
    0.00937915
    0.00938208
    0.00937915
    0.00938208
    0.00937915
     0.0142956
     0.0143056
     0.0142956
     0.0143056
     0.0142956
     0.0143056
     0.0142956
     0.0143056
     0.0142956
     0.0143056
     0.0142956
     0.0143056
     0.0142956
     0.0143056
     0.0142956
     0.0143056
     0.0142956
     0.0143056
     0.0142956
     0.0143056
     0.0142956
     0.0143056
     0.0142956
     0.0143056
     0.0142956
     0.0143056
     0.0142956
     0.0143056
     0.0142956
     0.0143056
     0.0142956
     0.0143056
     0.0142956
     0.0143056
     0.0142956
     0.0143056
     0.0142956
     0.0143056
     0.0142956
     0.0143056
     0.0142956
     0.0143056
     0.0142956
     0.0143056
     0.0142956
     0.0143056
     0.0142956
     0.0143056
     0.0142956
     0.0143056
     0.0142956
     0.0143056
     0.0142956
     0.0143056
     0.0142956
     0.0143056
     0.0142956
     0.0143056
     0.0142956
     0.0214288
     0.0214322
     0.0214288
     0.0214322
     0.0214288
     0.0214322
     0.0214288
     0.0214322
     0.0214288
     0.0214322
     0.0214288
     0.0214322
     0.0214288
     0.0214322
     0.0214288
     0.0214322
     0.0214288
     0.0214322
     0.0214288
     0.0214322
     0.0214288
     0.0214322
     0.0214288
     0.0214322
     0.0214288
     0.0214322
     0.0214288
     0.0214322
     0.0214288
     0.0214322
     0.0214288
     0.0214322
     0.0214288
     0.0214322
     0.0214288
     0.0214322
     0.0214288
     0.0214322
     0.0214288
     0.0214322
     0.0214288
     0.0214322
     0.0214288
     0.0214322
     0.0214288
     0.0214322
     0.0214288
     0.0214322
     0.0214288
     0.0214322
     0.0214288
     0.0214322
     0.0214288
     0.0214322
     0.0214288
     0.0214322
     0.0214288
     0.0214322
     0.0214288
     0.0315054
     0.0315155
     0.0315054
     0.0315155
     0.0315054
     0.0315155
     0.0315054
     0.0315155
     0.0315054
     0.0315155
     0.0315054
     0.0315155
     0.0315054
     0.0315155
     0.0315054
     0.0315155
     0.0315054
     0.0315155
     0.0315054
     0.0315155
     0.0315054
     0.0315155
     0.0315054
     0.0315155
     0.0315054
     0.0315155
     0.0315054
     0.0315155
     0.0315054
     0.0315155
     0.0315054
     0.0315155
     0.0315054
     0.0315155
     0.0315054
     0.0315155
     0.0315054
     0.0315155
     0.0315054
     0.0315155
     0.0315054
     0.0315155
     0.0315054
     0.0315155
     0.0315054
     0.0315155
     0.0315054
     0.0315155
     0.0315054
     0.0315155
     0.0315054
     0.0315155
     0.0315054
     0.0315155
     0.0315054
     0.0315155
     0.0315054
     0.0315155
     0.0315054
     0.0455023
     0.0455049
     0.0455023
     0.0455049
     0.0455023
     0.0455049
     0.0455023
     0.0455049
     0.0455023
     0.0455049
     0.0455023
     0.0455049
     0.0455023
     0.0455049
     0.0455023
     0.0455049
     0.0455023
     0.0455049
     0.0455023
     0.0455049
     0.0455023
     0.0455049
     0.0455023
     0.0455049
     0.0455023
     0.0455049
     0.0455023
     0.0455049
     0.0455023
     0.0455049
     0.0455023
     0.0455049
     0.0455023
     0.0455049
     0.0455023
     0.0455049
     0.0455023
     0.0455049
     0.0455023
     0.0455049
     0.0455023
     0.0455049
     0.0455023
     0.0455049
     0.0455023
     0.0455049
     0.0455023
     0.0455049
     0.0455023
     0.0455049
     0.0455023
     0.0455049
     0.0455023
     0.0455049
     0.0455023
     0.0455049
     0.0455023
     0.0455049
     0.0455023
     0.0644771
      0.064482
     0.0644771
      0.064482
     0.0644771
      0.064482
     0.0644771
      0.064482
     0.0644771
      0.064482
     0.0644771
      0.064482
     0.0644771
      0.064482
     0.0644771
      0.064482
     0.0644771
      0.064482
     0.0644771
      0.064482
     0.0644771
      0.064482
     0.0644771
      0.064482
     0.0644771
      0.064482
     0.0644771
      0.064482
     0.0644771
      0.064482
     0.0644771
      0.064482
     0.0644771
      0.064482
     0.0644771
      0.064482
     0.0644771
      0.064482
     0.0644771
      0.064482
     0.0644771
      0.064482
     0.0644771
      0.064482
     0.0644771
      0.064482
     0.0644771
      0.064482
     0.0644771
      0.064482
     0.0644771
      0.064482
     0.0644771
      0.064482
     0.0644771
      0.064482
     0.0644771
      0.064482
     0.0644771
     0.0896834
     0.0896831
     0.0896834
     0.0896831
     0.0896834
     0.0896831
     0.0896834
     0.0896831
     0.0896834
     0.0896831
     0.0896834
     0.0896831
     0.0896834
     0.0896831
     0.0896834
     0.0896831
     0.0896834
     0.0896831
     0.0896834
     0.0896831
     0.0896834
     0.0896831
     0.0896834
     0.0896831
     0.0896834
     0.0896831
     0.0896834
     0.0896831
     0.0896834
     0.0896831
     0.0896834
     0.0896831
     0.0896834
     0.0896831
     0.0896834
     0.0896831
     0.0896834
     0.0896831
     0.0896834
     0.0896831
     0.0896834
     0.0896831
     0.0896834
     0.0896831
     0.0896834
     0.0896831
     0.0896834
     0.0896831
     0.0896834
     0.0896831
     0.0896834
     0.0896831
     0.0896834
     0.0896831
     0.0896834
     0.0896831
     0.0896834
     0.0896831
     0.0896834
      0.122414
      0.122407
      0.122414
      0.122407
      0.122414
      0.122407
      0.122414
      0.122407
      0.122414
      0.122407
      0.122414
      0.122407
      0.122414
      0.122407
      0.122414
      0.122407
      0.122414
      0.122407
      0.122414
      0.122407
      0.122414
      0.122407
      0.122414
      0.122407
      0.122414
      0.122407
      0.122414
      0.122407
      0.122414
      0.122407
      0.122414
      0.122407
      0.122414
      0.122407
      0.122414
      0.122407
      0.122414
      0.122407
      0.122414
      0.122407
      0.122414
      0.122407
      0.122414
      0.122407
      0.122414
      0.122407
      0.122414
      0.122407
      0.122414
      0.122407
      0.122414
      0.122407
      0.122414
      0.122407
      0.122414
      0.122407
      0.122414
      0.122407
      0.122414
      0.163955
       0.16395
      0.163955
       0.16395
      0.163955
       0.16395
      0.163955
       0.16395
      0.163955
       0.16395
      0.163955
       0.16395
      0.163955
       0.16395
      0.163955
       0.16395
      0.163955
       0.16395
      0.163955
       0.16395
      0.163955
       0.16395
      0.163955
       0.16395
      0.163955
       0.16395
      0.163955
       0.16395
      0.163955
       0.16395
      0.163955
       0.16395
      0.163955
       0.16395
      0.163955
       0.16395
      0.163955
       0.16395
      0.163955
       0.16395
      0.163955
       0.16395
      0.163955
       0.16395
      0.163955
       0.16395
      0.163955
       0.16395
      0.163955
       0.16395
      0.163955
       0.16395
      0.163955
       0.16395
      0.163955
       0.16395
      0.163955
       0.16395
      0.163955
      0.215535
      0.215511
      0.215535
      0.215511
      0.215535
      0.215511
      0.215535
      0.215511
      0.215535
      0.215511
      0.215535
      0.215511
      0.215535
      0.215511
      0.215535
      0.215511
      0.215535
      0.215511
      0.215535
      0.215511
      0.215535
      0.215511
      0.215535
      0.215511
      0.215535
      0.215511
      0.215535
      0.215511
      0.215535
      0.215511
      0.215535
      0.215511
      0.215535
      0.215511
      0.215535
      0.215511
      0.215535
      0.215511
      0.215535
      0.215511
      0.215535
      0.215511
      0.215535
      0.215511
      0.215535
      0.215511
      0.215535
      0.215511
      0.215535
      0.215511
      0.215535
      0.215511
      0.215535
      0.215511
      0.215535
      0.215511
      0.215535
      0.215511
      0.215535
      0.278023
      0.278013
      0.278023
      0.278013
      0.278023
      0.278013
      0.278023
      0.278013
      0.278023
      0.278013
      0.278023
      0.278013
      0.278023
      0.278013
      0.278023
      0.278013
      0.278023
      0.278013
      0.278023
      0.278013
      0.278023
      0.278013
      0.278023
      0.278013
      0.278023
      0.278013
      0.278023
      0.278013
      0.278023
      0.278013
      0.278023
      0.278013
      0.278023
      0.278013
      0.278023
      0.278013
      0.278023
      0.278013
      0.278023
      0.278013
      0.278023
      0.278013
      0.278023
      0.278013
      0.278023
      0.278013
      0.278023
      0.278013
      0.278023
      0.278013
      0.278023
      0.278013
      0.278023
      0.278013
      0.278023
      0.278013
      0.278023
      0.278013
      0.278023
      0.352101
      0.352064
      0.352101
      0.352064
      0.352101
      0.352064
      0.352101
      0.352064
      0.352101
      0.352064
      0.352101
      0.352064
      0.352101
      0.352064
      0.352101
      0.352064
      0.352101
      0.352064
      0.352101
      0.352064
      0.352101
      0.352064
      0.352101
      0.352064
      0.352101
      0.352064
      0.352101
      0.352064
      0.352101
      0.352064
      0.352101
      0.352064
      0.352101
      0.352064
      0.352101
      0.352064
      0.352101
      0.352064
      0.352101
      0.352064
      0.352101
      0.352064
      0.352101
      0.352064
      0.352101
      0.352064
      0.352101
      0.352064
      0.352101
      0.352064
      0.352101
      0.352064
      0.352101
      0.352064
      0.352101
      0.352064
      0.352101
      0.352064
      0.352101
      0.437705
      0.437692
      0.437705
      0.437692
      0.437705
      0.437692
      0.437705
      0.437692
      0.437705
      0.437692
      0.437705
      0.437692
      0.437705
      0.437692
      0.437705
      0.437692
      0.437705
      0.437692
      0.437705
      0.437692
      0.437705
      0.437692
      0.437705
      0.437692
      0.437705
      0.437692
      0.437705
      0.437692
      0.437705
      0.437692
      0.437705
      0.437692
      0.437705
      0.437692
      0.437705
      0.437692
      0.437705
      0.437692
      0.437705
      0.437692
      0.437705
      0.437692
      0.437705
      0.437692
      0.437705
      0.437692
      0.437705
      0.437692
      0.437705
      0.437692
      0.437705
      0.437692
      0.437705
      0.437692
      0.437705
      0.437692
      0.437705
      0.437692
      0.437705
      0.534473
      0.534434
      0.534473
      0.534434
      0.534473
      0.534434
      0.534473
      0.534434
      0.534473
      0.534434
      0.534473
      0.534434
      0.534473
      0.534434
      0.534473
      0.534434
      0.534473
      0.534434
      0.534473
      0.534434
      0.534473
      0.534434
      0.534473
      0.534434
      0.534473
      0.534434
      0.534473
      0.534434
      0.534473
      0.534434
      0.534473
      0.534434
      0.534473
      0.534434
      0.534473
      0.534434
      0.534473
      0.534434
      0.534473
      0.534434
      0.534473
      0.534434
      0.534473
      0.534434
      0.534473
      0.534434
      0.534473
      0.534434
      0.534473
      0.534434
      0.534473
      0.534434
      0.534473
      0.534434
      0.534473
      0.534434
      0.534473
      0.534434
      0.534473
       0.64108
      0.641069
       0.64108
      0.641069
       0.64108
      0.641069
       0.64108
      0.641069
       0.64108
      0.641069
       0.64108
      0.641069
       0.64108
      0.641069
       0.64108
      0.641069
       0.64108
      0.641069
       0.64108
      0.641069
       0.64108
      0.641069
       0.64108
      0.641069
       0.64108
      0.641069
       0.64108
      0.641069
       0.64108
      0.641069
       0.64108
      0.641069
       0.64108
      0.641069
       0.64108
      0.641069
       0.64108
      0.641069
       0.64108
      0.641069
       0.64108
      0.641069
       0.64108
      0.641069
       0.64108
      0.641069
       0.64108
      0.641069
       0.64108
      0.641069
       0.64108
      0.641069
       0.64108
      0.641069
       0.64108
      0.641069
       0.64108
      0.641069
       0.64108
      0.755884
      0.755858
      0.755884
      0.755858
      0.755884
      0.755858
      0.755884
      0.755858
      0.755884
      0.755858
      0.755884
      0.755858
      0.755884
      0.755858
      0.755884
      0.755858
      0.755884
      0.755858
      0.755884
      0.755858
      0.755884
      0.755858
      0.755884
      0.755858
      0.755884
      0.755858
      0.755884
      0.755858
      0.755884
      0.755858
      0.755884
      0.755858
      0.755884
      0.755858
      0.755884
      0.755858
      0.755884
      0.755858
      0.755884
      0.755858
      0.755884
      0.755858
      0.755884
      0.755858
      0.755884
      0.755858
      0.755884
      0.755858
      0.755884
      0.755858
      0.755884
      0.755858
      0.755884
      0.755858
      0.755884
      0.755858
      0.755884
      0.755858
      0.755884
      0.876415
      0.876411
      0.876415
      0.876411
      0.876415
      0.876411
      0.876415
      0.876411
      0.876415
      0.876411
      0.876415
      0.876411
      0.876415
      0.876411
      0.876415
      0.876411
      0.876415
      0.876411
      0.876415
      0.876411
      0.876415
      0.876411
      0.876415
      0.876411
      0.876415
      0.876411
      0.876415
      0.876411
      0.876415
      0.876411
      0.876415
      0.876411
      0.876415
      0.876411
      0.876415
      0.876411
      0.876415
      0.876411
      0.876415
      0.876411
      0.876415
      0.876411
      0.876415
      0.876411
      0.876415
      0.876411
      0.876415
      0.876411
      0.876415
      0.876411
      0.876415
      0.876411
      0.876415
      0.876411
      0.876415
      0.876411
      0.876415
      0.876411
      0.876415
             1
             1
             1
             1
             1
             1
             1
             1
             1
             1
             1
             1
             1
             1
             1
             1
             1
             1
             1
             1
             1
             1
             1
             1
             1
             1
             1
             1
             1
             1
             1
             1
             1
             1
             1
             1
             1
             1
             1
             1
             1
             1
             1
             1
             1
             1
             1
             1
             1
             1
             1
             1
             1
             1
             1
             1
             1
             1
             1
