             1
             1
             1
             1
             1
             1
             1
             1
             1
             1
             1
             1
             1
             1
             1
             1
             1
             1
             1
             1
             1
             1
             1
             1
             1
             1
             1
             1
             1
             1
             1
             1
             1
             1
             1
             1
             1
             1
             1
             1
             1
             1
             1
             1
             1
             1
             1
             1
             1
             1
             1
             1
             1
             1
             1
             1
             1
             1
             1
      0.882193
      0.882189
      0.882193
      0.882189
      0.882193
      0.882189
      0.882193
      0.882189
      0.882193
      0.882189
      0.882193
      0.882189
      0.882193
      0.882189
      0.882193
      0.882189
      0.882193
      0.882189
      0.882193
      0.882189
      0.882193
      0.882189
      0.882193
      0.882189
      0.882193
      0.882189
      0.882193
      0.882189
      0.882193
      0.882189
      0.882193
      0.882189
      0.882193
      0.882189
      0.882193
      0.882189
      0.882193
      0.882189
      0.882193
      0.882189
      0.882193
      0.882189
      0.882193
      0.882189
      0.882193
      0.882189
      0.882193
      0.882189
      0.882193
      0.882189
      0.882193
      0.882189
      0.882193
      0.882189
      0.882193
      0.882189
      0.882193
      0.882189
      0.882193
      0.767031
      0.767011
      0.767031
      0.767011
      0.767031
      0.767011
      0.767031
      0.767011
      0.767031
      0.767011
      0.767031
      0.767011
      0.767031
      0.767011
      0.767031
      0.767011
      0.767031
      0.767011
      0.767031
      0.767011
      0.767031
      0.767011
      0.767031
      0.767011
      0.767031
      0.767011
      0.767031
      0.767011
      0.767031
      0.767011
      0.767031
      0.767011
      0.767031
      0.767011
      0.767031
      0.767011
      0.767031
      0.767011
      0.767031
      0.767011
      0.767031
      0.767011
      0.767031
      0.767011
      0.767031
      0.767011
      0.767031
      0.767011
      0.767031
      0.767011
      0.767031
      0.767011
      0.767031
      0.767011
      0.767031
      0.767011
      0.767031
      0.767011
      0.767031
      0.656853
      0.656844
      0.656853
      0.656844
      0.656853
      0.656844
      0.656853
      0.656844
      0.656853
      0.656844
      0.656853
      0.656844
      0.656853
      0.656844
      0.656853
      0.656844
      0.656853
      0.656844
      0.656853
      0.656844
      0.656853
      0.656844
      0.656853
      0.656844
      0.656853
      0.656844
      0.656853
      0.656844
      0.656853
      0.656844
      0.656853
      0.656844
      0.656853
      0.656844
      0.656853
      0.656844
      0.656853
      0.656844
      0.656853
      0.656844
      0.656853
      0.656844
      0.656853
      0.656844
      0.656853
      0.656844
      0.656853
      0.656844
      0.656853
      0.656844
      0.656853
      0.656844
      0.656853
      0.656844
      0.656853
      0.656844
      0.656853
      0.656844
      0.656853
      0.553833
      0.553801
      0.553833
      0.553801
      0.553833
      0.553801
      0.553833
      0.553801
      0.553833
      0.553801
      0.553833
      0.553801
      0.553833
      0.553801
      0.553833
      0.553801
      0.553833
      0.553801
      0.553833
      0.553801
      0.553833
      0.553801
      0.553833
      0.553801
      0.553833
      0.553801
      0.553833
      0.553801
      0.553833
      0.553801
      0.553833
      0.553801
      0.553833
      0.553801
      0.553833
      0.553801
      0.553833
      0.553801
      0.553833
      0.553801
      0.553833
      0.553801
      0.553833
      0.553801
      0.553833
      0.553801
      0.553833
      0.553801
      0.553833
      0.553801
      0.553833
      0.553801
      0.553833
      0.553801
      0.553833
      0.553801
      0.553833
      0.553801
      0.553833
      0.459487
      0.459476
      0.459487
      0.459476
      0.459487
      0.459476
      0.459487
      0.459476
      0.459487
      0.459476
      0.459487
      0.459476
      0.459487
      0.459476
      0.459487
      0.459476
      0.459487
      0.459476
      0.459487
      0.459476
      0.459487
      0.459476
      0.459487
      0.459476
      0.459487
      0.459476
      0.459487
      0.459476
      0.459487
      0.459476
      0.459487
      0.459476
      0.459487
      0.459476
      0.459487
      0.459476
      0.459487
      0.459476
      0.459487
      0.459476
      0.459487
      0.459476
      0.459487
      0.459476
      0.459487
      0.459476
      0.459487
      0.459476
      0.459487
      0.459476
      0.459487
      0.459476
      0.459487
      0.459476
      0.459487
      0.459476
      0.459487
      0.459476
      0.459487
      0.375073
      0.375042
      0.375073
      0.375042
      0.375073
      0.375042
      0.375073
      0.375042
      0.375073
      0.375042
      0.375073
      0.375042
      0.375073
      0.375042
      0.375073
      0.375042
      0.375073
      0.375042
      0.375073
      0.375042
      0.375073
      0.375042
      0.375073
      0.375042
      0.375073
      0.375042
      0.375073
      0.375042
      0.375073
      0.375042
      0.375073
      0.375042
      0.375073
      0.375042
      0.375073
      0.375042
      0.375073
      0.375042
      0.375073
      0.375042
      0.375073
      0.375042
      0.375073
      0.375042
      0.375073
      0.375042
      0.375073
      0.375042
      0.375073
      0.375042
      0.375073
      0.375042
      0.375073
      0.375042
      0.375073
      0.375042
      0.375073
      0.375042
      0.375073
      0.301055
      0.301046
      0.301055
      0.301046
      0.301055
      0.301046
      0.301055
      0.301046
      0.301055
      0.301046
      0.301055
      0.301046
      0.301055
      0.301046
      0.301055
      0.301046
      0.301055
      0.301046
      0.301055
      0.301046
      0.301055
      0.301046
      0.301055
      0.301046
      0.301055
      0.301046
      0.301055
      0.301046
      0.301055
      0.301046
      0.301055
      0.301046
      0.301055
      0.301046
      0.301055
      0.301046
      0.301055
      0.301046
      0.301055
      0.301046
      0.301055
      0.301046
      0.301055
      0.301046
      0.301055
      0.301046
      0.301055
      0.301046
      0.301055
      0.301046
      0.301055
      0.301046
      0.301055
      0.301046
      0.301055
      0.301046
      0.301055
      0.301046
      0.301055
      0.237639
      0.237618
      0.237639
      0.237618
      0.237639
      0.237618
      0.237639
      0.237618
      0.237639
      0.237618
      0.237639
      0.237618
      0.237639
      0.237618
      0.237639
      0.237618
      0.237639
      0.237618
      0.237639
      0.237618
      0.237639
      0.237618
      0.237639
      0.237618
      0.237639
      0.237618
      0.237639
      0.237618
      0.237639
      0.237618
      0.237639
      0.237618
      0.237639
      0.237618
      0.237639
      0.237618
      0.237639
      0.237618
      0.237639
      0.237618
      0.237639
      0.237618
      0.237639
      0.237618
      0.237639
      0.237618
      0.237639
      0.237618
      0.237639
      0.237618
      0.237639
      0.237618
      0.237639
      0.237618
      0.237639
      0.237618
      0.237639
      0.237618
      0.237639
      0.184376
      0.184371
      0.184376
      0.184371
      0.184376
      0.184371
      0.184376
      0.184371
      0.184376
      0.184371
      0.184376
      0.184371
      0.184376
      0.184371
      0.184376
      0.184371
      0.184376
      0.184371
      0.184376
      0.184371
      0.184376
      0.184371
      0.184376
      0.184371
      0.184376
      0.184371
      0.184376
      0.184371
      0.184376
      0.184371
      0.184376
      0.184371
      0.184376
      0.184371
      0.184376
      0.184371
      0.184376
      0.184371
      0.184376
      0.184371
      0.184376
      0.184371
      0.184376
      0.184371
      0.184376
      0.184371
      0.184376
      0.184371
      0.184376
      0.184371
      0.184376
      0.184371
      0.184376
      0.184371
      0.184376
      0.184371
      0.184376
      0.184371
      0.184376
      0.140638
      0.140629
      0.140638
      0.140629
      0.140638
      0.140629
      0.140638
      0.140629
      0.140638
      0.140629
      0.140638
      0.140629
      0.140638
      0.140629
      0.140638
      0.140629
      0.140638
      0.140629
      0.140638
      0.140629
      0.140638
      0.140629
      0.140638
      0.140629
      0.140638
      0.140629
      0.140638
      0.140629
      0.140638
      0.140629
      0.140638
      0.140629
      0.140638
      0.140629
      0.140638
      0.140629
      0.140638
      0.140629
      0.140638
      0.140629
      0.140638
      0.140629
      0.140638
      0.140629
      0.140638
      0.140629
      0.140638
      0.140629
      0.140638
      0.140629
      0.140638
      0.140629
      0.140638
      0.140629
      0.140638
      0.140629
      0.140638
      0.140629
      0.140638
       0.10543
      0.105429
       0.10543
      0.105429
       0.10543
      0.105429
       0.10543
      0.105429
       0.10543
      0.105429
       0.10543
      0.105429
       0.10543
      0.105429
       0.10543
      0.105429
       0.10543
      0.105429
       0.10543
      0.105429
       0.10543
      0.105429
       0.10543
      0.105429
       0.10543
      0.105429
       0.10543
      0.105429
       0.10543
      0.105429
       0.10543
      0.105429
       0.10543
      0.105429
       0.10543
      0.105429
       0.10543
      0.105429
       0.10543
      0.105429
       0.10543
      0.105429
       0.10543
      0.105429
       0.10543
      0.105429
       0.10543
      0.105429
       0.10543
      0.105429
       0.10543
      0.105429
       0.10543
      0.105429
       0.10543
      0.105429
       0.10543
      0.105429
       0.10543
     0.0776873
     0.0776891
     0.0776873
     0.0776891
     0.0776873
     0.0776891
     0.0776873
     0.0776891
     0.0776873
     0.0776891
     0.0776873
     0.0776891
     0.0776873
     0.0776891
     0.0776873
     0.0776891
     0.0776873
     0.0776891
     0.0776873
     0.0776891
     0.0776873
     0.0776891
     0.0776873
     0.0776891
     0.0776873
     0.0776891
     0.0776873
     0.0776891
     0.0776873
     0.0776891
     0.0776873
     0.0776891
     0.0776873
     0.0776891
     0.0776873
     0.0776891
     0.0776873
     0.0776891
     0.0776873
     0.0776891
     0.0776873
     0.0776891
     0.0776873
     0.0776891
     0.0776873
     0.0776891
     0.0776873
     0.0776891
     0.0776873
     0.0776891
     0.0776873
     0.0776891
     0.0776873
     0.0776891
     0.0776873
     0.0776891
     0.0776873
     0.0776891
     0.0776873
     0.0562701
     0.0562717
     0.0562701
     0.0562717
     0.0562701
     0.0562717
     0.0562701
     0.0562717
     0.0562701
     0.0562717
     0.0562701
     0.0562717
     0.0562701
     0.0562717
     0.0562701
     0.0562717
     0.0562701
     0.0562717
     0.0562701
     0.0562717
     0.0562701
     0.0562717
     0.0562701
     0.0562717
     0.0562701
     0.0562717
     0.0562701
     0.0562717
     0.0562701
     0.0562717
     0.0562701
     0.0562717
     0.0562701
     0.0562717
     0.0562701
     0.0562717
     0.0562701
     0.0562717
     0.0562701
     0.0562717
     0.0562701
     0.0562717
     0.0562701
     0.0562717
     0.0562701
     0.0562717
     0.0562701
     0.0562717
     0.0562701
     0.0562717
     0.0562701
     0.0562717
     0.0562701
     0.0562717
     0.0562701
     0.0562717
     0.0562701
     0.0562717
     0.0562701
     0.0400541
     0.0400616
     0.0400541
     0.0400616
     0.0400541
     0.0400616
     0.0400541
     0.0400616
     0.0400541
     0.0400616
     0.0400541
     0.0400616
     0.0400541
     0.0400616
     0.0400541
     0.0400616
     0.0400541
     0.0400616
     0.0400541
     0.0400616
     0.0400541
     0.0400616
     0.0400541
     0.0400616
     0.0400541
     0.0400616
     0.0400541
     0.0400616
     0.0400541
     0.0400616
     0.0400541
     0.0400616
     0.0400541
     0.0400616
     0.0400541
     0.0400616
     0.0400541
     0.0400616
     0.0400541
     0.0400616
     0.0400541
     0.0400616
     0.0400541
     0.0400616
     0.0400541
     0.0400616
     0.0400541
     0.0400616
     0.0400541
     0.0400616
     0.0400541
     0.0400616
     0.0400541
     0.0400616
     0.0400541
     0.0400616
     0.0400541
     0.0400616
     0.0400541
     0.0280392
      0.028042
     0.0280392
      0.028042
     0.0280392
      0.028042
     0.0280392
      0.028042
     0.0280392
      0.028042
     0.0280392
      0.028042
     0.0280392
      0.028042
     0.0280392
      0.028042
     0.0280392
      0.028042
     0.0280392
      0.028042
     0.0280392
      0.028042
     0.0280392
      0.028042
     0.0280392
      0.028042
     0.0280392
      0.028042
     0.0280392
      0.028042
     0.0280392
      0.028042
     0.0280392
      0.028042
     0.0280392
      0.028042
     0.0280392
      0.028042
     0.0280392
      0.028042
     0.0280392
      0.028042
     0.0280392
      0.028042
     0.0280392
      0.028042
     0.0280392
      0.028042
     0.0280392
      0.028042
     0.0280392
      0.028042
     0.0280392
      0.028042
     0.0280392
      0.028042
     0.0280392
      0.028042
     0.0280392
     0.0192853
      0.019294
     0.0192853
      0.019294
     0.0192853
      0.019294
     0.0192853
      0.019294
     0.0192853
      0.019294
     0.0192853
      0.019294
     0.0192853
      0.019294
     0.0192853
      0.019294
     0.0192853
      0.019294
     0.0192853
      0.019294
     0.0192853
      0.019294
     0.0192853
      0.019294
     0.0192853
      0.019294
     0.0192853
      0.019294
     0.0192853
      0.019294
     0.0192853
      0.019294
     0.0192853
      0.019294
     0.0192853
      0.019294
     0.0192853
      0.019294
     0.0192853
      0.019294
     0.0192853
      0.019294
     0.0192853
      0.019294
     0.0192853
      0.019294
     0.0192853
      0.019294
     0.0192853
      0.019294
     0.0192853
      0.019294
     0.0192853
      0.019294
     0.0192853
      0.019294
     0.0192853
      0.019294
     0.0192853
      0.013055
     0.0130576
      0.013055
     0.0130576
      0.013055
     0.0130576
      0.013055
     0.0130576
      0.013055
     0.0130576
      0.013055
     0.0130576
      0.013055
     0.0130576
      0.013055
     0.0130576
      0.013055
     0.0130576
      0.013055
     0.0130576
      0.013055
     0.0130576
      0.013055
     0.0130576
      0.013055
     0.0130576
      0.013055
     0.0130576
      0.013055
     0.0130576
      0.013055
     0.0130576
      0.013055
     0.0130576
      0.013055
     0.0130576
      0.013055
     0.0130576
      0.013055
     0.0130576
      0.013055
     0.0130576
      0.013055
     0.0130576
      0.013055
     0.0130576
      0.013055
     0.0130576
      0.013055
     0.0130576
      0.013055
     0.0130576
      0.013055
     0.0130576
      0.013055
     0.0130576
      0.013055
     0.0130576
      0.013055
    0.00868004
    0.00868722
    0.00868004
    0.00868722
    0.00868004
    0.00868722
    0.00868004
    0.00868722
    0.00868004
    0.00868722
    0.00868004
    0.00868722
    0.00868004
    0.00868722
    0.00868004
    0.00868722
    0.00868004
    0.00868722
    0.00868004
    0.00868722
    0.00868004
    0.00868722
    0.00868004
    0.00868722
    0.00868004
    0.00868722
    0.00868004
    0.00868722
    0.00868004
    0.00868722
    0.00868004
    0.00868722
    0.00868004
    0.00868722
    0.00868004
    0.00868722
    0.00868004
    0.00868722
    0.00868004
    0.00868722
    0.00868004
    0.00868722
    0.00868004
    0.00868722
    0.00868004
    0.00868722
    0.00868004
    0.00868722
    0.00868004
    0.00868722
    0.00868004
    0.00868722
    0.00868004
    0.00868722
    0.00868004
    0.00868722
    0.00868004
    0.00868722
    0.00868004
    0.00568629
    0.00568831
    0.00568629
    0.00568831
    0.00568629
    0.00568831
    0.00568629
    0.00568831
    0.00568629
    0.00568831
    0.00568629
    0.00568831
    0.00568629
    0.00568831
    0.00568629
    0.00568831
    0.00568629
    0.00568831
    0.00568629
    0.00568831
    0.00568629
    0.00568831
    0.00568629
    0.00568831
    0.00568629
    0.00568831
    0.00568629
    0.00568831
    0.00568629
    0.00568831
    0.00568629
    0.00568831
    0.00568629
    0.00568831
    0.00568629
    0.00568831
    0.00568629
    0.00568831
    0.00568629
    0.00568831
    0.00568629
    0.00568831
    0.00568629
    0.00568831
    0.00568629
    0.00568831
    0.00568629
    0.00568831
    0.00568629
    0.00568831
    0.00568629
    0.00568831
    0.00568629
    0.00568831
    0.00568629
    0.00568831
    0.00568629
    0.00568831
    0.00568629
    0.00365699
    0.00366189
    0.00365699
    0.00366189
    0.00365699
    0.00366189
    0.00365699
    0.00366189
    0.00365699
    0.00366189
    0.00365699
    0.00366189
    0.00365699
    0.00366189
    0.00365699
    0.00366189
    0.00365699
    0.00366189
    0.00365699
    0.00366189
    0.00365699
    0.00366189
    0.00365699
    0.00366189
    0.00365699
    0.00366189
    0.00365699
    0.00366189
    0.00365699
    0.00366189
    0.00365699
    0.00366189
    0.00365699
    0.00366189
    0.00365699
    0.00366189
    0.00365699
    0.00366189
    0.00365699
    0.00366189
    0.00365699
    0.00366189
    0.00365699
    0.00366189
    0.00365699
    0.00366189
    0.00365699
    0.00366189
    0.00365699
    0.00366189
    0.00365699
    0.00366189
    0.00365699
    0.00366189
    0.00365699
    0.00366189
    0.00365699
    0.00366189
    0.00365699
    0.00232062
    0.00232191
    0.00232062
    0.00232191
    0.00232062
    0.00232191
    0.00232062
    0.00232191
    0.00232062
    0.00232191
    0.00232062
    0.00232191
    0.00232062
    0.00232191
    0.00232062
    0.00232191
    0.00232062
    0.00232191
    0.00232062
    0.00232191
    0.00232062
    0.00232191
    0.00232062
    0.00232191
    0.00232062
    0.00232191
    0.00232062
    0.00232191
    0.00232062
    0.00232191
    0.00232062
    0.00232191
    0.00232062
    0.00232191
    0.00232062
    0.00232191
    0.00232062
    0.00232191
    0.00232062
    0.00232191
    0.00232062
    0.00232191
    0.00232062
    0.00232191
    0.00232062
    0.00232191
    0.00232062
    0.00232191
    0.00232062
    0.00232191
    0.00232062
    0.00232191
    0.00232062
    0.00232191
    0.00232062
    0.00232191
    0.00232062
    0.00232191
    0.00232062
    0.00144485
    0.00144774
    0.00144485
    0.00144774
    0.00144485
    0.00144774
    0.00144485
    0.00144774
    0.00144485
    0.00144774
    0.00144485
    0.00144774
    0.00144485
    0.00144774
    0.00144485
    0.00144774
    0.00144485
    0.00144774
    0.00144485
    0.00144774
    0.00144485
    0.00144774
    0.00144485
    0.00144774
    0.00144485
    0.00144774
    0.00144485
    0.00144774
    0.00144485
    0.00144774
    0.00144485
    0.00144774
    0.00144485
    0.00144774
    0.00144485
    0.00144774
    0.00144485
    0.00144774
    0.00144485
    0.00144774
    0.00144485
    0.00144774
    0.00144485
    0.00144774
    0.00144485
    0.00144774
    0.00144485
    0.00144774
    0.00144485
    0.00144774
    0.00144485
    0.00144774
    0.00144485
    0.00144774
    0.00144485
    0.00144774
    0.00144485
    0.00144774
    0.00144485
   0.000889491
   0.000890218
   0.000889491
   0.000890218
   0.000889491
   0.000890218
   0.000889491
   0.000890218
   0.000889491
   0.000890218
   0.000889491
   0.000890218
   0.000889491
   0.000890218
   0.000889491
   0.000890218
   0.000889491
   0.000890218
   0.000889491
   0.000890218
   0.000889491
   0.000890218
   0.000889491
   0.000890218
   0.000889491
   0.000890217
   0.000889491
   0.000890217
    0.00088949
   0.000890216
    0.00088949
   0.000890217
   0.000889491
   0.000890217
   0.000889491
   0.000890218
   0.000889491
   0.000890218
   0.000889491
   0.000890218
   0.000889491
   0.000890218
   0.000889491
   0.000890218
   0.000889491
   0.000890218
   0.000889491
   0.000890218
   0.000889491
   0.000890218
   0.000889491
   0.000890218
   0.000889491
   0.000890218
   0.000889491
   0.000890218
   0.000889491
   0.000890218
   0.000889491
   0.000537451
   0.000538974
   0.000537451
   0.000538974
   0.000537451
   0.000538974
   0.000537451
   0.000538974
   0.000537451
   0.000538974
   0.000537451
   0.000538974
   0.000537451
   0.000538974
   0.000537451
   0.000538974
   0.000537451
   0.000538974
   0.000537451
   0.000538973
   0.000537451
   0.000538973
   0.000537451
   0.000538973
   0.000537451
   0.000538973
    0.00053745
   0.000538971
   0.000537449
   0.000538971
   0.000537449
   0.000538971
    0.00053745
   0.000538973
   0.000537451
   0.000538973
   0.000537451
   0.000538973
   0.000537451
   0.000538973
   0.000537451
   0.000538974
   0.000537451
   0.000538974
   0.000537451
   0.000538974
   0.000537451
   0.000538974
   0.000537451
   0.000538974
   0.000537451
   0.000538974
   0.000537451
   0.000538974
   0.000537451
   0.000538974
   0.000537451
   0.000538974
   0.000537451
   0.000323038
    0.00032341
   0.000323038
    0.00032341
   0.000323038
    0.00032341
   0.000323038
    0.00032341
   0.000323038
    0.00032341
   0.000323038
    0.00032341
   0.000323038
    0.00032341
   0.000323038
    0.00032341
   0.000323038
    0.00032341
   0.000323038
    0.00032341
   0.000323038
    0.00032341
   0.000323038
   0.000323409
   0.000323037
   0.000323408
   0.000323035
   0.000323406
   0.000323032
   0.000323404
   0.000323032
   0.000323406
   0.000323035
   0.000323408
   0.000323037
   0.000323409
   0.000323038
    0.00032341
   0.000323038
    0.00032341
   0.000323038
    0.00032341
   0.000323038
    0.00032341
   0.000323038
    0.00032341
   0.000323038
    0.00032341
   0.000323038
    0.00032341
   0.000323038
    0.00032341
   0.000323038
    0.00032341
   0.000323038
    0.00032341
   0.000323038
    0.00032341
   0.000323038
   0.000192732
   0.000193486
   0.000192732
   0.000193486
   0.000192732
   0.000193486
   0.000192732
   0.000193486
   0.000192732
   0.000193486
   0.000192732
   0.000193486
   0.000192732
   0.000193486
   0.000192732
   0.000193486
   0.000192732
   0.000193486
   0.000192732
   0.000193486
   0.000192732
   0.000193485
   0.000192732
   0.000193485
   0.000192731
   0.000193483
   0.000192727
   0.000193477
   0.000192721
   0.000193472
   0.000192721
   0.000193477
   0.000192727
   0.000193483
   0.000192731
   0.000193485
   0.000192732
   0.000193485
   0.000192732
   0.000193486
   0.000192732
   0.000193486
   0.000192732
   0.000193486
   0.000192732
   0.000193486
   0.000192732
   0.000193486
   0.000192732
   0.000193486
   0.000192732
   0.000193486
   0.000192732
   0.000193486
   0.000192732
   0.000193486
   0.000192732
   0.000193486
   0.000192732
   0.000119106
   0.000119297
   0.000119106
   0.000119297
   0.000119106
   0.000119297
   0.000119106
   0.000119297
   0.000119106
   0.000119297
   0.000119106
   0.000119297
   0.000119106
   0.000119297
   0.000119106
   0.000119297
   0.000119106
   0.000119297
   0.000119106
   0.000119297
   0.000119105
   0.000119296
   0.000119105
   0.000119296
   0.000119103
   0.000119292
   0.000119097
   0.000119281
    0.00011908
   0.000119266
    0.00011908
   0.000119281
   0.000119097
   0.000119292
   0.000119103
   0.000119296
   0.000119105
   0.000119296
   0.000119105
   0.000119297
   0.000119106
   0.000119297
   0.000119106
   0.000119297
   0.000119106
   0.000119297
   0.000119106
   0.000119297
   0.000119106
   0.000119297
   0.000119106
   0.000119297
   0.000119106
   0.000119297
   0.000119106
   0.000119297
   0.000119106
   0.000119297
   0.000119106
   8.07531e-05
   8.11773e-05
   8.07531e-05
   8.11773e-05
   8.07531e-05
   8.11773e-05
   8.07531e-05
   8.11773e-05
   8.07531e-05
   8.11773e-05
   8.07531e-05
   8.11773e-05
   8.07531e-05
   8.11773e-05
   8.07531e-05
   8.11773e-05
   8.07531e-05
   8.11773e-05
   8.07531e-05
   8.11772e-05
    8.0753e-05
    8.1177e-05
   8.07525e-05
    8.1176e-05
   8.07505e-05
   8.11717e-05
   8.07416e-05
   8.11521e-05
   8.07003e-05
    8.1107e-05
   8.07003e-05
   8.11521e-05
   8.07416e-05
   8.11717e-05
   8.07505e-05
    8.1176e-05
   8.07525e-05
    8.1177e-05
    8.0753e-05
   8.11772e-05
   8.07531e-05
   8.11773e-05
   8.07531e-05
   8.11773e-05
   8.07531e-05
   8.11773e-05
   8.07531e-05
   8.11773e-05
   8.07531e-05
   8.11773e-05
   8.07531e-05
   8.11773e-05
   8.07531e-05
   8.11773e-05
   8.07531e-05
   8.11773e-05
   8.07531e-05
   8.11773e-05
   8.07531e-05
   6.95472e-05
   6.96842e-05
   6.95472e-05
   6.96842e-05
   6.95472e-05
   6.96842e-05
   6.95472e-05
   6.96842e-05
   6.95472e-05
   6.96842e-05
   6.95472e-05
   6.96842e-05
   6.95472e-05
   6.96842e-05
   6.95472e-05
   6.96842e-05
   6.95472e-05
   6.96842e-05
   6.95472e-05
   6.96842e-05
   6.95471e-05
   6.96839e-05
   6.95466e-05
   6.96829e-05
   6.95443e-05
    6.9678e-05
   6.95336e-05
   6.96536e-05
    6.9477e-05
    6.9514e-05
    6.9477e-05
   6.96536e-05
   6.95336e-05
    6.9678e-05
   6.95443e-05
   6.96829e-05
   6.95466e-05
   6.96839e-05
   6.95471e-05
   6.96842e-05
   6.95472e-05
   6.96842e-05
   6.95472e-05
   6.96842e-05
   6.95472e-05
   6.96842e-05
   6.95472e-05
   6.96842e-05
   6.95472e-05
   6.96842e-05
   6.95472e-05
   6.96842e-05
   6.95472e-05
   6.96842e-05
   6.95472e-05
   6.96842e-05
   6.95472e-05
   6.96842e-05
   6.95472e-05
   8.07531e-05
   8.11773e-05
   8.07531e-05
   8.11773e-05
   8.07531e-05
   8.11773e-05
   8.07531e-05
   8.11773e-05
   8.07531e-05
   8.11773e-05
   8.07531e-05
   8.11773e-05
   8.07531e-05
   8.11773e-05
   8.07531e-05
   8.11773e-05
   8.07531e-05
   8.11773e-05
   8.07531e-05
   8.11772e-05
    8.0753e-05
    8.1177e-05
   8.07525e-05
    8.1176e-05
   8.07505e-05
   8.11717e-05
   8.07416e-05
   8.11521e-05
   8.07003e-05
    8.1107e-05
   8.07003e-05
   8.11521e-05
   8.07416e-05
   8.11717e-05
   8.07505e-05
    8.1176e-05
   8.07525e-05
    8.1177e-05
    8.0753e-05
   8.11772e-05
   8.07531e-05
   8.11773e-05
   8.07531e-05
   8.11773e-05
   8.07531e-05
   8.11773e-05
   8.07531e-05
   8.11773e-05
   8.07531e-05
   8.11773e-05
   8.07531e-05
   8.11773e-05
   8.07531e-05
   8.11773e-05
   8.07531e-05
   8.11773e-05
   8.07531e-05
   8.11773e-05
   8.07531e-05
   0.000119106
   0.000119297
   0.000119106
   0.000119297
   0.000119106
   0.000119297
   0.000119106
   0.000119297
   0.000119106
   0.000119297
   0.000119106
   0.000119297
   0.000119106
   0.000119297
   0.000119106
   0.000119297
   0.000119106
   0.000119297
   0.000119106
   0.000119297
   0.000119105
   0.000119296
   0.000119105
   0.000119296
   0.000119103
   0.000119292
   0.000119097
   0.000119281
    0.00011908
   0.000119266
    0.00011908
   0.000119281
   0.000119097
   0.000119292
   0.000119103
   0.000119296
   0.000119105
   0.000119296
   0.000119105
   0.000119297
   0.000119106
   0.000119297
   0.000119106
   0.000119297
   0.000119106
   0.000119297
   0.000119106
   0.000119297
   0.000119106
   0.000119297
   0.000119106
   0.000119297
   0.000119106
   0.000119297
   0.000119106
   0.000119297
   0.000119106
   0.000119297
   0.000119106
   0.000192732
   0.000193486
   0.000192732
   0.000193486
   0.000192732
   0.000193486
   0.000192732
   0.000193486
   0.000192732
   0.000193486
   0.000192732
   0.000193486
   0.000192732
   0.000193486
   0.000192732
   0.000193486
   0.000192732
   0.000193486
   0.000192732
   0.000193486
   0.000192732
   0.000193485
   0.000192732
   0.000193485
   0.000192731
   0.000193483
   0.000192727
   0.000193477
   0.000192721
   0.000193472
   0.000192721
   0.000193477
   0.000192727
   0.000193483
   0.000192731
   0.000193485
   0.000192732
   0.000193485
   0.000192732
   0.000193486
   0.000192732
   0.000193486
   0.000192732
   0.000193486
   0.000192732
   0.000193486
   0.000192732
   0.000193486
   0.000192732
   0.000193486
   0.000192732
   0.000193486
   0.000192732
   0.000193486
   0.000192732
   0.000193486
   0.000192732
   0.000193486
   0.000192732
   0.000323038
    0.00032341
   0.000323038
    0.00032341
   0.000323038
    0.00032341
   0.000323038
    0.00032341
   0.000323038
    0.00032341
   0.000323038
    0.00032341
   0.000323038
    0.00032341
   0.000323038
    0.00032341
   0.000323038
    0.00032341
   0.000323038
    0.00032341
   0.000323038
    0.00032341
   0.000323038
   0.000323409
   0.000323037
   0.000323408
   0.000323035
   0.000323406
   0.000323032
   0.000323404
   0.000323032
   0.000323406
   0.000323035
   0.000323408
   0.000323037
   0.000323409
   0.000323038
    0.00032341
   0.000323038
    0.00032341
   0.000323038
    0.00032341
   0.000323038
    0.00032341
   0.000323038
    0.00032341
   0.000323038
    0.00032341
   0.000323038
    0.00032341
   0.000323038
    0.00032341
   0.000323038
    0.00032341
   0.000323038
    0.00032341
   0.000323038
    0.00032341
   0.000323038
   0.000537451
   0.000538974
   0.000537451
   0.000538974
   0.000537451
   0.000538974
   0.000537451
   0.000538974
   0.000537451
   0.000538974
   0.000537451
   0.000538974
   0.000537451
   0.000538974
   0.000537451
   0.000538974
   0.000537451
   0.000538974
   0.000537451
   0.000538973
   0.000537451
   0.000538973
   0.000537451
   0.000538973
   0.000537451
   0.000538973
    0.00053745
   0.000538971
   0.000537449
   0.000538971
   0.000537449
   0.000538971
    0.00053745
   0.000538973
   0.000537451
   0.000538973
   0.000537451
   0.000538973
   0.000537451
   0.000538973
   0.000537451
   0.000538974
   0.000537451
   0.000538974
   0.000537451
   0.000538974
   0.000537451
   0.000538974
   0.000537451
   0.000538974
   0.000537451
   0.000538974
   0.000537451
   0.000538974
   0.000537451
   0.000538974
   0.000537451
   0.000538974
   0.000537451
   0.000889491
   0.000890218
   0.000889491
   0.000890218
   0.000889491
   0.000890218
   0.000889491
   0.000890218
   0.000889491
   0.000890218
   0.000889491
   0.000890218
   0.000889491
   0.000890218
   0.000889491
   0.000890218
   0.000889491
   0.000890218
   0.000889491
   0.000890218
   0.000889491
   0.000890218
   0.000889491
   0.000890218
   0.000889491
   0.000890217
   0.000889491
   0.000890217
    0.00088949
   0.000890216
    0.00088949
   0.000890217
   0.000889491
   0.000890217
   0.000889491
   0.000890218
   0.000889491
   0.000890218
   0.000889491
   0.000890218
   0.000889491
   0.000890218
   0.000889491
   0.000890218
   0.000889491
   0.000890218
   0.000889491
   0.000890218
   0.000889491
   0.000890218
   0.000889491
   0.000890218
   0.000889491
   0.000890218
   0.000889491
   0.000890218
   0.000889491
   0.000890218
   0.000889491
    0.00144485
    0.00144774
    0.00144485
    0.00144774
    0.00144485
    0.00144774
    0.00144485
    0.00144774
    0.00144485
    0.00144774
    0.00144485
    0.00144774
    0.00144485
    0.00144774
    0.00144485
    0.00144774
    0.00144485
    0.00144774
    0.00144485
    0.00144774
    0.00144485
    0.00144774
    0.00144485
    0.00144774
    0.00144485
    0.00144774
    0.00144485
    0.00144774
    0.00144485
    0.00144774
    0.00144485
    0.00144774
    0.00144485
    0.00144774
    0.00144485
    0.00144774
    0.00144485
    0.00144774
    0.00144485
    0.00144774
    0.00144485
    0.00144774
    0.00144485
    0.00144774
    0.00144485
    0.00144774
    0.00144485
    0.00144774
    0.00144485
    0.00144774
    0.00144485
    0.00144774
    0.00144485
    0.00144774
    0.00144485
    0.00144774
    0.00144485
    0.00144774
    0.00144485
    0.00232062
    0.00232191
    0.00232062
    0.00232191
    0.00232062
    0.00232191
    0.00232062
    0.00232191
    0.00232062
    0.00232191
    0.00232062
    0.00232191
    0.00232062
    0.00232191
    0.00232062
    0.00232191
    0.00232062
    0.00232191
    0.00232062
    0.00232191
    0.00232062
    0.00232191
    0.00232062
    0.00232191
    0.00232062
    0.00232191
    0.00232062
    0.00232191
    0.00232062
    0.00232191
    0.00232062
    0.00232191
    0.00232062
    0.00232191
    0.00232062
    0.00232191
    0.00232062
    0.00232191
    0.00232062
    0.00232191
    0.00232062
    0.00232191
    0.00232062
    0.00232191
    0.00232062
    0.00232191
    0.00232062
    0.00232191
    0.00232062
    0.00232191
    0.00232062
    0.00232191
    0.00232062
    0.00232191
    0.00232062
    0.00232191
    0.00232062
    0.00232191
    0.00232062
    0.00365699
    0.00366189
    0.00365699
    0.00366189
    0.00365699
    0.00366189
    0.00365699
    0.00366189
    0.00365699
    0.00366189
    0.00365699
    0.00366189
    0.00365699
    0.00366189
    0.00365699
    0.00366189
    0.00365699
    0.00366189
    0.00365699
    0.00366189
    0.00365699
    0.00366189
    0.00365699
    0.00366189
    0.00365699
    0.00366189
    0.00365699
    0.00366189
    0.00365699
    0.00366189
    0.00365699
    0.00366189
    0.00365699
    0.00366189
    0.00365699
    0.00366189
    0.00365699
    0.00366189
    0.00365699
    0.00366189
    0.00365699
    0.00366189
    0.00365699
    0.00366189
    0.00365699
    0.00366189
    0.00365699
    0.00366189
    0.00365699
    0.00366189
    0.00365699
    0.00366189
    0.00365699
    0.00366189
    0.00365699
    0.00366189
    0.00365699
    0.00366189
    0.00365699
    0.00568629
    0.00568831
    0.00568629
    0.00568831
    0.00568629
    0.00568831
    0.00568629
    0.00568831
    0.00568629
    0.00568831
    0.00568629
    0.00568831
    0.00568629
    0.00568831
    0.00568629
    0.00568831
    0.00568629
    0.00568831
    0.00568629
    0.00568831
    0.00568629
    0.00568831
    0.00568629
    0.00568831
    0.00568629
    0.00568831
    0.00568629
    0.00568831
    0.00568629
    0.00568831
    0.00568629
    0.00568831
    0.00568629
    0.00568831
    0.00568629
    0.00568831
    0.00568629
    0.00568831
    0.00568629
    0.00568831
    0.00568629
    0.00568831
    0.00568629
    0.00568831
    0.00568629
    0.00568831
    0.00568629
    0.00568831
    0.00568629
    0.00568831
    0.00568629
    0.00568831
    0.00568629
    0.00568831
    0.00568629
    0.00568831
    0.00568629
    0.00568831
    0.00568629
    0.00868004
    0.00868722
    0.00868004
    0.00868722
    0.00868004
    0.00868722
    0.00868004
    0.00868722
    0.00868004
    0.00868722
    0.00868004
    0.00868722
    0.00868004
    0.00868722
    0.00868004
    0.00868722
    0.00868004
    0.00868722
    0.00868004
    0.00868722
    0.00868004
    0.00868722
    0.00868004
    0.00868722
    0.00868004
    0.00868722
    0.00868004
    0.00868722
    0.00868004
    0.00868722
    0.00868004
    0.00868722
    0.00868004
    0.00868722
    0.00868004
    0.00868722
    0.00868004
    0.00868722
    0.00868004
    0.00868722
    0.00868004
    0.00868722
    0.00868004
    0.00868722
    0.00868004
    0.00868722
    0.00868004
    0.00868722
    0.00868004
    0.00868722
    0.00868004
    0.00868722
    0.00868004
    0.00868722
    0.00868004
    0.00868722
    0.00868004
    0.00868722
    0.00868004
      0.013055
     0.0130576
      0.013055
     0.0130576
      0.013055
     0.0130576
      0.013055
     0.0130576
      0.013055
     0.0130576
      0.013055
     0.0130576
      0.013055
     0.0130576
      0.013055
     0.0130576
      0.013055
     0.0130576
      0.013055
     0.0130576
      0.013055
     0.0130576
      0.013055
     0.0130576
      0.013055
     0.0130576
      0.013055
     0.0130576
      0.013055
     0.0130576
      0.013055
     0.0130576
      0.013055
     0.0130576
      0.013055
     0.0130576
      0.013055
     0.0130576
      0.013055
     0.0130576
      0.013055
     0.0130576
      0.013055
     0.0130576
      0.013055
     0.0130576
      0.013055
     0.0130576
      0.013055
     0.0130576
      0.013055
     0.0130576
      0.013055
     0.0130576
      0.013055
     0.0130576
      0.013055
     0.0130576
      0.013055
     0.0192853
      0.019294
     0.0192853
      0.019294
     0.0192853
      0.019294
     0.0192853
      0.019294
     0.0192853
      0.019294
     0.0192853
      0.019294
     0.0192853
      0.019294
     0.0192853
      0.019294
     0.0192853
      0.019294
     0.0192853
      0.019294
     0.0192853
      0.019294
     0.0192853
      0.019294
     0.0192853
      0.019294
     0.0192853
      0.019294
     0.0192853
      0.019294
     0.0192853
      0.019294
     0.0192853
      0.019294
     0.0192853
      0.019294
     0.0192853
      0.019294
     0.0192853
      0.019294
     0.0192853
      0.019294
     0.0192853
      0.019294
     0.0192853
      0.019294
     0.0192853
      0.019294
     0.0192853
      0.019294
     0.0192853
      0.019294
     0.0192853
      0.019294
     0.0192853
      0.019294
     0.0192853
      0.019294
     0.0192853
     0.0280392
      0.028042
     0.0280392
      0.028042
     0.0280392
      0.028042
     0.0280392
      0.028042
     0.0280392
      0.028042
     0.0280392
      0.028042
     0.0280392
      0.028042
     0.0280392
      0.028042
     0.0280392
      0.028042
     0.0280392
      0.028042
     0.0280392
      0.028042
     0.0280392
      0.028042
     0.0280392
      0.028042
     0.0280392
      0.028042
     0.0280392
      0.028042
     0.0280392
      0.028042
     0.0280392
      0.028042
     0.0280392
      0.028042
     0.0280392
      0.028042
     0.0280392
      0.028042
     0.0280392
      0.028042
     0.0280392
      0.028042
     0.0280392
      0.028042
     0.0280392
      0.028042
     0.0280392
      0.028042
     0.0280392
      0.028042
     0.0280392
      0.028042
     0.0280392
      0.028042
     0.0280392
      0.028042
     0.0280392
     0.0400541
     0.0400616
     0.0400541
     0.0400616
     0.0400541
     0.0400616
     0.0400541
     0.0400616
     0.0400541
     0.0400616
     0.0400541
     0.0400616
     0.0400541
     0.0400616
     0.0400541
     0.0400616
     0.0400541
     0.0400616
     0.0400541
     0.0400616
     0.0400541
     0.0400616
     0.0400541
     0.0400616
     0.0400541
     0.0400616
     0.0400541
     0.0400616
     0.0400541
     0.0400616
     0.0400541
     0.0400616
     0.0400541
     0.0400616
     0.0400541
     0.0400616
     0.0400541
     0.0400616
     0.0400541
     0.0400616
     0.0400541
     0.0400616
     0.0400541
     0.0400616
     0.0400541
     0.0400616
     0.0400541
     0.0400616
     0.0400541
     0.0400616
     0.0400541
     0.0400616
     0.0400541
     0.0400616
     0.0400541
     0.0400616
     0.0400541
     0.0400616
     0.0400541
     0.0562701
     0.0562717
     0.0562701
     0.0562717
     0.0562701
     0.0562717
     0.0562701
     0.0562717
     0.0562701
     0.0562717
     0.0562701
     0.0562717
     0.0562701
     0.0562717
     0.0562701
     0.0562717
     0.0562701
     0.0562717
     0.0562701
     0.0562717
     0.0562701
     0.0562717
     0.0562701
     0.0562717
     0.0562701
     0.0562717
     0.0562701
     0.0562717
     0.0562701
     0.0562717
     0.0562701
     0.0562717
     0.0562701
     0.0562717
     0.0562701
     0.0562717
     0.0562701
     0.0562717
     0.0562701
     0.0562717
     0.0562701
     0.0562717
     0.0562701
     0.0562717
     0.0562701
     0.0562717
     0.0562701
     0.0562717
     0.0562701
     0.0562717
     0.0562701
     0.0562717
     0.0562701
     0.0562717
     0.0562701
     0.0562717
     0.0562701
     0.0562717
     0.0562701
     0.0776873
     0.0776891
     0.0776873
     0.0776891
     0.0776873
     0.0776891
     0.0776873
     0.0776891
     0.0776873
     0.0776891
     0.0776873
     0.0776891
     0.0776873
     0.0776891
     0.0776873
     0.0776891
     0.0776873
     0.0776891
     0.0776873
     0.0776891
     0.0776873
     0.0776891
     0.0776873
     0.0776891
     0.0776873
     0.0776891
     0.0776873
     0.0776891
     0.0776873
     0.0776891
     0.0776873
     0.0776891
     0.0776873
     0.0776891
     0.0776873
     0.0776891
     0.0776873
     0.0776891
     0.0776873
     0.0776891
     0.0776873
     0.0776891
     0.0776873
     0.0776891
     0.0776873
     0.0776891
     0.0776873
     0.0776891
     0.0776873
     0.0776891
     0.0776873
     0.0776891
     0.0776873
     0.0776891
     0.0776873
     0.0776891
     0.0776873
     0.0776891
     0.0776873
       0.10543
      0.105429
       0.10543
      0.105429
       0.10543
      0.105429
       0.10543
      0.105429
       0.10543
      0.105429
       0.10543
      0.105429
       0.10543
      0.105429
       0.10543
      0.105429
       0.10543
      0.105429
       0.10543
      0.105429
       0.10543
      0.105429
       0.10543
      0.105429
       0.10543
      0.105429
       0.10543
      0.105429
       0.10543
      0.105429
       0.10543
      0.105429
       0.10543
      0.105429
       0.10543
      0.105429
       0.10543
      0.105429
       0.10543
      0.105429
       0.10543
      0.105429
       0.10543
      0.105429
       0.10543
      0.105429
       0.10543
      0.105429
       0.10543
      0.105429
       0.10543
      0.105429
       0.10543
      0.105429
       0.10543
      0.105429
       0.10543
      0.105429
       0.10543
      0.140638
      0.140629
      0.140638
      0.140629
      0.140638
      0.140629
      0.140638
      0.140629
      0.140638
      0.140629
      0.140638
      0.140629
      0.140638
      0.140629
      0.140638
      0.140629
      0.140638
      0.140629
      0.140638
      0.140629
      0.140638
      0.140629
      0.140638
      0.140629
      0.140638
      0.140629
      0.140638
      0.140629
      0.140638
      0.140629
      0.140638
      0.140629
      0.140638
      0.140629
      0.140638
      0.140629
      0.140638
      0.140629
      0.140638
      0.140629
      0.140638
      0.140629
      0.140638
      0.140629
      0.140638
      0.140629
      0.140638
      0.140629
      0.140638
      0.140629
      0.140638
      0.140629
      0.140638
      0.140629
      0.140638
      0.140629
      0.140638
      0.140629
      0.140638
      0.184376
      0.184371
      0.184376
      0.184371
      0.184376
      0.184371
      0.184376
      0.184371
      0.184376
      0.184371
      0.184376
      0.184371
      0.184376
      0.184371
      0.184376
      0.184371
      0.184376
      0.184371
      0.184376
      0.184371
      0.184376
      0.184371
      0.184376
      0.184371
      0.184376
      0.184371
      0.184376
      0.184371
      0.184376
      0.184371
      0.184376
      0.184371
      0.184376
      0.184371
      0.184376
      0.184371
      0.184376
      0.184371
      0.184376
      0.184371
      0.184376
      0.184371
      0.184376
      0.184371
      0.184376
      0.184371
      0.184376
      0.184371
      0.184376
      0.184371
      0.184376
      0.184371
      0.184376
      0.184371
      0.184376
      0.184371
      0.184376
      0.184371
      0.184376
      0.237639
      0.237618
      0.237639
      0.237618
      0.237639
      0.237618
      0.237639
      0.237618
      0.237639
      0.237618
      0.237639
      0.237618
      0.237639
      0.237618
      0.237639
      0.237618
      0.237639
      0.237618
      0.237639
      0.237618
      0.237639
      0.237618
      0.237639
      0.237618
      0.237639
      0.237618
      0.237639
      0.237618
      0.237639
      0.237618
      0.237639
      0.237618
      0.237639
      0.237618
      0.237639
      0.237618
      0.237639
      0.237618
      0.237639
      0.237618
      0.237639
      0.237618
      0.237639
      0.237618
      0.237639
      0.237618
      0.237639
      0.237618
      0.237639
      0.237618
      0.237639
      0.237618
      0.237639
      0.237618
      0.237639
      0.237618
      0.237639
      0.237618
      0.237639
      0.301055
      0.301046
      0.301055
      0.301046
      0.301055
      0.301046
      0.301055
      0.301046
      0.301055
      0.301046
      0.301055
      0.301046
      0.301055
      0.301046
      0.301055
      0.301046
      0.301055
      0.301046
      0.301055
      0.301046
      0.301055
      0.301046
      0.301055
      0.301046
      0.301055
      0.301046
      0.301055
      0.301046
      0.301055
      0.301046
      0.301055
      0.301046
      0.301055
      0.301046
      0.301055
      0.301046
      0.301055
      0.301046
      0.301055
      0.301046
      0.301055
      0.301046
      0.301055
      0.301046
      0.301055
      0.301046
      0.301055
      0.301046
      0.301055
      0.301046
      0.301055
      0.301046
      0.301055
      0.301046
      0.301055
      0.301046
      0.301055
      0.301046
      0.301055
      0.375073
      0.375042
      0.375073
      0.375042
      0.375073
      0.375042
      0.375073
      0.375042
      0.375073
      0.375042
      0.375073
      0.375042
      0.375073
      0.375042
      0.375073
      0.375042
      0.375073
      0.375042
      0.375073
      0.375042
      0.375073
      0.375042
      0.375073
      0.375042
      0.375073
      0.375042
      0.375073
      0.375042
      0.375073
      0.375042
      0.375073
      0.375042
      0.375073
      0.375042
      0.375073
      0.375042
      0.375073
      0.375042
      0.375073
      0.375042
      0.375073
      0.375042
      0.375073
      0.375042
      0.375073
      0.375042
      0.375073
      0.375042
      0.375073
      0.375042
      0.375073
      0.375042
      0.375073
      0.375042
      0.375073
      0.375042
      0.375073
      0.375042
      0.375073
      0.459487
      0.459476
      0.459487
      0.459476
      0.459487
      0.459476
      0.459487
      0.459476
      0.459487
      0.459476
      0.459487
      0.459476
      0.459487
      0.459476
      0.459487
      0.459476
      0.459487
      0.459476
      0.459487
      0.459476
      0.459487
      0.459476
      0.459487
      0.459476
      0.459487
      0.459476
      0.459487
      0.459476
      0.459487
      0.459476
      0.459487
      0.459476
      0.459487
      0.459476
      0.459487
      0.459476
      0.459487
      0.459476
      0.459487
      0.459476
      0.459487
      0.459476
      0.459487
      0.459476
      0.459487
      0.459476
      0.459487
      0.459476
      0.459487
      0.459476
      0.459487
      0.459476
      0.459487
      0.459476
      0.459487
      0.459476
      0.459487
      0.459476
      0.459487
      0.553833
      0.553801
      0.553833
      0.553801
      0.553833
      0.553801
      0.553833
      0.553801
      0.553833
      0.553801
      0.553833
      0.553801
      0.553833
      0.553801
      0.553833
      0.553801
      0.553833
      0.553801
      0.553833
      0.553801
      0.553833
      0.553801
      0.553833
      0.553801
      0.553833
      0.553801
      0.553833
      0.553801
      0.553833
      0.553801
      0.553833
      0.553801
      0.553833
      0.553801
      0.553833
      0.553801
      0.553833
      0.553801
      0.553833
      0.553801
      0.553833
      0.553801
      0.553833
      0.553801
      0.553833
      0.553801
      0.553833
      0.553801
      0.553833
      0.553801
      0.553833
      0.553801
      0.553833
      0.553801
      0.553833
      0.553801
      0.553833
      0.553801
      0.553833
      0.656853
      0.656844
      0.656853
      0.656844
      0.656853
      0.656844
      0.656853
      0.656844
      0.656853
      0.656844
      0.656853
      0.656844
      0.656853
      0.656844
      0.656853
      0.656844
      0.656853
      0.656844
      0.656853
      0.656844
      0.656853
      0.656844
      0.656853
      0.656844
      0.656853
      0.656844
      0.656853
      0.656844
      0.656853
      0.656844
      0.656853
      0.656844
      0.656853
      0.656844
      0.656853
      0.656844
      0.656853
      0.656844
      0.656853
      0.656844
      0.656853
      0.656844
      0.656853
      0.656844
      0.656853
      0.656844
      0.656853
      0.656844
      0.656853
      0.656844
      0.656853
      0.656844
      0.656853
      0.656844
      0.656853
      0.656844
      0.656853
      0.656844
      0.656853
      0.767031
      0.767011
      0.767031
      0.767011
      0.767031
      0.767011
      0.767031
      0.767011
      0.767031
      0.767011
      0.767031
      0.767011
      0.767031
      0.767011
      0.767031
      0.767011
      0.767031
      0.767011
      0.767031
      0.767011
      0.767031
      0.767011
      0.767031
      0.767011
      0.767031
      0.767011
      0.767031
      0.767011
      0.767031
      0.767011
      0.767031
      0.767011
      0.767031
      0.767011
      0.767031
      0.767011
      0.767031
      0.767011
      0.767031
      0.767011
      0.767031
      0.767011
      0.767031
      0.767011
      0.767031
      0.767011
      0.767031
      0.767011
      0.767031
      0.767011
      0.767031
      0.767011
      0.767031
      0.767011
      0.767031
      0.767011
      0.767031
      0.767011
      0.767031
      0.882193
      0.882189
      0.882193
      0.882189
      0.882193
      0.882189
      0.882193
      0.882189
      0.882193
      0.882189
      0.882193
      0.882189
      0.882193
      0.882189
      0.882193
      0.882189
      0.882193
      0.882189
      0.882193
      0.882189
      0.882193
      0.882189
      0.882193
      0.882189
      0.882193
      0.882189
      0.882193
      0.882189
      0.882193
      0.882189
      0.882193
      0.882189
      0.882193
      0.882189
      0.882193
      0.882189
      0.882193
      0.882189
      0.882193
      0.882189
      0.882193
      0.882189
      0.882193
      0.882189
      0.882193
      0.882189
      0.882193
      0.882189
      0.882193
      0.882189
      0.882193
      0.882189
      0.882193
      0.882189
      0.882193
      0.882189
      0.882193
      0.882189
      0.882193
             1
             1
             1
             1
             1
             1
             1
             1
             1
             1
             1
             1
             1
             1
             1
             1
             1
             1
             1
             1
             1
             1
             1
             1
             1
             1
             1
             1
             1
             1
             1
             1
             1
             1
             1
             1
             1
             1
             1
             1
             1
             1
             1
             1
             1
             1
             1
             1
             1
             1
             1
             1
             1
             1
             1
             1
             1
             1
             1
