             1
             1
             1
             1
             1
             1
             1
             1
             1
             1
             1
             1
             1
             1
             1
             1
             1
             1
             1
             1
             1
             1
             1
             1
             1
             1
             1
             1
             1
             1
             1
             1
             1
             1
             1
             1
             1
             1
             1
             1
             1
             1
             1
             1
             1
             1
             1
             1
             1
             1
             1
             1
             1
             1
             1
             1
             1
             1
             1
      0.887227
      0.887224
      0.887227
      0.887224
      0.887227
      0.887224
      0.887227
      0.887224
      0.887227
      0.887224
      0.887227
      0.887224
      0.887227
      0.887224
      0.887227
      0.887224
      0.887227
      0.887224
      0.887227
      0.887224
      0.887227
      0.887224
      0.887227
      0.887224
      0.887227
      0.887224
      0.887227
      0.887224
      0.887227
      0.887224
      0.887227
      0.887224
      0.887227
      0.887224
      0.887227
      0.887224
      0.887227
      0.887224
      0.887227
      0.887224
      0.887227
      0.887224
      0.887227
      0.887224
      0.887227
      0.887224
      0.887227
      0.887224
      0.887227
      0.887224
      0.887227
      0.887224
      0.887227
      0.887224
      0.887227
      0.887224
      0.887227
      0.887224
      0.887227
      0.776777
       0.77676
      0.776777
       0.77676
      0.776777
       0.77676
      0.776777
       0.77676
      0.776777
       0.77676
      0.776777
       0.77676
      0.776777
       0.77676
      0.776777
       0.77676
      0.776777
       0.77676
      0.776777
       0.77676
      0.776777
       0.77676
      0.776777
       0.77676
      0.776777
       0.77676
      0.776777
       0.77676
      0.776777
       0.77676
      0.776777
       0.77676
      0.776777
       0.77676
      0.776777
       0.77676
      0.776777
       0.77676
      0.776777
       0.77676
      0.776777
       0.77676
      0.776777
       0.77676
      0.776777
       0.77676
      0.776777
       0.77676
      0.776777
       0.77676
      0.776777
       0.77676
      0.776777
       0.77676
      0.776777
       0.77676
      0.776777
       0.77676
      0.776777
      0.670714
      0.670707
      0.670714
      0.670707
      0.670714
      0.670707
      0.670714
      0.670707
      0.670714
      0.670707
      0.670714
      0.670707
      0.670714
      0.670707
      0.670714
      0.670707
      0.670714
      0.670707
      0.670714
      0.670707
      0.670714
      0.670707
      0.670714
      0.670707
      0.670714
      0.670707
      0.670714
      0.670707
      0.670714
      0.670707
      0.670714
      0.670707
      0.670714
      0.670707
      0.670714
      0.670707
      0.670714
      0.670707
      0.670714
      0.670707
      0.670714
      0.670707
      0.670714
      0.670707
      0.670714
      0.670707
      0.670714
      0.670707
      0.670714
      0.670707
      0.670714
      0.670707
      0.670714
      0.670707
      0.670714
      0.670707
      0.670714
      0.670707
      0.670714
      0.570974
      0.570948
      0.570974
      0.570948
      0.570974
      0.570948
      0.570974
      0.570948
      0.570974
      0.570948
      0.570974
      0.570948
      0.570974
      0.570948
      0.570974
      0.570948
      0.570974
      0.570948
      0.570974
      0.570948
      0.570974
      0.570948
      0.570974
      0.570948
      0.570974
      0.570948
      0.570974
      0.570948
      0.570974
      0.570948
      0.570974
      0.570948
      0.570974
      0.570948
      0.570974
      0.570948
      0.570974
      0.570948
      0.570974
      0.570948
      0.570974
      0.570948
      0.570974
      0.570948
      0.570974
      0.570948
      0.570974
      0.570948
      0.570974
      0.570948
      0.570974
      0.570948
      0.570974
      0.570948
      0.570974
      0.570948
      0.570974
      0.570948
      0.570974
      0.478955
      0.478946
      0.478955
      0.478946
      0.478955
      0.478946
      0.478955
      0.478946
      0.478955
      0.478946
      0.478955
      0.478946
      0.478955
      0.478946
      0.478955
      0.478946
      0.478955
      0.478946
      0.478955
      0.478946
      0.478955
      0.478946
      0.478955
      0.478946
      0.478955
      0.478946
      0.478955
      0.478946
      0.478955
      0.478946
      0.478955
      0.478946
      0.478955
      0.478946
      0.478955
      0.478946
      0.478955
      0.478946
      0.478955
      0.478946
      0.478955
      0.478946
      0.478955
      0.478946
      0.478955
      0.478946
      0.478955
      0.478946
      0.478955
      0.478946
      0.478955
      0.478946
      0.478955
      0.478946
      0.478955
      0.478946
      0.478955
      0.478946
      0.478955
      0.395844
      0.395817
      0.395844
      0.395817
      0.395844
      0.395817
      0.395844
      0.395817
      0.395844
      0.395817
      0.395844
      0.395817
      0.395844
      0.395817
      0.395844
      0.395817
      0.395844
      0.395817
      0.395844
      0.395817
      0.395844
      0.395817
      0.395844
      0.395817
      0.395844
      0.395817
      0.395844
      0.395817
      0.395844
      0.395817
      0.395844
      0.395817
      0.395844
      0.395817
      0.395844
      0.395817
      0.395844
      0.395817
      0.395844
      0.395817
      0.395844
      0.395817
      0.395844
      0.395817
      0.395844
      0.395817
      0.395844
      0.395817
      0.395844
      0.395817
      0.395844
      0.395817
      0.395844
      0.395817
      0.395844
      0.395817
      0.395844
      0.395817
      0.395844
      0.322161
      0.322153
      0.322161
      0.322153
      0.322161
      0.322153
      0.322161
      0.322153
      0.322161
      0.322153
      0.322161
      0.322153
      0.322161
      0.322153
      0.322161
      0.322153
      0.322161
      0.322153
      0.322161
      0.322153
      0.322161
      0.322153
      0.322161
      0.322153
      0.322161
      0.322153
      0.322161
      0.322153
      0.322161
      0.322153
      0.322161
      0.322153
      0.322161
      0.322153
      0.322161
      0.322153
      0.322161
      0.322153
      0.322161
      0.322153
      0.322161
      0.322153
      0.322161
      0.322153
      0.322161
      0.322153
      0.322161
      0.322153
      0.322161
      0.322153
      0.322161
      0.322153
      0.322161
      0.322153
      0.322161
      0.322153
      0.322161
      0.322153
      0.322161
       0.25821
       0.25819
       0.25821
       0.25819
       0.25821
       0.25819
       0.25821
       0.25819
       0.25821
       0.25819
       0.25821
       0.25819
       0.25821
       0.25819
       0.25821
       0.25819
       0.25821
       0.25819
       0.25821
       0.25819
       0.25821
       0.25819
       0.25821
       0.25819
       0.25821
       0.25819
       0.25821
       0.25819
       0.25821
       0.25819
       0.25821
       0.25819
       0.25821
       0.25819
       0.25821
       0.25819
       0.25821
       0.25819
       0.25821
       0.25819
       0.25821
       0.25819
       0.25821
       0.25819
       0.25821
       0.25819
       0.25821
       0.25819
       0.25821
       0.25819
       0.25821
       0.25819
       0.25821
       0.25819
       0.25821
       0.25819
       0.25821
       0.25819
       0.25821
      0.203711
      0.203706
      0.203711
      0.203706
      0.203711
      0.203706
      0.203711
      0.203706
      0.203711
      0.203706
      0.203711
      0.203706
      0.203711
      0.203706
      0.203711
      0.203706
      0.203711
      0.203706
      0.203711
      0.203706
      0.203711
      0.203706
      0.203711
      0.203706
      0.203711
      0.203706
      0.203711
      0.203706
      0.203711
      0.203706
      0.203711
      0.203706
      0.203711
      0.203706
      0.203711
      0.203706
      0.203711
      0.203706
      0.203711
      0.203706
      0.203711
      0.203706
      0.203711
      0.203706
      0.203711
      0.203706
      0.203711
      0.203706
      0.203711
      0.203706
      0.203711
      0.203706
      0.203711
      0.203706
      0.203711
      0.203706
      0.203711
      0.203706
      0.203711
      0.158224
      0.158214
      0.158224
      0.158214
      0.158224
      0.158214
      0.158224
      0.158214
      0.158224
      0.158214
      0.158224
      0.158214
      0.158224
      0.158214
      0.158224
      0.158214
      0.158224
      0.158214
      0.158224
      0.158214
      0.158224
      0.158214
      0.158224
      0.158214
      0.158224
      0.158214
      0.158224
      0.158214
      0.158224
      0.158214
      0.158224
      0.158214
      0.158224
      0.158214
      0.158224
      0.158214
      0.158224
      0.158214
      0.158224
      0.158214
      0.158224
      0.158214
      0.158224
      0.158214
      0.158224
      0.158214
      0.158224
      0.158214
      0.158224
      0.158214
      0.158224
      0.158214
      0.158224
      0.158214
      0.158224
      0.158214
      0.158224
      0.158214
      0.158224
      0.120947
      0.120945
      0.120947
      0.120945
      0.120947
      0.120945
      0.120947
      0.120945
      0.120947
      0.120945
      0.120947
      0.120945
      0.120947
      0.120945
      0.120947
      0.120945
      0.120947
      0.120945
      0.120947
      0.120945
      0.120947
      0.120945
      0.120947
      0.120945
      0.120947
      0.120945
      0.120947
      0.120945
      0.120947
      0.120945
      0.120947
      0.120945
      0.120947
      0.120945
      0.120947
      0.120945
      0.120947
      0.120945
      0.120947
      0.120945
      0.120947
      0.120945
      0.120947
      0.120945
      0.120947
      0.120945
      0.120947
      0.120945
      0.120947
      0.120945
      0.120947
      0.120945
      0.120947
      0.120945
      0.120947
      0.120945
      0.120947
      0.120945
      0.120947
     0.0909991
     0.0909987
     0.0909991
     0.0909987
     0.0909991
     0.0909987
     0.0909991
     0.0909987
     0.0909991
     0.0909987
     0.0909991
     0.0909987
     0.0909991
     0.0909987
     0.0909991
     0.0909987
     0.0909991
     0.0909987
     0.0909991
     0.0909987
     0.0909991
     0.0909987
     0.0909991
     0.0909987
     0.0909991
     0.0909987
     0.0909991
     0.0909987
     0.0909991
     0.0909987
     0.0909991
     0.0909987
     0.0909991
     0.0909987
     0.0909991
     0.0909987
     0.0909991
     0.0909987
     0.0909991
     0.0909987
     0.0909991
     0.0909987
     0.0909991
     0.0909987
     0.0909991
     0.0909987
     0.0909991
     0.0909987
     0.0909991
     0.0909987
     0.0909991
     0.0909987
     0.0909991
     0.0909987
     0.0909991
     0.0909987
     0.0909991
     0.0909987
     0.0909991
     0.0673858
     0.0673867
     0.0673858
     0.0673867
     0.0673858
     0.0673867
     0.0673858
     0.0673867
     0.0673858
     0.0673867
     0.0673858
     0.0673867
     0.0673858
     0.0673867
     0.0673858
     0.0673867
     0.0673858
     0.0673867
     0.0673858
     0.0673867
     0.0673858
     0.0673867
     0.0673858
     0.0673867
     0.0673858
     0.0673867
     0.0673858
     0.0673867
     0.0673858
     0.0673867
     0.0673858
     0.0673867
     0.0673858
     0.0673867
     0.0673858
     0.0673867
     0.0673858
     0.0673867
     0.0673858
     0.0673867
     0.0673858
     0.0673867
     0.0673858
     0.0673867
     0.0673858
     0.0673867
     0.0673858
     0.0673867
     0.0673858
     0.0673867
     0.0673858
     0.0673867
     0.0673858
     0.0673867
     0.0673858
     0.0673867
     0.0673858
     0.0673867
     0.0673858
     0.0491072
     0.0491125
     0.0491072
     0.0491125
     0.0491072
     0.0491125
     0.0491072
     0.0491125
     0.0491072
     0.0491125
     0.0491072
     0.0491125
     0.0491072
     0.0491125
     0.0491072
     0.0491125
     0.0491072
     0.0491125
     0.0491072
     0.0491125
     0.0491072
     0.0491125
     0.0491072
     0.0491125
     0.0491072
     0.0491125
     0.0491072
     0.0491125
     0.0491072
     0.0491125
     0.0491072
     0.0491125
     0.0491072
     0.0491125
     0.0491072
     0.0491125
     0.0491072
     0.0491125
     0.0491072
     0.0491125
     0.0491072
     0.0491125
     0.0491072
     0.0491125
     0.0491072
     0.0491125
     0.0491072
     0.0491125
     0.0491072
     0.0491125
     0.0491072
     0.0491125
     0.0491072
     0.0491125
     0.0491072
     0.0491125
     0.0491072
     0.0491125
     0.0491072
     0.0352319
     0.0352341
     0.0352319
     0.0352341
     0.0352319
     0.0352341
     0.0352319
     0.0352341
     0.0352319
     0.0352341
     0.0352319
     0.0352341
     0.0352319
     0.0352341
     0.0352319
     0.0352341
     0.0352319
     0.0352341
     0.0352319
     0.0352341
     0.0352319
     0.0352341
     0.0352319
     0.0352341
     0.0352319
     0.0352341
     0.0352319
     0.0352341
     0.0352319
     0.0352341
     0.0352319
     0.0352341
     0.0352319
     0.0352341
     0.0352319
     0.0352341
     0.0352319
     0.0352341
     0.0352319
     0.0352341
     0.0352319
     0.0352341
     0.0352319
     0.0352341
     0.0352319
     0.0352341
     0.0352319
     0.0352341
     0.0352319
     0.0352341
     0.0352319
     0.0352341
     0.0352319
     0.0352341
     0.0352319
     0.0352341
     0.0352319
     0.0352341
     0.0352319
     0.0248709
     0.0248782
     0.0248709
     0.0248782
     0.0248709
     0.0248782
     0.0248709
     0.0248782
     0.0248709
     0.0248782
     0.0248709
     0.0248782
     0.0248709
     0.0248782
     0.0248709
     0.0248782
     0.0248709
     0.0248782
     0.0248709
     0.0248782
     0.0248709
     0.0248782
     0.0248709
     0.0248782
     0.0248709
     0.0248782
     0.0248709
     0.0248782
     0.0248709
     0.0248782
     0.0248709
     0.0248782
     0.0248709
     0.0248782
     0.0248709
     0.0248782
     0.0248709
     0.0248782
     0.0248709
     0.0248782
     0.0248709
     0.0248782
     0.0248709
     0.0248782
     0.0248709
     0.0248782
     0.0248709
     0.0248782
     0.0248709
     0.0248782
     0.0248709
     0.0248782
     0.0248709
     0.0248782
     0.0248709
     0.0248782
     0.0248709
     0.0248782
     0.0248709
     0.0172939
     0.0172962
     0.0172939
     0.0172962
     0.0172939
     0.0172962
     0.0172939
     0.0172962
     0.0172939
     0.0172962
     0.0172939
     0.0172962
     0.0172939
     0.0172962
     0.0172939
     0.0172962
     0.0172939
     0.0172962
     0.0172939
     0.0172962
     0.0172939
     0.0172962
     0.0172939
     0.0172962
     0.0172939
     0.0172962
     0.0172939
     0.0172962
     0.0172939
     0.0172962
     0.0172939
     0.0172962
     0.0172939
     0.0172962
     0.0172939
     0.0172962
     0.0172939
     0.0172962
     0.0172939
     0.0172962
     0.0172939
     0.0172962
     0.0172939
     0.0172962
     0.0172939
     0.0172962
     0.0172939
     0.0172962
     0.0172939
     0.0172962
     0.0172939
     0.0172962
     0.0172939
     0.0172962
     0.0172939
     0.0172962
     0.0172939
     0.0172962
     0.0172939
      0.011829
     0.0118357
      0.011829
     0.0118357
      0.011829
     0.0118357
      0.011829
     0.0118357
      0.011829
     0.0118357
      0.011829
     0.0118357
      0.011829
     0.0118357
      0.011829
     0.0118357
      0.011829
     0.0118357
      0.011829
     0.0118357
      0.011829
     0.0118357
      0.011829
     0.0118357
      0.011829
     0.0118357
      0.011829
     0.0118357
      0.011829
     0.0118357
      0.011829
     0.0118357
      0.011829
     0.0118357
      0.011829
     0.0118357
      0.011829
     0.0118357
      0.011829
     0.0118357
      0.011829
     0.0118357
      0.011829
     0.0118357
      0.011829
     0.0118357
      0.011829
     0.0118357
      0.011829
     0.0118357
      0.011829
     0.0118357
      0.011829
     0.0118357
      0.011829
     0.0118357
      0.011829
     0.0118357
      0.011829
    0.00797615
    0.00797809
    0.00797615
    0.00797809
    0.00797615
    0.00797809
    0.00797615
    0.00797809
    0.00797615
    0.00797809
    0.00797615
    0.00797809
    0.00797615
    0.00797809
    0.00797615
    0.00797809
    0.00797615
    0.00797809
    0.00797615
    0.00797809
    0.00797615
    0.00797809
    0.00797615
    0.00797809
    0.00797615
    0.00797809
    0.00797615
    0.00797809
    0.00797615
    0.00797809
    0.00797615
    0.00797809
    0.00797615
    0.00797809
    0.00797615
    0.00797809
    0.00797615
    0.00797809
    0.00797615
    0.00797809
    0.00797615
    0.00797809
    0.00797615
    0.00797809
    0.00797615
    0.00797809
    0.00797615
    0.00797809
    0.00797615
    0.00797809
    0.00797615
    0.00797809
    0.00797615
    0.00797809
    0.00797615
    0.00797809
    0.00797615
    0.00797809
    0.00797615
    0.00528866
    0.00529362
    0.00528866
    0.00529362
    0.00528866
    0.00529362
    0.00528866
    0.00529362
    0.00528866
    0.00529362
    0.00528866
    0.00529362
    0.00528866
    0.00529362
    0.00528866
    0.00529362
    0.00528866
    0.00529362
    0.00528866
    0.00529362
    0.00528866
    0.00529362
    0.00528866
    0.00529362
    0.00528866
    0.00529362
    0.00528866
    0.00529362
    0.00528866
    0.00529362
    0.00528866
    0.00529362
    0.00528866
    0.00529362
    0.00528866
    0.00529362
    0.00528866
    0.00529362
    0.00528866
    0.00529362
    0.00528866
    0.00529362
    0.00528866
    0.00529362
    0.00528866
    0.00529362
    0.00528866
    0.00529362
    0.00528866
    0.00529362
    0.00528866
    0.00529362
    0.00528866
    0.00529362
    0.00528866
    0.00529362
    0.00528866
    0.00529362
    0.00528866
     0.0034607
    0.00346206
     0.0034607
    0.00346206
     0.0034607
    0.00346206
     0.0034607
    0.00346206
     0.0034607
    0.00346206
     0.0034607
    0.00346206
     0.0034607
    0.00346206
     0.0034607
    0.00346206
     0.0034607
    0.00346206
     0.0034607
    0.00346206
     0.0034607
    0.00346206
     0.0034607
    0.00346206
     0.0034607
    0.00346206
     0.0034607
    0.00346205
     0.0034607
    0.00346205
     0.0034607
    0.00346205
     0.0034607
    0.00346206
     0.0034607
    0.00346206
     0.0034607
    0.00346206
     0.0034607
    0.00346206
     0.0034607
    0.00346206
     0.0034607
    0.00346206
     0.0034607
    0.00346206
     0.0034607
    0.00346206
     0.0034607
    0.00346206
     0.0034607
    0.00346206
     0.0034607
    0.00346206
     0.0034607
    0.00346206
     0.0034607
    0.00346206
     0.0034607
    0.00222614
    0.00222932
    0.00222614
    0.00222932
    0.00222614
    0.00222932
    0.00222614
    0.00222932
    0.00222614
    0.00222932
    0.00222614
    0.00222932
    0.00222614
    0.00222932
    0.00222614
    0.00222932
    0.00222614
    0.00222932
    0.00222614
    0.00222932
    0.00222614
    0.00222932
    0.00222614
    0.00222932
    0.00222614
    0.00222932
    0.00222614
    0.00222932
    0.00222614
    0.00222932
    0.00222614
    0.00222932
    0.00222614
    0.00222932
    0.00222614
    0.00222932
    0.00222614
    0.00222932
    0.00222614
    0.00222932
    0.00222614
    0.00222932
    0.00222614
    0.00222932
    0.00222614
    0.00222932
    0.00222614
    0.00222932
    0.00222614
    0.00222932
    0.00222614
    0.00222932
    0.00222614
    0.00222932
    0.00222614
    0.00222932
    0.00222614
    0.00222932
    0.00222614
    0.00141583
    0.00141666
    0.00141583
    0.00141666
    0.00141583
    0.00141666
    0.00141583
    0.00141666
    0.00141583
    0.00141666
    0.00141583
    0.00141666
    0.00141583
    0.00141666
    0.00141583
    0.00141666
    0.00141583
    0.00141666
    0.00141583
    0.00141666
    0.00141583
    0.00141666
    0.00141583
    0.00141666
    0.00141583
    0.00141666
    0.00141583
    0.00141666
    0.00141583
    0.00141666
    0.00141583
    0.00141666
    0.00141583
    0.00141666
    0.00141583
    0.00141666
    0.00141583
    0.00141666
    0.00141583
    0.00141666
    0.00141583
    0.00141666
    0.00141583
    0.00141666
    0.00141583
    0.00141666
    0.00141583
    0.00141666
    0.00141583
    0.00141666
    0.00141583
    0.00141666
    0.00141583
    0.00141666
    0.00141583
    0.00141666
    0.00141583
    0.00141666
    0.00141583
   0.000886058
   0.000887878
   0.000886058
   0.000887878
   0.000886058
   0.000887878
   0.000886058
   0.000887878
   0.000886058
   0.000887878
   0.000886058
   0.000887878
   0.000886058
   0.000887878
   0.000886058
   0.000887878
   0.000886058
   0.000887878
   0.000886058
   0.000887878
   0.000886058
   0.000887878
   0.000886057
   0.000887877
   0.000886056
   0.000887876
   0.000886054
   0.000887873
   0.000886051
   0.000887871
   0.000886051
   0.000887873
   0.000886054
   0.000887876
   0.000886056
   0.000887877
   0.000886057
   0.000887878
   0.000886058
   0.000887878
   0.000886058
   0.000887878
   0.000886058
   0.000887878
   0.000886058
   0.000887878
   0.000886058
   0.000887878
   0.000886058
   0.000887878
   0.000886058
   0.000887878
   0.000886058
   0.000887878
   0.000886058
   0.000887878
   0.000886058
   0.000887878
   0.000886058
   0.000551815
   0.000552276
   0.000551815
   0.000552276
   0.000551815
   0.000552276
   0.000551815
   0.000552276
   0.000551815
   0.000552276
   0.000551815
   0.000552276
   0.000551815
   0.000552276
   0.000551815
   0.000552276
   0.000551815
   0.000552276
   0.000551815
   0.000552276
   0.000551815
   0.000552276
   0.000551814
   0.000552275
   0.000551813
   0.000552272
   0.000551808
   0.000552266
   0.000551802
   0.000552261
   0.000551802
   0.000552266
   0.000551808
   0.000552272
   0.000551813
   0.000552275
   0.000551814
   0.000552276
   0.000551815
   0.000552276
   0.000551815
   0.000552276
   0.000551815
   0.000552276
   0.000551815
   0.000552276
   0.000551815
   0.000552276
   0.000551815
   0.000552276
   0.000551815
   0.000552276
   0.000551815
   0.000552276
   0.000551815
   0.000552276
   0.000551815
   0.000552276
   0.000551815
   0.000342675
   0.000343663
   0.000342675
   0.000343663
   0.000342675
   0.000343663
   0.000342675
   0.000343663
   0.000342675
   0.000343663
   0.000342675
   0.000343663
   0.000342675
   0.000343663
   0.000342675
   0.000343663
   0.000342675
   0.000343663
   0.000342675
   0.000343663
   0.000342675
   0.000343663
   0.000342674
   0.000343661
   0.000342671
   0.000343656
   0.000342662
   0.000343644
   0.000342648
   0.000343632
   0.000342648
   0.000343644
   0.000342662
   0.000343656
   0.000342671
   0.000343661
   0.000342674
   0.000343663
   0.000342675
   0.000343663
   0.000342675
   0.000343663
   0.000342675
   0.000343663
   0.000342675
   0.000343663
   0.000342675
   0.000343663
   0.000342675
   0.000343663
   0.000342675
   0.000343663
   0.000342675
   0.000343663
   0.000342675
   0.000343663
   0.000342675
   0.000343663
   0.000342675
   0.000220738
   0.000220999
   0.000220738
   0.000220999
   0.000220738
   0.000220999
   0.000220738
   0.000220999
   0.000220738
   0.000220999
   0.000220738
   0.000220999
   0.000220738
   0.000220999
   0.000220738
   0.000220999
   0.000220738
   0.000220999
   0.000220738
   0.000220999
   0.000220738
   0.000220998
   0.000220737
   0.000220996
   0.000220733
   0.000220988
   0.000220719
   0.000220964
   0.000220682
   0.000220931
   0.000220682
   0.000220964
   0.000220719
   0.000220988
   0.000220733
   0.000220996
   0.000220737
   0.000220998
   0.000220738
   0.000220999
   0.000220738
   0.000220999
   0.000220738
   0.000220999
   0.000220738
   0.000220999
   0.000220738
   0.000220999
   0.000220738
   0.000220999
   0.000220738
   0.000220999
   0.000220738
   0.000220999
   0.000220738
   0.000220999
   0.000220738
   0.000220999
   0.000220738
   0.000156014
   0.000156623
   0.000156014
   0.000156623
   0.000156014
   0.000156623
   0.000156014
   0.000156623
   0.000156014
   0.000156623
   0.000156014
   0.000156623
   0.000156014
   0.000156623
   0.000156014
   0.000156623
   0.000156014
   0.000156623
   0.000156013
   0.000156623
   0.000156013
   0.000156622
   0.000156012
    0.00015662
   0.000156007
   0.000156609
   0.000155987
   0.000156567
   0.000155899
   0.000156472
   0.000155899
   0.000156567
   0.000155987
   0.000156609
   0.000156007
    0.00015662
   0.000156012
   0.000156622
   0.000156013
   0.000156623
   0.000156013
   0.000156623
   0.000156014
   0.000156623
   0.000156014
   0.000156623
   0.000156014
   0.000156623
   0.000156014
   0.000156623
   0.000156014
   0.000156623
   0.000156014
   0.000156623
   0.000156014
   0.000156623
   0.000156014
   0.000156623
   0.000156014
   0.000136736
   0.000136934
   0.000136736
   0.000136934
   0.000136736
   0.000136934
   0.000136736
   0.000136934
   0.000136736
   0.000136934
   0.000136736
   0.000136934
   0.000136736
   0.000136934
   0.000136736
   0.000136934
   0.000136736
   0.000136934
   0.000136736
   0.000136933
   0.000136735
   0.000136933
   0.000136734
    0.00013693
   0.000136728
   0.000136919
   0.000136704
   0.000136866
   0.000136585
    0.00013658
   0.000136585
   0.000136866
   0.000136704
   0.000136919
   0.000136728
    0.00013693
   0.000136734
   0.000136933
   0.000136735
   0.000136933
   0.000136736
   0.000136934
   0.000136736
   0.000136934
   0.000136736
   0.000136934
   0.000136736
   0.000136934
   0.000136736
   0.000136934
   0.000136736
   0.000136934
   0.000136736
   0.000136934
   0.000136736
   0.000136934
   0.000136736
   0.000136934
   0.000136736
   0.000156014
   0.000156623
   0.000156014
   0.000156623
   0.000156014
   0.000156623
   0.000156014
   0.000156623
   0.000156014
   0.000156623
   0.000156014
   0.000156623
   0.000156014
   0.000156623
   0.000156014
   0.000156623
   0.000156014
   0.000156623
   0.000156013
   0.000156623
   0.000156013
   0.000156622
   0.000156012
    0.00015662
   0.000156007
   0.000156609
   0.000155987
   0.000156567
   0.000155899
   0.000156472
   0.000155899
   0.000156567
   0.000155987
   0.000156609
   0.000156007
    0.00015662
   0.000156012
   0.000156622
   0.000156013
   0.000156623
   0.000156013
   0.000156623
   0.000156014
   0.000156623
   0.000156014
   0.000156623
   0.000156014
   0.000156623
   0.000156014
   0.000156623
   0.000156014
   0.000156623
   0.000156014
   0.000156623
   0.000156014
   0.000156623
   0.000156014
   0.000156623
   0.000156014
   0.000220738
   0.000220999
   0.000220738
   0.000220999
   0.000220738
   0.000220999
   0.000220738
   0.000220999
   0.000220738
   0.000220999
   0.000220738
   0.000220999
   0.000220738
   0.000220999
   0.000220738
   0.000220999
   0.000220738
   0.000220999
   0.000220738
   0.000220999
   0.000220738
   0.000220998
   0.000220737
   0.000220996
   0.000220733
   0.000220988
   0.000220719
   0.000220964
   0.000220682
   0.000220931
   0.000220682
   0.000220964
   0.000220719
   0.000220988
   0.000220733
   0.000220996
   0.000220737
   0.000220998
   0.000220738
   0.000220999
   0.000220738
   0.000220999
   0.000220738
   0.000220999
   0.000220738
   0.000220999
   0.000220738
   0.000220999
   0.000220738
   0.000220999
   0.000220738
   0.000220999
   0.000220738
   0.000220999
   0.000220738
   0.000220999
   0.000220738
   0.000220999
   0.000220738
   0.000342675
   0.000343663
   0.000342675
   0.000343663
   0.000342675
   0.000343663
   0.000342675
   0.000343663
   0.000342675
   0.000343663
   0.000342675
   0.000343663
   0.000342675
   0.000343663
   0.000342675
   0.000343663
   0.000342675
   0.000343663
   0.000342675
   0.000343663
   0.000342675
   0.000343663
   0.000342674
   0.000343661
   0.000342671
   0.000343656
   0.000342662
   0.000343644
   0.000342648
   0.000343632
   0.000342648
   0.000343644
   0.000342662
   0.000343656
   0.000342671
   0.000343661
   0.000342674
   0.000343663
   0.000342675
   0.000343663
   0.000342675
   0.000343663
   0.000342675
   0.000343663
   0.000342675
   0.000343663
   0.000342675
   0.000343663
   0.000342675
   0.000343663
   0.000342675
   0.000343663
   0.000342675
   0.000343663
   0.000342675
   0.000343663
   0.000342675
   0.000343663
   0.000342675
   0.000551815
   0.000552276
   0.000551815
   0.000552276
   0.000551815
   0.000552276
   0.000551815
   0.000552276
   0.000551815
   0.000552276
   0.000551815
   0.000552276
   0.000551815
   0.000552276
   0.000551815
   0.000552276
   0.000551815
   0.000552276
   0.000551815
   0.000552276
   0.000551815
   0.000552276
   0.000551814
   0.000552275
   0.000551813
   0.000552272
   0.000551808
   0.000552266
   0.000551802
   0.000552261
   0.000551802
   0.000552266
   0.000551808
   0.000552272
   0.000551813
   0.000552275
   0.000551814
   0.000552276
   0.000551815
   0.000552276
   0.000551815
   0.000552276
   0.000551815
   0.000552276
   0.000551815
   0.000552276
   0.000551815
   0.000552276
   0.000551815
   0.000552276
   0.000551815
   0.000552276
   0.000551815
   0.000552276
   0.000551815
   0.000552276
   0.000551815
   0.000552276
   0.000551815
   0.000886058
   0.000887878
   0.000886058
   0.000887878
   0.000886058
   0.000887878
   0.000886058
   0.000887878
   0.000886058
   0.000887878
   0.000886058
   0.000887878
   0.000886058
   0.000887878
   0.000886058
   0.000887878
   0.000886058
   0.000887878
   0.000886058
   0.000887878
   0.000886058
   0.000887878
   0.000886057
   0.000887877
   0.000886056
   0.000887876
   0.000886054
   0.000887873
   0.000886051
   0.000887871
   0.000886051
   0.000887873
   0.000886054
   0.000887876
   0.000886056
   0.000887877
   0.000886057
   0.000887878
   0.000886058
   0.000887878
   0.000886058
   0.000887878
   0.000886058
   0.000887878
   0.000886058
   0.000887878
   0.000886058
   0.000887878
   0.000886058
   0.000887878
   0.000886058
   0.000887878
   0.000886058
   0.000887878
   0.000886058
   0.000887878
   0.000886058
   0.000887878
   0.000886058
    0.00141583
    0.00141666
    0.00141583
    0.00141666
    0.00141583
    0.00141666
    0.00141583
    0.00141666
    0.00141583
    0.00141666
    0.00141583
    0.00141666
    0.00141583
    0.00141666
    0.00141583
    0.00141666
    0.00141583
    0.00141666
    0.00141583
    0.00141666
    0.00141583
    0.00141666
    0.00141583
    0.00141666
    0.00141583
    0.00141666
    0.00141583
    0.00141666
    0.00141583
    0.00141666
    0.00141583
    0.00141666
    0.00141583
    0.00141666
    0.00141583
    0.00141666
    0.00141583
    0.00141666
    0.00141583
    0.00141666
    0.00141583
    0.00141666
    0.00141583
    0.00141666
    0.00141583
    0.00141666
    0.00141583
    0.00141666
    0.00141583
    0.00141666
    0.00141583
    0.00141666
    0.00141583
    0.00141666
    0.00141583
    0.00141666
    0.00141583
    0.00141666
    0.00141583
    0.00222614
    0.00222932
    0.00222614
    0.00222932
    0.00222614
    0.00222932
    0.00222614
    0.00222932
    0.00222614
    0.00222932
    0.00222614
    0.00222932
    0.00222614
    0.00222932
    0.00222614
    0.00222932
    0.00222614
    0.00222932
    0.00222614
    0.00222932
    0.00222614
    0.00222932
    0.00222614
    0.00222932
    0.00222614
    0.00222932
    0.00222614
    0.00222932
    0.00222614
    0.00222932
    0.00222614
    0.00222932
    0.00222614
    0.00222932
    0.00222614
    0.00222932
    0.00222614
    0.00222932
    0.00222614
    0.00222932
    0.00222614
    0.00222932
    0.00222614
    0.00222932
    0.00222614
    0.00222932
    0.00222614
    0.00222932
    0.00222614
    0.00222932
    0.00222614
    0.00222932
    0.00222614
    0.00222932
    0.00222614
    0.00222932
    0.00222614
    0.00222932
    0.00222614
     0.0034607
    0.00346206
     0.0034607
    0.00346206
     0.0034607
    0.00346206
     0.0034607
    0.00346206
     0.0034607
    0.00346206
     0.0034607
    0.00346206
     0.0034607
    0.00346206
     0.0034607
    0.00346206
     0.0034607
    0.00346206
     0.0034607
    0.00346206
     0.0034607
    0.00346206
     0.0034607
    0.00346206
     0.0034607
    0.00346206
     0.0034607
    0.00346205
     0.0034607
    0.00346205
     0.0034607
    0.00346205
     0.0034607
    0.00346206
     0.0034607
    0.00346206
     0.0034607
    0.00346206
     0.0034607
    0.00346206
     0.0034607
    0.00346206
     0.0034607
    0.00346206
     0.0034607
    0.00346206
     0.0034607
    0.00346206
     0.0034607
    0.00346206
     0.0034607
    0.00346206
     0.0034607
    0.00346206
     0.0034607
    0.00346206
     0.0034607
    0.00346206
     0.0034607
    0.00528866
    0.00529362
    0.00528866
    0.00529362
    0.00528866
    0.00529362
    0.00528866
    0.00529362
    0.00528866
    0.00529362
    0.00528866
    0.00529362
    0.00528866
    0.00529362
    0.00528866
    0.00529362
    0.00528866
    0.00529362
    0.00528866
    0.00529362
    0.00528866
    0.00529362
    0.00528866
    0.00529362
    0.00528866
    0.00529362
    0.00528866
    0.00529362
    0.00528866
    0.00529362
    0.00528866
    0.00529362
    0.00528866
    0.00529362
    0.00528866
    0.00529362
    0.00528866
    0.00529362
    0.00528866
    0.00529362
    0.00528866
    0.00529362
    0.00528866
    0.00529362
    0.00528866
    0.00529362
    0.00528866
    0.00529362
    0.00528866
    0.00529362
    0.00528866
    0.00529362
    0.00528866
    0.00529362
    0.00528866
    0.00529362
    0.00528866
    0.00529362
    0.00528866
    0.00797615
    0.00797809
    0.00797615
    0.00797809
    0.00797615
    0.00797809
    0.00797615
    0.00797809
    0.00797615
    0.00797809
    0.00797615
    0.00797809
    0.00797615
    0.00797809
    0.00797615
    0.00797809
    0.00797615
    0.00797809
    0.00797615
    0.00797809
    0.00797615
    0.00797809
    0.00797615
    0.00797809
    0.00797615
    0.00797809
    0.00797615
    0.00797809
    0.00797615
    0.00797809
    0.00797615
    0.00797809
    0.00797615
    0.00797809
    0.00797615
    0.00797809
    0.00797615
    0.00797809
    0.00797615
    0.00797809
    0.00797615
    0.00797809
    0.00797615
    0.00797809
    0.00797615
    0.00797809
    0.00797615
    0.00797809
    0.00797615
    0.00797809
    0.00797615
    0.00797809
    0.00797615
    0.00797809
    0.00797615
    0.00797809
    0.00797615
    0.00797809
    0.00797615
      0.011829
     0.0118357
      0.011829
     0.0118357
      0.011829
     0.0118357
      0.011829
     0.0118357
      0.011829
     0.0118357
      0.011829
     0.0118357
      0.011829
     0.0118357
      0.011829
     0.0118357
      0.011829
     0.0118357
      0.011829
     0.0118357
      0.011829
     0.0118357
      0.011829
     0.0118357
      0.011829
     0.0118357
      0.011829
     0.0118357
      0.011829
     0.0118357
      0.011829
     0.0118357
      0.011829
     0.0118357
      0.011829
     0.0118357
      0.011829
     0.0118357
      0.011829
     0.0118357
      0.011829
     0.0118357
      0.011829
     0.0118357
      0.011829
     0.0118357
      0.011829
     0.0118357
      0.011829
     0.0118357
      0.011829
     0.0118357
      0.011829
     0.0118357
      0.011829
     0.0118357
      0.011829
     0.0118357
      0.011829
     0.0172939
     0.0172962
     0.0172939
     0.0172962
     0.0172939
     0.0172962
     0.0172939
     0.0172962
     0.0172939
     0.0172962
     0.0172939
     0.0172962
     0.0172939
     0.0172962
     0.0172939
     0.0172962
     0.0172939
     0.0172962
     0.0172939
     0.0172962
     0.0172939
     0.0172962
     0.0172939
     0.0172962
     0.0172939
     0.0172962
     0.0172939
     0.0172962
     0.0172939
     0.0172962
     0.0172939
     0.0172962
     0.0172939
     0.0172962
     0.0172939
     0.0172962
     0.0172939
     0.0172962
     0.0172939
     0.0172962
     0.0172939
     0.0172962
     0.0172939
     0.0172962
     0.0172939
     0.0172962
     0.0172939
     0.0172962
     0.0172939
     0.0172962
     0.0172939
     0.0172962
     0.0172939
     0.0172962
     0.0172939
     0.0172962
     0.0172939
     0.0172962
     0.0172939
     0.0248709
     0.0248782
     0.0248709
     0.0248782
     0.0248709
     0.0248782
     0.0248709
     0.0248782
     0.0248709
     0.0248782
     0.0248709
     0.0248782
     0.0248709
     0.0248782
     0.0248709
     0.0248782
     0.0248709
     0.0248782
     0.0248709
     0.0248782
     0.0248709
     0.0248782
     0.0248709
     0.0248782
     0.0248709
     0.0248782
     0.0248709
     0.0248782
     0.0248709
     0.0248782
     0.0248709
     0.0248782
     0.0248709
     0.0248782
     0.0248709
     0.0248782
     0.0248709
     0.0248782
     0.0248709
     0.0248782
     0.0248709
     0.0248782
     0.0248709
     0.0248782
     0.0248709
     0.0248782
     0.0248709
     0.0248782
     0.0248709
     0.0248782
     0.0248709
     0.0248782
     0.0248709
     0.0248782
     0.0248709
     0.0248782
     0.0248709
     0.0248782
     0.0248709
     0.0352319
     0.0352341
     0.0352319
     0.0352341
     0.0352319
     0.0352341
     0.0352319
     0.0352341
     0.0352319
     0.0352341
     0.0352319
     0.0352341
     0.0352319
     0.0352341
     0.0352319
     0.0352341
     0.0352319
     0.0352341
     0.0352319
     0.0352341
     0.0352319
     0.0352341
     0.0352319
     0.0352341
     0.0352319
     0.0352341
     0.0352319
     0.0352341
     0.0352319
     0.0352341
     0.0352319
     0.0352341
     0.0352319
     0.0352341
     0.0352319
     0.0352341
     0.0352319
     0.0352341
     0.0352319
     0.0352341
     0.0352319
     0.0352341
     0.0352319
     0.0352341
     0.0352319
     0.0352341
     0.0352319
     0.0352341
     0.0352319
     0.0352341
     0.0352319
     0.0352341
     0.0352319
     0.0352341
     0.0352319
     0.0352341
     0.0352319
     0.0352341
     0.0352319
     0.0491072
     0.0491125
     0.0491072
     0.0491125
     0.0491072
     0.0491125
     0.0491072
     0.0491125
     0.0491072
     0.0491125
     0.0491072
     0.0491125
     0.0491072
     0.0491125
     0.0491072
     0.0491125
     0.0491072
     0.0491125
     0.0491072
     0.0491125
     0.0491072
     0.0491125
     0.0491072
     0.0491125
     0.0491072
     0.0491125
     0.0491072
     0.0491125
     0.0491072
     0.0491125
     0.0491072
     0.0491125
     0.0491072
     0.0491125
     0.0491072
     0.0491125
     0.0491072
     0.0491125
     0.0491072
     0.0491125
     0.0491072
     0.0491125
     0.0491072
     0.0491125
     0.0491072
     0.0491125
     0.0491072
     0.0491125
     0.0491072
     0.0491125
     0.0491072
     0.0491125
     0.0491072
     0.0491125
     0.0491072
     0.0491125
     0.0491072
     0.0491125
     0.0491072
     0.0673858
     0.0673867
     0.0673858
     0.0673867
     0.0673858
     0.0673867
     0.0673858
     0.0673867
     0.0673858
     0.0673867
     0.0673858
     0.0673867
     0.0673858
     0.0673867
     0.0673858
     0.0673867
     0.0673858
     0.0673867
     0.0673858
     0.0673867
     0.0673858
     0.0673867
     0.0673858
     0.0673867
     0.0673858
     0.0673867
     0.0673858
     0.0673867
     0.0673858
     0.0673867
     0.0673858
     0.0673867
     0.0673858
     0.0673867
     0.0673858
     0.0673867
     0.0673858
     0.0673867
     0.0673858
     0.0673867
     0.0673858
     0.0673867
     0.0673858
     0.0673867
     0.0673858
     0.0673867
     0.0673858
     0.0673867
     0.0673858
     0.0673867
     0.0673858
     0.0673867
     0.0673858
     0.0673867
     0.0673858
     0.0673867
     0.0673858
     0.0673867
     0.0673858
     0.0909991
     0.0909987
     0.0909991
     0.0909987
     0.0909991
     0.0909987
     0.0909991
     0.0909987
     0.0909991
     0.0909987
     0.0909991
     0.0909987
     0.0909991
     0.0909987
     0.0909991
     0.0909987
     0.0909991
     0.0909987
     0.0909991
     0.0909987
     0.0909991
     0.0909987
     0.0909991
     0.0909987
     0.0909991
     0.0909987
     0.0909991
     0.0909987
     0.0909991
     0.0909987
     0.0909991
     0.0909987
     0.0909991
     0.0909987
     0.0909991
     0.0909987
     0.0909991
     0.0909987
     0.0909991
     0.0909987
     0.0909991
     0.0909987
     0.0909991
     0.0909987
     0.0909991
     0.0909987
     0.0909991
     0.0909987
     0.0909991
     0.0909987
     0.0909991
     0.0909987
     0.0909991
     0.0909987
     0.0909991
     0.0909987
     0.0909991
     0.0909987
     0.0909991
      0.120947
      0.120945
      0.120947
      0.120945
      0.120947
      0.120945
      0.120947
      0.120945
      0.120947
      0.120945
      0.120947
      0.120945
      0.120947
      0.120945
      0.120947
      0.120945
      0.120947
      0.120945
      0.120947
      0.120945
      0.120947
      0.120945
      0.120947
      0.120945
      0.120947
      0.120945
      0.120947
      0.120945
      0.120947
      0.120945
      0.120947
      0.120945
      0.120947
      0.120945
      0.120947
      0.120945
      0.120947
      0.120945
      0.120947
      0.120945
      0.120947
      0.120945
      0.120947
      0.120945
      0.120947
      0.120945
      0.120947
      0.120945
      0.120947
      0.120945
      0.120947
      0.120945
      0.120947
      0.120945
      0.120947
      0.120945
      0.120947
      0.120945
      0.120947
      0.158224
      0.158214
      0.158224
      0.158214
      0.158224
      0.158214
      0.158224
      0.158214
      0.158224
      0.158214
      0.158224
      0.158214
      0.158224
      0.158214
      0.158224
      0.158214
      0.158224
      0.158214
      0.158224
      0.158214
      0.158224
      0.158214
      0.158224
      0.158214
      0.158224
      0.158214
      0.158224
      0.158214
      0.158224
      0.158214
      0.158224
      0.158214
      0.158224
      0.158214
      0.158224
      0.158214
      0.158224
      0.158214
      0.158224
      0.158214
      0.158224
      0.158214
      0.158224
      0.158214
      0.158224
      0.158214
      0.158224
      0.158214
      0.158224
      0.158214
      0.158224
      0.158214
      0.158224
      0.158214
      0.158224
      0.158214
      0.158224
      0.158214
      0.158224
      0.203711
      0.203706
      0.203711
      0.203706
      0.203711
      0.203706
      0.203711
      0.203706
      0.203711
      0.203706
      0.203711
      0.203706
      0.203711
      0.203706
      0.203711
      0.203706
      0.203711
      0.203706
      0.203711
      0.203706
      0.203711
      0.203706
      0.203711
      0.203706
      0.203711
      0.203706
      0.203711
      0.203706
      0.203711
      0.203706
      0.203711
      0.203706
      0.203711
      0.203706
      0.203711
      0.203706
      0.203711
      0.203706
      0.203711
      0.203706
      0.203711
      0.203706
      0.203711
      0.203706
      0.203711
      0.203706
      0.203711
      0.203706
      0.203711
      0.203706
      0.203711
      0.203706
      0.203711
      0.203706
      0.203711
      0.203706
      0.203711
      0.203706
      0.203711
       0.25821
       0.25819
       0.25821
       0.25819
       0.25821
       0.25819
       0.25821
       0.25819
       0.25821
       0.25819
       0.25821
       0.25819
       0.25821
       0.25819
       0.25821
       0.25819
       0.25821
       0.25819
       0.25821
       0.25819
       0.25821
       0.25819
       0.25821
       0.25819
       0.25821
       0.25819
       0.25821
       0.25819
       0.25821
       0.25819
       0.25821
       0.25819
       0.25821
       0.25819
       0.25821
       0.25819
       0.25821
       0.25819
       0.25821
       0.25819
       0.25821
       0.25819
       0.25821
       0.25819
       0.25821
       0.25819
       0.25821
       0.25819
       0.25821
       0.25819
       0.25821
       0.25819
       0.25821
       0.25819
       0.25821
       0.25819
       0.25821
       0.25819
       0.25821
      0.322161
      0.322153
      0.322161
      0.322153
      0.322161
      0.322153
      0.322161
      0.322153
      0.322161
      0.322153
      0.322161
      0.322153
      0.322161
      0.322153
      0.322161
      0.322153
      0.322161
      0.322153
      0.322161
      0.322153
      0.322161
      0.322153
      0.322161
      0.322153
      0.322161
      0.322153
      0.322161
      0.322153
      0.322161
      0.322153
      0.322161
      0.322153
      0.322161
      0.322153
      0.322161
      0.322153
      0.322161
      0.322153
      0.322161
      0.322153
      0.322161
      0.322153
      0.322161
      0.322153
      0.322161
      0.322153
      0.322161
      0.322153
      0.322161
      0.322153
      0.322161
      0.322153
      0.322161
      0.322153
      0.322161
      0.322153
      0.322161
      0.322153
      0.322161
      0.395844
      0.395817
      0.395844
      0.395817
      0.395844
      0.395817
      0.395844
      0.395817
      0.395844
      0.395817
      0.395844
      0.395817
      0.395844
      0.395817
      0.395844
      0.395817
      0.395844
      0.395817
      0.395844
      0.395817
      0.395844
      0.395817
      0.395844
      0.395817
      0.395844
      0.395817
      0.395844
      0.395817
      0.395844
      0.395817
      0.395844
      0.395817
      0.395844
      0.395817
      0.395844
      0.395817
      0.395844
      0.395817
      0.395844
      0.395817
      0.395844
      0.395817
      0.395844
      0.395817
      0.395844
      0.395817
      0.395844
      0.395817
      0.395844
      0.395817
      0.395844
      0.395817
      0.395844
      0.395817
      0.395844
      0.395817
      0.395844
      0.395817
      0.395844
      0.478955
      0.478946
      0.478955
      0.478946
      0.478955
      0.478946
      0.478955
      0.478946
      0.478955
      0.478946
      0.478955
      0.478946
      0.478955
      0.478946
      0.478955
      0.478946
      0.478955
      0.478946
      0.478955
      0.478946
      0.478955
      0.478946
      0.478955
      0.478946
      0.478955
      0.478946
      0.478955
      0.478946
      0.478955
      0.478946
      0.478955
      0.478946
      0.478955
      0.478946
      0.478955
      0.478946
      0.478955
      0.478946
      0.478955
      0.478946
      0.478955
      0.478946
      0.478955
      0.478946
      0.478955
      0.478946
      0.478955
      0.478946
      0.478955
      0.478946
      0.478955
      0.478946
      0.478955
      0.478946
      0.478955
      0.478946
      0.478955
      0.478946
      0.478955
      0.570974
      0.570948
      0.570974
      0.570948
      0.570974
      0.570948
      0.570974
      0.570948
      0.570974
      0.570948
      0.570974
      0.570948
      0.570974
      0.570948
      0.570974
      0.570948
      0.570974
      0.570948
      0.570974
      0.570948
      0.570974
      0.570948
      0.570974
      0.570948
      0.570974
      0.570948
      0.570974
      0.570948
      0.570974
      0.570948
      0.570974
      0.570948
      0.570974
      0.570948
      0.570974
      0.570948
      0.570974
      0.570948
      0.570974
      0.570948
      0.570974
      0.570948
      0.570974
      0.570948
      0.570974
      0.570948
      0.570974
      0.570948
      0.570974
      0.570948
      0.570974
      0.570948
      0.570974
      0.570948
      0.570974
      0.570948
      0.570974
      0.570948
      0.570974
      0.670714
      0.670707
      0.670714
      0.670707
      0.670714
      0.670707
      0.670714
      0.670707
      0.670714
      0.670707
      0.670714
      0.670707
      0.670714
      0.670707
      0.670714
      0.670707
      0.670714
      0.670707
      0.670714
      0.670707
      0.670714
      0.670707
      0.670714
      0.670707
      0.670714
      0.670707
      0.670714
      0.670707
      0.670714
      0.670707
      0.670714
      0.670707
      0.670714
      0.670707
      0.670714
      0.670707
      0.670714
      0.670707
      0.670714
      0.670707
      0.670714
      0.670707
      0.670714
      0.670707
      0.670714
      0.670707
      0.670714
      0.670707
      0.670714
      0.670707
      0.670714
      0.670707
      0.670714
      0.670707
      0.670714
      0.670707
      0.670714
      0.670707
      0.670714
      0.776777
       0.77676
      0.776777
       0.77676
      0.776777
       0.77676
      0.776777
       0.77676
      0.776777
       0.77676
      0.776777
       0.77676
      0.776777
       0.77676
      0.776777
       0.77676
      0.776777
       0.77676
      0.776777
       0.77676
      0.776777
       0.77676
      0.776777
       0.77676
      0.776777
       0.77676
      0.776777
       0.77676
      0.776777
       0.77676
      0.776777
       0.77676
      0.776777
       0.77676
      0.776777
       0.77676
      0.776777
       0.77676
      0.776777
       0.77676
      0.776777
       0.77676
      0.776777
       0.77676
      0.776777
       0.77676
      0.776777
       0.77676
      0.776777
       0.77676
      0.776777
       0.77676
      0.776777
       0.77676
      0.776777
       0.77676
      0.776777
       0.77676
      0.776777
      0.887227
      0.887224
      0.887227
      0.887224
      0.887227
      0.887224
      0.887227
      0.887224
      0.887227
      0.887224
      0.887227
      0.887224
      0.887227
      0.887224
      0.887227
      0.887224
      0.887227
      0.887224
      0.887227
      0.887224
      0.887227
      0.887224
      0.887227
      0.887224
      0.887227
      0.887224
      0.887227
      0.887224
      0.887227
      0.887224
      0.887227
      0.887224
      0.887227
      0.887224
      0.887227
      0.887224
      0.887227
      0.887224
      0.887227
      0.887224
      0.887227
      0.887224
      0.887227
      0.887224
      0.887227
      0.887224
      0.887227
      0.887224
      0.887227
      0.887224
      0.887227
      0.887224
      0.887227
      0.887224
      0.887227
      0.887224
      0.887227
      0.887224
      0.887227
             1
             1
             1
             1
             1
             1
             1
             1
             1
             1
             1
             1
             1
             1
             1
             1
             1
             1
             1
             1
             1
             1
             1
             1
             1
             1
             1
             1
             1
             1
             1
             1
             1
             1
             1
             1
             1
             1
             1
             1
             1
             1
             1
             1
             1
             1
             1
             1
             1
             1
             1
             1
             1
             1
             1
             1
             1
             1
             1
