             1
             1
             1
             1
             1
             1
             1
             1
             1
             1
             1
             1
             1
             1
             1
             1
             1
             1
             1
             1
             1
             1
             1
             1
             1
             1
             1
             1
             1
             1
             1
             1
             1
             1
             1
             1
             1
             1
             1
             1
             1
             1
             1
             1
             1
             1
             1
             1
             1
             1
             1
             1
             1
             1
             1
             1
             1
             1
             1
      0.891665
      0.891663
      0.891665
      0.891663
      0.891665
      0.891663
      0.891665
      0.891663
      0.891665
      0.891663
      0.891665
      0.891663
      0.891665
      0.891663
      0.891665
      0.891663
      0.891665
      0.891663
      0.891665
      0.891663
      0.891665
      0.891663
      0.891665
      0.891663
      0.891665
      0.891663
      0.891665
      0.891663
      0.891665
      0.891663
      0.891665
      0.891663
      0.891665
      0.891663
      0.891665
      0.891663
      0.891665
      0.891663
      0.891665
      0.891663
      0.891665
      0.891663
      0.891665
      0.891663
      0.891665
      0.891663
      0.891665
      0.891663
      0.891665
      0.891663
      0.891665
      0.891663
      0.891665
      0.891663
      0.891665
      0.891663
      0.891665
      0.891663
      0.891665
      0.785391
      0.785378
      0.785391
      0.785378
      0.785391
      0.785378
      0.785391
      0.785378
      0.785391
      0.785378
      0.785391
      0.785378
      0.785391
      0.785378
      0.785391
      0.785378
      0.785391
      0.785378
      0.785391
      0.785378
      0.785391
      0.785378
      0.785391
      0.785378
      0.785391
      0.785378
      0.785391
      0.785378
      0.785391
      0.785378
      0.785391
      0.785378
      0.785391
      0.785378
      0.785391
      0.785378
      0.785391
      0.785378
      0.785391
      0.785378
      0.785391
      0.785378
      0.785391
      0.785378
      0.785391
      0.785378
      0.785391
      0.785378
      0.785391
      0.785378
      0.785391
      0.785378
      0.785391
      0.785378
      0.785391
      0.785378
      0.785391
      0.785378
      0.785391
      0.683021
      0.683015
      0.683021
      0.683015
      0.683021
      0.683015
      0.683021
      0.683015
      0.683021
      0.683015
      0.683021
      0.683015
      0.683021
      0.683015
      0.683021
      0.683015
      0.683021
      0.683015
      0.683021
      0.683015
      0.683021
      0.683015
      0.683021
      0.683015
      0.683021
      0.683015
      0.683021
      0.683015
      0.683021
      0.683015
      0.683021
      0.683015
      0.683021
      0.683015
      0.683021
      0.683015
      0.683021
      0.683015
      0.683021
      0.683015
      0.683021
      0.683015
      0.683021
      0.683015
      0.683021
      0.683015
      0.683021
      0.683015
      0.683021
      0.683015
      0.683021
      0.683015
      0.683021
      0.683015
      0.683021
      0.683015
      0.683021
      0.683015
      0.683021
      0.586288
      0.586266
      0.586288
      0.586266
      0.586288
      0.586266
      0.586288
      0.586266
      0.586288
      0.586266
      0.586288
      0.586266
      0.586288
      0.586266
      0.586288
      0.586266
      0.586288
      0.586266
      0.586288
      0.586266
      0.586288
      0.586266
      0.586288
      0.586266
      0.586288
      0.586266
      0.586288
      0.586266
      0.586288
      0.586266
      0.586288
      0.586266
      0.586288
      0.586266
      0.586288
      0.586266
      0.586288
      0.586266
      0.586288
      0.586266
      0.586288
      0.586266
      0.586288
      0.586266
      0.586288
      0.586266
      0.586288
      0.586266
      0.586288
      0.586266
      0.586288
      0.586266
      0.586288
      0.586266
      0.586288
      0.586266
      0.586288
      0.586266
      0.586288
      0.496485
      0.496477
      0.496485
      0.496477
      0.496485
      0.496477
      0.496485
      0.496477
      0.496485
      0.496477
      0.496485
      0.496477
      0.496485
      0.496477
      0.496485
      0.496477
      0.496485
      0.496477
      0.496485
      0.496477
      0.496485
      0.496477
      0.496485
      0.496477
      0.496485
      0.496477
      0.496485
      0.496477
      0.496485
      0.496477
      0.496485
      0.496477
      0.496485
      0.496477
      0.496485
      0.496477
      0.496485
      0.496477
      0.496485
      0.496477
      0.496485
      0.496477
      0.496485
      0.496477
      0.496485
      0.496477
      0.496485
      0.496477
      0.496485
      0.496477
      0.496485
      0.496477
      0.496485
      0.496477
      0.496485
      0.496477
      0.496485
      0.496477
      0.496485
      0.414728
      0.414704
      0.414728
      0.414704
      0.414728
      0.414704
      0.414728
      0.414704
      0.414728
      0.414704
      0.414728
      0.414704
      0.414728
      0.414704
      0.414728
      0.414704
      0.414728
      0.414704
      0.414728
      0.414704
      0.414728
      0.414704
      0.414728
      0.414704
      0.414728
      0.414704
      0.414728
      0.414704
      0.414728
      0.414704
      0.414728
      0.414704
      0.414728
      0.414704
      0.414728
      0.414704
      0.414728
      0.414704
      0.414728
      0.414704
      0.414728
      0.414704
      0.414728
      0.414704
      0.414728
      0.414704
      0.414728
      0.414704
      0.414728
      0.414704
      0.414728
      0.414704
      0.414728
      0.414704
      0.414728
      0.414704
      0.414728
      0.414704
      0.414728
      0.341568
      0.341561
      0.341568
      0.341561
      0.341568
      0.341561
      0.341568
      0.341561
      0.341568
      0.341561
      0.341568
      0.341561
      0.341568
      0.341561
      0.341568
      0.341561
      0.341568
      0.341561
      0.341568
      0.341561
      0.341568
      0.341561
      0.341568
      0.341561
      0.341568
      0.341561
      0.341568
      0.341561
      0.341568
      0.341561
      0.341568
      0.341561
      0.341568
      0.341561
      0.341568
      0.341561
      0.341568
      0.341561
      0.341568
      0.341561
      0.341568
      0.341561
      0.341568
      0.341561
      0.341568
      0.341561
      0.341568
      0.341561
      0.341568
      0.341561
      0.341568
      0.341561
      0.341568
      0.341561
      0.341568
      0.341561
      0.341568
      0.341561
      0.341568
       0.27737
      0.277352
       0.27737
      0.277352
       0.27737
      0.277352
       0.27737
      0.277352
       0.27737
      0.277352
       0.27737
      0.277352
       0.27737
      0.277352
       0.27737
      0.277352
       0.27737
      0.277352
       0.27737
      0.277352
       0.27737
      0.277352
       0.27737
      0.277352
       0.27737
      0.277352
       0.27737
      0.277352
       0.27737
      0.277352
       0.27737
      0.277352
       0.27737
      0.277352
       0.27737
      0.277352
       0.27737
      0.277352
       0.27737
      0.277352
       0.27737
      0.277352
       0.27737
      0.277352
       0.27737
      0.277352
       0.27737
      0.277352
       0.27737
      0.277352
       0.27737
      0.277352
       0.27737
      0.277352
       0.27737
      0.277352
       0.27737
      0.277352
       0.27737
      0.221984
      0.221979
      0.221984
      0.221979
      0.221984
      0.221979
      0.221984
      0.221979
      0.221984
      0.221979
      0.221984
      0.221979
      0.221984
      0.221979
      0.221984
      0.221979
      0.221984
      0.221979
      0.221984
      0.221979
      0.221984
      0.221979
      0.221984
      0.221979
      0.221984
      0.221979
      0.221984
      0.221979
      0.221984
      0.221979
      0.221984
      0.221979
      0.221984
      0.221979
      0.221984
      0.221979
      0.221984
      0.221979
      0.221984
      0.221979
      0.221984
      0.221979
      0.221984
      0.221979
      0.221984
      0.221979
      0.221984
      0.221979
      0.221984
      0.221979
      0.221984
      0.221979
      0.221984
      0.221979
      0.221984
      0.221979
      0.221984
      0.221979
      0.221984
      0.175112
      0.175102
      0.175112
      0.175102
      0.175112
      0.175102
      0.175112
      0.175102
      0.175112
      0.175102
      0.175112
      0.175102
      0.175112
      0.175102
      0.175112
      0.175102
      0.175112
      0.175102
      0.175112
      0.175102
      0.175112
      0.175102
      0.175112
      0.175102
      0.175112
      0.175102
      0.175112
      0.175102
      0.175112
      0.175102
      0.175112
      0.175102
      0.175112
      0.175102
      0.175112
      0.175102
      0.175112
      0.175102
      0.175112
      0.175102
      0.175112
      0.175102
      0.175112
      0.175102
      0.175112
      0.175102
      0.175112
      0.175102
      0.175112
      0.175102
      0.175112
      0.175102
      0.175112
      0.175102
      0.175112
      0.175102
      0.175112
      0.175102
      0.175112
      0.136112
       0.13611
      0.136112
       0.13611
      0.136112
       0.13611
      0.136112
       0.13611
      0.136112
       0.13611
      0.136112
       0.13611
      0.136112
       0.13611
      0.136112
       0.13611
      0.136112
       0.13611
      0.136112
       0.13611
      0.136112
       0.13611
      0.136112
       0.13611
      0.136112
       0.13611
      0.136112
       0.13611
      0.136112
       0.13611
      0.136112
       0.13611
      0.136112
       0.13611
      0.136112
       0.13611
      0.136112
       0.13611
      0.136112
       0.13611
      0.136112
       0.13611
      0.136112
       0.13611
      0.136112
       0.13611
      0.136112
       0.13611
      0.136112
       0.13611
      0.136112
       0.13611
      0.136112
       0.13611
      0.136112
       0.13611
      0.136112
       0.13611
      0.136112
      0.104259
      0.104257
      0.104259
      0.104257
      0.104259
      0.104257
      0.104259
      0.104257
      0.104259
      0.104257
      0.104259
      0.104257
      0.104259
      0.104257
      0.104259
      0.104257
      0.104259
      0.104257
      0.104259
      0.104257
      0.104259
      0.104257
      0.104259
      0.104257
      0.104259
      0.104257
      0.104259
      0.104257
      0.104259
      0.104257
      0.104259
      0.104257
      0.104259
      0.104257
      0.104259
      0.104257
      0.104259
      0.104257
      0.104259
      0.104257
      0.104259
      0.104257
      0.104259
      0.104257
      0.104259
      0.104257
      0.104259
      0.104257
      0.104259
      0.104257
      0.104259
      0.104257
      0.104259
      0.104257
      0.104259
      0.104257
      0.104259
      0.104257
      0.104259
     0.0786869
     0.0786872
     0.0786869
     0.0786872
     0.0786869
     0.0786872
     0.0786869
     0.0786872
     0.0786869
     0.0786872
     0.0786869
     0.0786872
     0.0786869
     0.0786872
     0.0786869
     0.0786872
     0.0786869
     0.0786872
     0.0786869
     0.0786872
     0.0786869
     0.0786872
     0.0786869
     0.0786872
     0.0786869
     0.0786872
     0.0786869
     0.0786872
     0.0786869
     0.0786872
     0.0786869
     0.0786872
     0.0786869
     0.0786872
     0.0786869
     0.0786872
     0.0786869
     0.0786872
     0.0786869
     0.0786872
     0.0786869
     0.0786872
     0.0786869
     0.0786872
     0.0786869
     0.0786872
     0.0786869
     0.0786872
     0.0786869
     0.0786872
     0.0786869
     0.0786872
     0.0786869
     0.0786872
     0.0786869
     0.0786872
     0.0786869
     0.0786872
     0.0786869
     0.0585133
     0.0585168
     0.0585133
     0.0585168
     0.0585133
     0.0585168
     0.0585133
     0.0585168
     0.0585133
     0.0585168
     0.0585133
     0.0585168
     0.0585133
     0.0585168
     0.0585133
     0.0585168
     0.0585133
     0.0585168
     0.0585133
     0.0585168
     0.0585133
     0.0585168
     0.0585133
     0.0585168
     0.0585133
     0.0585168
     0.0585133
     0.0585168
     0.0585133
     0.0585168
     0.0585133
     0.0585168
     0.0585133
     0.0585168
     0.0585133
     0.0585168
     0.0585133
     0.0585168
     0.0585133
     0.0585168
     0.0585133
     0.0585168
     0.0585133
     0.0585168
     0.0585133
     0.0585168
     0.0585133
     0.0585168
     0.0585133
     0.0585168
     0.0585133
     0.0585168
     0.0585133
     0.0585168
     0.0585133
     0.0585168
     0.0585133
     0.0585168
     0.0585133
     0.0428796
     0.0428812
     0.0428796
     0.0428812
     0.0428796
     0.0428812
     0.0428796
     0.0428812
     0.0428796
     0.0428812
     0.0428796
     0.0428812
     0.0428796
     0.0428812
     0.0428796
     0.0428812
     0.0428796
     0.0428812
     0.0428796
     0.0428812
     0.0428796
     0.0428812
     0.0428796
     0.0428812
     0.0428796
     0.0428812
     0.0428796
     0.0428812
     0.0428796
     0.0428812
     0.0428796
     0.0428812
     0.0428796
     0.0428812
     0.0428796
     0.0428812
     0.0428796
     0.0428812
     0.0428796
     0.0428812
     0.0428796
     0.0428812
     0.0428796
     0.0428812
     0.0428796
     0.0428812
     0.0428796
     0.0428812
     0.0428796
     0.0428812
     0.0428796
     0.0428812
     0.0428796
     0.0428812
     0.0428796
     0.0428812
     0.0428796
     0.0428812
     0.0428796
     0.0309554
     0.0309614
     0.0309554
     0.0309614
     0.0309554
     0.0309614
     0.0309554
     0.0309614
     0.0309554
     0.0309614
     0.0309554
     0.0309614
     0.0309554
     0.0309614
     0.0309554
     0.0309614
     0.0309554
     0.0309614
     0.0309554
     0.0309614
     0.0309554
     0.0309614
     0.0309554
     0.0309614
     0.0309554
     0.0309614
     0.0309554
     0.0309614
     0.0309554
     0.0309614
     0.0309554
     0.0309614
     0.0309554
     0.0309614
     0.0309554
     0.0309614
     0.0309554
     0.0309614
     0.0309554
     0.0309614
     0.0309554
     0.0309614
     0.0309554
     0.0309614
     0.0309554
     0.0309614
     0.0309554
     0.0309614
     0.0309554
     0.0309614
     0.0309554
     0.0309614
     0.0309554
     0.0309614
     0.0309554
     0.0309614
     0.0309554
     0.0309614
     0.0309554
     0.0220306
     0.0220326
     0.0220306
     0.0220326
     0.0220306
     0.0220326
     0.0220306
     0.0220326
     0.0220306
     0.0220326
     0.0220306
     0.0220326
     0.0220306
     0.0220326
     0.0220306
     0.0220326
     0.0220306
     0.0220326
     0.0220306
     0.0220326
     0.0220306
     0.0220326
     0.0220306
     0.0220326
     0.0220306
     0.0220326
     0.0220306
     0.0220326
     0.0220306
     0.0220326
     0.0220306
     0.0220326
     0.0220306
     0.0220326
     0.0220306
     0.0220326
     0.0220306
     0.0220326
     0.0220306
     0.0220326
     0.0220306
     0.0220326
     0.0220306
     0.0220326
     0.0220306
     0.0220326
     0.0220306
     0.0220326
     0.0220306
     0.0220326
     0.0220306
     0.0220326
     0.0220306
     0.0220326
     0.0220306
     0.0220326
     0.0220306
     0.0220326
     0.0220306
     0.0154425
     0.0154486
     0.0154425
     0.0154486
     0.0154425
     0.0154486
     0.0154425
     0.0154486
     0.0154425
     0.0154486
     0.0154425
     0.0154486
     0.0154425
     0.0154486
     0.0154425
     0.0154486
     0.0154425
     0.0154486
     0.0154425
     0.0154486
     0.0154425
     0.0154486
     0.0154425
     0.0154486
     0.0154425
     0.0154486
     0.0154425
     0.0154486
     0.0154425
     0.0154486
     0.0154425
     0.0154486
     0.0154425
     0.0154486
     0.0154425
     0.0154486
     0.0154425
     0.0154486
     0.0154425
     0.0154486
     0.0154425
     0.0154486
     0.0154425
     0.0154486
     0.0154425
     0.0154486
     0.0154425
     0.0154486
     0.0154425
     0.0154486
     0.0154425
     0.0154486
     0.0154425
     0.0154486
     0.0154425
     0.0154486
     0.0154425
     0.0154486
     0.0154425
     0.0106774
     0.0106792
     0.0106774
     0.0106792
     0.0106774
     0.0106792
     0.0106774
     0.0106792
     0.0106774
     0.0106792
     0.0106774
     0.0106792
     0.0106774
     0.0106792
     0.0106774
     0.0106792
     0.0106774
     0.0106792
     0.0106774
     0.0106792
     0.0106774
     0.0106792
     0.0106774
     0.0106792
     0.0106774
     0.0106792
     0.0106774
     0.0106792
     0.0106774
     0.0106792
     0.0106774
     0.0106792
     0.0106774
     0.0106792
     0.0106774
     0.0106792
     0.0106774
     0.0106792
     0.0106774
     0.0106792
     0.0106774
     0.0106792
     0.0106774
     0.0106792
     0.0106774
     0.0106792
     0.0106774
     0.0106792
     0.0106774
     0.0106792
     0.0106774
     0.0106792
     0.0106774
     0.0106792
     0.0106774
     0.0106792
     0.0106774
     0.0106792
     0.0106774
    0.00726963
    0.00727449
    0.00726963
    0.00727449
    0.00726963
    0.00727449
    0.00726963
    0.00727449
    0.00726963
    0.00727449
    0.00726963
    0.00727449
    0.00726963
    0.00727449
    0.00726963
    0.00727449
    0.00726963
    0.00727449
    0.00726963
    0.00727449
    0.00726963
    0.00727449
    0.00726963
    0.00727449
    0.00726963
    0.00727449
    0.00726963
    0.00727449
    0.00726963
    0.00727449
    0.00726963
    0.00727449
    0.00726963
    0.00727449
    0.00726963
    0.00727449
    0.00726963
    0.00727449
    0.00726963
    0.00727449
    0.00726963
    0.00727449
    0.00726963
    0.00727449
    0.00726963
    0.00727449
    0.00726963
    0.00727449
    0.00726963
    0.00727449
    0.00726963
    0.00727449
    0.00726963
    0.00727449
    0.00726963
    0.00727449
    0.00726963
    0.00727449
    0.00726963
    0.00488642
    0.00488779
    0.00488642
    0.00488779
    0.00488642
    0.00488779
    0.00488642
    0.00488779
    0.00488642
    0.00488779
    0.00488642
    0.00488779
    0.00488642
    0.00488779
    0.00488642
    0.00488779
    0.00488642
    0.00488779
    0.00488642
    0.00488779
    0.00488642
    0.00488779
    0.00488642
    0.00488779
    0.00488642
    0.00488779
    0.00488642
    0.00488779
    0.00488642
    0.00488779
    0.00488642
    0.00488779
    0.00488642
    0.00488779
    0.00488642
    0.00488779
    0.00488642
    0.00488779
    0.00488642
    0.00488779
    0.00488642
    0.00488779
    0.00488642
    0.00488779
    0.00488642
    0.00488779
    0.00488642
    0.00488779
    0.00488642
    0.00488779
    0.00488642
    0.00488779
    0.00488642
    0.00488779
    0.00488642
    0.00488779
    0.00488642
    0.00488779
    0.00488642
    0.00323388
    0.00323723
    0.00323388
    0.00323723
    0.00323388
    0.00323723
    0.00323388
    0.00323723
    0.00323388
    0.00323723
    0.00323388
    0.00323723
    0.00323388
    0.00323723
    0.00323388
    0.00323723
    0.00323388
    0.00323723
    0.00323388
    0.00323723
    0.00323388
    0.00323723
    0.00323388
    0.00323723
    0.00323388
    0.00323723
    0.00323388
    0.00323723
    0.00323388
    0.00323723
    0.00323388
    0.00323723
    0.00323388
    0.00323723
    0.00323388
    0.00323723
    0.00323388
    0.00323723
    0.00323388
    0.00323723
    0.00323388
    0.00323723
    0.00323388
    0.00323723
    0.00323388
    0.00323723
    0.00323388
    0.00323723
    0.00323388
    0.00323723
    0.00323388
    0.00323723
    0.00323388
    0.00323723
    0.00323388
    0.00323723
    0.00323388
    0.00323723
    0.00323388
    0.00211664
    0.00211754
    0.00211664
    0.00211754
    0.00211664
    0.00211754
    0.00211664
    0.00211754
    0.00211664
    0.00211754
    0.00211664
    0.00211754
    0.00211664
    0.00211754
    0.00211664
    0.00211754
    0.00211664
    0.00211754
    0.00211664
    0.00211754
    0.00211664
    0.00211754
    0.00211664
    0.00211754
    0.00211664
    0.00211754
    0.00211664
    0.00211754
    0.00211663
    0.00211753
    0.00211663
    0.00211754
    0.00211664
    0.00211754
    0.00211664
    0.00211754
    0.00211664
    0.00211754
    0.00211664
    0.00211754
    0.00211664
    0.00211754
    0.00211664
    0.00211754
    0.00211664
    0.00211754
    0.00211664
    0.00211754
    0.00211664
    0.00211754
    0.00211664
    0.00211754
    0.00211664
    0.00211754
    0.00211664
    0.00211754
    0.00211664
    0.00211754
    0.00211664
    0.00136619
    0.00136827
    0.00136619
    0.00136827
    0.00136619
    0.00136827
    0.00136619
    0.00136827
    0.00136619
    0.00136827
    0.00136619
    0.00136827
    0.00136619
    0.00136827
    0.00136619
    0.00136827
    0.00136619
    0.00136827
    0.00136619
    0.00136827
    0.00136619
    0.00136826
    0.00136619
    0.00136826
    0.00136619
    0.00136826
    0.00136618
    0.00136825
    0.00136618
    0.00136825
    0.00136618
    0.00136825
    0.00136618
    0.00136826
    0.00136619
    0.00136826
    0.00136619
    0.00136826
    0.00136619
    0.00136827
    0.00136619
    0.00136827
    0.00136619
    0.00136827
    0.00136619
    0.00136827
    0.00136619
    0.00136827
    0.00136619
    0.00136827
    0.00136619
    0.00136827
    0.00136619
    0.00136827
    0.00136619
    0.00136827
    0.00136619
    0.00136827
    0.00136619
   0.000878258
   0.000878801
   0.000878258
   0.000878801
   0.000878258
   0.000878801
   0.000878258
   0.000878801
   0.000878258
   0.000878801
   0.000878258
   0.000878801
   0.000878258
   0.000878801
   0.000878258
   0.000878801
   0.000878258
   0.000878801
   0.000878258
   0.000878801
   0.000878257
     0.0008788
   0.000878256
   0.000878798
   0.000878252
   0.000878791
   0.000878242
   0.000878779
   0.000878229
   0.000878769
   0.000878229
   0.000878779
   0.000878242
   0.000878791
   0.000878252
   0.000878798
   0.000878256
     0.0008788
   0.000878257
   0.000878801
   0.000878258
   0.000878801
   0.000878258
   0.000878801
   0.000878258
   0.000878801
   0.000878258
   0.000878801
   0.000878258
   0.000878801
   0.000878258
   0.000878801
   0.000878258
   0.000878801
   0.000878258
   0.000878801
   0.000878258
   0.000878801
   0.000878258
    0.00056517
   0.000566394
    0.00056517
   0.000566394
    0.00056517
   0.000566394
    0.00056517
   0.000566394
    0.00056517
   0.000566394
    0.00056517
   0.000566394
    0.00056517
   0.000566394
    0.00056517
   0.000566394
    0.00056517
   0.000566394
    0.00056517
   0.000566394
   0.000565169
   0.000566393
   0.000565167
   0.000566389
   0.000565161
   0.000566378
   0.000565143
   0.000566353
   0.000565114
   0.000566329
   0.000565114
   0.000566353
   0.000565143
   0.000566378
   0.000565161
   0.000566389
   0.000565167
   0.000566393
   0.000565169
   0.000566394
    0.00056517
   0.000566394
    0.00056517
   0.000566394
    0.00056517
   0.000566394
    0.00056517
   0.000566394
    0.00056517
   0.000566394
    0.00056517
   0.000566394
    0.00056517
   0.000566394
    0.00056517
   0.000566394
    0.00056517
   0.000566394
    0.00056517
   0.000377775
    0.00037811
   0.000377775
    0.00037811
   0.000377775
    0.00037811
   0.000377775
    0.00037811
   0.000377775
    0.00037811
   0.000377775
    0.00037811
   0.000377775
    0.00037811
   0.000377775
    0.00037811
   0.000377775
    0.00037811
   0.000377775
   0.000378109
   0.000377775
   0.000378108
   0.000377772
   0.000378103
   0.000377763
   0.000378087
   0.000377734
   0.000378038
   0.000377662
   0.000377973
   0.000377662
   0.000378038
   0.000377734
   0.000378087
   0.000377763
   0.000378103
   0.000377772
   0.000378108
   0.000377775
   0.000378109
   0.000377775
    0.00037811
   0.000377775
    0.00037811
   0.000377775
    0.00037811
   0.000377775
    0.00037811
   0.000377775
    0.00037811
   0.000377775
    0.00037811
   0.000377775
    0.00037811
   0.000377775
    0.00037811
   0.000377775
    0.00037811
   0.000377775
   0.000276718
   0.000277534
   0.000276718
   0.000277534
   0.000276718
   0.000277534
   0.000276718
   0.000277534
   0.000276718
   0.000277534
   0.000276718
   0.000277534
   0.000276718
   0.000277534
   0.000276718
   0.000277534
   0.000276718
   0.000277534
   0.000276718
   0.000277534
   0.000276717
   0.000277532
   0.000276714
   0.000277527
   0.000276703
   0.000277505
   0.000276662
    0.00027742
   0.000276494
   0.000277241
   0.000276494
    0.00027742
   0.000276662
   0.000277505
   0.000276703
   0.000277527
   0.000276714
   0.000277532
   0.000276717
   0.000277534
   0.000276718
   0.000277534
   0.000276718
   0.000277534
   0.000276718
   0.000277534
   0.000276718
   0.000277534
   0.000276718
   0.000277534
   0.000276718
   0.000277534
   0.000276718
   0.000277534
   0.000276718
   0.000277534
   0.000276718
   0.000277534
   0.000276718
   0.000246142
   0.000246408
   0.000246142
   0.000246408
   0.000246142
   0.000246408
   0.000246142
   0.000246408
   0.000246142
   0.000246408
   0.000246142
   0.000246408
   0.000246142
   0.000246408
   0.000246142
   0.000246408
   0.000246142
   0.000246408
   0.000246141
   0.000246408
   0.000246141
   0.000246406
   0.000246138
     0.0002464
   0.000246125
   0.000246376
   0.000246076
   0.000246272
   0.000245849
   0.000245739
   0.000245849
   0.000246272
   0.000246076
   0.000246376
   0.000246125
     0.0002464
   0.000246138
   0.000246406
   0.000246141
   0.000246408
   0.000246141
   0.000246408
   0.000246142
   0.000246408
   0.000246142
   0.000246408
   0.000246142
   0.000246408
   0.000246142
   0.000246408
   0.000246142
   0.000246408
   0.000246142
   0.000246408
   0.000246142
   0.000246408
   0.000246142
   0.000246408
   0.000246142
   0.000276718
   0.000277534
   0.000276718
   0.000277534
   0.000276718
   0.000277534
   0.000276718
   0.000277534
   0.000276718
   0.000277534
   0.000276718
   0.000277534
   0.000276718
   0.000277534
   0.000276718
   0.000277534
   0.000276718
   0.000277534
   0.000276718
   0.000277534
   0.000276717
   0.000277532
   0.000276714
   0.000277527
   0.000276703
   0.000277505
   0.000276662
    0.00027742
   0.000276494
   0.000277241
   0.000276494
    0.00027742
   0.000276662
   0.000277505
   0.000276703
   0.000277527
   0.000276714
   0.000277532
   0.000276717
   0.000277534
   0.000276718
   0.000277534
   0.000276718
   0.000277534
   0.000276718
   0.000277534
   0.000276718
   0.000277534
   0.000276718
   0.000277534
   0.000276718
   0.000277534
   0.000276718
   0.000277534
   0.000276718
   0.000277534
   0.000276718
   0.000277534
   0.000276718
   0.000377775
    0.00037811
   0.000377775
    0.00037811
   0.000377775
    0.00037811
   0.000377775
    0.00037811
   0.000377775
    0.00037811
   0.000377775
    0.00037811
   0.000377775
    0.00037811
   0.000377775
    0.00037811
   0.000377775
    0.00037811
   0.000377775
   0.000378109
   0.000377775
   0.000378108
   0.000377772
   0.000378103
   0.000377763
   0.000378087
   0.000377734
   0.000378038
   0.000377662
   0.000377973
   0.000377662
   0.000378038
   0.000377734
   0.000378087
   0.000377763
   0.000378103
   0.000377772
   0.000378108
   0.000377775
   0.000378109
   0.000377775
    0.00037811
   0.000377775
    0.00037811
   0.000377775
    0.00037811
   0.000377775
    0.00037811
   0.000377775
    0.00037811
   0.000377775
    0.00037811
   0.000377775
    0.00037811
   0.000377775
    0.00037811
   0.000377775
    0.00037811
   0.000377775
    0.00056517
   0.000566394
    0.00056517
   0.000566394
    0.00056517
   0.000566394
    0.00056517
   0.000566394
    0.00056517
   0.000566394
    0.00056517
   0.000566394
    0.00056517
   0.000566394
    0.00056517
   0.000566394
    0.00056517
   0.000566394
    0.00056517
   0.000566394
   0.000565169
   0.000566393
   0.000565167
   0.000566389
   0.000565161
   0.000566378
   0.000565143
   0.000566353
   0.000565114
   0.000566329
   0.000565114
   0.000566353
   0.000565143
   0.000566378
   0.000565161
   0.000566389
   0.000565167
   0.000566393
   0.000565169
   0.000566394
    0.00056517
   0.000566394
    0.00056517
   0.000566394
    0.00056517
   0.000566394
    0.00056517
   0.000566394
    0.00056517
   0.000566394
    0.00056517
   0.000566394
    0.00056517
   0.000566394
    0.00056517
   0.000566394
    0.00056517
   0.000566394
    0.00056517
   0.000878258
   0.000878801
   0.000878258
   0.000878801
   0.000878258
   0.000878801
   0.000878258
   0.000878801
   0.000878258
   0.000878801
   0.000878258
   0.000878801
   0.000878258
   0.000878801
   0.000878258
   0.000878801
   0.000878258
   0.000878801
   0.000878258
   0.000878801
   0.000878257
     0.0008788
   0.000878256
   0.000878798
   0.000878252
   0.000878791
   0.000878242
   0.000878779
   0.000878229
   0.000878769
   0.000878229
   0.000878779
   0.000878242
   0.000878791
   0.000878252
   0.000878798
   0.000878256
     0.0008788
   0.000878257
   0.000878801
   0.000878258
   0.000878801
   0.000878258
   0.000878801
   0.000878258
   0.000878801
   0.000878258
   0.000878801
   0.000878258
   0.000878801
   0.000878258
   0.000878801
   0.000878258
   0.000878801
   0.000878258
   0.000878801
   0.000878258
   0.000878801
   0.000878258
    0.00136619
    0.00136827
    0.00136619
    0.00136827
    0.00136619
    0.00136827
    0.00136619
    0.00136827
    0.00136619
    0.00136827
    0.00136619
    0.00136827
    0.00136619
    0.00136827
    0.00136619
    0.00136827
    0.00136619
    0.00136827
    0.00136619
    0.00136827
    0.00136619
    0.00136826
    0.00136619
    0.00136826
    0.00136619
    0.00136826
    0.00136618
    0.00136825
    0.00136618
    0.00136825
    0.00136618
    0.00136825
    0.00136618
    0.00136826
    0.00136619
    0.00136826
    0.00136619
    0.00136826
    0.00136619
    0.00136827
    0.00136619
    0.00136827
    0.00136619
    0.00136827
    0.00136619
    0.00136827
    0.00136619
    0.00136827
    0.00136619
    0.00136827
    0.00136619
    0.00136827
    0.00136619
    0.00136827
    0.00136619
    0.00136827
    0.00136619
    0.00136827
    0.00136619
    0.00211664
    0.00211754
    0.00211664
    0.00211754
    0.00211664
    0.00211754
    0.00211664
    0.00211754
    0.00211664
    0.00211754
    0.00211664
    0.00211754
    0.00211664
    0.00211754
    0.00211664
    0.00211754
    0.00211664
    0.00211754
    0.00211664
    0.00211754
    0.00211664
    0.00211754
    0.00211664
    0.00211754
    0.00211664
    0.00211754
    0.00211664
    0.00211754
    0.00211663
    0.00211753
    0.00211663
    0.00211754
    0.00211664
    0.00211754
    0.00211664
    0.00211754
    0.00211664
    0.00211754
    0.00211664
    0.00211754
    0.00211664
    0.00211754
    0.00211664
    0.00211754
    0.00211664
    0.00211754
    0.00211664
    0.00211754
    0.00211664
    0.00211754
    0.00211664
    0.00211754
    0.00211664
    0.00211754
    0.00211664
    0.00211754
    0.00211664
    0.00211754
    0.00211664
    0.00323388
    0.00323723
    0.00323388
    0.00323723
    0.00323388
    0.00323723
    0.00323388
    0.00323723
    0.00323388
    0.00323723
    0.00323388
    0.00323723
    0.00323388
    0.00323723
    0.00323388
    0.00323723
    0.00323388
    0.00323723
    0.00323388
    0.00323723
    0.00323388
    0.00323723
    0.00323388
    0.00323723
    0.00323388
    0.00323723
    0.00323388
    0.00323723
    0.00323388
    0.00323723
    0.00323388
    0.00323723
    0.00323388
    0.00323723
    0.00323388
    0.00323723
    0.00323388
    0.00323723
    0.00323388
    0.00323723
    0.00323388
    0.00323723
    0.00323388
    0.00323723
    0.00323388
    0.00323723
    0.00323388
    0.00323723
    0.00323388
    0.00323723
    0.00323388
    0.00323723
    0.00323388
    0.00323723
    0.00323388
    0.00323723
    0.00323388
    0.00323723
    0.00323388
    0.00488642
    0.00488779
    0.00488642
    0.00488779
    0.00488642
    0.00488779
    0.00488642
    0.00488779
    0.00488642
    0.00488779
    0.00488642
    0.00488779
    0.00488642
    0.00488779
    0.00488642
    0.00488779
    0.00488642
    0.00488779
    0.00488642
    0.00488779
    0.00488642
    0.00488779
    0.00488642
    0.00488779
    0.00488642
    0.00488779
    0.00488642
    0.00488779
    0.00488642
    0.00488779
    0.00488642
    0.00488779
    0.00488642
    0.00488779
    0.00488642
    0.00488779
    0.00488642
    0.00488779
    0.00488642
    0.00488779
    0.00488642
    0.00488779
    0.00488642
    0.00488779
    0.00488642
    0.00488779
    0.00488642
    0.00488779
    0.00488642
    0.00488779
    0.00488642
    0.00488779
    0.00488642
    0.00488779
    0.00488642
    0.00488779
    0.00488642
    0.00488779
    0.00488642
    0.00726963
    0.00727449
    0.00726963
    0.00727449
    0.00726963
    0.00727449
    0.00726963
    0.00727449
    0.00726963
    0.00727449
    0.00726963
    0.00727449
    0.00726963
    0.00727449
    0.00726963
    0.00727449
    0.00726963
    0.00727449
    0.00726963
    0.00727449
    0.00726963
    0.00727449
    0.00726963
    0.00727449
    0.00726963
    0.00727449
    0.00726963
    0.00727449
    0.00726963
    0.00727449
    0.00726963
    0.00727449
    0.00726963
    0.00727449
    0.00726963
    0.00727449
    0.00726963
    0.00727449
    0.00726963
    0.00727449
    0.00726963
    0.00727449
    0.00726963
    0.00727449
    0.00726963
    0.00727449
    0.00726963
    0.00727449
    0.00726963
    0.00727449
    0.00726963
    0.00727449
    0.00726963
    0.00727449
    0.00726963
    0.00727449
    0.00726963
    0.00727449
    0.00726963
     0.0106774
     0.0106792
     0.0106774
     0.0106792
     0.0106774
     0.0106792
     0.0106774
     0.0106792
     0.0106774
     0.0106792
     0.0106774
     0.0106792
     0.0106774
     0.0106792
     0.0106774
     0.0106792
     0.0106774
     0.0106792
     0.0106774
     0.0106792
     0.0106774
     0.0106792
     0.0106774
     0.0106792
     0.0106774
     0.0106792
     0.0106774
     0.0106792
     0.0106774
     0.0106792
     0.0106774
     0.0106792
     0.0106774
     0.0106792
     0.0106774
     0.0106792
     0.0106774
     0.0106792
     0.0106774
     0.0106792
     0.0106774
     0.0106792
     0.0106774
     0.0106792
     0.0106774
     0.0106792
     0.0106774
     0.0106792
     0.0106774
     0.0106792
     0.0106774
     0.0106792
     0.0106774
     0.0106792
     0.0106774
     0.0106792
     0.0106774
     0.0106792
     0.0106774
     0.0154425
     0.0154486
     0.0154425
     0.0154486
     0.0154425
     0.0154486
     0.0154425
     0.0154486
     0.0154425
     0.0154486
     0.0154425
     0.0154486
     0.0154425
     0.0154486
     0.0154425
     0.0154486
     0.0154425
     0.0154486
     0.0154425
     0.0154486
     0.0154425
     0.0154486
     0.0154425
     0.0154486
     0.0154425
     0.0154486
     0.0154425
     0.0154486
     0.0154425
     0.0154486
     0.0154425
     0.0154486
     0.0154425
     0.0154486
     0.0154425
     0.0154486
     0.0154425
     0.0154486
     0.0154425
     0.0154486
     0.0154425
     0.0154486
     0.0154425
     0.0154486
     0.0154425
     0.0154486
     0.0154425
     0.0154486
     0.0154425
     0.0154486
     0.0154425
     0.0154486
     0.0154425
     0.0154486
     0.0154425
     0.0154486
     0.0154425
     0.0154486
     0.0154425
     0.0220306
     0.0220326
     0.0220306
     0.0220326
     0.0220306
     0.0220326
     0.0220306
     0.0220326
     0.0220306
     0.0220326
     0.0220306
     0.0220326
     0.0220306
     0.0220326
     0.0220306
     0.0220326
     0.0220306
     0.0220326
     0.0220306
     0.0220326
     0.0220306
     0.0220326
     0.0220306
     0.0220326
     0.0220306
     0.0220326
     0.0220306
     0.0220326
     0.0220306
     0.0220326
     0.0220306
     0.0220326
     0.0220306
     0.0220326
     0.0220306
     0.0220326
     0.0220306
     0.0220326
     0.0220306
     0.0220326
     0.0220306
     0.0220326
     0.0220306
     0.0220326
     0.0220306
     0.0220326
     0.0220306
     0.0220326
     0.0220306
     0.0220326
     0.0220306
     0.0220326
     0.0220306
     0.0220326
     0.0220306
     0.0220326
     0.0220306
     0.0220326
     0.0220306
     0.0309554
     0.0309614
     0.0309554
     0.0309614
     0.0309554
     0.0309614
     0.0309554
     0.0309614
     0.0309554
     0.0309614
     0.0309554
     0.0309614
     0.0309554
     0.0309614
     0.0309554
     0.0309614
     0.0309554
     0.0309614
     0.0309554
     0.0309614
     0.0309554
     0.0309614
     0.0309554
     0.0309614
     0.0309554
     0.0309614
     0.0309554
     0.0309614
     0.0309554
     0.0309614
     0.0309554
     0.0309614
     0.0309554
     0.0309614
     0.0309554
     0.0309614
     0.0309554
     0.0309614
     0.0309554
     0.0309614
     0.0309554
     0.0309614
     0.0309554
     0.0309614
     0.0309554
     0.0309614
     0.0309554
     0.0309614
     0.0309554
     0.0309614
     0.0309554
     0.0309614
     0.0309554
     0.0309614
     0.0309554
     0.0309614
     0.0309554
     0.0309614
     0.0309554
     0.0428796
     0.0428812
     0.0428796
     0.0428812
     0.0428796
     0.0428812
     0.0428796
     0.0428812
     0.0428796
     0.0428812
     0.0428796
     0.0428812
     0.0428796
     0.0428812
     0.0428796
     0.0428812
     0.0428796
     0.0428812
     0.0428796
     0.0428812
     0.0428796
     0.0428812
     0.0428796
     0.0428812
     0.0428796
     0.0428812
     0.0428796
     0.0428812
     0.0428796
     0.0428812
     0.0428796
     0.0428812
     0.0428796
     0.0428812
     0.0428796
     0.0428812
     0.0428796
     0.0428812
     0.0428796
     0.0428812
     0.0428796
     0.0428812
     0.0428796
     0.0428812
     0.0428796
     0.0428812
     0.0428796
     0.0428812
     0.0428796
     0.0428812
     0.0428796
     0.0428812
     0.0428796
     0.0428812
     0.0428796
     0.0428812
     0.0428796
     0.0428812
     0.0428796
     0.0585133
     0.0585168
     0.0585133
     0.0585168
     0.0585133
     0.0585168
     0.0585133
     0.0585168
     0.0585133
     0.0585168
     0.0585133
     0.0585168
     0.0585133
     0.0585168
     0.0585133
     0.0585168
     0.0585133
     0.0585168
     0.0585133
     0.0585168
     0.0585133
     0.0585168
     0.0585133
     0.0585168
     0.0585133
     0.0585168
     0.0585133
     0.0585168
     0.0585133
     0.0585168
     0.0585133
     0.0585168
     0.0585133
     0.0585168
     0.0585133
     0.0585168
     0.0585133
     0.0585168
     0.0585133
     0.0585168
     0.0585133
     0.0585168
     0.0585133
     0.0585168
     0.0585133
     0.0585168
     0.0585133
     0.0585168
     0.0585133
     0.0585168
     0.0585133
     0.0585168
     0.0585133
     0.0585168
     0.0585133
     0.0585168
     0.0585133
     0.0585168
     0.0585133
     0.0786869
     0.0786872
     0.0786869
     0.0786872
     0.0786869
     0.0786872
     0.0786869
     0.0786872
     0.0786869
     0.0786872
     0.0786869
     0.0786872
     0.0786869
     0.0786872
     0.0786869
     0.0786872
     0.0786869
     0.0786872
     0.0786869
     0.0786872
     0.0786869
     0.0786872
     0.0786869
     0.0786872
     0.0786869
     0.0786872
     0.0786869
     0.0786872
     0.0786869
     0.0786872
     0.0786869
     0.0786872
     0.0786869
     0.0786872
     0.0786869
     0.0786872
     0.0786869
     0.0786872
     0.0786869
     0.0786872
     0.0786869
     0.0786872
     0.0786869
     0.0786872
     0.0786869
     0.0786872
     0.0786869
     0.0786872
     0.0786869
     0.0786872
     0.0786869
     0.0786872
     0.0786869
     0.0786872
     0.0786869
     0.0786872
     0.0786869
     0.0786872
     0.0786869
      0.104259
      0.104257
      0.104259
      0.104257
      0.104259
      0.104257
      0.104259
      0.104257
      0.104259
      0.104257
      0.104259
      0.104257
      0.104259
      0.104257
      0.104259
      0.104257
      0.104259
      0.104257
      0.104259
      0.104257
      0.104259
      0.104257
      0.104259
      0.104257
      0.104259
      0.104257
      0.104259
      0.104257
      0.104259
      0.104257
      0.104259
      0.104257
      0.104259
      0.104257
      0.104259
      0.104257
      0.104259
      0.104257
      0.104259
      0.104257
      0.104259
      0.104257
      0.104259
      0.104257
      0.104259
      0.104257
      0.104259
      0.104257
      0.104259
      0.104257
      0.104259
      0.104257
      0.104259
      0.104257
      0.104259
      0.104257
      0.104259
      0.104257
      0.104259
      0.136112
       0.13611
      0.136112
       0.13611
      0.136112
       0.13611
      0.136112
       0.13611
      0.136112
       0.13611
      0.136112
       0.13611
      0.136112
       0.13611
      0.136112
       0.13611
      0.136112
       0.13611
      0.136112
       0.13611
      0.136112
       0.13611
      0.136112
       0.13611
      0.136112
       0.13611
      0.136112
       0.13611
      0.136112
       0.13611
      0.136112
       0.13611
      0.136112
       0.13611
      0.136112
       0.13611
      0.136112
       0.13611
      0.136112
       0.13611
      0.136112
       0.13611
      0.136112
       0.13611
      0.136112
       0.13611
      0.136112
       0.13611
      0.136112
       0.13611
      0.136112
       0.13611
      0.136112
       0.13611
      0.136112
       0.13611
      0.136112
       0.13611
      0.136112
      0.175112
      0.175102
      0.175112
      0.175102
      0.175112
      0.175102
      0.175112
      0.175102
      0.175112
      0.175102
      0.175112
      0.175102
      0.175112
      0.175102
      0.175112
      0.175102
      0.175112
      0.175102
      0.175112
      0.175102
      0.175112
      0.175102
      0.175112
      0.175102
      0.175112
      0.175102
      0.175112
      0.175102
      0.175112
      0.175102
      0.175112
      0.175102
      0.175112
      0.175102
      0.175112
      0.175102
      0.175112
      0.175102
      0.175112
      0.175102
      0.175112
      0.175102
      0.175112
      0.175102
      0.175112
      0.175102
      0.175112
      0.175102
      0.175112
      0.175102
      0.175112
      0.175102
      0.175112
      0.175102
      0.175112
      0.175102
      0.175112
      0.175102
      0.175112
      0.221984
      0.221979
      0.221984
      0.221979
      0.221984
      0.221979
      0.221984
      0.221979
      0.221984
      0.221979
      0.221984
      0.221979
      0.221984
      0.221979
      0.221984
      0.221979
      0.221984
      0.221979
      0.221984
      0.221979
      0.221984
      0.221979
      0.221984
      0.221979
      0.221984
      0.221979
      0.221984
      0.221979
      0.221984
      0.221979
      0.221984
      0.221979
      0.221984
      0.221979
      0.221984
      0.221979
      0.221984
      0.221979
      0.221984
      0.221979
      0.221984
      0.221979
      0.221984
      0.221979
      0.221984
      0.221979
      0.221984
      0.221979
      0.221984
      0.221979
      0.221984
      0.221979
      0.221984
      0.221979
      0.221984
      0.221979
      0.221984
      0.221979
      0.221984
       0.27737
      0.277352
       0.27737
      0.277352
       0.27737
      0.277352
       0.27737
      0.277352
       0.27737
      0.277352
       0.27737
      0.277352
       0.27737
      0.277352
       0.27737
      0.277352
       0.27737
      0.277352
       0.27737
      0.277352
       0.27737
      0.277352
       0.27737
      0.277352
       0.27737
      0.277352
       0.27737
      0.277352
       0.27737
      0.277352
       0.27737
      0.277352
       0.27737
      0.277352
       0.27737
      0.277352
       0.27737
      0.277352
       0.27737
      0.277352
       0.27737
      0.277352
       0.27737
      0.277352
       0.27737
      0.277352
       0.27737
      0.277352
       0.27737
      0.277352
       0.27737
      0.277352
       0.27737
      0.277352
       0.27737
      0.277352
       0.27737
      0.277352
       0.27737
      0.341568
      0.341561
      0.341568
      0.341561
      0.341568
      0.341561
      0.341568
      0.341561
      0.341568
      0.341561
      0.341568
      0.341561
      0.341568
      0.341561
      0.341568
      0.341561
      0.341568
      0.341561
      0.341568
      0.341561
      0.341568
      0.341561
      0.341568
      0.341561
      0.341568
      0.341561
      0.341568
      0.341561
      0.341568
      0.341561
      0.341568
      0.341561
      0.341568
      0.341561
      0.341568
      0.341561
      0.341568
      0.341561
      0.341568
      0.341561
      0.341568
      0.341561
      0.341568
      0.341561
      0.341568
      0.341561
      0.341568
      0.341561
      0.341568
      0.341561
      0.341568
      0.341561
      0.341568
      0.341561
      0.341568
      0.341561
      0.341568
      0.341561
      0.341568
      0.414728
      0.414704
      0.414728
      0.414704
      0.414728
      0.414704
      0.414728
      0.414704
      0.414728
      0.414704
      0.414728
      0.414704
      0.414728
      0.414704
      0.414728
      0.414704
      0.414728
      0.414704
      0.414728
      0.414704
      0.414728
      0.414704
      0.414728
      0.414704
      0.414728
      0.414704
      0.414728
      0.414704
      0.414728
      0.414704
      0.414728
      0.414704
      0.414728
      0.414704
      0.414728
      0.414704
      0.414728
      0.414704
      0.414728
      0.414704
      0.414728
      0.414704
      0.414728
      0.414704
      0.414728
      0.414704
      0.414728
      0.414704
      0.414728
      0.414704
      0.414728
      0.414704
      0.414728
      0.414704
      0.414728
      0.414704
      0.414728
      0.414704
      0.414728
      0.496485
      0.496477
      0.496485
      0.496477
      0.496485
      0.496477
      0.496485
      0.496477
      0.496485
      0.496477
      0.496485
      0.496477
      0.496485
      0.496477
      0.496485
      0.496477
      0.496485
      0.496477
      0.496485
      0.496477
      0.496485
      0.496477
      0.496485
      0.496477
      0.496485
      0.496477
      0.496485
      0.496477
      0.496485
      0.496477
      0.496485
      0.496477
      0.496485
      0.496477
      0.496485
      0.496477
      0.496485
      0.496477
      0.496485
      0.496477
      0.496485
      0.496477
      0.496485
      0.496477
      0.496485
      0.496477
      0.496485
      0.496477
      0.496485
      0.496477
      0.496485
      0.496477
      0.496485
      0.496477
      0.496485
      0.496477
      0.496485
      0.496477
      0.496485
      0.586288
      0.586266
      0.586288
      0.586266
      0.586288
      0.586266
      0.586288
      0.586266
      0.586288
      0.586266
      0.586288
      0.586266
      0.586288
      0.586266
      0.586288
      0.586266
      0.586288
      0.586266
      0.586288
      0.586266
      0.586288
      0.586266
      0.586288
      0.586266
      0.586288
      0.586266
      0.586288
      0.586266
      0.586288
      0.586266
      0.586288
      0.586266
      0.586288
      0.586266
      0.586288
      0.586266
      0.586288
      0.586266
      0.586288
      0.586266
      0.586288
      0.586266
      0.586288
      0.586266
      0.586288
      0.586266
      0.586288
      0.586266
      0.586288
      0.586266
      0.586288
      0.586266
      0.586288
      0.586266
      0.586288
      0.586266
      0.586288
      0.586266
      0.586288
      0.683021
      0.683015
      0.683021
      0.683015
      0.683021
      0.683015
      0.683021
      0.683015
      0.683021
      0.683015
      0.683021
      0.683015
      0.683021
      0.683015
      0.683021
      0.683015
      0.683021
      0.683015
      0.683021
      0.683015
      0.683021
      0.683015
      0.683021
      0.683015
      0.683021
      0.683015
      0.683021
      0.683015
      0.683021
      0.683015
      0.683021
      0.683015
      0.683021
      0.683015
      0.683021
      0.683015
      0.683021
      0.683015
      0.683021
      0.683015
      0.683021
      0.683015
      0.683021
      0.683015
      0.683021
      0.683015
      0.683021
      0.683015
      0.683021
      0.683015
      0.683021
      0.683015
      0.683021
      0.683015
      0.683021
      0.683015
      0.683021
      0.683015
      0.683021
      0.785391
      0.785378
      0.785391
      0.785378
      0.785391
      0.785378
      0.785391
      0.785378
      0.785391
      0.785378
      0.785391
      0.785378
      0.785391
      0.785378
      0.785391
      0.785378
      0.785391
      0.785378
      0.785391
      0.785378
      0.785391
      0.785378
      0.785391
      0.785378
      0.785391
      0.785378
      0.785391
      0.785378
      0.785391
      0.785378
      0.785391
      0.785378
      0.785391
      0.785378
      0.785391
      0.785378
      0.785391
      0.785378
      0.785391
      0.785378
      0.785391
      0.785378
      0.785391
      0.785378
      0.785391
      0.785378
      0.785391
      0.785378
      0.785391
      0.785378
      0.785391
      0.785378
      0.785391
      0.785378
      0.785391
      0.785378
      0.785391
      0.785378
      0.785391
      0.891665
      0.891663
      0.891665
      0.891663
      0.891665
      0.891663
      0.891665
      0.891663
      0.891665
      0.891663
      0.891665
      0.891663
      0.891665
      0.891663
      0.891665
      0.891663
      0.891665
      0.891663
      0.891665
      0.891663
      0.891665
      0.891663
      0.891665
      0.891663
      0.891665
      0.891663
      0.891665
      0.891663
      0.891665
      0.891663
      0.891665
      0.891663
      0.891665
      0.891663
      0.891665
      0.891663
      0.891665
      0.891663
      0.891665
      0.891663
      0.891665
      0.891663
      0.891665
      0.891663
      0.891665
      0.891663
      0.891665
      0.891663
      0.891665
      0.891663
      0.891665
      0.891663
      0.891665
      0.891663
      0.891665
      0.891663
      0.891665
      0.891663
      0.891665
             1
             1
             1
             1
             1
             1
             1
             1
             1
             1
             1
             1
             1
             1
             1
             1
             1
             1
             1
             1
             1
             1
             1
             1
             1
             1
             1
             1
             1
             1
             1
             1
             1
             1
             1
             1
             1
             1
             1
             1
             1
             1
             1
             1
             1
             1
             1
             1
             1
             1
             1
             1
             1
             1
             1
             1
             1
             1
             1
