             1
             1
             1
             1
             1
             1
             1
             1
             1
             1
             1
             1
             1
             1
             1
             1
             1
             1
             1
             1
             1
             1
             1
             1
             1
             1
             1
             1
             1
             1
             1
             1
             1
             1
             1
             1
             1
             1
             1
             1
             1
             1
             1
             1
             1
             1
             1
             1
             1
             1
             1
             1
             1
             1
             1
             1
             1
             1
             1
      0.902369
      0.902367
      0.902369
      0.902367
      0.902369
      0.902367
      0.902369
      0.902367
      0.902369
      0.902367
      0.902369
      0.902367
      0.902369
      0.902367
      0.902369
      0.902367
      0.902369
      0.902367
      0.902369
      0.902367
      0.902369
      0.902367
      0.902369
      0.902367
      0.902369
      0.902367
      0.902369
      0.902367
      0.902369
      0.902367
      0.902369
      0.902367
      0.902369
      0.902367
      0.902369
      0.902367
      0.902369
      0.902367
      0.902369
      0.902367
      0.902369
      0.902367
      0.902369
      0.902367
      0.902369
      0.902367
      0.902369
      0.902367
      0.902369
      0.902367
      0.902369
      0.902367
      0.902369
      0.902367
      0.902369
      0.902367
      0.902369
      0.902367
      0.902369
      0.806253
      0.806245
      0.806253
      0.806245
      0.806253
      0.806245
      0.806253
      0.806245
      0.806253
      0.806245
      0.806253
      0.806245
      0.806253
      0.806245
      0.806253
      0.806245
      0.806253
      0.806245
      0.806253
      0.806245
      0.806253
      0.806245
      0.806253
      0.806245
      0.806253
      0.806245
      0.806253
      0.806245
      0.806253
      0.806245
      0.806253
      0.806245
      0.806253
      0.806245
      0.806253
      0.806245
      0.806253
      0.806245
      0.806253
      0.806245
      0.806253
      0.806245
      0.806253
      0.806245
      0.806253
      0.806245
      0.806253
      0.806245
      0.806253
      0.806245
      0.806253
      0.806245
      0.806253
      0.806245
      0.806253
      0.806245
      0.806253
      0.806245
      0.806253
      0.713019
      0.713015
      0.713019
      0.713015
      0.713019
      0.713015
      0.713019
      0.713015
      0.713019
      0.713015
      0.713019
      0.713015
      0.713019
      0.713015
      0.713019
      0.713015
      0.713019
      0.713015
      0.713019
      0.713015
      0.713019
      0.713015
      0.713019
      0.713015
      0.713019
      0.713015
      0.713019
      0.713015
      0.713019
      0.713015
      0.713019
      0.713015
      0.713019
      0.713015
      0.713019
      0.713015
      0.713019
      0.713015
      0.713019
      0.713015
      0.713019
      0.713015
      0.713019
      0.713015
      0.713019
      0.713015
      0.713019
      0.713015
      0.713019
      0.713015
      0.713019
      0.713015
      0.713019
      0.713015
      0.713019
      0.713015
      0.713019
      0.713015
      0.713019
      0.623967
      0.623953
      0.623967
      0.623953
      0.623967
      0.623953
      0.623967
      0.623953
      0.623967
      0.623953
      0.623967
      0.623953
      0.623967
      0.623953
      0.623967
      0.623953
      0.623967
      0.623953
      0.623967
      0.623953
      0.623967
      0.623953
      0.623967
      0.623953
      0.623967
      0.623953
      0.623967
      0.623953
      0.623967
      0.623953
      0.623967
      0.623953
      0.623967
      0.623953
      0.623967
      0.623953
      0.623967
      0.623953
      0.623967
      0.623953
      0.623967
      0.623953
      0.623967
      0.623953
      0.623967
      0.623953
      0.623967
      0.623953
      0.623967
      0.623953
      0.623967
      0.623953
      0.623967
      0.623953
      0.623967
      0.623953
      0.623967
      0.623953
      0.623967
       0.54013
      0.540125
       0.54013
      0.540125
       0.54013
      0.540125
       0.54013
      0.540125
       0.54013
      0.540125
       0.54013
      0.540125
       0.54013
      0.540125
       0.54013
      0.540125
       0.54013
      0.540125
       0.54013
      0.540125
       0.54013
      0.540125
       0.54013
      0.540125
       0.54013
      0.540125
       0.54013
      0.540125
       0.54013
      0.540125
       0.54013
      0.540125
       0.54013
      0.540125
       0.54013
      0.540125
       0.54013
      0.540125
       0.54013
      0.540125
       0.54013
      0.540125
       0.54013
      0.540125
       0.54013
      0.540125
       0.54013
      0.540125
       0.54013
      0.540125
       0.54013
      0.540125
       0.54013
      0.540125
       0.54013
      0.540125
       0.54013
      0.540125
       0.54013
      0.462432
      0.462417
      0.462432
      0.462417
      0.462432
      0.462417
      0.462432
      0.462417
      0.462432
      0.462417
      0.462432
      0.462417
      0.462432
      0.462417
      0.462432
      0.462417
      0.462432
      0.462417
      0.462432
      0.462417
      0.462432
      0.462417
      0.462432
      0.462417
      0.462432
      0.462417
      0.462432
      0.462417
      0.462432
      0.462417
      0.462432
      0.462417
      0.462432
      0.462417
      0.462432
      0.462417
      0.462432
      0.462417
      0.462432
      0.462417
      0.462432
      0.462417
      0.462432
      0.462417
      0.462432
      0.462417
      0.462432
      0.462417
      0.462432
      0.462417
      0.462432
      0.462417
      0.462432
      0.462417
      0.462432
      0.462417
      0.462432
      0.462417
      0.462432
      0.391437
      0.391432
      0.391437
      0.391432
      0.391437
      0.391432
      0.391437
      0.391432
      0.391437
      0.391432
      0.391437
      0.391432
      0.391437
      0.391432
      0.391437
      0.391432
      0.391437
      0.391432
      0.391437
      0.391432
      0.391437
      0.391432
      0.391437
      0.391432
      0.391437
      0.391432
      0.391437
      0.391432
      0.391437
      0.391432
      0.391437
      0.391432
      0.391437
      0.391432
      0.391437
      0.391432
      0.391437
      0.391432
      0.391437
      0.391432
      0.391437
      0.391432
      0.391437
      0.391432
      0.391437
      0.391432
      0.391437
      0.391432
      0.391437
      0.391432
      0.391437
      0.391432
      0.391437
      0.391432
      0.391437
      0.391432
      0.391437
      0.391432
      0.391437
      0.327581
      0.327567
      0.327581
      0.327567
      0.327581
      0.327567
      0.327581
      0.327567
      0.327581
      0.327567
      0.327581
      0.327567
      0.327581
      0.327567
      0.327581
      0.327567
      0.327581
      0.327567
      0.327581
      0.327567
      0.327581
      0.327567
      0.327581
      0.327567
      0.327581
      0.327567
      0.327581
      0.327567
      0.327581
      0.327567
      0.327581
      0.327567
      0.327581
      0.327567
      0.327581
      0.327567
      0.327581
      0.327567
      0.327581
      0.327567
      0.327581
      0.327567
      0.327581
      0.327567
      0.327581
      0.327567
      0.327581
      0.327567
      0.327581
      0.327567
      0.327581
      0.327567
      0.327581
      0.327567
      0.327581
      0.327567
      0.327581
      0.327567
      0.327581
      0.270944
       0.27094
      0.270944
       0.27094
      0.270944
       0.27094
      0.270944
       0.27094
      0.270944
       0.27094
      0.270944
       0.27094
      0.270944
       0.27094
      0.270944
       0.27094
      0.270944
       0.27094
      0.270944
       0.27094
      0.270944
       0.27094
      0.270944
       0.27094
      0.270944
       0.27094
      0.270944
       0.27094
      0.270944
       0.27094
      0.270944
       0.27094
      0.270944
       0.27094
      0.270944
       0.27094
      0.270944
       0.27094
      0.270944
       0.27094
      0.270944
       0.27094
      0.270944
       0.27094
      0.270944
       0.27094
      0.270944
       0.27094
      0.270944
       0.27094
      0.270944
       0.27094
      0.270944
       0.27094
      0.270944
       0.27094
      0.270944
       0.27094
      0.270944
       0.22149
      0.221481
       0.22149
      0.221481
       0.22149
      0.221481
       0.22149
      0.221481
       0.22149
      0.221481
       0.22149
      0.221481
       0.22149
      0.221481
       0.22149
      0.221481
       0.22149
      0.221481
       0.22149
      0.221481
       0.22149
      0.221481
       0.22149
      0.221481
       0.22149
      0.221481
       0.22149
      0.221481
       0.22149
      0.221481
       0.22149
      0.221481
       0.22149
      0.221481
       0.22149
      0.221481
       0.22149
      0.221481
       0.22149
      0.221481
       0.22149
      0.221481
       0.22149
      0.221481
       0.22149
      0.221481
       0.22149
      0.221481
       0.22149
      0.221481
       0.22149
      0.221481
       0.22149
      0.221481
       0.22149
      0.221481
       0.22149
      0.221481
       0.22149
      0.178905
      0.178903
      0.178905
      0.178903
      0.178905
      0.178903
      0.178905
      0.178903
      0.178905
      0.178903
      0.178905
      0.178903
      0.178905
      0.178903
      0.178905
      0.178903
      0.178905
      0.178903
      0.178905
      0.178903
      0.178905
      0.178903
      0.178905
      0.178903
      0.178905
      0.178903
      0.178905
      0.178903
      0.178905
      0.178903
      0.178905
      0.178903
      0.178905
      0.178903
      0.178905
      0.178903
      0.178905
      0.178903
      0.178905
      0.178903
      0.178905
      0.178903
      0.178905
      0.178903
      0.178905
      0.178903
      0.178905
      0.178903
      0.178905
      0.178903
      0.178905
      0.178903
      0.178905
      0.178903
      0.178905
      0.178903
      0.178905
      0.178903
      0.178905
      0.142794
       0.14279
      0.142794
       0.14279
      0.142794
       0.14279
      0.142794
       0.14279
      0.142794
       0.14279
      0.142794
       0.14279
      0.142794
       0.14279
      0.142794
       0.14279
      0.142794
       0.14279
      0.142794
       0.14279
      0.142794
       0.14279
      0.142794
       0.14279
      0.142794
       0.14279
      0.142794
       0.14279
      0.142794
       0.14279
      0.142794
       0.14279
      0.142794
       0.14279
      0.142794
       0.14279
      0.142794
       0.14279
      0.142794
       0.14279
      0.142794
       0.14279
      0.142794
       0.14279
      0.142794
       0.14279
      0.142794
       0.14279
      0.142794
       0.14279
      0.142794
       0.14279
      0.142794
       0.14279
      0.142794
       0.14279
      0.142794
       0.14279
      0.142794
      0.112598
      0.112597
      0.112598
      0.112597
      0.112598
      0.112597
      0.112598
      0.112597
      0.112598
      0.112597
      0.112598
      0.112597
      0.112598
      0.112597
      0.112598
      0.112597
      0.112598
      0.112597
      0.112598
      0.112597
      0.112598
      0.112597
      0.112598
      0.112597
      0.112598
      0.112597
      0.112598
      0.112597
      0.112598
      0.112597
      0.112598
      0.112597
      0.112598
      0.112597
      0.112598
      0.112597
      0.112598
      0.112597
      0.112598
      0.112597
      0.112598
      0.112597
      0.112598
      0.112597
      0.112598
      0.112597
      0.112598
      0.112597
      0.112598
      0.112597
      0.112598
      0.112597
      0.112598
      0.112597
      0.112598
      0.112597
      0.112598
      0.112597
      0.112598
     0.0877192
     0.0877191
     0.0877192
     0.0877191
     0.0877192
     0.0877191
     0.0877192
     0.0877191
     0.0877192
     0.0877191
     0.0877192
     0.0877191
     0.0877192
     0.0877191
     0.0877192
     0.0877191
     0.0877192
     0.0877191
     0.0877192
     0.0877191
     0.0877192
     0.0877191
     0.0877192
     0.0877191
     0.0877192
     0.0877191
     0.0877192
     0.0877191
     0.0877192
     0.0877191
     0.0877192
     0.0877191
     0.0877192
     0.0877191
     0.0877192
     0.0877191
     0.0877192
     0.0877191
     0.0877192
     0.0877191
     0.0877192
     0.0877191
     0.0877192
     0.0877191
     0.0877192
     0.0877191
     0.0877192
     0.0877191
     0.0877192
     0.0877191
     0.0877192
     0.0877191
     0.0877192
     0.0877191
     0.0877192
     0.0877191
     0.0877192
     0.0877191
     0.0877192
     0.0675117
     0.0675122
     0.0675117
     0.0675122
     0.0675117
     0.0675122
     0.0675117
     0.0675122
     0.0675117
     0.0675122
     0.0675117
     0.0675122
     0.0675117
     0.0675122
     0.0675117
     0.0675122
     0.0675117
     0.0675122
     0.0675117
     0.0675122
     0.0675117
     0.0675122
     0.0675117
     0.0675122
     0.0675117
     0.0675122
     0.0675117
     0.0675122
     0.0675117
     0.0675122
     0.0675117
     0.0675122
     0.0675117
     0.0675122
     0.0675117
     0.0675122
     0.0675117
     0.0675122
     0.0675117
     0.0675122
     0.0675117
     0.0675122
     0.0675117
     0.0675122
     0.0675117
     0.0675122
     0.0675117
     0.0675122
     0.0675117
     0.0675122
     0.0675117
     0.0675122
     0.0675117
     0.0675122
     0.0675117
     0.0675122
     0.0675117
     0.0675122
     0.0675117
     0.0513276
     0.0513303
     0.0513276
     0.0513303
     0.0513276
     0.0513303
     0.0513276
     0.0513303
     0.0513276
     0.0513303
     0.0513276
     0.0513303
     0.0513276
     0.0513303
     0.0513276
     0.0513303
     0.0513276
     0.0513303
     0.0513276
     0.0513303
     0.0513276
     0.0513303
     0.0513276
     0.0513303
     0.0513276
     0.0513303
     0.0513276
     0.0513303
     0.0513276
     0.0513303
     0.0513276
     0.0513303
     0.0513276
     0.0513303
     0.0513276
     0.0513303
     0.0513276
     0.0513303
     0.0513276
     0.0513303
     0.0513276
     0.0513303
     0.0513276
     0.0513303
     0.0513276
     0.0513303
     0.0513276
     0.0513303
     0.0513276
     0.0513303
     0.0513276
     0.0513303
     0.0513276
     0.0513303
     0.0513276
     0.0513303
     0.0513276
     0.0513303
     0.0513276
     0.0385553
     0.0385564
     0.0385553
     0.0385564
     0.0385553
     0.0385564
     0.0385553
     0.0385564
     0.0385553
     0.0385564
     0.0385553
     0.0385564
     0.0385553
     0.0385564
     0.0385553
     0.0385564
     0.0385553
     0.0385564
     0.0385553
     0.0385564
     0.0385553
     0.0385564
     0.0385553
     0.0385564
     0.0385553
     0.0385564
     0.0385553
     0.0385564
     0.0385553
     0.0385564
     0.0385553
     0.0385564
     0.0385553
     0.0385564
     0.0385553
     0.0385564
     0.0385553
     0.0385564
     0.0385553
     0.0385564
     0.0385553
     0.0385564
     0.0385553
     0.0385564
     0.0385553
     0.0385564
     0.0385553
     0.0385564
     0.0385553
     0.0385564
     0.0385553
     0.0385564
     0.0385553
     0.0385564
     0.0385553
     0.0385564
     0.0385553
     0.0385564
     0.0385553
     0.0286057
     0.0286097
     0.0286057
     0.0286097
     0.0286057
     0.0286097
     0.0286057
     0.0286097
     0.0286057
     0.0286097
     0.0286057
     0.0286097
     0.0286057
     0.0286097
     0.0286057
     0.0286097
     0.0286057
     0.0286097
     0.0286057
     0.0286097
     0.0286057
     0.0286097
     0.0286057
     0.0286097
     0.0286057
     0.0286097
     0.0286057
     0.0286097
     0.0286057
     0.0286097
     0.0286057
     0.0286097
     0.0286057
     0.0286097
     0.0286057
     0.0286097
     0.0286057
     0.0286097
     0.0286057
     0.0286097
     0.0286057
     0.0286097
     0.0286057
     0.0286097
     0.0286057
     0.0286097
     0.0286057
     0.0286097
     0.0286057
     0.0286097
     0.0286057
     0.0286097
     0.0286057
     0.0286097
     0.0286057
     0.0286097
     0.0286057
     0.0286097
     0.0286057
     0.0209746
     0.0209759
     0.0209746
     0.0209759
     0.0209746
     0.0209759
     0.0209746
     0.0209759
     0.0209746
     0.0209759
     0.0209746
     0.0209759
     0.0209746
     0.0209759
     0.0209746
     0.0209759
     0.0209746
     0.0209759
     0.0209746
     0.0209759
     0.0209746
     0.0209759
     0.0209746
     0.0209759
     0.0209746
     0.0209759
     0.0209746
     0.0209759
     0.0209746
     0.0209759
     0.0209746
     0.0209759
     0.0209746
     0.0209759
     0.0209746
     0.0209759
     0.0209746
     0.0209759
     0.0209746
     0.0209759
     0.0209746
     0.0209759
     0.0209746
     0.0209759
     0.0209746
     0.0209759
     0.0209746
     0.0209759
     0.0209746
     0.0209759
     0.0209746
     0.0209759
     0.0209746
     0.0209759
     0.0209746
     0.0209759
     0.0209746
     0.0209759
     0.0209746
     0.0151898
     0.0151938
     0.0151898
     0.0151938
     0.0151898
     0.0151938
     0.0151898
     0.0151938
     0.0151898
     0.0151938
     0.0151898
     0.0151938
     0.0151898
     0.0151938
     0.0151898
     0.0151938
     0.0151898
     0.0151938
     0.0151898
     0.0151938
     0.0151898
     0.0151938
     0.0151898
     0.0151938
     0.0151898
     0.0151938
     0.0151898
     0.0151938
     0.0151898
     0.0151938
     0.0151898
     0.0151938
     0.0151898
     0.0151938
     0.0151898
     0.0151938
     0.0151898
     0.0151938
     0.0151898
     0.0151938
     0.0151898
     0.0151938
     0.0151898
     0.0151938
     0.0151898
     0.0151938
     0.0151898
     0.0151938
     0.0151898
     0.0151938
     0.0151898
     0.0151938
     0.0151898
     0.0151938
     0.0151898
     0.0151938
     0.0151898
     0.0151938
     0.0151898
     0.0108778
     0.0108791
     0.0108778
     0.0108791
     0.0108778
     0.0108791
     0.0108778
     0.0108791
     0.0108778
     0.0108791
     0.0108778
     0.0108791
     0.0108778
     0.0108791
     0.0108778
     0.0108791
     0.0108778
     0.0108791
     0.0108778
     0.0108791
     0.0108778
     0.0108791
     0.0108778
     0.0108791
     0.0108778
     0.0108791
     0.0108778
      0.010879
     0.0108778
      0.010879
     0.0108778
      0.010879
     0.0108778
     0.0108791
     0.0108778
     0.0108791
     0.0108778
     0.0108791
     0.0108778
     0.0108791
     0.0108778
     0.0108791
     0.0108778
     0.0108791
     0.0108778
     0.0108791
     0.0108778
     0.0108791
     0.0108778
     0.0108791
     0.0108778
     0.0108791
     0.0108778
     0.0108791
     0.0108778
     0.0108791
     0.0108778
     0.0108791
     0.0108778
    0.00769735
    0.00770072
    0.00769735
    0.00770072
    0.00769735
    0.00770072
    0.00769735
    0.00770072
    0.00769735
    0.00770072
    0.00769735
    0.00770072
    0.00769735
    0.00770072
    0.00769735
    0.00770072
    0.00769735
    0.00770072
    0.00769735
    0.00770071
    0.00769735
    0.00770071
    0.00769734
    0.00770071
    0.00769734
     0.0077007
    0.00769733
    0.00770069
    0.00769732
    0.00770068
    0.00769732
    0.00770069
    0.00769733
     0.0077007
    0.00769734
    0.00770071
    0.00769734
    0.00770071
    0.00769735
    0.00770071
    0.00769735
    0.00770072
    0.00769735
    0.00770072
    0.00769735
    0.00770072
    0.00769735
    0.00770072
    0.00769735
    0.00770072
    0.00769735
    0.00770072
    0.00769735
    0.00770072
    0.00769735
    0.00770072
    0.00769735
    0.00770072
    0.00769735
    0.00539666
    0.00539764
    0.00539666
    0.00539764
    0.00539666
    0.00539764
    0.00539666
    0.00539764
    0.00539666
    0.00539764
    0.00539666
    0.00539764
    0.00539666
    0.00539764
    0.00539666
    0.00539764
    0.00539666
    0.00539764
    0.00539666
    0.00539764
    0.00539666
    0.00539764
    0.00539665
    0.00539763
    0.00539664
    0.00539761
    0.00539662
    0.00539759
     0.0053966
    0.00539758
     0.0053966
    0.00539759
    0.00539662
    0.00539761
    0.00539664
    0.00539763
    0.00539665
    0.00539764
    0.00539666
    0.00539764
    0.00539666
    0.00539764
    0.00539666
    0.00539764
    0.00539666
    0.00539764
    0.00539666
    0.00539764
    0.00539666
    0.00539764
    0.00539666
    0.00539764
    0.00539666
    0.00539764
    0.00539666
    0.00539764
    0.00539666
    0.00539764
    0.00539666
    0.00375098
    0.00375351
    0.00375098
    0.00375351
    0.00375098
    0.00375351
    0.00375098
    0.00375351
    0.00375098
    0.00375351
    0.00375098
    0.00375351
    0.00375098
    0.00375351
    0.00375098
    0.00375351
    0.00375098
    0.00375351
    0.00375098
     0.0037535
    0.00375097
     0.0037535
    0.00375097
    0.00375349
    0.00375095
    0.00375346
    0.00375091
    0.00375342
    0.00375088
     0.0037534
    0.00375088
    0.00375342
    0.00375091
    0.00375346
    0.00375095
    0.00375349
    0.00375097
     0.0037535
    0.00375097
     0.0037535
    0.00375098
    0.00375351
    0.00375098
    0.00375351
    0.00375098
    0.00375351
    0.00375098
    0.00375351
    0.00375098
    0.00375351
    0.00375098
    0.00375351
    0.00375098
    0.00375351
    0.00375098
    0.00375351
    0.00375098
    0.00375351
    0.00375098
    0.00260624
    0.00260696
    0.00260624
    0.00260696
    0.00260624
    0.00260696
    0.00260624
    0.00260696
    0.00260624
    0.00260696
    0.00260624
    0.00260696
    0.00260624
    0.00260696
    0.00260624
    0.00260696
    0.00260624
    0.00260696
    0.00260623
    0.00260696
    0.00260623
    0.00260695
    0.00260622
    0.00260693
    0.00260619
    0.00260689
    0.00260613
    0.00260681
    0.00260606
    0.00260676
    0.00260606
    0.00260681
    0.00260613
    0.00260689
    0.00260619
    0.00260693
    0.00260622
    0.00260695
    0.00260623
    0.00260696
    0.00260623
    0.00260696
    0.00260624
    0.00260696
    0.00260624
    0.00260696
    0.00260624
    0.00260696
    0.00260624
    0.00260696
    0.00260624
    0.00260696
    0.00260624
    0.00260696
    0.00260624
    0.00260696
    0.00260624
    0.00260696
    0.00260624
    0.00182859
    0.00183043
    0.00182859
    0.00183043
    0.00182859
    0.00183043
    0.00182859
    0.00183043
    0.00182859
    0.00183043
    0.00182859
    0.00183043
    0.00182859
    0.00183043
    0.00182859
    0.00183043
    0.00182859
    0.00183043
    0.00182859
    0.00183042
    0.00182858
    0.00183041
    0.00182857
    0.00183039
    0.00182853
    0.00183032
    0.00182842
    0.00183018
    0.00182827
    0.00183006
    0.00182827
    0.00183018
    0.00182842
    0.00183032
    0.00182853
    0.00183039
    0.00182857
    0.00183041
    0.00182858
    0.00183042
    0.00182859
    0.00183043
    0.00182859
    0.00183043
    0.00182859
    0.00183043
    0.00182859
    0.00183043
    0.00182859
    0.00183043
    0.00182859
    0.00183043
    0.00182859
    0.00183043
    0.00182859
    0.00183043
    0.00182859
    0.00183043
    0.00182859
    0.00133598
    0.00133653
    0.00133598
    0.00133653
    0.00133598
    0.00133653
    0.00133598
    0.00133653
    0.00133598
    0.00133653
    0.00133598
    0.00133653
    0.00133598
    0.00133653
    0.00133598
    0.00133653
    0.00133598
    0.00133652
    0.00133598
    0.00133652
    0.00133597
    0.00133651
    0.00133595
    0.00133648
     0.0013359
    0.00133638
    0.00133574
    0.00133613
    0.00133538
    0.00133582
    0.00133538
    0.00133613
    0.00133574
    0.00133638
     0.0013359
    0.00133648
    0.00133595
    0.00133651
    0.00133597
    0.00133652
    0.00133598
    0.00133652
    0.00133598
    0.00133653
    0.00133598
    0.00133653
    0.00133598
    0.00133653
    0.00133598
    0.00133653
    0.00133598
    0.00133653
    0.00133598
    0.00133653
    0.00133598
    0.00133653
    0.00133598
    0.00133653
    0.00133598
    0.00106104
     0.0010625
    0.00106104
     0.0010625
    0.00106104
     0.0010625
    0.00106104
     0.0010625
    0.00106104
     0.0010625
    0.00106104
     0.0010625
    0.00106104
     0.0010625
    0.00106104
     0.0010625
    0.00106104
     0.0010625
    0.00106104
    0.00106249
    0.00106103
    0.00106248
    0.00106101
    0.00106244
    0.00106094
    0.00106232
    0.00106072
     0.0010619
    0.00105995
     0.0010611
    0.00105995
     0.0010619
    0.00106072
    0.00106232
    0.00106094
    0.00106244
    0.00106101
    0.00106248
    0.00106103
    0.00106249
    0.00106104
     0.0010625
    0.00106104
     0.0010625
    0.00106104
     0.0010625
    0.00106104
     0.0010625
    0.00106104
     0.0010625
    0.00106104
     0.0010625
    0.00106104
     0.0010625
    0.00106104
     0.0010625
    0.00106104
     0.0010625
    0.00106104
    0.00097507
   0.000975551
    0.00097507
   0.000975551
    0.00097507
   0.000975551
    0.00097507
   0.000975551
    0.00097507
   0.000975551
    0.00097507
   0.000975551
    0.00097507
    0.00097555
    0.00097507
    0.00097555
   0.000975069
   0.000975549
   0.000975067
   0.000975545
    0.00097506
   0.000975532
   0.000975037
   0.000975491
   0.000974962
   0.000975353
   0.000974703
   0.000974847
   0.000973673
   0.000972572
   0.000973673
   0.000974847
   0.000974703
   0.000975353
   0.000974962
   0.000975491
   0.000975037
   0.000975532
    0.00097506
   0.000975545
   0.000975067
   0.000975549
   0.000975069
    0.00097555
    0.00097507
    0.00097555
    0.00097507
   0.000975551
    0.00097507
   0.000975551
    0.00097507
   0.000975551
    0.00097507
   0.000975551
    0.00097507
   0.000975551
    0.00097507
   0.000975551
    0.00097507
    0.00106104
     0.0010625
    0.00106104
     0.0010625
    0.00106104
     0.0010625
    0.00106104
     0.0010625
    0.00106104
     0.0010625
    0.00106104
     0.0010625
    0.00106104
     0.0010625
    0.00106104
     0.0010625
    0.00106104
     0.0010625
    0.00106104
    0.00106249
    0.00106103
    0.00106248
    0.00106101
    0.00106244
    0.00106094
    0.00106232
    0.00106072
     0.0010619
    0.00105995
     0.0010611
    0.00105995
     0.0010619
    0.00106072
    0.00106232
    0.00106094
    0.00106244
    0.00106101
    0.00106248
    0.00106103
    0.00106249
    0.00106104
     0.0010625
    0.00106104
     0.0010625
    0.00106104
     0.0010625
    0.00106104
     0.0010625
    0.00106104
     0.0010625
    0.00106104
     0.0010625
    0.00106104
     0.0010625
    0.00106104
     0.0010625
    0.00106104
     0.0010625
    0.00106104
    0.00133598
    0.00133653
    0.00133598
    0.00133653
    0.00133598
    0.00133653
    0.00133598
    0.00133653
    0.00133598
    0.00133653
    0.00133598
    0.00133653
    0.00133598
    0.00133653
    0.00133598
    0.00133653
    0.00133598
    0.00133652
    0.00133598
    0.00133652
    0.00133597
    0.00133651
    0.00133595
    0.00133648
     0.0013359
    0.00133638
    0.00133574
    0.00133613
    0.00133538
    0.00133582
    0.00133538
    0.00133613
    0.00133574
    0.00133638
     0.0013359
    0.00133648
    0.00133595
    0.00133651
    0.00133597
    0.00133652
    0.00133598
    0.00133652
    0.00133598
    0.00133653
    0.00133598
    0.00133653
    0.00133598
    0.00133653
    0.00133598
    0.00133653
    0.00133598
    0.00133653
    0.00133598
    0.00133653
    0.00133598
    0.00133653
    0.00133598
    0.00133653
    0.00133598
    0.00182859
    0.00183043
    0.00182859
    0.00183043
    0.00182859
    0.00183043
    0.00182859
    0.00183043
    0.00182859
    0.00183043
    0.00182859
    0.00183043
    0.00182859
    0.00183043
    0.00182859
    0.00183043
    0.00182859
    0.00183043
    0.00182859
    0.00183042
    0.00182858
    0.00183041
    0.00182857
    0.00183039
    0.00182853
    0.00183032
    0.00182842
    0.00183018
    0.00182827
    0.00183006
    0.00182827
    0.00183018
    0.00182842
    0.00183032
    0.00182853
    0.00183039
    0.00182857
    0.00183041
    0.00182858
    0.00183042
    0.00182859
    0.00183043
    0.00182859
    0.00183043
    0.00182859
    0.00183043
    0.00182859
    0.00183043
    0.00182859
    0.00183043
    0.00182859
    0.00183043
    0.00182859
    0.00183043
    0.00182859
    0.00183043
    0.00182859
    0.00183043
    0.00182859
    0.00260624
    0.00260696
    0.00260624
    0.00260696
    0.00260624
    0.00260696
    0.00260624
    0.00260696
    0.00260624
    0.00260696
    0.00260624
    0.00260696
    0.00260624
    0.00260696
    0.00260624
    0.00260696
    0.00260624
    0.00260696
    0.00260623
    0.00260696
    0.00260623
    0.00260695
    0.00260622
    0.00260693
    0.00260619
    0.00260689
    0.00260613
    0.00260681
    0.00260606
    0.00260676
    0.00260606
    0.00260681
    0.00260613
    0.00260689
    0.00260619
    0.00260693
    0.00260622
    0.00260695
    0.00260623
    0.00260696
    0.00260623
    0.00260696
    0.00260624
    0.00260696
    0.00260624
    0.00260696
    0.00260624
    0.00260696
    0.00260624
    0.00260696
    0.00260624
    0.00260696
    0.00260624
    0.00260696
    0.00260624
    0.00260696
    0.00260624
    0.00260696
    0.00260624
    0.00375098
    0.00375351
    0.00375098
    0.00375351
    0.00375098
    0.00375351
    0.00375098
    0.00375351
    0.00375098
    0.00375351
    0.00375098
    0.00375351
    0.00375098
    0.00375351
    0.00375098
    0.00375351
    0.00375098
    0.00375351
    0.00375098
     0.0037535
    0.00375097
     0.0037535
    0.00375097
    0.00375349
    0.00375095
    0.00375346
    0.00375091
    0.00375342
    0.00375088
     0.0037534
    0.00375088
    0.00375342
    0.00375091
    0.00375346
    0.00375095
    0.00375349
    0.00375097
     0.0037535
    0.00375097
     0.0037535
    0.00375098
    0.00375351
    0.00375098
    0.00375351
    0.00375098
    0.00375351
    0.00375098
    0.00375351
    0.00375098
    0.00375351
    0.00375098
    0.00375351
    0.00375098
    0.00375351
    0.00375098
    0.00375351
    0.00375098
    0.00375351
    0.00375098
    0.00539666
    0.00539764
    0.00539666
    0.00539764
    0.00539666
    0.00539764
    0.00539666
    0.00539764
    0.00539666
    0.00539764
    0.00539666
    0.00539764
    0.00539666
    0.00539764
    0.00539666
    0.00539764
    0.00539666
    0.00539764
    0.00539666
    0.00539764
    0.00539666
    0.00539764
    0.00539665
    0.00539763
    0.00539664
    0.00539761
    0.00539662
    0.00539759
     0.0053966
    0.00539758
     0.0053966
    0.00539759
    0.00539662
    0.00539761
    0.00539664
    0.00539763
    0.00539665
    0.00539764
    0.00539666
    0.00539764
    0.00539666
    0.00539764
    0.00539666
    0.00539764
    0.00539666
    0.00539764
    0.00539666
    0.00539764
    0.00539666
    0.00539764
    0.00539666
    0.00539764
    0.00539666
    0.00539764
    0.00539666
    0.00539764
    0.00539666
    0.00539764
    0.00539666
    0.00769735
    0.00770072
    0.00769735
    0.00770072
    0.00769735
    0.00770072
    0.00769735
    0.00770072
    0.00769735
    0.00770072
    0.00769735
    0.00770072
    0.00769735
    0.00770072
    0.00769735
    0.00770072
    0.00769735
    0.00770072
    0.00769735
    0.00770071
    0.00769735
    0.00770071
    0.00769734
    0.00770071
    0.00769734
     0.0077007
    0.00769733
    0.00770069
    0.00769732
    0.00770068
    0.00769732
    0.00770069
    0.00769733
     0.0077007
    0.00769734
    0.00770071
    0.00769734
    0.00770071
    0.00769735
    0.00770071
    0.00769735
    0.00770072
    0.00769735
    0.00770072
    0.00769735
    0.00770072
    0.00769735
    0.00770072
    0.00769735
    0.00770072
    0.00769735
    0.00770072
    0.00769735
    0.00770072
    0.00769735
    0.00770072
    0.00769735
    0.00770072
    0.00769735
     0.0108778
     0.0108791
     0.0108778
     0.0108791
     0.0108778
     0.0108791
     0.0108778
     0.0108791
     0.0108778
     0.0108791
     0.0108778
     0.0108791
     0.0108778
     0.0108791
     0.0108778
     0.0108791
     0.0108778
     0.0108791
     0.0108778
     0.0108791
     0.0108778
     0.0108791
     0.0108778
     0.0108791
     0.0108778
     0.0108791
     0.0108778
      0.010879
     0.0108778
      0.010879
     0.0108778
      0.010879
     0.0108778
     0.0108791
     0.0108778
     0.0108791
     0.0108778
     0.0108791
     0.0108778
     0.0108791
     0.0108778
     0.0108791
     0.0108778
     0.0108791
     0.0108778
     0.0108791
     0.0108778
     0.0108791
     0.0108778
     0.0108791
     0.0108778
     0.0108791
     0.0108778
     0.0108791
     0.0108778
     0.0108791
     0.0108778
     0.0108791
     0.0108778
     0.0151898
     0.0151938
     0.0151898
     0.0151938
     0.0151898
     0.0151938
     0.0151898
     0.0151938
     0.0151898
     0.0151938
     0.0151898
     0.0151938
     0.0151898
     0.0151938
     0.0151898
     0.0151938
     0.0151898
     0.0151938
     0.0151898
     0.0151938
     0.0151898
     0.0151938
     0.0151898
     0.0151938
     0.0151898
     0.0151938
     0.0151898
     0.0151938
     0.0151898
     0.0151938
     0.0151898
     0.0151938
     0.0151898
     0.0151938
     0.0151898
     0.0151938
     0.0151898
     0.0151938
     0.0151898
     0.0151938
     0.0151898
     0.0151938
     0.0151898
     0.0151938
     0.0151898
     0.0151938
     0.0151898
     0.0151938
     0.0151898
     0.0151938
     0.0151898
     0.0151938
     0.0151898
     0.0151938
     0.0151898
     0.0151938
     0.0151898
     0.0151938
     0.0151898
     0.0209746
     0.0209759
     0.0209746
     0.0209759
     0.0209746
     0.0209759
     0.0209746
     0.0209759
     0.0209746
     0.0209759
     0.0209746
     0.0209759
     0.0209746
     0.0209759
     0.0209746
     0.0209759
     0.0209746
     0.0209759
     0.0209746
     0.0209759
     0.0209746
     0.0209759
     0.0209746
     0.0209759
     0.0209746
     0.0209759
     0.0209746
     0.0209759
     0.0209746
     0.0209759
     0.0209746
     0.0209759
     0.0209746
     0.0209759
     0.0209746
     0.0209759
     0.0209746
     0.0209759
     0.0209746
     0.0209759
     0.0209746
     0.0209759
     0.0209746
     0.0209759
     0.0209746
     0.0209759
     0.0209746
     0.0209759
     0.0209746
     0.0209759
     0.0209746
     0.0209759
     0.0209746
     0.0209759
     0.0209746
     0.0209759
     0.0209746
     0.0209759
     0.0209746
     0.0286057
     0.0286097
     0.0286057
     0.0286097
     0.0286057
     0.0286097
     0.0286057
     0.0286097
     0.0286057
     0.0286097
     0.0286057
     0.0286097
     0.0286057
     0.0286097
     0.0286057
     0.0286097
     0.0286057
     0.0286097
     0.0286057
     0.0286097
     0.0286057
     0.0286097
     0.0286057
     0.0286097
     0.0286057
     0.0286097
     0.0286057
     0.0286097
     0.0286057
     0.0286097
     0.0286057
     0.0286097
     0.0286057
     0.0286097
     0.0286057
     0.0286097
     0.0286057
     0.0286097
     0.0286057
     0.0286097
     0.0286057
     0.0286097
     0.0286057
     0.0286097
     0.0286057
     0.0286097
     0.0286057
     0.0286097
     0.0286057
     0.0286097
     0.0286057
     0.0286097
     0.0286057
     0.0286097
     0.0286057
     0.0286097
     0.0286057
     0.0286097
     0.0286057
     0.0385553
     0.0385564
     0.0385553
     0.0385564
     0.0385553
     0.0385564
     0.0385553
     0.0385564
     0.0385553
     0.0385564
     0.0385553
     0.0385564
     0.0385553
     0.0385564
     0.0385553
     0.0385564
     0.0385553
     0.0385564
     0.0385553
     0.0385564
     0.0385553
     0.0385564
     0.0385553
     0.0385564
     0.0385553
     0.0385564
     0.0385553
     0.0385564
     0.0385553
     0.0385564
     0.0385553
     0.0385564
     0.0385553
     0.0385564
     0.0385553
     0.0385564
     0.0385553
     0.0385564
     0.0385553
     0.0385564
     0.0385553
     0.0385564
     0.0385553
     0.0385564
     0.0385553
     0.0385564
     0.0385553
     0.0385564
     0.0385553
     0.0385564
     0.0385553
     0.0385564
     0.0385553
     0.0385564
     0.0385553
     0.0385564
     0.0385553
     0.0385564
     0.0385553
     0.0513276
     0.0513303
     0.0513276
     0.0513303
     0.0513276
     0.0513303
     0.0513276
     0.0513303
     0.0513276
     0.0513303
     0.0513276
     0.0513303
     0.0513276
     0.0513303
     0.0513276
     0.0513303
     0.0513276
     0.0513303
     0.0513276
     0.0513303
     0.0513276
     0.0513303
     0.0513276
     0.0513303
     0.0513276
     0.0513303
     0.0513276
     0.0513303
     0.0513276
     0.0513303
     0.0513276
     0.0513303
     0.0513276
     0.0513303
     0.0513276
     0.0513303
     0.0513276
     0.0513303
     0.0513276
     0.0513303
     0.0513276
     0.0513303
     0.0513276
     0.0513303
     0.0513276
     0.0513303
     0.0513276
     0.0513303
     0.0513276
     0.0513303
     0.0513276
     0.0513303
     0.0513276
     0.0513303
     0.0513276
     0.0513303
     0.0513276
     0.0513303
     0.0513276
     0.0675117
     0.0675122
     0.0675117
     0.0675122
     0.0675117
     0.0675122
     0.0675117
     0.0675122
     0.0675117
     0.0675122
     0.0675117
     0.0675122
     0.0675117
     0.0675122
     0.0675117
     0.0675122
     0.0675117
     0.0675122
     0.0675117
     0.0675122
     0.0675117
     0.0675122
     0.0675117
     0.0675122
     0.0675117
     0.0675122
     0.0675117
     0.0675122
     0.0675117
     0.0675122
     0.0675117
     0.0675122
     0.0675117
     0.0675122
     0.0675117
     0.0675122
     0.0675117
     0.0675122
     0.0675117
     0.0675122
     0.0675117
     0.0675122
     0.0675117
     0.0675122
     0.0675117
     0.0675122
     0.0675117
     0.0675122
     0.0675117
     0.0675122
     0.0675117
     0.0675122
     0.0675117
     0.0675122
     0.0675117
     0.0675122
     0.0675117
     0.0675122
     0.0675117
     0.0877192
     0.0877191
     0.0877192
     0.0877191
     0.0877192
     0.0877191
     0.0877192
     0.0877191
     0.0877192
     0.0877191
     0.0877192
     0.0877191
     0.0877192
     0.0877191
     0.0877192
     0.0877191
     0.0877192
     0.0877191
     0.0877192
     0.0877191
     0.0877192
     0.0877191
     0.0877192
     0.0877191
     0.0877192
     0.0877191
     0.0877192
     0.0877191
     0.0877192
     0.0877191
     0.0877192
     0.0877191
     0.0877192
     0.0877191
     0.0877192
     0.0877191
     0.0877192
     0.0877191
     0.0877192
     0.0877191
     0.0877192
     0.0877191
     0.0877192
     0.0877191
     0.0877192
     0.0877191
     0.0877192
     0.0877191
     0.0877192
     0.0877191
     0.0877192
     0.0877191
     0.0877192
     0.0877191
     0.0877192
     0.0877191
     0.0877192
     0.0877191
     0.0877192
      0.112598
      0.112597
      0.112598
      0.112597
      0.112598
      0.112597
      0.112598
      0.112597
      0.112598
      0.112597
      0.112598
      0.112597
      0.112598
      0.112597
      0.112598
      0.112597
      0.112598
      0.112597
      0.112598
      0.112597
      0.112598
      0.112597
      0.112598
      0.112597
      0.112598
      0.112597
      0.112598
      0.112597
      0.112598
      0.112597
      0.112598
      0.112597
      0.112598
      0.112597
      0.112598
      0.112597
      0.112598
      0.112597
      0.112598
      0.112597
      0.112598
      0.112597
      0.112598
      0.112597
      0.112598
      0.112597
      0.112598
      0.112597
      0.112598
      0.112597
      0.112598
      0.112597
      0.112598
      0.112597
      0.112598
      0.112597
      0.112598
      0.112597
      0.112598
      0.142794
       0.14279
      0.142794
       0.14279
      0.142794
       0.14279
      0.142794
       0.14279
      0.142794
       0.14279
      0.142794
       0.14279
      0.142794
       0.14279
      0.142794
       0.14279
      0.142794
       0.14279
      0.142794
       0.14279
      0.142794
       0.14279
      0.142794
       0.14279
      0.142794
       0.14279
      0.142794
       0.14279
      0.142794
       0.14279
      0.142794
       0.14279
      0.142794
       0.14279
      0.142794
       0.14279
      0.142794
       0.14279
      0.142794
       0.14279
      0.142794
       0.14279
      0.142794
       0.14279
      0.142794
       0.14279
      0.142794
       0.14279
      0.142794
       0.14279
      0.142794
       0.14279
      0.142794
       0.14279
      0.142794
       0.14279
      0.142794
       0.14279
      0.142794
      0.178905
      0.178903
      0.178905
      0.178903
      0.178905
      0.178903
      0.178905
      0.178903
      0.178905
      0.178903
      0.178905
      0.178903
      0.178905
      0.178903
      0.178905
      0.178903
      0.178905
      0.178903
      0.178905
      0.178903
      0.178905
      0.178903
      0.178905
      0.178903
      0.178905
      0.178903
      0.178905
      0.178903
      0.178905
      0.178903
      0.178905
      0.178903
      0.178905
      0.178903
      0.178905
      0.178903
      0.178905
      0.178903
      0.178905
      0.178903
      0.178905
      0.178903
      0.178905
      0.178903
      0.178905
      0.178903
      0.178905
      0.178903
      0.178905
      0.178903
      0.178905
      0.178903
      0.178905
      0.178903
      0.178905
      0.178903
      0.178905
      0.178903
      0.178905
       0.22149
      0.221481
       0.22149
      0.221481
       0.22149
      0.221481
       0.22149
      0.221481
       0.22149
      0.221481
       0.22149
      0.221481
       0.22149
      0.221481
       0.22149
      0.221481
       0.22149
      0.221481
       0.22149
      0.221481
       0.22149
      0.221481
       0.22149
      0.221481
       0.22149
      0.221481
       0.22149
      0.221481
       0.22149
      0.221481
       0.22149
      0.221481
       0.22149
      0.221481
       0.22149
      0.221481
       0.22149
      0.221481
       0.22149
      0.221481
       0.22149
      0.221481
       0.22149
      0.221481
       0.22149
      0.221481
       0.22149
      0.221481
       0.22149
      0.221481
       0.22149
      0.221481
       0.22149
      0.221481
       0.22149
      0.221481
       0.22149
      0.221481
       0.22149
      0.270944
       0.27094
      0.270944
       0.27094
      0.270944
       0.27094
      0.270944
       0.27094
      0.270944
       0.27094
      0.270944
       0.27094
      0.270944
       0.27094
      0.270944
       0.27094
      0.270944
       0.27094
      0.270944
       0.27094
      0.270944
       0.27094
      0.270944
       0.27094
      0.270944
       0.27094
      0.270944
       0.27094
      0.270944
       0.27094
      0.270944
       0.27094
      0.270944
       0.27094
      0.270944
       0.27094
      0.270944
       0.27094
      0.270944
       0.27094
      0.270944
       0.27094
      0.270944
       0.27094
      0.270944
       0.27094
      0.270944
       0.27094
      0.270944
       0.27094
      0.270944
       0.27094
      0.270944
       0.27094
      0.270944
       0.27094
      0.270944
       0.27094
      0.270944
      0.327581
      0.327567
      0.327581
      0.327567
      0.327581
      0.327567
      0.327581
      0.327567
      0.327581
      0.327567
      0.327581
      0.327567
      0.327581
      0.327567
      0.327581
      0.327567
      0.327581
      0.327567
      0.327581
      0.327567
      0.327581
      0.327567
      0.327581
      0.327567
      0.327581
      0.327567
      0.327581
      0.327567
      0.327581
      0.327567
      0.327581
      0.327567
      0.327581
      0.327567
      0.327581
      0.327567
      0.327581
      0.327567
      0.327581
      0.327567
      0.327581
      0.327567
      0.327581
      0.327567
      0.327581
      0.327567
      0.327581
      0.327567
      0.327581
      0.327567
      0.327581
      0.327567
      0.327581
      0.327567
      0.327581
      0.327567
      0.327581
      0.327567
      0.327581
      0.391437
      0.391432
      0.391437
      0.391432
      0.391437
      0.391432
      0.391437
      0.391432
      0.391437
      0.391432
      0.391437
      0.391432
      0.391437
      0.391432
      0.391437
      0.391432
      0.391437
      0.391432
      0.391437
      0.391432
      0.391437
      0.391432
      0.391437
      0.391432
      0.391437
      0.391432
      0.391437
      0.391432
      0.391437
      0.391432
      0.391437
      0.391432
      0.391437
      0.391432
      0.391437
      0.391432
      0.391437
      0.391432
      0.391437
      0.391432
      0.391437
      0.391432
      0.391437
      0.391432
      0.391437
      0.391432
      0.391437
      0.391432
      0.391437
      0.391432
      0.391437
      0.391432
      0.391437
      0.391432
      0.391437
      0.391432
      0.391437
      0.391432
      0.391437
      0.462432
      0.462417
      0.462432
      0.462417
      0.462432
      0.462417
      0.462432
      0.462417
      0.462432
      0.462417
      0.462432
      0.462417
      0.462432
      0.462417
      0.462432
      0.462417
      0.462432
      0.462417
      0.462432
      0.462417
      0.462432
      0.462417
      0.462432
      0.462417
      0.462432
      0.462417
      0.462432
      0.462417
      0.462432
      0.462417
      0.462432
      0.462417
      0.462432
      0.462417
      0.462432
      0.462417
      0.462432
      0.462417
      0.462432
      0.462417
      0.462432
      0.462417
      0.462432
      0.462417
      0.462432
      0.462417
      0.462432
      0.462417
      0.462432
      0.462417
      0.462432
      0.462417
      0.462432
      0.462417
      0.462432
      0.462417
      0.462432
      0.462417
      0.462432
       0.54013
      0.540125
       0.54013
      0.540125
       0.54013
      0.540125
       0.54013
      0.540125
       0.54013
      0.540125
       0.54013
      0.540125
       0.54013
      0.540125
       0.54013
      0.540125
       0.54013
      0.540125
       0.54013
      0.540125
       0.54013
      0.540125
       0.54013
      0.540125
       0.54013
      0.540125
       0.54013
      0.540125
       0.54013
      0.540125
       0.54013
      0.540125
       0.54013
      0.540125
       0.54013
      0.540125
       0.54013
      0.540125
       0.54013
      0.540125
       0.54013
      0.540125
       0.54013
      0.540125
       0.54013
      0.540125
       0.54013
      0.540125
       0.54013
      0.540125
       0.54013
      0.540125
       0.54013
      0.540125
       0.54013
      0.540125
       0.54013
      0.540125
       0.54013
      0.623967
      0.623953
      0.623967
      0.623953
      0.623967
      0.623953
      0.623967
      0.623953
      0.623967
      0.623953
      0.623967
      0.623953
      0.623967
      0.623953
      0.623967
      0.623953
      0.623967
      0.623953
      0.623967
      0.623953
      0.623967
      0.623953
      0.623967
      0.623953
      0.623967
      0.623953
      0.623967
      0.623953
      0.623967
      0.623953
      0.623967
      0.623953
      0.623967
      0.623953
      0.623967
      0.623953
      0.623967
      0.623953
      0.623967
      0.623953
      0.623967
      0.623953
      0.623967
      0.623953
      0.623967
      0.623953
      0.623967
      0.623953
      0.623967
      0.623953
      0.623967
      0.623953
      0.623967
      0.623953
      0.623967
      0.623953
      0.623967
      0.623953
      0.623967
      0.713019
      0.713015
      0.713019
      0.713015
      0.713019
      0.713015
      0.713019
      0.713015
      0.713019
      0.713015
      0.713019
      0.713015
      0.713019
      0.713015
      0.713019
      0.713015
      0.713019
      0.713015
      0.713019
      0.713015
      0.713019
      0.713015
      0.713019
      0.713015
      0.713019
      0.713015
      0.713019
      0.713015
      0.713019
      0.713015
      0.713019
      0.713015
      0.713019
      0.713015
      0.713019
      0.713015
      0.713019
      0.713015
      0.713019
      0.713015
      0.713019
      0.713015
      0.713019
      0.713015
      0.713019
      0.713015
      0.713019
      0.713015
      0.713019
      0.713015
      0.713019
      0.713015
      0.713019
      0.713015
      0.713019
      0.713015
      0.713019
      0.713015
      0.713019
      0.806253
      0.806245
      0.806253
      0.806245
      0.806253
      0.806245
      0.806253
      0.806245
      0.806253
      0.806245
      0.806253
      0.806245
      0.806253
      0.806245
      0.806253
      0.806245
      0.806253
      0.806245
      0.806253
      0.806245
      0.806253
      0.806245
      0.806253
      0.806245
      0.806253
      0.806245
      0.806253
      0.806245
      0.806253
      0.806245
      0.806253
      0.806245
      0.806253
      0.806245
      0.806253
      0.806245
      0.806253
      0.806245
      0.806253
      0.806245
      0.806253
      0.806245
      0.806253
      0.806245
      0.806253
      0.806245
      0.806253
      0.806245
      0.806253
      0.806245
      0.806253
      0.806245
      0.806253
      0.806245
      0.806253
      0.806245
      0.806253
      0.806245
      0.806253
      0.902369
      0.902367
      0.902369
      0.902367
      0.902369
      0.902367
      0.902369
      0.902367
      0.902369
      0.902367
      0.902369
      0.902367
      0.902369
      0.902367
      0.902369
      0.902367
      0.902369
      0.902367
      0.902369
      0.902367
      0.902369
      0.902367
      0.902369
      0.902367
      0.902369
      0.902367
      0.902369
      0.902367
      0.902369
      0.902367
      0.902369
      0.902367
      0.902369
      0.902367
      0.902369
      0.902367
      0.902369
      0.902367
      0.902369
      0.902367
      0.902369
      0.902367
      0.902369
      0.902367
      0.902369
      0.902367
      0.902369
      0.902367
      0.902369
      0.902367
      0.902369
      0.902367
      0.902369
      0.902367
      0.902369
      0.902367
      0.902369
      0.902367
      0.902369
             1
             1
             1
             1
             1
             1
             1
             1
             1
             1
             1
             1
             1
             1
             1
             1
             1
             1
             1
             1
             1
             1
             1
             1
             1
             1
             1
             1
             1
             1
             1
             1
             1
             1
             1
             1
             1
             1
             1
             1
             1
             1
             1
             1
             1
             1
             1
             1
             1
             1
             1
             1
             1
             1
             1
             1
             1
             1
             1
