             1
             1
             1
             1
             1
             1
             1
             1
             1
             1
             1
             1
             1
             1
             1
             1
             1
             1
             1
             1
             1
             1
             1
             1
             1
             1
             1
             1
             1
             1
             1
             1
             1
             1
             1
             1
             1
             1
             1
             1
             1
             1
             1
             1
             1
             1
             1
             1
             1
             1
             1
             1
             1
             1
             1
             1
             1
             1
             1
      0.905287
      0.905285
      0.905287
      0.905285
      0.905287
      0.905285
      0.905287
      0.905285
      0.905287
      0.905285
      0.905287
      0.905285
      0.905287
      0.905285
      0.905287
      0.905285
      0.905287
      0.905285
      0.905287
      0.905285
      0.905287
      0.905285
      0.905287
      0.905285
      0.905287
      0.905285
      0.905287
      0.905285
      0.905287
      0.905285
      0.905287
      0.905285
      0.905287
      0.905285
      0.905287
      0.905285
      0.905287
      0.905285
      0.905287
      0.905285
      0.905287
      0.905285
      0.905287
      0.905285
      0.905287
      0.905285
      0.905287
      0.905285
      0.905287
      0.905285
      0.905287
      0.905285
      0.905287
      0.905285
      0.905287
      0.905285
      0.905287
      0.905285
      0.905287
       0.81196
      0.811953
       0.81196
      0.811953
       0.81196
      0.811953
       0.81196
      0.811953
       0.81196
      0.811953
       0.81196
      0.811953
       0.81196
      0.811953
       0.81196
      0.811953
       0.81196
      0.811953
       0.81196
      0.811953
       0.81196
      0.811953
       0.81196
      0.811953
       0.81196
      0.811953
       0.81196
      0.811953
       0.81196
      0.811953
       0.81196
      0.811953
       0.81196
      0.811953
       0.81196
      0.811953
       0.81196
      0.811953
       0.81196
      0.811953
       0.81196
      0.811953
       0.81196
      0.811953
       0.81196
      0.811953
       0.81196
      0.811953
       0.81196
      0.811953
       0.81196
      0.811953
       0.81196
      0.811953
       0.81196
      0.811953
       0.81196
      0.811953
       0.81196
       0.72127
      0.721267
       0.72127
      0.721267
       0.72127
      0.721267
       0.72127
      0.721267
       0.72127
      0.721267
       0.72127
      0.721267
       0.72127
      0.721267
       0.72127
      0.721267
       0.72127
      0.721267
       0.72127
      0.721267
       0.72127
      0.721267
       0.72127
      0.721267
       0.72127
      0.721267
       0.72127
      0.721267
       0.72127
      0.721267
       0.72127
      0.721267
       0.72127
      0.721267
       0.72127
      0.721267
       0.72127
      0.721267
       0.72127
      0.721267
       0.72127
      0.721267
       0.72127
      0.721267
       0.72127
      0.721267
       0.72127
      0.721267
       0.72127
      0.721267
       0.72127
      0.721267
       0.72127
      0.721267
       0.72127
      0.721267
       0.72127
      0.721267
       0.72127
      0.634412
        0.6344
      0.634412
        0.6344
      0.634412
        0.6344
      0.634412
        0.6344
      0.634412
        0.6344
      0.634412
        0.6344
      0.634412
        0.6344
      0.634412
        0.6344
      0.634412
        0.6344
      0.634412
        0.6344
      0.634412
        0.6344
      0.634412
        0.6344
      0.634412
        0.6344
      0.634412
        0.6344
      0.634412
        0.6344
      0.634412
        0.6344
      0.634412
        0.6344
      0.634412
        0.6344
      0.634412
        0.6344
      0.634412
        0.6344
      0.634412
        0.6344
      0.634412
        0.6344
      0.634412
        0.6344
      0.634412
        0.6344
      0.634412
        0.6344
      0.634412
        0.6344
      0.634412
        0.6344
      0.634412
        0.6344
      0.634412
        0.6344
      0.634412
       0.55235
      0.552346
       0.55235
      0.552346
       0.55235
      0.552346
       0.55235
      0.552346
       0.55235
      0.552346
       0.55235
      0.552346
       0.55235
      0.552346
       0.55235
      0.552346
       0.55235
      0.552346
       0.55235
      0.552346
       0.55235
      0.552346
       0.55235
      0.552346
       0.55235
      0.552346
       0.55235
      0.552346
       0.55235
      0.552346
       0.55235
      0.552346
       0.55235
      0.552346
       0.55235
      0.552346
       0.55235
      0.552346
       0.55235
      0.552346
       0.55235
      0.552346
       0.55235
      0.552346
       0.55235
      0.552346
       0.55235
      0.552346
       0.55235
      0.552346
       0.55235
      0.552346
       0.55235
      0.552346
       0.55235
      0.552346
       0.55235
      0.552346
       0.55235
      0.475952
      0.475939
      0.475952
      0.475939
      0.475952
      0.475939
      0.475952
      0.475939
      0.475952
      0.475939
      0.475952
      0.475939
      0.475952
      0.475939
      0.475952
      0.475939
      0.475952
      0.475939
      0.475952
      0.475939
      0.475952
      0.475939
      0.475952
      0.475939
      0.475952
      0.475939
      0.475952
      0.475939
      0.475952
      0.475939
      0.475952
      0.475939
      0.475952
      0.475939
      0.475952
      0.475939
      0.475952
      0.475939
      0.475952
      0.475939
      0.475952
      0.475939
      0.475952
      0.475939
      0.475952
      0.475939
      0.475952
      0.475939
      0.475952
      0.475939
      0.475952
      0.475939
      0.475952
      0.475939
      0.475952
      0.475939
      0.475952
      0.475939
      0.475952
      0.405772
      0.405768
      0.405772
      0.405768
      0.405772
      0.405768
      0.405772
      0.405768
      0.405772
      0.405768
      0.405772
      0.405768
      0.405772
      0.405768
      0.405772
      0.405768
      0.405772
      0.405768
      0.405772
      0.405768
      0.405772
      0.405768
      0.405772
      0.405768
      0.405772
      0.405768
      0.405772
      0.405768
      0.405772
      0.405768
      0.405772
      0.405768
      0.405772
      0.405768
      0.405772
      0.405768
      0.405772
      0.405768
      0.405772
      0.405768
      0.405772
      0.405768
      0.405772
      0.405768
      0.405772
      0.405768
      0.405772
      0.405768
      0.405772
      0.405768
      0.405772
      0.405768
      0.405772
      0.405768
      0.405772
      0.405768
      0.405772
      0.405768
      0.405772
      0.342253
       0.34224
      0.342253
       0.34224
      0.342253
       0.34224
      0.342253
       0.34224
      0.342253
       0.34224
      0.342253
       0.34224
      0.342253
       0.34224
      0.342253
       0.34224
      0.342253
       0.34224
      0.342253
       0.34224
      0.342253
       0.34224
      0.342253
       0.34224
      0.342253
       0.34224
      0.342253
       0.34224
      0.342253
       0.34224
      0.342253
       0.34224
      0.342253
       0.34224
      0.342253
       0.34224
      0.342253
       0.34224
      0.342253
       0.34224
      0.342253
       0.34224
      0.342253
       0.34224
      0.342253
       0.34224
      0.342253
       0.34224
      0.342253
       0.34224
      0.342253
       0.34224
      0.342253
       0.34224
      0.342253
       0.34224
      0.342253
       0.34224
      0.342253
      0.285514
       0.28551
      0.285514
       0.28551
      0.285514
       0.28551
      0.285514
       0.28551
      0.285514
       0.28551
      0.285514
       0.28551
      0.285514
       0.28551
      0.285514
       0.28551
      0.285514
       0.28551
      0.285514
       0.28551
      0.285514
       0.28551
      0.285514
       0.28551
      0.285514
       0.28551
      0.285514
       0.28551
      0.285514
       0.28551
      0.285514
       0.28551
      0.285514
       0.28551
      0.285514
       0.28551
      0.285514
       0.28551
      0.285514
       0.28551
      0.285514
       0.28551
      0.285514
       0.28551
      0.285514
       0.28551
      0.285514
       0.28551
      0.285514
       0.28551
      0.285514
       0.28551
      0.285514
       0.28551
      0.285514
       0.28551
      0.285514
       0.28551
      0.285514
      0.235575
      0.235565
      0.235575
      0.235565
      0.235575
      0.235565
      0.235575
      0.235565
      0.235575
      0.235565
      0.235575
      0.235565
      0.235575
      0.235565
      0.235575
      0.235565
      0.235575
      0.235565
      0.235575
      0.235565
      0.235575
      0.235565
      0.235575
      0.235565
      0.235575
      0.235565
      0.235575
      0.235565
      0.235575
      0.235565
      0.235575
      0.235565
      0.235575
      0.235565
      0.235575
      0.235565
      0.235575
      0.235565
      0.235575
      0.235565
      0.235575
      0.235565
      0.235575
      0.235565
      0.235575
      0.235565
      0.235575
      0.235565
      0.235575
      0.235565
      0.235575
      0.235565
      0.235575
      0.235565
      0.235575
      0.235565
      0.235575
      0.235565
      0.235575
      0.192192
      0.192189
      0.192192
      0.192189
      0.192192
      0.192189
      0.192192
      0.192189
      0.192192
      0.192189
      0.192192
      0.192189
      0.192192
      0.192189
      0.192192
      0.192189
      0.192192
      0.192189
      0.192192
      0.192189
      0.192192
      0.192189
      0.192192
      0.192189
      0.192192
      0.192189
      0.192192
      0.192189
      0.192192
      0.192189
      0.192192
      0.192189
      0.192192
      0.192189
      0.192192
      0.192189
      0.192192
      0.192189
      0.192192
      0.192189
      0.192192
      0.192189
      0.192192
      0.192189
      0.192192
      0.192189
      0.192192
      0.192189
      0.192192
      0.192189
      0.192192
      0.192189
      0.192192
      0.192189
      0.192192
      0.192189
      0.192192
      0.192189
      0.192192
      0.155049
      0.155044
      0.155049
      0.155044
      0.155049
      0.155044
      0.155049
      0.155044
      0.155049
      0.155044
      0.155049
      0.155044
      0.155049
      0.155044
      0.155049
      0.155044
      0.155049
      0.155044
      0.155049
      0.155044
      0.155049
      0.155044
      0.155049
      0.155044
      0.155049
      0.155044
      0.155049
      0.155044
      0.155049
      0.155044
      0.155049
      0.155044
      0.155049
      0.155044
      0.155049
      0.155044
      0.155049
      0.155044
      0.155049
      0.155044
      0.155049
      0.155044
      0.155049
      0.155044
      0.155049
      0.155044
      0.155049
      0.155044
      0.155049
      0.155044
      0.155049
      0.155044
      0.155049
      0.155044
      0.155049
      0.155044
      0.155049
      0.155044
      0.155049
      0.123663
      0.123662
      0.123663
      0.123662
      0.123663
      0.123662
      0.123663
      0.123662
      0.123663
      0.123662
      0.123663
      0.123662
      0.123663
      0.123662
      0.123663
      0.123662
      0.123663
      0.123662
      0.123663
      0.123662
      0.123663
      0.123662
      0.123663
      0.123662
      0.123663
      0.123662
      0.123663
      0.123662
      0.123663
      0.123662
      0.123663
      0.123662
      0.123663
      0.123662
      0.123663
      0.123662
      0.123663
      0.123662
      0.123663
      0.123662
      0.123663
      0.123662
      0.123663
      0.123662
      0.123663
      0.123662
      0.123663
      0.123662
      0.123663
      0.123662
      0.123663
      0.123662
      0.123663
      0.123662
      0.123663
      0.123662
      0.123663
      0.123662
      0.123663
     0.0975135
     0.0975127
     0.0975135
     0.0975127
     0.0975135
     0.0975127
     0.0975135
     0.0975127
     0.0975135
     0.0975127
     0.0975135
     0.0975127
     0.0975135
     0.0975127
     0.0975135
     0.0975127
     0.0975135
     0.0975127
     0.0975135
     0.0975127
     0.0975135
     0.0975127
     0.0975135
     0.0975127
     0.0975135
     0.0975127
     0.0975135
     0.0975127
     0.0975135
     0.0975127
     0.0975135
     0.0975127
     0.0975135
     0.0975127
     0.0975135
     0.0975127
     0.0975135
     0.0975127
     0.0975135
     0.0975127
     0.0975135
     0.0975127
     0.0975135
     0.0975127
     0.0975135
     0.0975127
     0.0975135
     0.0975127
     0.0975135
     0.0975127
     0.0975135
     0.0975127
     0.0975135
     0.0975127
     0.0975135
     0.0975127
     0.0975135
     0.0975127
     0.0975135
     0.0760158
      0.076016
     0.0760158
      0.076016
     0.0760158
      0.076016
     0.0760158
      0.076016
     0.0760158
      0.076016
     0.0760158
      0.076016
     0.0760158
      0.076016
     0.0760158
      0.076016
     0.0760158
      0.076016
     0.0760158
      0.076016
     0.0760158
      0.076016
     0.0760158
      0.076016
     0.0760158
      0.076016
     0.0760158
      0.076016
     0.0760158
      0.076016
     0.0760158
      0.076016
     0.0760158
      0.076016
     0.0760158
      0.076016
     0.0760158
      0.076016
     0.0760158
      0.076016
     0.0760158
      0.076016
     0.0760158
      0.076016
     0.0760158
      0.076016
     0.0760158
      0.076016
     0.0760158
      0.076016
     0.0760158
      0.076016
     0.0760158
      0.076016
     0.0760158
      0.076016
     0.0760158
      0.076016
     0.0760158
     0.0585786
     0.0585806
     0.0585786
     0.0585806
     0.0585786
     0.0585806
     0.0585786
     0.0585806
     0.0585786
     0.0585806
     0.0585786
     0.0585806
     0.0585786
     0.0585806
     0.0585786
     0.0585806
     0.0585786
     0.0585806
     0.0585786
     0.0585806
     0.0585786
     0.0585806
     0.0585786
     0.0585806
     0.0585786
     0.0585806
     0.0585786
     0.0585806
     0.0585786
     0.0585806
     0.0585786
     0.0585806
     0.0585786
     0.0585806
     0.0585786
     0.0585806
     0.0585786
     0.0585806
     0.0585786
     0.0585806
     0.0585786
     0.0585806
     0.0585786
     0.0585806
     0.0585786
     0.0585806
     0.0585786
     0.0585806
     0.0585786
     0.0585806
     0.0585786
     0.0585806
     0.0585786
     0.0585806
     0.0585786
     0.0585806
     0.0585786
     0.0585806
     0.0585786
     0.0446284
     0.0446293
     0.0446284
     0.0446293
     0.0446284
     0.0446293
     0.0446284
     0.0446293
     0.0446284
     0.0446293
     0.0446284
     0.0446293
     0.0446284
     0.0446293
     0.0446284
     0.0446293
     0.0446284
     0.0446293
     0.0446284
     0.0446293
     0.0446284
     0.0446293
     0.0446284
     0.0446293
     0.0446284
     0.0446293
     0.0446284
     0.0446293
     0.0446284
     0.0446293
     0.0446284
     0.0446293
     0.0446284
     0.0446293
     0.0446284
     0.0446293
     0.0446284
     0.0446293
     0.0446284
     0.0446293
     0.0446284
     0.0446293
     0.0446284
     0.0446293
     0.0446284
     0.0446293
     0.0446284
     0.0446293
     0.0446284
     0.0446293
     0.0446284
     0.0446293
     0.0446284
     0.0446293
     0.0446284
     0.0446293
     0.0446284
     0.0446293
     0.0446284
     0.0336076
      0.033611
     0.0336076
      0.033611
     0.0336076
      0.033611
     0.0336076
      0.033611
     0.0336076
      0.033611
     0.0336076
      0.033611
     0.0336076
      0.033611
     0.0336076
      0.033611
     0.0336076
      0.033611
     0.0336076
      0.033611
     0.0336076
      0.033611
     0.0336076
      0.033611
     0.0336076
      0.033611
     0.0336076
      0.033611
     0.0336076
      0.033611
     0.0336076
      0.033611
     0.0336076
      0.033611
     0.0336076
      0.033611
     0.0336076
      0.033611
     0.0336076
      0.033611
     0.0336076
      0.033611
     0.0336076
      0.033611
     0.0336076
      0.033611
     0.0336076
      0.033611
     0.0336076
      0.033611
     0.0336076
      0.033611
     0.0336076
      0.033611
     0.0336076
      0.033611
     0.0336076
      0.033611
     0.0336076
      0.025026
     0.0250272
      0.025026
     0.0250272
      0.025026
     0.0250272
      0.025026
     0.0250272
      0.025026
     0.0250272
      0.025026
     0.0250272
      0.025026
     0.0250272
      0.025026
     0.0250272
      0.025026
     0.0250272
      0.025026
     0.0250272
      0.025026
     0.0250272
      0.025026
     0.0250272
      0.025026
     0.0250272
      0.025026
     0.0250272
      0.025026
     0.0250272
      0.025026
     0.0250272
      0.025026
     0.0250272
      0.025026
     0.0250272
      0.025026
     0.0250272
      0.025026
     0.0250272
      0.025026
     0.0250272
      0.025026
     0.0250272
      0.025026
     0.0250272
      0.025026
     0.0250272
      0.025026
     0.0250272
      0.025026
     0.0250272
      0.025026
     0.0250272
      0.025026
     0.0250272
      0.025026
     0.0250272
      0.025026
     0.0184207
     0.0184243
     0.0184207
     0.0184243
     0.0184207
     0.0184243
     0.0184207
     0.0184243
     0.0184207
     0.0184243
     0.0184207
     0.0184243
     0.0184207
     0.0184243
     0.0184207
     0.0184243
     0.0184207
     0.0184243
     0.0184207
     0.0184243
     0.0184207
     0.0184243
     0.0184207
     0.0184243
     0.0184207
     0.0184243
     0.0184207
     0.0184243
     0.0184207
     0.0184243
     0.0184207
     0.0184243
     0.0184207
     0.0184243
     0.0184207
     0.0184243
     0.0184207
     0.0184243
     0.0184207
     0.0184243
     0.0184207
     0.0184243
     0.0184207
     0.0184243
     0.0184207
     0.0184243
     0.0184207
     0.0184243
     0.0184207
     0.0184243
     0.0184207
     0.0184243
     0.0184207
     0.0184243
     0.0184207
     0.0184243
     0.0184207
     0.0184243
     0.0184207
     0.0134154
     0.0134166
     0.0134154
     0.0134166
     0.0134154
     0.0134166
     0.0134154
     0.0134166
     0.0134154
     0.0134166
     0.0134154
     0.0134166
     0.0134154
     0.0134166
     0.0134154
     0.0134166
     0.0134154
     0.0134166
     0.0134154
     0.0134166
     0.0134154
     0.0134166
     0.0134154
     0.0134166
     0.0134154
     0.0134166
     0.0134154
     0.0134166
     0.0134154
     0.0134166
     0.0134154
     0.0134166
     0.0134154
     0.0134166
     0.0134154
     0.0134166
     0.0134154
     0.0134166
     0.0134154
     0.0134166
     0.0134154
     0.0134166
     0.0134154
     0.0134166
     0.0134154
     0.0134166
     0.0134154
     0.0134166
     0.0134154
     0.0134166
     0.0134154
     0.0134166
     0.0134154
     0.0134166
     0.0134154
     0.0134166
     0.0134154
     0.0134166
     0.0134154
    0.00966348
    0.00966673
    0.00966348
    0.00966673
    0.00966348
    0.00966673
    0.00966348
    0.00966673
    0.00966348
    0.00966673
    0.00966348
    0.00966673
    0.00966348
    0.00966673
    0.00966348
    0.00966673
    0.00966348
    0.00966673
    0.00966348
    0.00966673
    0.00966348
    0.00966673
    0.00966347
    0.00966672
    0.00966346
     0.0096667
    0.00966344
    0.00966668
    0.00966343
    0.00966668
    0.00966343
    0.00966668
    0.00966344
     0.0096667
    0.00966346
    0.00966672
    0.00966347
    0.00966673
    0.00966348
    0.00966673
    0.00966348
    0.00966673
    0.00966348
    0.00966673
    0.00966348
    0.00966673
    0.00966348
    0.00966673
    0.00966348
    0.00966673
    0.00966348
    0.00966673
    0.00966348
    0.00966673
    0.00966348
    0.00966673
    0.00966348
    0.00966673
    0.00966348
    0.00690205
    0.00690302
    0.00690205
    0.00690302
    0.00690205
    0.00690302
    0.00690205
    0.00690302
    0.00690205
    0.00690302
    0.00690205
    0.00690302
    0.00690205
    0.00690302
    0.00690205
    0.00690302
    0.00690205
    0.00690302
    0.00690205
    0.00690302
    0.00690204
    0.00690301
    0.00690203
      0.006903
    0.00690201
    0.00690297
    0.00690198
    0.00690294
    0.00690195
    0.00690292
    0.00690195
    0.00690294
    0.00690198
    0.00690297
    0.00690201
      0.006903
    0.00690203
    0.00690301
    0.00690204
    0.00690302
    0.00690205
    0.00690302
    0.00690205
    0.00690302
    0.00690205
    0.00690302
    0.00690205
    0.00690302
    0.00690205
    0.00690302
    0.00690205
    0.00690302
    0.00690205
    0.00690302
    0.00690205
    0.00690302
    0.00690205
    0.00690302
    0.00690205
    0.00489444
    0.00489703
    0.00489444
    0.00489703
    0.00489444
    0.00489703
    0.00489444
    0.00489703
    0.00489444
    0.00489703
    0.00489444
    0.00489703
    0.00489444
    0.00489703
    0.00489444
    0.00489703
    0.00489444
    0.00489703
    0.00489444
    0.00489702
    0.00489443
    0.00489701
    0.00489442
    0.00489699
    0.00489439
    0.00489695
    0.00489433
    0.00489689
    0.00489427
    0.00489685
    0.00489427
    0.00489689
    0.00489433
    0.00489695
    0.00489439
    0.00489699
    0.00489442
    0.00489701
    0.00489443
    0.00489702
    0.00489444
    0.00489703
    0.00489444
    0.00489703
    0.00489444
    0.00489703
    0.00489444
    0.00489703
    0.00489444
    0.00489703
    0.00489444
    0.00489703
    0.00489444
    0.00489703
    0.00489444
    0.00489703
    0.00489444
    0.00489703
    0.00489444
    0.00347417
    0.00347493
    0.00347417
    0.00347493
    0.00347417
    0.00347493
    0.00347417
    0.00347493
    0.00347417
    0.00347493
    0.00347417
    0.00347493
    0.00347417
    0.00347493
    0.00347417
    0.00347493
    0.00347417
    0.00347493
    0.00347417
    0.00347493
    0.00347416
    0.00347491
    0.00347414
    0.00347488
    0.00347409
    0.00347481
      0.003474
    0.00347469
    0.00347388
    0.00347461
    0.00347388
    0.00347469
      0.003474
    0.00347481
    0.00347409
    0.00347488
    0.00347414
    0.00347491
    0.00347416
    0.00347493
    0.00347417
    0.00347493
    0.00347417
    0.00347493
    0.00347417
    0.00347493
    0.00347417
    0.00347493
    0.00347417
    0.00347493
    0.00347417
    0.00347493
    0.00347417
    0.00347493
    0.00347417
    0.00347493
    0.00347417
    0.00347493
    0.00347417
    0.00249546
    0.00249745
    0.00249546
    0.00249745
    0.00249546
    0.00249745
    0.00249546
    0.00249745
    0.00249546
    0.00249745
    0.00249546
    0.00249745
    0.00249546
    0.00249745
    0.00249546
    0.00249745
    0.00249546
    0.00249745
    0.00249546
    0.00249744
    0.00249545
    0.00249742
    0.00249542
    0.00249738
    0.00249535
    0.00249727
    0.00249518
    0.00249705
    0.00249495
    0.00249687
    0.00249495
    0.00249705
    0.00249518
    0.00249727
    0.00249535
    0.00249738
    0.00249542
    0.00249742
    0.00249545
    0.00249744
    0.00249546
    0.00249745
    0.00249546
    0.00249745
    0.00249546
    0.00249745
    0.00249546
    0.00249745
    0.00249546
    0.00249745
    0.00249546
    0.00249745
    0.00249546
    0.00249745
    0.00249546
    0.00249745
    0.00249546
    0.00249745
    0.00249546
    0.00186697
    0.00186757
    0.00186697
    0.00186757
    0.00186697
    0.00186757
    0.00186697
    0.00186757
    0.00186697
    0.00186757
    0.00186697
    0.00186757
    0.00186697
    0.00186757
    0.00186697
    0.00186757
    0.00186696
    0.00186756
    0.00186696
    0.00186756
    0.00186695
    0.00186754
    0.00186692
    0.00186748
    0.00186682
    0.00186733
    0.00186657
    0.00186694
    0.00186604
    0.00186648
    0.00186604
    0.00186694
    0.00186657
    0.00186733
    0.00186682
    0.00186748
    0.00186692
    0.00186754
    0.00186695
    0.00186756
    0.00186696
    0.00186756
    0.00186696
    0.00186757
    0.00186697
    0.00186757
    0.00186697
    0.00186757
    0.00186697
    0.00186757
    0.00186697
    0.00186757
    0.00186697
    0.00186757
    0.00186697
    0.00186757
    0.00186697
    0.00186757
    0.00186697
    0.00151327
    0.00151491
    0.00151327
    0.00151491
    0.00151327
    0.00151491
    0.00151327
    0.00151491
    0.00151327
    0.00151491
    0.00151327
    0.00151491
    0.00151327
    0.00151491
    0.00151326
    0.00151491
    0.00151326
    0.00151491
    0.00151326
     0.0015149
    0.00151325
    0.00151488
    0.00151321
    0.00151482
     0.0015131
    0.00151462
    0.00151275
    0.00151398
     0.0015116
     0.0015128
     0.0015116
    0.00151398
    0.00151275
    0.00151462
     0.0015131
    0.00151482
    0.00151321
    0.00151488
    0.00151325
     0.0015149
    0.00151326
    0.00151491
    0.00151326
    0.00151491
    0.00151326
    0.00151491
    0.00151327
    0.00151491
    0.00151327
    0.00151491
    0.00151327
    0.00151491
    0.00151327
    0.00151491
    0.00151327
    0.00151491
    0.00151327
    0.00151491
    0.00151327
    0.00140182
    0.00140236
    0.00140182
    0.00140236
    0.00140182
    0.00140236
    0.00140182
    0.00140236
    0.00140182
    0.00140236
    0.00140182
    0.00140236
    0.00140182
    0.00140236
    0.00140182
    0.00140236
    0.00140182
    0.00140236
    0.00140181
    0.00140235
     0.0014018
    0.00140233
    0.00140176
    0.00140226
    0.00140164
    0.00140204
    0.00140124
    0.00140128
     0.0013997
    0.00139794
     0.0013997
    0.00140128
    0.00140124
    0.00140204
    0.00140164
    0.00140226
    0.00140176
    0.00140233
     0.0014018
    0.00140235
    0.00140181
    0.00140236
    0.00140182
    0.00140236
    0.00140182
    0.00140236
    0.00140182
    0.00140236
    0.00140182
    0.00140236
    0.00140182
    0.00140236
    0.00140182
    0.00140236
    0.00140182
    0.00140236
    0.00140182
    0.00140236
    0.00140182
    0.00151327
    0.00151491
    0.00151327
    0.00151491
    0.00151327
    0.00151491
    0.00151327
    0.00151491
    0.00151327
    0.00151491
    0.00151327
    0.00151491
    0.00151327
    0.00151491
    0.00151326
    0.00151491
    0.00151326
    0.00151491
    0.00151326
     0.0015149
    0.00151325
    0.00151488
    0.00151321
    0.00151482
     0.0015131
    0.00151462
    0.00151275
    0.00151398
     0.0015116
     0.0015128
     0.0015116
    0.00151398
    0.00151275
    0.00151462
     0.0015131
    0.00151482
    0.00151321
    0.00151488
    0.00151325
     0.0015149
    0.00151326
    0.00151491
    0.00151326
    0.00151491
    0.00151326
    0.00151491
    0.00151327
    0.00151491
    0.00151327
    0.00151491
    0.00151327
    0.00151491
    0.00151327
    0.00151491
    0.00151327
    0.00151491
    0.00151327
    0.00151491
    0.00151327
    0.00186697
    0.00186757
    0.00186697
    0.00186757
    0.00186697
    0.00186757
    0.00186697
    0.00186757
    0.00186697
    0.00186757
    0.00186697
    0.00186757
    0.00186697
    0.00186757
    0.00186697
    0.00186757
    0.00186696
    0.00186756
    0.00186696
    0.00186756
    0.00186695
    0.00186754
    0.00186692
    0.00186748
    0.00186682
    0.00186733
    0.00186657
    0.00186694
    0.00186604
    0.00186648
    0.00186604
    0.00186694
    0.00186657
    0.00186733
    0.00186682
    0.00186748
    0.00186692
    0.00186754
    0.00186695
    0.00186756
    0.00186696
    0.00186756
    0.00186696
    0.00186757
    0.00186697
    0.00186757
    0.00186697
    0.00186757
    0.00186697
    0.00186757
    0.00186697
    0.00186757
    0.00186697
    0.00186757
    0.00186697
    0.00186757
    0.00186697
    0.00186757
    0.00186697
    0.00249546
    0.00249745
    0.00249546
    0.00249745
    0.00249546
    0.00249745
    0.00249546
    0.00249745
    0.00249546
    0.00249745
    0.00249546
    0.00249745
    0.00249546
    0.00249745
    0.00249546
    0.00249745
    0.00249546
    0.00249745
    0.00249546
    0.00249744
    0.00249545
    0.00249742
    0.00249542
    0.00249738
    0.00249535
    0.00249727
    0.00249518
    0.00249705
    0.00249495
    0.00249687
    0.00249495
    0.00249705
    0.00249518
    0.00249727
    0.00249535
    0.00249738
    0.00249542
    0.00249742
    0.00249545
    0.00249744
    0.00249546
    0.00249745
    0.00249546
    0.00249745
    0.00249546
    0.00249745
    0.00249546
    0.00249745
    0.00249546
    0.00249745
    0.00249546
    0.00249745
    0.00249546
    0.00249745
    0.00249546
    0.00249745
    0.00249546
    0.00249745
    0.00249546
    0.00347417
    0.00347493
    0.00347417
    0.00347493
    0.00347417
    0.00347493
    0.00347417
    0.00347493
    0.00347417
    0.00347493
    0.00347417
    0.00347493
    0.00347417
    0.00347493
    0.00347417
    0.00347493
    0.00347417
    0.00347493
    0.00347417
    0.00347493
    0.00347416
    0.00347491
    0.00347414
    0.00347488
    0.00347409
    0.00347481
      0.003474
    0.00347469
    0.00347388
    0.00347461
    0.00347388
    0.00347469
      0.003474
    0.00347481
    0.00347409
    0.00347488
    0.00347414
    0.00347491
    0.00347416
    0.00347493
    0.00347417
    0.00347493
    0.00347417
    0.00347493
    0.00347417
    0.00347493
    0.00347417
    0.00347493
    0.00347417
    0.00347493
    0.00347417
    0.00347493
    0.00347417
    0.00347493
    0.00347417
    0.00347493
    0.00347417
    0.00347493
    0.00347417
    0.00489444
    0.00489703
    0.00489444
    0.00489703
    0.00489444
    0.00489703
    0.00489444
    0.00489703
    0.00489444
    0.00489703
    0.00489444
    0.00489703
    0.00489444
    0.00489703
    0.00489444
    0.00489703
    0.00489444
    0.00489703
    0.00489444
    0.00489702
    0.00489443
    0.00489701
    0.00489442
    0.00489699
    0.00489439
    0.00489695
    0.00489433
    0.00489689
    0.00489427
    0.00489685
    0.00489427
    0.00489689
    0.00489433
    0.00489695
    0.00489439
    0.00489699
    0.00489442
    0.00489701
    0.00489443
    0.00489702
    0.00489444
    0.00489703
    0.00489444
    0.00489703
    0.00489444
    0.00489703
    0.00489444
    0.00489703
    0.00489444
    0.00489703
    0.00489444
    0.00489703
    0.00489444
    0.00489703
    0.00489444
    0.00489703
    0.00489444
    0.00489703
    0.00489444
    0.00690205
    0.00690302
    0.00690205
    0.00690302
    0.00690205
    0.00690302
    0.00690205
    0.00690302
    0.00690205
    0.00690302
    0.00690205
    0.00690302
    0.00690205
    0.00690302
    0.00690205
    0.00690302
    0.00690205
    0.00690302
    0.00690205
    0.00690302
    0.00690204
    0.00690301
    0.00690203
      0.006903
    0.00690201
    0.00690297
    0.00690198
    0.00690294
    0.00690195
    0.00690292
    0.00690195
    0.00690294
    0.00690198
    0.00690297
    0.00690201
      0.006903
    0.00690203
    0.00690301
    0.00690204
    0.00690302
    0.00690205
    0.00690302
    0.00690205
    0.00690302
    0.00690205
    0.00690302
    0.00690205
    0.00690302
    0.00690205
    0.00690302
    0.00690205
    0.00690302
    0.00690205
    0.00690302
    0.00690205
    0.00690302
    0.00690205
    0.00690302
    0.00690205
    0.00966348
    0.00966673
    0.00966348
    0.00966673
    0.00966348
    0.00966673
    0.00966348
    0.00966673
    0.00966348
    0.00966673
    0.00966348
    0.00966673
    0.00966348
    0.00966673
    0.00966348
    0.00966673
    0.00966348
    0.00966673
    0.00966348
    0.00966673
    0.00966348
    0.00966673
    0.00966347
    0.00966672
    0.00966346
     0.0096667
    0.00966344
    0.00966668
    0.00966343
    0.00966668
    0.00966343
    0.00966668
    0.00966344
     0.0096667
    0.00966346
    0.00966672
    0.00966347
    0.00966673
    0.00966348
    0.00966673
    0.00966348
    0.00966673
    0.00966348
    0.00966673
    0.00966348
    0.00966673
    0.00966348
    0.00966673
    0.00966348
    0.00966673
    0.00966348
    0.00966673
    0.00966348
    0.00966673
    0.00966348
    0.00966673
    0.00966348
    0.00966673
    0.00966348
     0.0134154
     0.0134166
     0.0134154
     0.0134166
     0.0134154
     0.0134166
     0.0134154
     0.0134166
     0.0134154
     0.0134166
     0.0134154
     0.0134166
     0.0134154
     0.0134166
     0.0134154
     0.0134166
     0.0134154
     0.0134166
     0.0134154
     0.0134166
     0.0134154
     0.0134166
     0.0134154
     0.0134166
     0.0134154
     0.0134166
     0.0134154
     0.0134166
     0.0134154
     0.0134166
     0.0134154
     0.0134166
     0.0134154
     0.0134166
     0.0134154
     0.0134166
     0.0134154
     0.0134166
     0.0134154
     0.0134166
     0.0134154
     0.0134166
     0.0134154
     0.0134166
     0.0134154
     0.0134166
     0.0134154
     0.0134166
     0.0134154
     0.0134166
     0.0134154
     0.0134166
     0.0134154
     0.0134166
     0.0134154
     0.0134166
     0.0134154
     0.0134166
     0.0134154
     0.0184207
     0.0184243
     0.0184207
     0.0184243
     0.0184207
     0.0184243
     0.0184207
     0.0184243
     0.0184207
     0.0184243
     0.0184207
     0.0184243
     0.0184207
     0.0184243
     0.0184207
     0.0184243
     0.0184207
     0.0184243
     0.0184207
     0.0184243
     0.0184207
     0.0184243
     0.0184207
     0.0184243
     0.0184207
     0.0184243
     0.0184207
     0.0184243
     0.0184207
     0.0184243
     0.0184207
     0.0184243
     0.0184207
     0.0184243
     0.0184207
     0.0184243
     0.0184207
     0.0184243
     0.0184207
     0.0184243
     0.0184207
     0.0184243
     0.0184207
     0.0184243
     0.0184207
     0.0184243
     0.0184207
     0.0184243
     0.0184207
     0.0184243
     0.0184207
     0.0184243
     0.0184207
     0.0184243
     0.0184207
     0.0184243
     0.0184207
     0.0184243
     0.0184207
      0.025026
     0.0250272
      0.025026
     0.0250272
      0.025026
     0.0250272
      0.025026
     0.0250272
      0.025026
     0.0250272
      0.025026
     0.0250272
      0.025026
     0.0250272
      0.025026
     0.0250272
      0.025026
     0.0250272
      0.025026
     0.0250272
      0.025026
     0.0250272
      0.025026
     0.0250272
      0.025026
     0.0250272
      0.025026
     0.0250272
      0.025026
     0.0250272
      0.025026
     0.0250272
      0.025026
     0.0250272
      0.025026
     0.0250272
      0.025026
     0.0250272
      0.025026
     0.0250272
      0.025026
     0.0250272
      0.025026
     0.0250272
      0.025026
     0.0250272
      0.025026
     0.0250272
      0.025026
     0.0250272
      0.025026
     0.0250272
      0.025026
     0.0250272
      0.025026
     0.0250272
      0.025026
     0.0250272
      0.025026
     0.0336076
      0.033611
     0.0336076
      0.033611
     0.0336076
      0.033611
     0.0336076
      0.033611
     0.0336076
      0.033611
     0.0336076
      0.033611
     0.0336076
      0.033611
     0.0336076
      0.033611
     0.0336076
      0.033611
     0.0336076
      0.033611
     0.0336076
      0.033611
     0.0336076
      0.033611
     0.0336076
      0.033611
     0.0336076
      0.033611
     0.0336076
      0.033611
     0.0336076
      0.033611
     0.0336076
      0.033611
     0.0336076
      0.033611
     0.0336076
      0.033611
     0.0336076
      0.033611
     0.0336076
      0.033611
     0.0336076
      0.033611
     0.0336076
      0.033611
     0.0336076
      0.033611
     0.0336076
      0.033611
     0.0336076
      0.033611
     0.0336076
      0.033611
     0.0336076
      0.033611
     0.0336076
      0.033611
     0.0336076
     0.0446284
     0.0446293
     0.0446284
     0.0446293
     0.0446284
     0.0446293
     0.0446284
     0.0446293
     0.0446284
     0.0446293
     0.0446284
     0.0446293
     0.0446284
     0.0446293
     0.0446284
     0.0446293
     0.0446284
     0.0446293
     0.0446284
     0.0446293
     0.0446284
     0.0446293
     0.0446284
     0.0446293
     0.0446284
     0.0446293
     0.0446284
     0.0446293
     0.0446284
     0.0446293
     0.0446284
     0.0446293
     0.0446284
     0.0446293
     0.0446284
     0.0446293
     0.0446284
     0.0446293
     0.0446284
     0.0446293
     0.0446284
     0.0446293
     0.0446284
     0.0446293
     0.0446284
     0.0446293
     0.0446284
     0.0446293
     0.0446284
     0.0446293
     0.0446284
     0.0446293
     0.0446284
     0.0446293
     0.0446284
     0.0446293
     0.0446284
     0.0446293
     0.0446284
     0.0585786
     0.0585806
     0.0585786
     0.0585806
     0.0585786
     0.0585806
     0.0585786
     0.0585806
     0.0585786
     0.0585806
     0.0585786
     0.0585806
     0.0585786
     0.0585806
     0.0585786
     0.0585806
     0.0585786
     0.0585806
     0.0585786
     0.0585806
     0.0585786
     0.0585806
     0.0585786
     0.0585806
     0.0585786
     0.0585806
     0.0585786
     0.0585806
     0.0585786
     0.0585806
     0.0585786
     0.0585806
     0.0585786
     0.0585806
     0.0585786
     0.0585806
     0.0585786
     0.0585806
     0.0585786
     0.0585806
     0.0585786
     0.0585806
     0.0585786
     0.0585806
     0.0585786
     0.0585806
     0.0585786
     0.0585806
     0.0585786
     0.0585806
     0.0585786
     0.0585806
     0.0585786
     0.0585806
     0.0585786
     0.0585806
     0.0585786
     0.0585806
     0.0585786
     0.0760158
      0.076016
     0.0760158
      0.076016
     0.0760158
      0.076016
     0.0760158
      0.076016
     0.0760158
      0.076016
     0.0760158
      0.076016
     0.0760158
      0.076016
     0.0760158
      0.076016
     0.0760158
      0.076016
     0.0760158
      0.076016
     0.0760158
      0.076016
     0.0760158
      0.076016
     0.0760158
      0.076016
     0.0760158
      0.076016
     0.0760158
      0.076016
     0.0760158
      0.076016
     0.0760158
      0.076016
     0.0760158
      0.076016
     0.0760158
      0.076016
     0.0760158
      0.076016
     0.0760158
      0.076016
     0.0760158
      0.076016
     0.0760158
      0.076016
     0.0760158
      0.076016
     0.0760158
      0.076016
     0.0760158
      0.076016
     0.0760158
      0.076016
     0.0760158
      0.076016
     0.0760158
      0.076016
     0.0760158
     0.0975135
     0.0975127
     0.0975135
     0.0975127
     0.0975135
     0.0975127
     0.0975135
     0.0975127
     0.0975135
     0.0975127
     0.0975135
     0.0975127
     0.0975135
     0.0975127
     0.0975135
     0.0975127
     0.0975135
     0.0975127
     0.0975135
     0.0975127
     0.0975135
     0.0975127
     0.0975135
     0.0975127
     0.0975135
     0.0975127
     0.0975135
     0.0975127
     0.0975135
     0.0975127
     0.0975135
     0.0975127
     0.0975135
     0.0975127
     0.0975135
     0.0975127
     0.0975135
     0.0975127
     0.0975135
     0.0975127
     0.0975135
     0.0975127
     0.0975135
     0.0975127
     0.0975135
     0.0975127
     0.0975135
     0.0975127
     0.0975135
     0.0975127
     0.0975135
     0.0975127
     0.0975135
     0.0975127
     0.0975135
     0.0975127
     0.0975135
     0.0975127
     0.0975135
      0.123663
      0.123662
      0.123663
      0.123662
      0.123663
      0.123662
      0.123663
      0.123662
      0.123663
      0.123662
      0.123663
      0.123662
      0.123663
      0.123662
      0.123663
      0.123662
      0.123663
      0.123662
      0.123663
      0.123662
      0.123663
      0.123662
      0.123663
      0.123662
      0.123663
      0.123662
      0.123663
      0.123662
      0.123663
      0.123662
      0.123663
      0.123662
      0.123663
      0.123662
      0.123663
      0.123662
      0.123663
      0.123662
      0.123663
      0.123662
      0.123663
      0.123662
      0.123663
      0.123662
      0.123663
      0.123662
      0.123663
      0.123662
      0.123663
      0.123662
      0.123663
      0.123662
      0.123663
      0.123662
      0.123663
      0.123662
      0.123663
      0.123662
      0.123663
      0.155049
      0.155044
      0.155049
      0.155044
      0.155049
      0.155044
      0.155049
      0.155044
      0.155049
      0.155044
      0.155049
      0.155044
      0.155049
      0.155044
      0.155049
      0.155044
      0.155049
      0.155044
      0.155049
      0.155044
      0.155049
      0.155044
      0.155049
      0.155044
      0.155049
      0.155044
      0.155049
      0.155044
      0.155049
      0.155044
      0.155049
      0.155044
      0.155049
      0.155044
      0.155049
      0.155044
      0.155049
      0.155044
      0.155049
      0.155044
      0.155049
      0.155044
      0.155049
      0.155044
      0.155049
      0.155044
      0.155049
      0.155044
      0.155049
      0.155044
      0.155049
      0.155044
      0.155049
      0.155044
      0.155049
      0.155044
      0.155049
      0.155044
      0.155049
      0.192192
      0.192189
      0.192192
      0.192189
      0.192192
      0.192189
      0.192192
      0.192189
      0.192192
      0.192189
      0.192192
      0.192189
      0.192192
      0.192189
      0.192192
      0.192189
      0.192192
      0.192189
      0.192192
      0.192189
      0.192192
      0.192189
      0.192192
      0.192189
      0.192192
      0.192189
      0.192192
      0.192189
      0.192192
      0.192189
      0.192192
      0.192189
      0.192192
      0.192189
      0.192192
      0.192189
      0.192192
      0.192189
      0.192192
      0.192189
      0.192192
      0.192189
      0.192192
      0.192189
      0.192192
      0.192189
      0.192192
      0.192189
      0.192192
      0.192189
      0.192192
      0.192189
      0.192192
      0.192189
      0.192192
      0.192189
      0.192192
      0.192189
      0.192192
      0.235575
      0.235565
      0.235575
      0.235565
      0.235575
      0.235565
      0.235575
      0.235565
      0.235575
      0.235565
      0.235575
      0.235565
      0.235575
      0.235565
      0.235575
      0.235565
      0.235575
      0.235565
      0.235575
      0.235565
      0.235575
      0.235565
      0.235575
      0.235565
      0.235575
      0.235565
      0.235575
      0.235565
      0.235575
      0.235565
      0.235575
      0.235565
      0.235575
      0.235565
      0.235575
      0.235565
      0.235575
      0.235565
      0.235575
      0.235565
      0.235575
      0.235565
      0.235575
      0.235565
      0.235575
      0.235565
      0.235575
      0.235565
      0.235575
      0.235565
      0.235575
      0.235565
      0.235575
      0.235565
      0.235575
      0.235565
      0.235575
      0.235565
      0.235575
      0.285514
       0.28551
      0.285514
       0.28551
      0.285514
       0.28551
      0.285514
       0.28551
      0.285514
       0.28551
      0.285514
       0.28551
      0.285514
       0.28551
      0.285514
       0.28551
      0.285514
       0.28551
      0.285514
       0.28551
      0.285514
       0.28551
      0.285514
       0.28551
      0.285514
       0.28551
      0.285514
       0.28551
      0.285514
       0.28551
      0.285514
       0.28551
      0.285514
       0.28551
      0.285514
       0.28551
      0.285514
       0.28551
      0.285514
       0.28551
      0.285514
       0.28551
      0.285514
       0.28551
      0.285514
       0.28551
      0.285514
       0.28551
      0.285514
       0.28551
      0.285514
       0.28551
      0.285514
       0.28551
      0.285514
       0.28551
      0.285514
       0.28551
      0.285514
      0.342253
       0.34224
      0.342253
       0.34224
      0.342253
       0.34224
      0.342253
       0.34224
      0.342253
       0.34224
      0.342253
       0.34224
      0.342253
       0.34224
      0.342253
       0.34224
      0.342253
       0.34224
      0.342253
       0.34224
      0.342253
       0.34224
      0.342253
       0.34224
      0.342253
       0.34224
      0.342253
       0.34224
      0.342253
       0.34224
      0.342253
       0.34224
      0.342253
       0.34224
      0.342253
       0.34224
      0.342253
       0.34224
      0.342253
       0.34224
      0.342253
       0.34224
      0.342253
       0.34224
      0.342253
       0.34224
      0.342253
       0.34224
      0.342253
       0.34224
      0.342253
       0.34224
      0.342253
       0.34224
      0.342253
       0.34224
      0.342253
       0.34224
      0.342253
      0.405772
      0.405768
      0.405772
      0.405768
      0.405772
      0.405768
      0.405772
      0.405768
      0.405772
      0.405768
      0.405772
      0.405768
      0.405772
      0.405768
      0.405772
      0.405768
      0.405772
      0.405768
      0.405772
      0.405768
      0.405772
      0.405768
      0.405772
      0.405768
      0.405772
      0.405768
      0.405772
      0.405768
      0.405772
      0.405768
      0.405772
      0.405768
      0.405772
      0.405768
      0.405772
      0.405768
      0.405772
      0.405768
      0.405772
      0.405768
      0.405772
      0.405768
      0.405772
      0.405768
      0.405772
      0.405768
      0.405772
      0.405768
      0.405772
      0.405768
      0.405772
      0.405768
      0.405772
      0.405768
      0.405772
      0.405768
      0.405772
      0.405768
      0.405772
      0.475952
      0.475939
      0.475952
      0.475939
      0.475952
      0.475939
      0.475952
      0.475939
      0.475952
      0.475939
      0.475952
      0.475939
      0.475952
      0.475939
      0.475952
      0.475939
      0.475952
      0.475939
      0.475952
      0.475939
      0.475952
      0.475939
      0.475952
      0.475939
      0.475952
      0.475939
      0.475952
      0.475939
      0.475952
      0.475939
      0.475952
      0.475939
      0.475952
      0.475939
      0.475952
      0.475939
      0.475952
      0.475939
      0.475952
      0.475939
      0.475952
      0.475939
      0.475952
      0.475939
      0.475952
      0.475939
      0.475952
      0.475939
      0.475952
      0.475939
      0.475952
      0.475939
      0.475952
      0.475939
      0.475952
      0.475939
      0.475952
      0.475939
      0.475952
       0.55235
      0.552346
       0.55235
      0.552346
       0.55235
      0.552346
       0.55235
      0.552346
       0.55235
      0.552346
       0.55235
      0.552346
       0.55235
      0.552346
       0.55235
      0.552346
       0.55235
      0.552346
       0.55235
      0.552346
       0.55235
      0.552346
       0.55235
      0.552346
       0.55235
      0.552346
       0.55235
      0.552346
       0.55235
      0.552346
       0.55235
      0.552346
       0.55235
      0.552346
       0.55235
      0.552346
       0.55235
      0.552346
       0.55235
      0.552346
       0.55235
      0.552346
       0.55235
      0.552346
       0.55235
      0.552346
       0.55235
      0.552346
       0.55235
      0.552346
       0.55235
      0.552346
       0.55235
      0.552346
       0.55235
      0.552346
       0.55235
      0.552346
       0.55235
      0.634412
        0.6344
      0.634412
        0.6344
      0.634412
        0.6344
      0.634412
        0.6344
      0.634412
        0.6344
      0.634412
        0.6344
      0.634412
        0.6344
      0.634412
        0.6344
      0.634412
        0.6344
      0.634412
        0.6344
      0.634412
        0.6344
      0.634412
        0.6344
      0.634412
        0.6344
      0.634412
        0.6344
      0.634412
        0.6344
      0.634412
        0.6344
      0.634412
        0.6344
      0.634412
        0.6344
      0.634412
        0.6344
      0.634412
        0.6344
      0.634412
        0.6344
      0.634412
        0.6344
      0.634412
        0.6344
      0.634412
        0.6344
      0.634412
        0.6344
      0.634412
        0.6344
      0.634412
        0.6344
      0.634412
        0.6344
      0.634412
        0.6344
      0.634412
       0.72127
      0.721267
       0.72127
      0.721267
       0.72127
      0.721267
       0.72127
      0.721267
       0.72127
      0.721267
       0.72127
      0.721267
       0.72127
      0.721267
       0.72127
      0.721267
       0.72127
      0.721267
       0.72127
      0.721267
       0.72127
      0.721267
       0.72127
      0.721267
       0.72127
      0.721267
       0.72127
      0.721267
       0.72127
      0.721267
       0.72127
      0.721267
       0.72127
      0.721267
       0.72127
      0.721267
       0.72127
      0.721267
       0.72127
      0.721267
       0.72127
      0.721267
       0.72127
      0.721267
       0.72127
      0.721267
       0.72127
      0.721267
       0.72127
      0.721267
       0.72127
      0.721267
       0.72127
      0.721267
       0.72127
      0.721267
       0.72127
      0.721267
       0.72127
       0.81196
      0.811953
       0.81196
      0.811953
       0.81196
      0.811953
       0.81196
      0.811953
       0.81196
      0.811953
       0.81196
      0.811953
       0.81196
      0.811953
       0.81196
      0.811953
       0.81196
      0.811953
       0.81196
      0.811953
       0.81196
      0.811953
       0.81196
      0.811953
       0.81196
      0.811953
       0.81196
      0.811953
       0.81196
      0.811953
       0.81196
      0.811953
       0.81196
      0.811953
       0.81196
      0.811953
       0.81196
      0.811953
       0.81196
      0.811953
       0.81196
      0.811953
       0.81196
      0.811953
       0.81196
      0.811953
       0.81196
      0.811953
       0.81196
      0.811953
       0.81196
      0.811953
       0.81196
      0.811953
       0.81196
      0.811953
       0.81196
      0.811953
       0.81196
      0.905287
      0.905285
      0.905287
      0.905285
      0.905287
      0.905285
      0.905287
      0.905285
      0.905287
      0.905285
      0.905287
      0.905285
      0.905287
      0.905285
      0.905287
      0.905285
      0.905287
      0.905285
      0.905287
      0.905285
      0.905287
      0.905285
      0.905287
      0.905285
      0.905287
      0.905285
      0.905287
      0.905285
      0.905287
      0.905285
      0.905287
      0.905285
      0.905287
      0.905285
      0.905287
      0.905285
      0.905287
      0.905285
      0.905287
      0.905285
      0.905287
      0.905285
      0.905287
      0.905285
      0.905287
      0.905285
      0.905287
      0.905285
      0.905287
      0.905285
      0.905287
      0.905285
      0.905287
      0.905285
      0.905287
      0.905285
      0.905287
      0.905285
      0.905287
             1
             1
             1
             1
             1
             1
             1
             1
             1
             1
             1
             1
             1
             1
             1
             1
             1
             1
             1
             1
             1
             1
             1
             1
             1
             1
             1
             1
             1
             1
             1
             1
             1
             1
             1
             1
             1
             1
             1
             1
             1
             1
             1
             1
             1
             1
             1
             1
             1
             1
             1
             1
             1
             1
             1
             1
             1
             1
             1
