             1
             1
             1
             1
             1
             1
             1
             1
             1
             1
             1
             1
             1
             1
             1
             1
             1
             1
             1
             1
             1
             1
             1
             1
             1
             1
             1
             1
             1
             1
             1
             1
             1
             1
             1
             1
             1
             1
             1
             1
             1
             1
             1
             1
             1
             1
             1
             1
             1
             1
             1
             1
             1
             1
             1
             1
             1
             1
             1
      0.907957
      0.907956
      0.907957
      0.907956
      0.907957
      0.907956
      0.907957
      0.907956
      0.907957
      0.907956
      0.907957
      0.907956
      0.907957
      0.907956
      0.907957
      0.907956
      0.907957
      0.907956
      0.907957
      0.907956
      0.907957
      0.907956
      0.907957
      0.907956
      0.907957
      0.907956
      0.907957
      0.907956
      0.907957
      0.907956
      0.907957
      0.907956
      0.907957
      0.907956
      0.907957
      0.907956
      0.907957
      0.907956
      0.907957
      0.907956
      0.907957
      0.907956
      0.907957
      0.907956
      0.907957
      0.907956
      0.907957
      0.907956
      0.907957
      0.907956
      0.907957
      0.907956
      0.907957
      0.907956
      0.907957
      0.907956
      0.907957
      0.907956
      0.907957
      0.817188
      0.817182
      0.817188
      0.817182
      0.817188
      0.817182
      0.817188
      0.817182
      0.817188
      0.817182
      0.817188
      0.817182
      0.817188
      0.817182
      0.817188
      0.817182
      0.817188
      0.817182
      0.817188
      0.817182
      0.817188
      0.817182
      0.817188
      0.817182
      0.817188
      0.817182
      0.817188
      0.817182
      0.817188
      0.817182
      0.817188
      0.817182
      0.817188
      0.817182
      0.817188
      0.817182
      0.817188
      0.817182
      0.817188
      0.817182
      0.817188
      0.817182
      0.817188
      0.817182
      0.817188
      0.817182
      0.817188
      0.817182
      0.817188
      0.817182
      0.817188
      0.817182
      0.817188
      0.817182
      0.817188
      0.817182
      0.817188
      0.817182
      0.817188
      0.728846
      0.728843
      0.728846
      0.728843
      0.728846
      0.728843
      0.728846
      0.728843
      0.728846
      0.728843
      0.728846
      0.728843
      0.728846
      0.728843
      0.728846
      0.728843
      0.728846
      0.728843
      0.728846
      0.728843
      0.728846
      0.728843
      0.728846
      0.728843
      0.728846
      0.728843
      0.728846
      0.728843
      0.728846
      0.728843
      0.728846
      0.728843
      0.728846
      0.728843
      0.728846
      0.728843
      0.728846
      0.728843
      0.728846
      0.728843
      0.728846
      0.728843
      0.728846
      0.728843
      0.728846
      0.728843
      0.728846
      0.728843
      0.728846
      0.728843
      0.728846
      0.728843
      0.728846
      0.728843
      0.728846
      0.728843
      0.728846
      0.728843
      0.728846
      0.644032
      0.644022
      0.644032
      0.644022
      0.644032
      0.644022
      0.644032
      0.644022
      0.644032
      0.644022
      0.644032
      0.644022
      0.644032
      0.644022
      0.644032
      0.644022
      0.644032
      0.644022
      0.644032
      0.644022
      0.644032
      0.644022
      0.644032
      0.644022
      0.644032
      0.644022
      0.644032
      0.644022
      0.644032
      0.644022
      0.644032
      0.644022
      0.644032
      0.644022
      0.644032
      0.644022
      0.644032
      0.644022
      0.644032
      0.644022
      0.644032
      0.644022
      0.644032
      0.644022
      0.644032
      0.644022
      0.644032
      0.644022
      0.644032
      0.644022
      0.644032
      0.644022
      0.644032
      0.644022
      0.644032
      0.644022
      0.644032
      0.644022
      0.644032
      0.563648
      0.563644
      0.563648
      0.563644
      0.563648
      0.563644
      0.563648
      0.563644
      0.563648
      0.563644
      0.563648
      0.563644
      0.563648
      0.563644
      0.563648
      0.563644
      0.563648
      0.563644
      0.563648
      0.563644
      0.563648
      0.563644
      0.563648
      0.563644
      0.563648
      0.563644
      0.563648
      0.563644
      0.563648
      0.563644
      0.563648
      0.563644
      0.563648
      0.563644
      0.563648
      0.563644
      0.563648
      0.563644
      0.563648
      0.563644
      0.563648
      0.563644
      0.563648
      0.563644
      0.563648
      0.563644
      0.563648
      0.563644
      0.563648
      0.563644
      0.563648
      0.563644
      0.563648
      0.563644
      0.563648
      0.563644
      0.563648
      0.563644
      0.563648
      0.488512
        0.4885
      0.488512
        0.4885
      0.488512
        0.4885
      0.488512
        0.4885
      0.488512
        0.4885
      0.488512
        0.4885
      0.488512
        0.4885
      0.488512
        0.4885
      0.488512
        0.4885
      0.488512
        0.4885
      0.488512
        0.4885
      0.488512
        0.4885
      0.488512
        0.4885
      0.488512
        0.4885
      0.488512
        0.4885
      0.488512
        0.4885
      0.488512
        0.4885
      0.488512
        0.4885
      0.488512
        0.4885
      0.488512
        0.4885
      0.488512
        0.4885
      0.488512
        0.4885
      0.488512
        0.4885
      0.488512
        0.4885
      0.488512
        0.4885
      0.488512
        0.4885
      0.488512
        0.4885
      0.488512
        0.4885
      0.488512
        0.4885
      0.488512
      0.419164
       0.41916
      0.419164
       0.41916
      0.419164
       0.41916
      0.419164
       0.41916
      0.419164
       0.41916
      0.419164
       0.41916
      0.419164
       0.41916
      0.419164
       0.41916
      0.419164
       0.41916
      0.419164
       0.41916
      0.419164
       0.41916
      0.419164
       0.41916
      0.419164
       0.41916
      0.419164
       0.41916
      0.419164
       0.41916
      0.419164
       0.41916
      0.419164
       0.41916
      0.419164
       0.41916
      0.419164
       0.41916
      0.419164
       0.41916
      0.419164
       0.41916
      0.419164
       0.41916
      0.419164
       0.41916
      0.419164
       0.41916
      0.419164
       0.41916
      0.419164
       0.41916
      0.419164
       0.41916
      0.419164
       0.41916
      0.419164
       0.41916
      0.419164
      0.356046
      0.356034
      0.356046
      0.356034
      0.356046
      0.356034
      0.356046
      0.356034
      0.356046
      0.356034
      0.356046
      0.356034
      0.356046
      0.356034
      0.356046
      0.356034
      0.356046
      0.356034
      0.356046
      0.356034
      0.356046
      0.356034
      0.356046
      0.356034
      0.356046
      0.356034
      0.356046
      0.356034
      0.356046
      0.356034
      0.356046
      0.356034
      0.356046
      0.356034
      0.356046
      0.356034
      0.356046
      0.356034
      0.356046
      0.356034
      0.356046
      0.356034
      0.356046
      0.356034
      0.356046
      0.356034
      0.356046
      0.356034
      0.356046
      0.356034
      0.356046
      0.356034
      0.356046
      0.356034
      0.356046
      0.356034
      0.356046
      0.356034
      0.356046
       0.29931
      0.299307
       0.29931
      0.299307
       0.29931
      0.299307
       0.29931
      0.299307
       0.29931
      0.299307
       0.29931
      0.299307
       0.29931
      0.299307
       0.29931
      0.299307
       0.29931
      0.299307
       0.29931
      0.299307
       0.29931
      0.299307
       0.29931
      0.299307
       0.29931
      0.299307
       0.29931
      0.299307
       0.29931
      0.299307
       0.29931
      0.299307
       0.29931
      0.299307
       0.29931
      0.299307
       0.29931
      0.299307
       0.29931
      0.299307
       0.29931
      0.299307
       0.29931
      0.299307
       0.29931
      0.299307
       0.29931
      0.299307
       0.29931
      0.299307
       0.29931
      0.299307
       0.29931
      0.299307
       0.29931
      0.299307
       0.29931
      0.299307
       0.29931
      0.249019
       0.24901
      0.249019
       0.24901
      0.249019
       0.24901
      0.249019
       0.24901
      0.249019
       0.24901
      0.249019
       0.24901
      0.249019
       0.24901
      0.249019
       0.24901
      0.249019
       0.24901
      0.249019
       0.24901
      0.249019
       0.24901
      0.249019
       0.24901
      0.249019
       0.24901
      0.249019
       0.24901
      0.249019
       0.24901
      0.249019
       0.24901
      0.249019
       0.24901
      0.249019
       0.24901
      0.249019
       0.24901
      0.249019
       0.24901
      0.249019
       0.24901
      0.249019
       0.24901
      0.249019
       0.24901
      0.249019
       0.24901
      0.249019
       0.24901
      0.249019
       0.24901
      0.249019
       0.24901
      0.249019
       0.24901
      0.249019
       0.24901
      0.249019
      0.204987
      0.204985
      0.204987
      0.204985
      0.204987
      0.204985
      0.204987
      0.204985
      0.204987
      0.204985
      0.204987
      0.204985
      0.204987
      0.204985
      0.204987
      0.204985
      0.204987
      0.204985
      0.204987
      0.204985
      0.204987
      0.204985
      0.204987
      0.204985
      0.204987
      0.204985
      0.204987
      0.204985
      0.204987
      0.204985
      0.204987
      0.204985
      0.204987
      0.204985
      0.204987
      0.204985
      0.204987
      0.204985
      0.204987
      0.204985
      0.204987
      0.204985
      0.204987
      0.204985
      0.204987
      0.204985
      0.204987
      0.204985
      0.204987
      0.204985
      0.204987
      0.204985
      0.204987
      0.204985
      0.204987
      0.204985
      0.204987
      0.204985
      0.204987
      0.166964
      0.166959
      0.166964
      0.166959
      0.166964
      0.166959
      0.166964
      0.166959
      0.166964
      0.166959
      0.166964
      0.166959
      0.166964
      0.166959
      0.166964
      0.166959
      0.166964
      0.166959
      0.166964
      0.166959
      0.166964
      0.166959
      0.166964
      0.166959
      0.166964
      0.166959
      0.166964
      0.166959
      0.166964
      0.166959
      0.166964
      0.166959
      0.166964
      0.166959
      0.166964
      0.166959
      0.166964
      0.166959
      0.166964
      0.166959
      0.166964
      0.166959
      0.166964
      0.166959
      0.166964
      0.166959
      0.166964
      0.166959
      0.166964
      0.166959
      0.166964
      0.166959
      0.166964
      0.166959
      0.166964
      0.166959
      0.166964
      0.166959
      0.166964
      0.134534
      0.134533
      0.134534
      0.134533
      0.134534
      0.134533
      0.134534
      0.134533
      0.134534
      0.134533
      0.134534
      0.134533
      0.134534
      0.134533
      0.134534
      0.134533
      0.134534
      0.134533
      0.134534
      0.134533
      0.134534
      0.134533
      0.134534
      0.134533
      0.134534
      0.134533
      0.134534
      0.134533
      0.134534
      0.134533
      0.134534
      0.134533
      0.134534
      0.134533
      0.134534
      0.134533
      0.134534
      0.134533
      0.134534
      0.134533
      0.134534
      0.134533
      0.134534
      0.134533
      0.134534
      0.134533
      0.134534
      0.134533
      0.134534
      0.134533
      0.134534
      0.134533
      0.134534
      0.134533
      0.134534
      0.134533
      0.134534
      0.134533
      0.134534
      0.107244
      0.107242
      0.107244
      0.107242
      0.107244
      0.107242
      0.107244
      0.107242
      0.107244
      0.107242
      0.107244
      0.107242
      0.107244
      0.107242
      0.107244
      0.107242
      0.107244
      0.107242
      0.107244
      0.107242
      0.107244
      0.107242
      0.107244
      0.107242
      0.107244
      0.107242
      0.107244
      0.107242
      0.107244
      0.107242
      0.107244
      0.107242
      0.107244
      0.107242
      0.107244
      0.107242
      0.107244
      0.107242
      0.107244
      0.107242
      0.107244
      0.107242
      0.107244
      0.107242
      0.107244
      0.107242
      0.107244
      0.107242
      0.107244
      0.107242
      0.107244
      0.107242
      0.107244
      0.107242
      0.107244
      0.107242
      0.107244
      0.107242
      0.107244
     0.0845654
     0.0845654
     0.0845654
     0.0845654
     0.0845654
     0.0845654
     0.0845654
     0.0845654
     0.0845654
     0.0845654
     0.0845654
     0.0845654
     0.0845654
     0.0845654
     0.0845654
     0.0845654
     0.0845654
     0.0845654
     0.0845654
     0.0845654
     0.0845654
     0.0845654
     0.0845654
     0.0845654
     0.0845654
     0.0845654
     0.0845654
     0.0845654
     0.0845654
     0.0845654
     0.0845654
     0.0845654
     0.0845654
     0.0845654
     0.0845654
     0.0845654
     0.0845654
     0.0845654
     0.0845654
     0.0845654
     0.0845654
     0.0845654
     0.0845654
     0.0845654
     0.0845654
     0.0845654
     0.0845654
     0.0845654
     0.0845654
     0.0845654
     0.0845654
     0.0845654
     0.0845654
     0.0845654
     0.0845654
     0.0845654
     0.0845654
     0.0845654
     0.0845654
      0.065961
     0.0659623
      0.065961
     0.0659623
      0.065961
     0.0659623
      0.065961
     0.0659623
      0.065961
     0.0659623
      0.065961
     0.0659623
      0.065961
     0.0659623
      0.065961
     0.0659623
      0.065961
     0.0659623
      0.065961
     0.0659623
      0.065961
     0.0659623
      0.065961
     0.0659623
      0.065961
     0.0659623
      0.065961
     0.0659623
      0.065961
     0.0659623
      0.065961
     0.0659623
      0.065961
     0.0659623
      0.065961
     0.0659623
      0.065961
     0.0659623
      0.065961
     0.0659623
      0.065961
     0.0659623
      0.065961
     0.0659623
      0.065961
     0.0659623
      0.065961
     0.0659623
      0.065961
     0.0659623
      0.065961
     0.0659623
      0.065961
     0.0659623
      0.065961
     0.0659623
      0.065961
     0.0659623
      0.065961
     0.0508948
     0.0508955
     0.0508948
     0.0508955
     0.0508948
     0.0508955
     0.0508948
     0.0508955
     0.0508948
     0.0508955
     0.0508948
     0.0508955
     0.0508948
     0.0508955
     0.0508948
     0.0508955
     0.0508948
     0.0508955
     0.0508948
     0.0508955
     0.0508948
     0.0508955
     0.0508948
     0.0508955
     0.0508948
     0.0508955
     0.0508948
     0.0508955
     0.0508948
     0.0508955
     0.0508948
     0.0508955
     0.0508948
     0.0508955
     0.0508948
     0.0508955
     0.0508948
     0.0508955
     0.0508948
     0.0508955
     0.0508948
     0.0508955
     0.0508948
     0.0508955
     0.0508948
     0.0508955
     0.0508948
     0.0508955
     0.0508948
     0.0508955
     0.0508948
     0.0508955
     0.0508948
     0.0508955
     0.0508948
     0.0508955
     0.0508948
     0.0508955
     0.0508948
     0.0388417
     0.0388446
     0.0388417
     0.0388446
     0.0388417
     0.0388446
     0.0388417
     0.0388446
     0.0388417
     0.0388446
     0.0388417
     0.0388446
     0.0388417
     0.0388446
     0.0388417
     0.0388446
     0.0388417
     0.0388446
     0.0388417
     0.0388446
     0.0388417
     0.0388446
     0.0388417
     0.0388446
     0.0388417
     0.0388446
     0.0388417
     0.0388446
     0.0388417
     0.0388446
     0.0388417
     0.0388446
     0.0388417
     0.0388446
     0.0388417
     0.0388446
     0.0388417
     0.0388446
     0.0388417
     0.0388446
     0.0388417
     0.0388446
     0.0388417
     0.0388446
     0.0388417
     0.0388446
     0.0388417
     0.0388446
     0.0388417
     0.0388446
     0.0388417
     0.0388446
     0.0388417
     0.0388446
     0.0388417
     0.0388446
     0.0388417
     0.0388446
     0.0388417
     0.0293289
     0.0293299
     0.0293289
     0.0293299
     0.0293289
     0.0293299
     0.0293289
     0.0293299
     0.0293289
     0.0293299
     0.0293289
     0.0293299
     0.0293289
     0.0293299
     0.0293289
     0.0293299
     0.0293289
     0.0293299
     0.0293289
     0.0293299
     0.0293289
     0.0293299
     0.0293289
     0.0293299
     0.0293289
     0.0293299
     0.0293289
     0.0293299
     0.0293289
     0.0293299
     0.0293289
     0.0293299
     0.0293289
     0.0293299
     0.0293289
     0.0293299
     0.0293289
     0.0293299
     0.0293289
     0.0293299
     0.0293289
     0.0293299
     0.0293289
     0.0293299
     0.0293289
     0.0293299
     0.0293289
     0.0293299
     0.0293289
     0.0293299
     0.0293289
     0.0293299
     0.0293289
     0.0293299
     0.0293289
     0.0293299
     0.0293289
     0.0293299
     0.0293289
      0.021906
     0.0219093
      0.021906
     0.0219093
      0.021906
     0.0219093
      0.021906
     0.0219093
      0.021906
     0.0219093
      0.021906
     0.0219093
      0.021906
     0.0219093
      0.021906
     0.0219093
      0.021906
     0.0219093
      0.021906
     0.0219093
      0.021906
     0.0219093
      0.021906
     0.0219093
      0.021906
     0.0219093
      0.021906
     0.0219093
      0.021906
     0.0219093
      0.021906
     0.0219093
      0.021906
     0.0219093
      0.021906
     0.0219093
      0.021906
     0.0219093
      0.021906
     0.0219093
      0.021906
     0.0219093
      0.021906
     0.0219093
      0.021906
     0.0219093
      0.021906
     0.0219093
      0.021906
     0.0219093
      0.021906
     0.0219093
      0.021906
     0.0219093
      0.021906
     0.0219093
      0.021906
     0.0219093
      0.021906
     0.0161983
     0.0161994
     0.0161983
     0.0161994
     0.0161983
     0.0161994
     0.0161983
     0.0161994
     0.0161983
     0.0161994
     0.0161983
     0.0161994
     0.0161983
     0.0161994
     0.0161983
     0.0161994
     0.0161983
     0.0161994
     0.0161983
     0.0161994
     0.0161983
     0.0161994
     0.0161983
     0.0161994
     0.0161983
     0.0161994
     0.0161983
     0.0161994
     0.0161983
     0.0161994
     0.0161983
     0.0161994
     0.0161983
     0.0161994
     0.0161983
     0.0161994
     0.0161983
     0.0161994
     0.0161983
     0.0161994
     0.0161983
     0.0161994
     0.0161983
     0.0161994
     0.0161983
     0.0161994
     0.0161983
     0.0161994
     0.0161983
     0.0161994
     0.0161983
     0.0161994
     0.0161983
     0.0161994
     0.0161983
     0.0161994
     0.0161983
     0.0161994
     0.0161983
     0.0118576
     0.0118607
     0.0118576
     0.0118607
     0.0118576
     0.0118607
     0.0118576
     0.0118607
     0.0118576
     0.0118607
     0.0118576
     0.0118607
     0.0118576
     0.0118607
     0.0118576
     0.0118607
     0.0118576
     0.0118607
     0.0118576
     0.0118607
     0.0118576
     0.0118607
     0.0118576
     0.0118607
     0.0118575
     0.0118606
     0.0118575
     0.0118606
     0.0118575
     0.0118606
     0.0118575
     0.0118606
     0.0118575
     0.0118606
     0.0118575
     0.0118607
     0.0118576
     0.0118607
     0.0118576
     0.0118607
     0.0118576
     0.0118607
     0.0118576
     0.0118607
     0.0118576
     0.0118607
     0.0118576
     0.0118607
     0.0118576
     0.0118607
     0.0118576
     0.0118607
     0.0118576
     0.0118607
     0.0118576
     0.0118607
     0.0118576
     0.0118607
     0.0118576
    0.00861351
    0.00861447
    0.00861351
    0.00861447
    0.00861351
    0.00861447
    0.00861351
    0.00861447
    0.00861351
    0.00861447
    0.00861351
    0.00861447
    0.00861351
    0.00861447
    0.00861351
    0.00861447
    0.00861351
    0.00861447
    0.00861351
    0.00861446
     0.0086135
    0.00861445
    0.00861349
    0.00861443
    0.00861345
    0.00861439
     0.0086134
    0.00861433
    0.00861336
    0.00861431
    0.00861336
    0.00861433
     0.0086134
    0.00861439
    0.00861345
    0.00861443
    0.00861349
    0.00861445
     0.0086135
    0.00861446
    0.00861351
    0.00861447
    0.00861351
    0.00861447
    0.00861351
    0.00861447
    0.00861351
    0.00861447
    0.00861351
    0.00861447
    0.00861351
    0.00861447
    0.00861351
    0.00861447
    0.00861351
    0.00861447
    0.00861351
    0.00861447
    0.00861351
    0.00622078
    0.00622339
    0.00622078
    0.00622339
    0.00622078
    0.00622339
    0.00622078
    0.00622339
    0.00622078
    0.00622339
    0.00622078
    0.00622339
    0.00622078
    0.00622339
    0.00622078
    0.00622339
    0.00622078
    0.00622338
    0.00622077
    0.00622338
    0.00622077
    0.00622336
    0.00622074
    0.00622333
    0.00622069
    0.00622326
     0.0062206
    0.00622316
    0.00622052
     0.0062231
    0.00622052
    0.00622316
     0.0062206
    0.00622326
    0.00622069
    0.00622333
    0.00622074
    0.00622336
    0.00622077
    0.00622338
    0.00622077
    0.00622338
    0.00622078
    0.00622339
    0.00622078
    0.00622339
    0.00622078
    0.00622339
    0.00622078
    0.00622339
    0.00622078
    0.00622339
    0.00622078
    0.00622339
    0.00622078
    0.00622339
    0.00622078
    0.00622339
    0.00622078
    0.00450287
    0.00450366
    0.00450287
    0.00450366
    0.00450287
    0.00450366
    0.00450287
    0.00450366
    0.00450287
    0.00450366
    0.00450287
    0.00450366
    0.00450287
    0.00450366
    0.00450287
    0.00450366
    0.00450287
    0.00450365
    0.00450287
    0.00450365
    0.00450285
    0.00450363
    0.00450282
    0.00450357
    0.00450274
    0.00450346
    0.00450259
    0.00450328
    0.00450242
    0.00450316
    0.00450242
    0.00450328
    0.00450259
    0.00450346
    0.00450274
    0.00450357
    0.00450282
    0.00450363
    0.00450285
    0.00450365
    0.00450287
    0.00450365
    0.00450287
    0.00450366
    0.00450287
    0.00450366
    0.00450287
    0.00450366
    0.00450287
    0.00450366
    0.00450287
    0.00450366
    0.00450287
    0.00450366
    0.00450287
    0.00450366
    0.00450287
    0.00450366
    0.00450287
    0.00330415
    0.00330626
    0.00330415
    0.00330626
    0.00330415
    0.00330626
    0.00330415
    0.00330626
    0.00330415
    0.00330626
    0.00330415
    0.00330626
    0.00330415
    0.00330626
    0.00330415
    0.00330626
    0.00330415
    0.00330626
    0.00330414
    0.00330625
    0.00330413
    0.00330622
    0.00330408
    0.00330615
    0.00330397
    0.00330598
    0.00330372
    0.00330566
    0.00330337
    0.00330538
    0.00330337
    0.00330566
    0.00330372
    0.00330598
    0.00330397
    0.00330615
    0.00330408
    0.00330622
    0.00330413
    0.00330625
    0.00330414
    0.00330626
    0.00330415
    0.00330626
    0.00330415
    0.00330626
    0.00330415
    0.00330626
    0.00330415
    0.00330626
    0.00330415
    0.00330626
    0.00330415
    0.00330626
    0.00330415
    0.00330626
    0.00330415
    0.00330626
    0.00330415
    0.00252528
    0.00252593
    0.00252528
    0.00252593
    0.00252528
    0.00252593
    0.00252528
    0.00252593
    0.00252528
    0.00252593
    0.00252528
    0.00252593
    0.00252528
    0.00252593
    0.00252528
    0.00252593
    0.00252528
    0.00252593
    0.00252527
    0.00252592
    0.00252525
    0.00252589
     0.0025252
     0.0025258
    0.00252506
    0.00252556
    0.00252468
    0.00252498
     0.0025239
    0.00252432
     0.0025239
    0.00252498
    0.00252468
    0.00252556
    0.00252506
     0.0025258
     0.0025252
    0.00252589
    0.00252525
    0.00252592
    0.00252527
    0.00252593
    0.00252528
    0.00252593
    0.00252528
    0.00252593
    0.00252528
    0.00252593
    0.00252528
    0.00252593
    0.00252528
    0.00252593
    0.00252528
    0.00252593
    0.00252528
    0.00252593
    0.00252528
    0.00252593
    0.00252528
    0.00208382
    0.00208563
    0.00208382
    0.00208563
    0.00208382
    0.00208563
    0.00208382
    0.00208563
    0.00208382
    0.00208563
    0.00208382
    0.00208563
    0.00208382
    0.00208563
    0.00208382
    0.00208563
    0.00208382
    0.00208563
    0.00208381
    0.00208562
    0.00208379
    0.00208558
    0.00208373
    0.00208548
    0.00208355
    0.00208518
    0.00208304
    0.00208425
    0.00208139
    0.00208257
    0.00208139
    0.00208425
    0.00208304
    0.00208518
    0.00208355
    0.00208548
    0.00208373
    0.00208558
    0.00208379
    0.00208562
    0.00208381
    0.00208563
    0.00208382
    0.00208563
    0.00208382
    0.00208563
    0.00208382
    0.00208563
    0.00208382
    0.00208563
    0.00208382
    0.00208563
    0.00208382
    0.00208563
    0.00208382
    0.00208563
    0.00208382
    0.00208563
    0.00208382
    0.00194381
    0.00194441
    0.00194381
    0.00194441
    0.00194381
    0.00194441
    0.00194381
    0.00194441
    0.00194381
    0.00194441
    0.00194381
    0.00194441
    0.00194381
    0.00194441
    0.00194381
    0.00194441
     0.0019438
     0.0019444
     0.0019438
    0.00194439
    0.00194378
    0.00194435
    0.00194371
    0.00194424
    0.00194352
    0.00194391
    0.00194293
     0.0019428
    0.00194074
     0.0019381
    0.00194074
     0.0019428
    0.00194293
    0.00194391
    0.00194352
    0.00194424
    0.00194371
    0.00194435
    0.00194378
    0.00194439
     0.0019438
     0.0019444
     0.0019438
    0.00194441
    0.00194381
    0.00194441
    0.00194381
    0.00194441
    0.00194381
    0.00194441
    0.00194381
    0.00194441
    0.00194381
    0.00194441
    0.00194381
    0.00194441
    0.00194381
    0.00194441
    0.00194381
    0.00208382
    0.00208563
    0.00208382
    0.00208563
    0.00208382
    0.00208563
    0.00208382
    0.00208563
    0.00208382
    0.00208563
    0.00208382
    0.00208563
    0.00208382
    0.00208563
    0.00208382
    0.00208563
    0.00208382
    0.00208563
    0.00208381
    0.00208562
    0.00208379
    0.00208558
    0.00208373
    0.00208548
    0.00208355
    0.00208518
    0.00208304
    0.00208425
    0.00208139
    0.00208257
    0.00208139
    0.00208425
    0.00208304
    0.00208518
    0.00208355
    0.00208548
    0.00208373
    0.00208558
    0.00208379
    0.00208562
    0.00208381
    0.00208563
    0.00208382
    0.00208563
    0.00208382
    0.00208563
    0.00208382
    0.00208563
    0.00208382
    0.00208563
    0.00208382
    0.00208563
    0.00208382
    0.00208563
    0.00208382
    0.00208563
    0.00208382
    0.00208563
    0.00208382
    0.00252528
    0.00252593
    0.00252528
    0.00252593
    0.00252528
    0.00252593
    0.00252528
    0.00252593
    0.00252528
    0.00252593
    0.00252528
    0.00252593
    0.00252528
    0.00252593
    0.00252528
    0.00252593
    0.00252528
    0.00252593
    0.00252527
    0.00252592
    0.00252525
    0.00252589
     0.0025252
     0.0025258
    0.00252506
    0.00252556
    0.00252468
    0.00252498
     0.0025239
    0.00252432
     0.0025239
    0.00252498
    0.00252468
    0.00252556
    0.00252506
     0.0025258
     0.0025252
    0.00252589
    0.00252525
    0.00252592
    0.00252527
    0.00252593
    0.00252528
    0.00252593
    0.00252528
    0.00252593
    0.00252528
    0.00252593
    0.00252528
    0.00252593
    0.00252528
    0.00252593
    0.00252528
    0.00252593
    0.00252528
    0.00252593
    0.00252528
    0.00252593
    0.00252528
    0.00330415
    0.00330626
    0.00330415
    0.00330626
    0.00330415
    0.00330626
    0.00330415
    0.00330626
    0.00330415
    0.00330626
    0.00330415
    0.00330626
    0.00330415
    0.00330626
    0.00330415
    0.00330626
    0.00330415
    0.00330626
    0.00330414
    0.00330625
    0.00330413
    0.00330622
    0.00330408
    0.00330615
    0.00330397
    0.00330598
    0.00330372
    0.00330566
    0.00330337
    0.00330538
    0.00330337
    0.00330566
    0.00330372
    0.00330598
    0.00330397
    0.00330615
    0.00330408
    0.00330622
    0.00330413
    0.00330625
    0.00330414
    0.00330626
    0.00330415
    0.00330626
    0.00330415
    0.00330626
    0.00330415
    0.00330626
    0.00330415
    0.00330626
    0.00330415
    0.00330626
    0.00330415
    0.00330626
    0.00330415
    0.00330626
    0.00330415
    0.00330626
    0.00330415
    0.00450287
    0.00450366
    0.00450287
    0.00450366
    0.00450287
    0.00450366
    0.00450287
    0.00450366
    0.00450287
    0.00450366
    0.00450287
    0.00450366
    0.00450287
    0.00450366
    0.00450287
    0.00450366
    0.00450287
    0.00450365
    0.00450287
    0.00450365
    0.00450285
    0.00450363
    0.00450282
    0.00450357
    0.00450274
    0.00450346
    0.00450259
    0.00450328
    0.00450242
    0.00450316
    0.00450242
    0.00450328
    0.00450259
    0.00450346
    0.00450274
    0.00450357
    0.00450282
    0.00450363
    0.00450285
    0.00450365
    0.00450287
    0.00450365
    0.00450287
    0.00450366
    0.00450287
    0.00450366
    0.00450287
    0.00450366
    0.00450287
    0.00450366
    0.00450287
    0.00450366
    0.00450287
    0.00450366
    0.00450287
    0.00450366
    0.00450287
    0.00450366
    0.00450287
    0.00622078
    0.00622339
    0.00622078
    0.00622339
    0.00622078
    0.00622339
    0.00622078
    0.00622339
    0.00622078
    0.00622339
    0.00622078
    0.00622339
    0.00622078
    0.00622339
    0.00622078
    0.00622339
    0.00622078
    0.00622338
    0.00622077
    0.00622338
    0.00622077
    0.00622336
    0.00622074
    0.00622333
    0.00622069
    0.00622326
     0.0062206
    0.00622316
    0.00622052
     0.0062231
    0.00622052
    0.00622316
     0.0062206
    0.00622326
    0.00622069
    0.00622333
    0.00622074
    0.00622336
    0.00622077
    0.00622338
    0.00622077
    0.00622338
    0.00622078
    0.00622339
    0.00622078
    0.00622339
    0.00622078
    0.00622339
    0.00622078
    0.00622339
    0.00622078
    0.00622339
    0.00622078
    0.00622339
    0.00622078
    0.00622339
    0.00622078
    0.00622339
    0.00622078
    0.00861351
    0.00861447
    0.00861351
    0.00861447
    0.00861351
    0.00861447
    0.00861351
    0.00861447
    0.00861351
    0.00861447
    0.00861351
    0.00861447
    0.00861351
    0.00861447
    0.00861351
    0.00861447
    0.00861351
    0.00861447
    0.00861351
    0.00861446
     0.0086135
    0.00861445
    0.00861349
    0.00861443
    0.00861345
    0.00861439
     0.0086134
    0.00861433
    0.00861336
    0.00861431
    0.00861336
    0.00861433
     0.0086134
    0.00861439
    0.00861345
    0.00861443
    0.00861349
    0.00861445
     0.0086135
    0.00861446
    0.00861351
    0.00861447
    0.00861351
    0.00861447
    0.00861351
    0.00861447
    0.00861351
    0.00861447
    0.00861351
    0.00861447
    0.00861351
    0.00861447
    0.00861351
    0.00861447
    0.00861351
    0.00861447
    0.00861351
    0.00861447
    0.00861351
     0.0118576
     0.0118607
     0.0118576
     0.0118607
     0.0118576
     0.0118607
     0.0118576
     0.0118607
     0.0118576
     0.0118607
     0.0118576
     0.0118607
     0.0118576
     0.0118607
     0.0118576
     0.0118607
     0.0118576
     0.0118607
     0.0118576
     0.0118607
     0.0118576
     0.0118607
     0.0118576
     0.0118607
     0.0118575
     0.0118606
     0.0118575
     0.0118606
     0.0118575
     0.0118606
     0.0118575
     0.0118606
     0.0118575
     0.0118606
     0.0118575
     0.0118607
     0.0118576
     0.0118607
     0.0118576
     0.0118607
     0.0118576
     0.0118607
     0.0118576
     0.0118607
     0.0118576
     0.0118607
     0.0118576
     0.0118607
     0.0118576
     0.0118607
     0.0118576
     0.0118607
     0.0118576
     0.0118607
     0.0118576
     0.0118607
     0.0118576
     0.0118607
     0.0118576
     0.0161983
     0.0161994
     0.0161983
     0.0161994
     0.0161983
     0.0161994
     0.0161983
     0.0161994
     0.0161983
     0.0161994
     0.0161983
     0.0161994
     0.0161983
     0.0161994
     0.0161983
     0.0161994
     0.0161983
     0.0161994
     0.0161983
     0.0161994
     0.0161983
     0.0161994
     0.0161983
     0.0161994
     0.0161983
     0.0161994
     0.0161983
     0.0161994
     0.0161983
     0.0161994
     0.0161983
     0.0161994
     0.0161983
     0.0161994
     0.0161983
     0.0161994
     0.0161983
     0.0161994
     0.0161983
     0.0161994
     0.0161983
     0.0161994
     0.0161983
     0.0161994
     0.0161983
     0.0161994
     0.0161983
     0.0161994
     0.0161983
     0.0161994
     0.0161983
     0.0161994
     0.0161983
     0.0161994
     0.0161983
     0.0161994
     0.0161983
     0.0161994
     0.0161983
      0.021906
     0.0219093
      0.021906
     0.0219093
      0.021906
     0.0219093
      0.021906
     0.0219093
      0.021906
     0.0219093
      0.021906
     0.0219093
      0.021906
     0.0219093
      0.021906
     0.0219093
      0.021906
     0.0219093
      0.021906
     0.0219093
      0.021906
     0.0219093
      0.021906
     0.0219093
      0.021906
     0.0219093
      0.021906
     0.0219093
      0.021906
     0.0219093
      0.021906
     0.0219093
      0.021906
     0.0219093
      0.021906
     0.0219093
      0.021906
     0.0219093
      0.021906
     0.0219093
      0.021906
     0.0219093
      0.021906
     0.0219093
      0.021906
     0.0219093
      0.021906
     0.0219093
      0.021906
     0.0219093
      0.021906
     0.0219093
      0.021906
     0.0219093
      0.021906
     0.0219093
      0.021906
     0.0219093
      0.021906
     0.0293289
     0.0293299
     0.0293289
     0.0293299
     0.0293289
     0.0293299
     0.0293289
     0.0293299
     0.0293289
     0.0293299
     0.0293289
     0.0293299
     0.0293289
     0.0293299
     0.0293289
     0.0293299
     0.0293289
     0.0293299
     0.0293289
     0.0293299
     0.0293289
     0.0293299
     0.0293289
     0.0293299
     0.0293289
     0.0293299
     0.0293289
     0.0293299
     0.0293289
     0.0293299
     0.0293289
     0.0293299
     0.0293289
     0.0293299
     0.0293289
     0.0293299
     0.0293289
     0.0293299
     0.0293289
     0.0293299
     0.0293289
     0.0293299
     0.0293289
     0.0293299
     0.0293289
     0.0293299
     0.0293289
     0.0293299
     0.0293289
     0.0293299
     0.0293289
     0.0293299
     0.0293289
     0.0293299
     0.0293289
     0.0293299
     0.0293289
     0.0293299
     0.0293289
     0.0388417
     0.0388446
     0.0388417
     0.0388446
     0.0388417
     0.0388446
     0.0388417
     0.0388446
     0.0388417
     0.0388446
     0.0388417
     0.0388446
     0.0388417
     0.0388446
     0.0388417
     0.0388446
     0.0388417
     0.0388446
     0.0388417
     0.0388446
     0.0388417
     0.0388446
     0.0388417
     0.0388446
     0.0388417
     0.0388446
     0.0388417
     0.0388446
     0.0388417
     0.0388446
     0.0388417
     0.0388446
     0.0388417
     0.0388446
     0.0388417
     0.0388446
     0.0388417
     0.0388446
     0.0388417
     0.0388446
     0.0388417
     0.0388446
     0.0388417
     0.0388446
     0.0388417
     0.0388446
     0.0388417
     0.0388446
     0.0388417
     0.0388446
     0.0388417
     0.0388446
     0.0388417
     0.0388446
     0.0388417
     0.0388446
     0.0388417
     0.0388446
     0.0388417
     0.0508948
     0.0508955
     0.0508948
     0.0508955
     0.0508948
     0.0508955
     0.0508948
     0.0508955
     0.0508948
     0.0508955
     0.0508948
     0.0508955
     0.0508948
     0.0508955
     0.0508948
     0.0508955
     0.0508948
     0.0508955
     0.0508948
     0.0508955
     0.0508948
     0.0508955
     0.0508948
     0.0508955
     0.0508948
     0.0508955
     0.0508948
     0.0508955
     0.0508948
     0.0508955
     0.0508948
     0.0508955
     0.0508948
     0.0508955
     0.0508948
     0.0508955
     0.0508948
     0.0508955
     0.0508948
     0.0508955
     0.0508948
     0.0508955
     0.0508948
     0.0508955
     0.0508948
     0.0508955
     0.0508948
     0.0508955
     0.0508948
     0.0508955
     0.0508948
     0.0508955
     0.0508948
     0.0508955
     0.0508948
     0.0508955
     0.0508948
     0.0508955
     0.0508948
      0.065961
     0.0659623
      0.065961
     0.0659623
      0.065961
     0.0659623
      0.065961
     0.0659623
      0.065961
     0.0659623
      0.065961
     0.0659623
      0.065961
     0.0659623
      0.065961
     0.0659623
      0.065961
     0.0659623
      0.065961
     0.0659623
      0.065961
     0.0659623
      0.065961
     0.0659623
      0.065961
     0.0659623
      0.065961
     0.0659623
      0.065961
     0.0659623
      0.065961
     0.0659623
      0.065961
     0.0659623
      0.065961
     0.0659623
      0.065961
     0.0659623
      0.065961
     0.0659623
      0.065961
     0.0659623
      0.065961
     0.0659623
      0.065961
     0.0659623
      0.065961
     0.0659623
      0.065961
     0.0659623
      0.065961
     0.0659623
      0.065961
     0.0659623
      0.065961
     0.0659623
      0.065961
     0.0659623
      0.065961
     0.0845654
     0.0845654
     0.0845654
     0.0845654
     0.0845654
     0.0845654
     0.0845654
     0.0845654
     0.0845654
     0.0845654
     0.0845654
     0.0845654
     0.0845654
     0.0845654
     0.0845654
     0.0845654
     0.0845654
     0.0845654
     0.0845654
     0.0845654
     0.0845654
     0.0845654
     0.0845654
     0.0845654
     0.0845654
     0.0845654
     0.0845654
     0.0845654
     0.0845654
     0.0845654
     0.0845654
     0.0845654
     0.0845654
     0.0845654
     0.0845654
     0.0845654
     0.0845654
     0.0845654
     0.0845654
     0.0845654
     0.0845654
     0.0845654
     0.0845654
     0.0845654
     0.0845654
     0.0845654
     0.0845654
     0.0845654
     0.0845654
     0.0845654
     0.0845654
     0.0845654
     0.0845654
     0.0845654
     0.0845654
     0.0845654
     0.0845654
     0.0845654
     0.0845654
      0.107244
      0.107242
      0.107244
      0.107242
      0.107244
      0.107242
      0.107244
      0.107242
      0.107244
      0.107242
      0.107244
      0.107242
      0.107244
      0.107242
      0.107244
      0.107242
      0.107244
      0.107242
      0.107244
      0.107242
      0.107244
      0.107242
      0.107244
      0.107242
      0.107244
      0.107242
      0.107244
      0.107242
      0.107244
      0.107242
      0.107244
      0.107242
      0.107244
      0.107242
      0.107244
      0.107242
      0.107244
      0.107242
      0.107244
      0.107242
      0.107244
      0.107242
      0.107244
      0.107242
      0.107244
      0.107242
      0.107244
      0.107242
      0.107244
      0.107242
      0.107244
      0.107242
      0.107244
      0.107242
      0.107244
      0.107242
      0.107244
      0.107242
      0.107244
      0.134534
      0.134533
      0.134534
      0.134533
      0.134534
      0.134533
      0.134534
      0.134533
      0.134534
      0.134533
      0.134534
      0.134533
      0.134534
      0.134533
      0.134534
      0.134533
      0.134534
      0.134533
      0.134534
      0.134533
      0.134534
      0.134533
      0.134534
      0.134533
      0.134534
      0.134533
      0.134534
      0.134533
      0.134534
      0.134533
      0.134534
      0.134533
      0.134534
      0.134533
      0.134534
      0.134533
      0.134534
      0.134533
      0.134534
      0.134533
      0.134534
      0.134533
      0.134534
      0.134533
      0.134534
      0.134533
      0.134534
      0.134533
      0.134534
      0.134533
      0.134534
      0.134533
      0.134534
      0.134533
      0.134534
      0.134533
      0.134534
      0.134533
      0.134534
      0.166964
      0.166959
      0.166964
      0.166959
      0.166964
      0.166959
      0.166964
      0.166959
      0.166964
      0.166959
      0.166964
      0.166959
      0.166964
      0.166959
      0.166964
      0.166959
      0.166964
      0.166959
      0.166964
      0.166959
      0.166964
      0.166959
      0.166964
      0.166959
      0.166964
      0.166959
      0.166964
      0.166959
      0.166964
      0.166959
      0.166964
      0.166959
      0.166964
      0.166959
      0.166964
      0.166959
      0.166964
      0.166959
      0.166964
      0.166959
      0.166964
      0.166959
      0.166964
      0.166959
      0.166964
      0.166959
      0.166964
      0.166959
      0.166964
      0.166959
      0.166964
      0.166959
      0.166964
      0.166959
      0.166964
      0.166959
      0.166964
      0.166959
      0.166964
      0.204987
      0.204985
      0.204987
      0.204985
      0.204987
      0.204985
      0.204987
      0.204985
      0.204987
      0.204985
      0.204987
      0.204985
      0.204987
      0.204985
      0.204987
      0.204985
      0.204987
      0.204985
      0.204987
      0.204985
      0.204987
      0.204985
      0.204987
      0.204985
      0.204987
      0.204985
      0.204987
      0.204985
      0.204987
      0.204985
      0.204987
      0.204985
      0.204987
      0.204985
      0.204987
      0.204985
      0.204987
      0.204985
      0.204987
      0.204985
      0.204987
      0.204985
      0.204987
      0.204985
      0.204987
      0.204985
      0.204987
      0.204985
      0.204987
      0.204985
      0.204987
      0.204985
      0.204987
      0.204985
      0.204987
      0.204985
      0.204987
      0.204985
      0.204987
      0.249019
       0.24901
      0.249019
       0.24901
      0.249019
       0.24901
      0.249019
       0.24901
      0.249019
       0.24901
      0.249019
       0.24901
      0.249019
       0.24901
      0.249019
       0.24901
      0.249019
       0.24901
      0.249019
       0.24901
      0.249019
       0.24901
      0.249019
       0.24901
      0.249019
       0.24901
      0.249019
       0.24901
      0.249019
       0.24901
      0.249019
       0.24901
      0.249019
       0.24901
      0.249019
       0.24901
      0.249019
       0.24901
      0.249019
       0.24901
      0.249019
       0.24901
      0.249019
       0.24901
      0.249019
       0.24901
      0.249019
       0.24901
      0.249019
       0.24901
      0.249019
       0.24901
      0.249019
       0.24901
      0.249019
       0.24901
      0.249019
       0.24901
      0.249019
       0.29931
      0.299307
       0.29931
      0.299307
       0.29931
      0.299307
       0.29931
      0.299307
       0.29931
      0.299307
       0.29931
      0.299307
       0.29931
      0.299307
       0.29931
      0.299307
       0.29931
      0.299307
       0.29931
      0.299307
       0.29931
      0.299307
       0.29931
      0.299307
       0.29931
      0.299307
       0.29931
      0.299307
       0.29931
      0.299307
       0.29931
      0.299307
       0.29931
      0.299307
       0.29931
      0.299307
       0.29931
      0.299307
       0.29931
      0.299307
       0.29931
      0.299307
       0.29931
      0.299307
       0.29931
      0.299307
       0.29931
      0.299307
       0.29931
      0.299307
       0.29931
      0.299307
       0.29931
      0.299307
       0.29931
      0.299307
       0.29931
      0.299307
       0.29931
      0.356046
      0.356034
      0.356046
      0.356034
      0.356046
      0.356034
      0.356046
      0.356034
      0.356046
      0.356034
      0.356046
      0.356034
      0.356046
      0.356034
      0.356046
      0.356034
      0.356046
      0.356034
      0.356046
      0.356034
      0.356046
      0.356034
      0.356046
      0.356034
      0.356046
      0.356034
      0.356046
      0.356034
      0.356046
      0.356034
      0.356046
      0.356034
      0.356046
      0.356034
      0.356046
      0.356034
      0.356046
      0.356034
      0.356046
      0.356034
      0.356046
      0.356034
      0.356046
      0.356034
      0.356046
      0.356034
      0.356046
      0.356034
      0.356046
      0.356034
      0.356046
      0.356034
      0.356046
      0.356034
      0.356046
      0.356034
      0.356046
      0.356034
      0.356046
      0.419164
       0.41916
      0.419164
       0.41916
      0.419164
       0.41916
      0.419164
       0.41916
      0.419164
       0.41916
      0.419164
       0.41916
      0.419164
       0.41916
      0.419164
       0.41916
      0.419164
       0.41916
      0.419164
       0.41916
      0.419164
       0.41916
      0.419164
       0.41916
      0.419164
       0.41916
      0.419164
       0.41916
      0.419164
       0.41916
      0.419164
       0.41916
      0.419164
       0.41916
      0.419164
       0.41916
      0.419164
       0.41916
      0.419164
       0.41916
      0.419164
       0.41916
      0.419164
       0.41916
      0.419164
       0.41916
      0.419164
       0.41916
      0.419164
       0.41916
      0.419164
       0.41916
      0.419164
       0.41916
      0.419164
       0.41916
      0.419164
       0.41916
      0.419164
      0.488512
        0.4885
      0.488512
        0.4885
      0.488512
        0.4885
      0.488512
        0.4885
      0.488512
        0.4885
      0.488512
        0.4885
      0.488512
        0.4885
      0.488512
        0.4885
      0.488512
        0.4885
      0.488512
        0.4885
      0.488512
        0.4885
      0.488512
        0.4885
      0.488512
        0.4885
      0.488512
        0.4885
      0.488512
        0.4885
      0.488512
        0.4885
      0.488512
        0.4885
      0.488512
        0.4885
      0.488512
        0.4885
      0.488512
        0.4885
      0.488512
        0.4885
      0.488512
        0.4885
      0.488512
        0.4885
      0.488512
        0.4885
      0.488512
        0.4885
      0.488512
        0.4885
      0.488512
        0.4885
      0.488512
        0.4885
      0.488512
        0.4885
      0.488512
      0.563648
      0.563644
      0.563648
      0.563644
      0.563648
      0.563644
      0.563648
      0.563644
      0.563648
      0.563644
      0.563648
      0.563644
      0.563648
      0.563644
      0.563648
      0.563644
      0.563648
      0.563644
      0.563648
      0.563644
      0.563648
      0.563644
      0.563648
      0.563644
      0.563648
      0.563644
      0.563648
      0.563644
      0.563648
      0.563644
      0.563648
      0.563644
      0.563648
      0.563644
      0.563648
      0.563644
      0.563648
      0.563644
      0.563648
      0.563644
      0.563648
      0.563644
      0.563648
      0.563644
      0.563648
      0.563644
      0.563648
      0.563644
      0.563648
      0.563644
      0.563648
      0.563644
      0.563648
      0.563644
      0.563648
      0.563644
      0.563648
      0.563644
      0.563648
      0.644032
      0.644022
      0.644032
      0.644022
      0.644032
      0.644022
      0.644032
      0.644022
      0.644032
      0.644022
      0.644032
      0.644022
      0.644032
      0.644022
      0.644032
      0.644022
      0.644032
      0.644022
      0.644032
      0.644022
      0.644032
      0.644022
      0.644032
      0.644022
      0.644032
      0.644022
      0.644032
      0.644022
      0.644032
      0.644022
      0.644032
      0.644022
      0.644032
      0.644022
      0.644032
      0.644022
      0.644032
      0.644022
      0.644032
      0.644022
      0.644032
      0.644022
      0.644032
      0.644022
      0.644032
      0.644022
      0.644032
      0.644022
      0.644032
      0.644022
      0.644032
      0.644022
      0.644032
      0.644022
      0.644032
      0.644022
      0.644032
      0.644022
      0.644032
      0.728846
      0.728843
      0.728846
      0.728843
      0.728846
      0.728843
      0.728846
      0.728843
      0.728846
      0.728843
      0.728846
      0.728843
      0.728846
      0.728843
      0.728846
      0.728843
      0.728846
      0.728843
      0.728846
      0.728843
      0.728846
      0.728843
      0.728846
      0.728843
      0.728846
      0.728843
      0.728846
      0.728843
      0.728846
      0.728843
      0.728846
      0.728843
      0.728846
      0.728843
      0.728846
      0.728843
      0.728846
      0.728843
      0.728846
      0.728843
      0.728846
      0.728843
      0.728846
      0.728843
      0.728846
      0.728843
      0.728846
      0.728843
      0.728846
      0.728843
      0.728846
      0.728843
      0.728846
      0.728843
      0.728846
      0.728843
      0.728846
      0.728843
      0.728846
      0.817188
      0.817182
      0.817188
      0.817182
      0.817188
      0.817182
      0.817188
      0.817182
      0.817188
      0.817182
      0.817188
      0.817182
      0.817188
      0.817182
      0.817188
      0.817182
      0.817188
      0.817182
      0.817188
      0.817182
      0.817188
      0.817182
      0.817188
      0.817182
      0.817188
      0.817182
      0.817188
      0.817182
      0.817188
      0.817182
      0.817188
      0.817182
      0.817188
      0.817182
      0.817188
      0.817182
      0.817188
      0.817182
      0.817188
      0.817182
      0.817188
      0.817182
      0.817188
      0.817182
      0.817188
      0.817182
      0.817188
      0.817182
      0.817188
      0.817182
      0.817188
      0.817182
      0.817188
      0.817182
      0.817188
      0.817182
      0.817188
      0.817182
      0.817188
      0.907957
      0.907956
      0.907957
      0.907956
      0.907957
      0.907956
      0.907957
      0.907956
      0.907957
      0.907956
      0.907957
      0.907956
      0.907957
      0.907956
      0.907957
      0.907956
      0.907957
      0.907956
      0.907957
      0.907956
      0.907957
      0.907956
      0.907957
      0.907956
      0.907957
      0.907956
      0.907957
      0.907956
      0.907957
      0.907956
      0.907957
      0.907956
      0.907957
      0.907956
      0.907957
      0.907956
      0.907957
      0.907956
      0.907957
      0.907956
      0.907957
      0.907956
      0.907957
      0.907956
      0.907957
      0.907956
      0.907957
      0.907956
      0.907957
      0.907956
      0.907957
      0.907956
      0.907957
      0.907956
      0.907957
      0.907956
      0.907957
      0.907956
      0.907957
             1
             1
             1
             1
             1
             1
             1
             1
             1
             1
             1
             1
             1
             1
             1
             1
             1
             1
             1
             1
             1
             1
             1
             1
             1
             1
             1
             1
             1
             1
             1
             1
             1
             1
             1
             1
             1
             1
             1
             1
             1
             1
             1
             1
             1
             1
             1
             1
             1
             1
             1
             1
             1
             1
             1
             1
             1
             1
             1
