             1
             1
             1
             1
             1
             1
             1
             1
             1
             1
             1
             1
             1
             1
             1
             1
             1
             1
             1
             1
             1
             1
             1
             1
             1
             1
             1
             1
             1
             1
             1
             1
             1
             1
             1
             1
             1
             1
             1
             1
             1
             1
             1
             1
             1
             1
             1
             1
             1
             1
             1
             1
             1
             1
             1
             1
             1
             1
             1
      0.912679
      0.912679
      0.912679
      0.912679
      0.912679
      0.912679
      0.912679
      0.912679
      0.912679
      0.912679
      0.912679
      0.912679
      0.912679
      0.912679
      0.912679
      0.912679
      0.912679
      0.912679
      0.912679
      0.912679
      0.912679
      0.912679
      0.912679
      0.912679
      0.912679
      0.912679
      0.912679
      0.912679
      0.912679
      0.912679
      0.912679
      0.912679
      0.912679
      0.912679
      0.912679
      0.912679
      0.912679
      0.912679
      0.912679
      0.912679
      0.912679
      0.912679
      0.912679
      0.912679
      0.912679
      0.912679
      0.912679
      0.912679
      0.912679
      0.912679
      0.912679
      0.912679
      0.912679
      0.912679
      0.912679
      0.912679
      0.912679
      0.912679
      0.912679
      0.826453
      0.826448
      0.826453
      0.826448
      0.826453
      0.826448
      0.826453
      0.826448
      0.826453
      0.826448
      0.826453
      0.826448
      0.826453
      0.826448
      0.826453
      0.826448
      0.826453
      0.826448
      0.826453
      0.826448
      0.826453
      0.826448
      0.826453
      0.826448
      0.826453
      0.826448
      0.826453
      0.826448
      0.826453
      0.826448
      0.826453
      0.826448
      0.826453
      0.826448
      0.826453
      0.826448
      0.826453
      0.826448
      0.826453
      0.826448
      0.826453
      0.826448
      0.826453
      0.826448
      0.826453
      0.826448
      0.826453
      0.826448
      0.826453
      0.826448
      0.826453
      0.826448
      0.826453
      0.826448
      0.826453
      0.826448
      0.826453
      0.826448
      0.826453
      0.742307
      0.742305
      0.742307
      0.742305
      0.742307
      0.742305
      0.742307
      0.742305
      0.742307
      0.742305
      0.742307
      0.742305
      0.742307
      0.742305
      0.742307
      0.742305
      0.742307
      0.742305
      0.742307
      0.742305
      0.742307
      0.742305
      0.742307
      0.742305
      0.742307
      0.742305
      0.742307
      0.742305
      0.742307
      0.742305
      0.742307
      0.742305
      0.742307
      0.742305
      0.742307
      0.742305
      0.742307
      0.742305
      0.742307
      0.742305
      0.742307
      0.742305
      0.742307
      0.742305
      0.742307
      0.742305
      0.742307
      0.742305
      0.742307
      0.742305
      0.742307
      0.742305
      0.742307
      0.742305
      0.742307
      0.742305
      0.742307
      0.742305
      0.742307
      0.661191
      0.661183
      0.661191
      0.661183
      0.661191
      0.661183
      0.661191
      0.661183
      0.661191
      0.661183
      0.661191
      0.661183
      0.661191
      0.661183
      0.661191
      0.661183
      0.661191
      0.661183
      0.661191
      0.661183
      0.661191
      0.661183
      0.661191
      0.661183
      0.661191
      0.661183
      0.661191
      0.661183
      0.661191
      0.661183
      0.661191
      0.661183
      0.661191
      0.661183
      0.661191
      0.661183
      0.661191
      0.661183
      0.661191
      0.661183
      0.661191
      0.661183
      0.661191
      0.661183
      0.661191
      0.661183
      0.661191
      0.661183
      0.661191
      0.661183
      0.661191
      0.661183
      0.661191
      0.661183
      0.661191
      0.661183
      0.661191
      0.661183
      0.661191
      0.583899
      0.583896
      0.583899
      0.583896
      0.583899
      0.583896
      0.583899
      0.583896
      0.583899
      0.583896
      0.583899
      0.583896
      0.583899
      0.583896
      0.583899
      0.583896
      0.583899
      0.583896
      0.583899
      0.583896
      0.583899
      0.583896
      0.583899
      0.583896
      0.583899
      0.583896
      0.583899
      0.583896
      0.583899
      0.583896
      0.583899
      0.583896
      0.583899
      0.583896
      0.583899
      0.583896
      0.583899
      0.583896
      0.583899
      0.583896
      0.583899
      0.583896
      0.583899
      0.583896
      0.583899
      0.583896
      0.583899
      0.583896
      0.583899
      0.583896
      0.583899
      0.583896
      0.583899
      0.583896
      0.583899
      0.583896
      0.583899
      0.583896
      0.583899
       0.51116
       0.51115
       0.51116
       0.51115
       0.51116
       0.51115
       0.51116
       0.51115
       0.51116
       0.51115
       0.51116
       0.51115
       0.51116
       0.51115
       0.51116
       0.51115
       0.51116
       0.51115
       0.51116
       0.51115
       0.51116
       0.51115
       0.51116
       0.51115
       0.51116
       0.51115
       0.51116
       0.51115
       0.51116
       0.51115
       0.51116
       0.51115
       0.51116
       0.51115
       0.51116
       0.51115
       0.51116
       0.51115
       0.51116
       0.51115
       0.51116
       0.51115
       0.51116
       0.51115
       0.51116
       0.51115
       0.51116
       0.51115
       0.51116
       0.51115
       0.51116
       0.51115
       0.51116
       0.51115
       0.51116
       0.51115
       0.51116
       0.51115
       0.51116
      0.443484
       0.44348
      0.443484
       0.44348
      0.443484
       0.44348
      0.443484
       0.44348
      0.443484
       0.44348
      0.443484
       0.44348
      0.443484
       0.44348
      0.443484
       0.44348
      0.443484
       0.44348
      0.443484
       0.44348
      0.443484
       0.44348
      0.443484
       0.44348
      0.443484
       0.44348
      0.443484
       0.44348
      0.443484
       0.44348
      0.443484
       0.44348
      0.443484
       0.44348
      0.443484
       0.44348
      0.443484
       0.44348
      0.443484
       0.44348
      0.443484
       0.44348
      0.443484
       0.44348
      0.443484
       0.44348
      0.443484
       0.44348
      0.443484
       0.44348
      0.443484
       0.44348
      0.443484
       0.44348
      0.443484
       0.44348
      0.443484
       0.44348
      0.443484
      0.381301
      0.381291
      0.381301
      0.381291
      0.381301
      0.381291
      0.381301
      0.381291
      0.381301
      0.381291
      0.381301
      0.381291
      0.381301
      0.381291
      0.381301
      0.381291
      0.381301
      0.381291
      0.381301
      0.381291
      0.381301
      0.381291
      0.381301
      0.381291
      0.381301
      0.381291
      0.381301
      0.381291
      0.381301
      0.381291
      0.381301
      0.381291
      0.381301
      0.381291
      0.381301
      0.381291
      0.381301
      0.381291
      0.381301
      0.381291
      0.381301
      0.381291
      0.381301
      0.381291
      0.381301
      0.381291
      0.381301
      0.381291
      0.381301
      0.381291
      0.381301
      0.381291
      0.381301
      0.381291
      0.381301
      0.381291
      0.381301
      0.381291
      0.381301
      0.324807
      0.324804
      0.324807
      0.324804
      0.324807
      0.324804
      0.324807
      0.324804
      0.324807
      0.324804
      0.324807
      0.324804
      0.324807
      0.324804
      0.324807
      0.324804
      0.324807
      0.324804
      0.324807
      0.324804
      0.324807
      0.324804
      0.324807
      0.324804
      0.324807
      0.324804
      0.324807
      0.324804
      0.324807
      0.324804
      0.324807
      0.324804
      0.324807
      0.324804
      0.324807
      0.324804
      0.324807
      0.324804
      0.324807
      0.324804
      0.324807
      0.324804
      0.324807
      0.324804
      0.324807
      0.324804
      0.324807
      0.324804
      0.324807
      0.324804
      0.324807
      0.324804
      0.324807
      0.324804
      0.324807
      0.324804
      0.324807
      0.324804
      0.324807
       0.27412
      0.274113
       0.27412
      0.274113
       0.27412
      0.274113
       0.27412
      0.274113
       0.27412
      0.274113
       0.27412
      0.274113
       0.27412
      0.274113
       0.27412
      0.274113
       0.27412
      0.274113
       0.27412
      0.274113
       0.27412
      0.274113
       0.27412
      0.274113
       0.27412
      0.274113
       0.27412
      0.274113
       0.27412
      0.274113
       0.27412
      0.274113
       0.27412
      0.274113
       0.27412
      0.274113
       0.27412
      0.274113
       0.27412
      0.274113
       0.27412
      0.274113
       0.27412
      0.274113
       0.27412
      0.274113
       0.27412
      0.274113
       0.27412
      0.274113
       0.27412
      0.274113
       0.27412
      0.274113
       0.27412
      0.274113
       0.27412
      0.274113
       0.27412
       0.22915
      0.229148
       0.22915
      0.229148
       0.22915
      0.229148
       0.22915
      0.229148
       0.22915
      0.229148
       0.22915
      0.229148
       0.22915
      0.229148
       0.22915
      0.229148
       0.22915
      0.229148
       0.22915
      0.229148
       0.22915
      0.229148
       0.22915
      0.229148
       0.22915
      0.229148
       0.22915
      0.229148
       0.22915
      0.229148
       0.22915
      0.229148
       0.22915
      0.229148
       0.22915
      0.229148
       0.22915
      0.229148
       0.22915
      0.229148
       0.22915
      0.229148
       0.22915
      0.229148
       0.22915
      0.229148
       0.22915
      0.229148
       0.22915
      0.229148
       0.22915
      0.229148
       0.22915
      0.229148
       0.22915
      0.229148
       0.22915
      0.229148
       0.22915
      0.189745
       0.18974
      0.189745
       0.18974
      0.189745
       0.18974
      0.189745
       0.18974
      0.189745
       0.18974
      0.189745
       0.18974
      0.189745
       0.18974
      0.189745
       0.18974
      0.189745
       0.18974
      0.189745
       0.18974
      0.189745
       0.18974
      0.189745
       0.18974
      0.189745
       0.18974
      0.189745
       0.18974
      0.189745
       0.18974
      0.189745
       0.18974
      0.189745
       0.18974
      0.189745
       0.18974
      0.189745
       0.18974
      0.189745
       0.18974
      0.189745
       0.18974
      0.189745
       0.18974
      0.189745
       0.18974
      0.189745
       0.18974
      0.189745
       0.18974
      0.189745
       0.18974
      0.189745
       0.18974
      0.189745
       0.18974
      0.189745
       0.18974
      0.189745
        0.1556
      0.155599
        0.1556
      0.155599
        0.1556
      0.155599
        0.1556
      0.155599
        0.1556
      0.155599
        0.1556
      0.155599
        0.1556
      0.155599
        0.1556
      0.155599
        0.1556
      0.155599
        0.1556
      0.155599
        0.1556
      0.155599
        0.1556
      0.155599
        0.1556
      0.155599
        0.1556
      0.155599
        0.1556
      0.155599
        0.1556
      0.155599
        0.1556
      0.155599
        0.1556
      0.155599
        0.1556
      0.155599
        0.1556
      0.155599
        0.1556
      0.155599
        0.1556
      0.155599
        0.1556
      0.155599
        0.1556
      0.155599
        0.1556
      0.155599
        0.1556
      0.155599
        0.1556
      0.155599
        0.1556
      0.155599
        0.1556
      0.155599
        0.1556
      0.126372
       0.12637
      0.126372
       0.12637
      0.126372
       0.12637
      0.126372
       0.12637
      0.126372
       0.12637
      0.126372
       0.12637
      0.126372
       0.12637
      0.126372
       0.12637
      0.126372
       0.12637
      0.126372
       0.12637
      0.126372
       0.12637
      0.126372
       0.12637
      0.126372
       0.12637
      0.126372
       0.12637
      0.126372
       0.12637
      0.126372
       0.12637
      0.126372
       0.12637
      0.126372
       0.12637
      0.126372
       0.12637
      0.126372
       0.12637
      0.126372
       0.12637
      0.126372
       0.12637
      0.126372
       0.12637
      0.126372
       0.12637
      0.126372
       0.12637
      0.126372
       0.12637
      0.126372
       0.12637
      0.126372
       0.12637
      0.126372
       0.12637
      0.126372
      0.101634
      0.101634
      0.101634
      0.101634
      0.101634
      0.101634
      0.101634
      0.101634
      0.101634
      0.101634
      0.101634
      0.101634
      0.101634
      0.101634
      0.101634
      0.101634
      0.101634
      0.101634
      0.101634
      0.101634
      0.101634
      0.101634
      0.101634
      0.101634
      0.101634
      0.101634
      0.101634
      0.101634
      0.101634
      0.101634
      0.101634
      0.101634
      0.101634
      0.101634
      0.101634
      0.101634
      0.101634
      0.101634
      0.101634
      0.101634
      0.101634
      0.101634
      0.101634
      0.101634
      0.101634
      0.101634
      0.101634
      0.101634
      0.101634
      0.101634
      0.101634
      0.101634
      0.101634
      0.101634
      0.101634
      0.101634
      0.101634
      0.101634
      0.101634
     0.0809429
     0.0809432
     0.0809429
     0.0809432
     0.0809429
     0.0809432
     0.0809429
     0.0809432
     0.0809429
     0.0809432
     0.0809429
     0.0809432
     0.0809429
     0.0809432
     0.0809429
     0.0809432
     0.0809429
     0.0809432
     0.0809429
     0.0809432
     0.0809429
     0.0809432
     0.0809429
     0.0809432
     0.0809429
     0.0809432
     0.0809429
     0.0809432
     0.0809429
     0.0809432
     0.0809429
     0.0809432
     0.0809429
     0.0809432
     0.0809429
     0.0809432
     0.0809429
     0.0809432
     0.0809429
     0.0809432
     0.0809429
     0.0809432
     0.0809429
     0.0809432
     0.0809429
     0.0809432
     0.0809429
     0.0809432
     0.0809429
     0.0809432
     0.0809429
     0.0809432
     0.0809429
     0.0809432
     0.0809429
     0.0809432
     0.0809429
     0.0809432
     0.0809429
     0.0638359
     0.0638363
     0.0638359
     0.0638363
     0.0638359
     0.0638363
     0.0638359
     0.0638363
     0.0638359
     0.0638363
     0.0638359
     0.0638363
     0.0638359
     0.0638363
     0.0638359
     0.0638363
     0.0638359
     0.0638363
     0.0638359
     0.0638363
     0.0638359
     0.0638363
     0.0638359
     0.0638363
     0.0638359
     0.0638363
     0.0638359
     0.0638363
     0.0638359
     0.0638363
     0.0638359
     0.0638363
     0.0638359
     0.0638363
     0.0638359
     0.0638363
     0.0638359
     0.0638363
     0.0638359
     0.0638363
     0.0638359
     0.0638363
     0.0638359
     0.0638363
     0.0638359
     0.0638363
     0.0638359
     0.0638363
     0.0638359
     0.0638363
     0.0638359
     0.0638363
     0.0638359
     0.0638363
     0.0638359
     0.0638363
     0.0638359
     0.0638363
     0.0638359
     0.0498523
     0.0498542
     0.0498523
     0.0498542
     0.0498523
     0.0498542
     0.0498523
     0.0498542
     0.0498523
     0.0498542
     0.0498523
     0.0498542
     0.0498523
     0.0498542
     0.0498523
     0.0498542
     0.0498523
     0.0498542
     0.0498523
     0.0498542
     0.0498523
     0.0498542
     0.0498523
     0.0498542
     0.0498523
     0.0498542
     0.0498523
     0.0498541
     0.0498523
     0.0498541
     0.0498523
     0.0498541
     0.0498523
     0.0498542
     0.0498523
     0.0498542
     0.0498523
     0.0498542
     0.0498523
     0.0498542
     0.0498523
     0.0498542
     0.0498523
     0.0498542
     0.0498523
     0.0498542
     0.0498523
     0.0498542
     0.0498523
     0.0498542
     0.0498523
     0.0498542
     0.0498523
     0.0498542
     0.0498523
     0.0498542
     0.0498523
     0.0498542
     0.0498523
     0.0385592
       0.03856
     0.0385592
       0.03856
     0.0385592
       0.03856
     0.0385592
       0.03856
     0.0385592
       0.03856
     0.0385592
       0.03856
     0.0385592
       0.03856
     0.0385592
       0.03856
     0.0385592
       0.03856
     0.0385592
       0.03856
     0.0385592
       0.03856
     0.0385592
       0.03856
     0.0385592
       0.03856
     0.0385592
       0.03856
     0.0385592
       0.03856
     0.0385592
       0.03856
     0.0385592
       0.03856
     0.0385592
       0.03856
     0.0385592
       0.03856
     0.0385592
       0.03856
     0.0385592
       0.03856
     0.0385592
       0.03856
     0.0385592
       0.03856
     0.0385592
       0.03856
     0.0385592
       0.03856
     0.0385592
       0.03856
     0.0385592
       0.03856
     0.0385592
       0.03856
     0.0385592
       0.03856
     0.0385592
     0.0295387
     0.0295413
     0.0295387
     0.0295413
     0.0295387
     0.0295413
     0.0295387
     0.0295413
     0.0295387
     0.0295413
     0.0295387
     0.0295413
     0.0295387
     0.0295413
     0.0295387
     0.0295413
     0.0295387
     0.0295413
     0.0295387
     0.0295413
     0.0295387
     0.0295413
     0.0295387
     0.0295413
     0.0295387
     0.0295413
     0.0295387
     0.0295413
     0.0295386
     0.0295413
     0.0295386
     0.0295413
     0.0295387
     0.0295413
     0.0295387
     0.0295413
     0.0295387
     0.0295413
     0.0295387
     0.0295413
     0.0295387
     0.0295413
     0.0295387
     0.0295413
     0.0295387
     0.0295413
     0.0295387
     0.0295413
     0.0295387
     0.0295413
     0.0295387
     0.0295413
     0.0295387
     0.0295413
     0.0295387
     0.0295413
     0.0295387
     0.0295413
     0.0295387
     0.0224282
     0.0224291
     0.0224282
     0.0224291
     0.0224282
     0.0224291
     0.0224282
     0.0224291
     0.0224282
     0.0224291
     0.0224282
     0.0224291
     0.0224282
     0.0224291
     0.0224282
     0.0224291
     0.0224282
     0.0224291
     0.0224281
      0.022429
     0.0224281
      0.022429
     0.0224281
      0.022429
     0.0224281
      0.022429
     0.0224281
     0.0224289
      0.022428
     0.0224289
      0.022428
     0.0224289
     0.0224281
      0.022429
     0.0224281
      0.022429
     0.0224281
      0.022429
     0.0224281
      0.022429
     0.0224281
     0.0224291
     0.0224282
     0.0224291
     0.0224282
     0.0224291
     0.0224282
     0.0224291
     0.0224282
     0.0224291
     0.0224282
     0.0224291
     0.0224282
     0.0224291
     0.0224282
     0.0224291
     0.0224282
     0.0224291
     0.0224282
     0.0168859
     0.0168886
     0.0168859
     0.0168886
     0.0168859
     0.0168886
     0.0168859
     0.0168886
     0.0168859
     0.0168886
     0.0168859
     0.0168886
     0.0168859
     0.0168886
     0.0168859
     0.0168886
     0.0168859
     0.0168886
     0.0168858
     0.0168886
     0.0168858
     0.0168886
     0.0168858
     0.0168885
     0.0168858
     0.0168885
     0.0168857
     0.0168884
     0.0168856
     0.0168884
     0.0168856
     0.0168884
     0.0168857
     0.0168885
     0.0168858
     0.0168885
     0.0168858
     0.0168886
     0.0168858
     0.0168886
     0.0168858
     0.0168886
     0.0168859
     0.0168886
     0.0168859
     0.0168886
     0.0168859
     0.0168886
     0.0168859
     0.0168886
     0.0168859
     0.0168886
     0.0168859
     0.0168886
     0.0168859
     0.0168886
     0.0168859
     0.0168886
     0.0168859
     0.0126358
     0.0126367
     0.0126358
     0.0126367
     0.0126358
     0.0126367
     0.0126358
     0.0126367
     0.0126358
     0.0126367
     0.0126358
     0.0126367
     0.0126358
     0.0126367
     0.0126358
     0.0126367
     0.0126358
     0.0126367
     0.0126358
     0.0126367
     0.0126358
     0.0126367
     0.0126358
     0.0126366
     0.0126357
     0.0126365
     0.0126356
     0.0126364
     0.0126355
     0.0126363
     0.0126355
     0.0126364
     0.0126356
     0.0126365
     0.0126357
     0.0126366
     0.0126358
     0.0126367
     0.0126358
     0.0126367
     0.0126358
     0.0126367
     0.0126358
     0.0126367
     0.0126358
     0.0126367
     0.0126358
     0.0126367
     0.0126358
     0.0126367
     0.0126358
     0.0126367
     0.0126358
     0.0126367
     0.0126358
     0.0126367
     0.0126358
     0.0126367
     0.0126358
    0.00942416
    0.00942672
    0.00942416
    0.00942672
    0.00942416
    0.00942672
    0.00942416
    0.00942672
    0.00942416
    0.00942672
    0.00942416
    0.00942672
    0.00942416
    0.00942672
    0.00942415
    0.00942671
    0.00942415
    0.00942671
    0.00942414
    0.00942669
    0.00942411
    0.00942665
    0.00942406
    0.00942657
    0.00942394
    0.00942641
    0.00942375
    0.00942621
    0.00942357
    0.00942609
    0.00942357
    0.00942621
    0.00942375
    0.00942641
    0.00942394
    0.00942657
    0.00942406
    0.00942665
    0.00942411
    0.00942669
    0.00942414
    0.00942671
    0.00942415
    0.00942671
    0.00942415
    0.00942672
    0.00942416
    0.00942672
    0.00942416
    0.00942672
    0.00942416
    0.00942672
    0.00942416
    0.00942672
    0.00942416
    0.00942672
    0.00942416
    0.00942672
    0.00942416
    0.00706128
    0.00706209
    0.00706128
    0.00706209
    0.00706128
    0.00706209
    0.00706128
    0.00706209
    0.00706128
    0.00706209
    0.00706128
    0.00706209
    0.00706128
    0.00706209
    0.00706128
    0.00706208
    0.00706128
    0.00706208
    0.00706126
    0.00706206
    0.00706123
      0.007062
    0.00706115
    0.00706189
    0.00706098
    0.00706165
    0.00706066
    0.00706128
    0.00706031
    0.00706104
    0.00706031
    0.00706128
    0.00706066
    0.00706165
    0.00706098
    0.00706189
    0.00706115
      0.007062
    0.00706123
    0.00706206
    0.00706126
    0.00706208
    0.00706128
    0.00706208
    0.00706128
    0.00706209
    0.00706128
    0.00706209
    0.00706128
    0.00706209
    0.00706128
    0.00706209
    0.00706128
    0.00706209
    0.00706128
    0.00706209
    0.00706128
    0.00706209
    0.00706128
    0.00537813
     0.0053804
    0.00537813
     0.0053804
    0.00537813
     0.0053804
    0.00537813
     0.0053804
    0.00537813
     0.0053804
    0.00537813
     0.0053804
    0.00537813
     0.0053804
    0.00537813
    0.00538039
    0.00537812
    0.00538039
    0.00537811
    0.00538036
    0.00537807
     0.0053803
    0.00537797
    0.00538014
    0.00537772
    0.00537978
     0.0053772
    0.00537913
    0.00537651
     0.0053786
    0.00537651
    0.00537913
     0.0053772
    0.00537978
    0.00537772
    0.00538014
    0.00537797
     0.0053803
    0.00537807
    0.00538036
    0.00537811
    0.00538039
    0.00537812
    0.00538039
    0.00537813
     0.0053804
    0.00537813
     0.0053804
    0.00537813
     0.0053804
    0.00537813
     0.0053804
    0.00537813
     0.0053804
    0.00537813
     0.0053804
    0.00537813
     0.0053804
    0.00537813
    0.00426353
    0.00426425
    0.00426353
    0.00426425
    0.00426353
    0.00426425
    0.00426353
    0.00426425
    0.00426353
    0.00426425
    0.00426353
    0.00426425
    0.00426352
    0.00426425
    0.00426352
    0.00426424
    0.00426352
    0.00426423
     0.0042635
     0.0042642
    0.00426345
    0.00426413
    0.00426333
    0.00426393
    0.00426302
    0.00426344
    0.00426225
    0.00426231
    0.00426077
    0.00426107
    0.00426077
    0.00426231
    0.00426225
    0.00426344
    0.00426302
    0.00426393
    0.00426333
    0.00426413
    0.00426345
     0.0042642
     0.0042635
    0.00426423
    0.00426352
    0.00426424
    0.00426352
    0.00426425
    0.00426352
    0.00426425
    0.00426353
    0.00426425
    0.00426353
    0.00426425
    0.00426353
    0.00426425
    0.00426353
    0.00426425
    0.00426353
    0.00426425
    0.00426353
    0.00362445
    0.00362653
    0.00362445
    0.00362653
    0.00362445
    0.00362653
    0.00362445
    0.00362653
    0.00362445
    0.00362653
    0.00362445
    0.00362653
    0.00362445
    0.00362653
    0.00362445
    0.00362652
    0.00362444
    0.00362651
    0.00362442
    0.00362648
    0.00362437
     0.0036264
    0.00362424
    0.00362617
    0.00362386
    0.00362555
    0.00362284
    0.00362377
    0.00361976
    0.00362067
    0.00361976
    0.00362377
    0.00362284
    0.00362555
    0.00362386
    0.00362617
    0.00362424
     0.0036264
    0.00362437
    0.00362648
    0.00362442
    0.00362651
    0.00362444
    0.00362652
    0.00362445
    0.00362653
    0.00362445
    0.00362653
    0.00362445
    0.00362653
    0.00362445
    0.00362653
    0.00362445
    0.00362653
    0.00362445
    0.00362653
    0.00362445
    0.00362653
    0.00362445
    0.00341965
    0.00342034
    0.00341965
    0.00342034
    0.00341965
    0.00342034
    0.00341965
    0.00342034
    0.00341965
    0.00342034
    0.00341965
    0.00342034
    0.00341965
    0.00342033
    0.00341964
    0.00342033
    0.00341964
    0.00342032
    0.00341962
    0.00342029
    0.00341957
     0.0034202
    0.00341942
    0.00341996
    0.00341902
    0.00341928
    0.00341785
    0.00341716
    0.00341379
    0.00340866
    0.00341379
    0.00341716
    0.00341785
    0.00341928
    0.00341902
    0.00341996
    0.00341942
     0.0034202
    0.00341957
    0.00342029
    0.00341962
    0.00342032
    0.00341964
    0.00342033
    0.00341964
    0.00342033
    0.00341965
    0.00342034
    0.00341965
    0.00342034
    0.00341965
    0.00342034
    0.00341965
    0.00342034
    0.00341965
    0.00342034
    0.00341965
    0.00342034
    0.00341965
    0.00362445
    0.00362653
    0.00362445
    0.00362653
    0.00362445
    0.00362653
    0.00362445
    0.00362653
    0.00362445
    0.00362653
    0.00362445
    0.00362653
    0.00362445
    0.00362653
    0.00362445
    0.00362652
    0.00362444
    0.00362651
    0.00362442
    0.00362648
    0.00362437
     0.0036264
    0.00362424
    0.00362617
    0.00362386
    0.00362555
    0.00362284
    0.00362377
    0.00361976
    0.00362067
    0.00361976
    0.00362377
    0.00362284
    0.00362555
    0.00362386
    0.00362617
    0.00362424
     0.0036264
    0.00362437
    0.00362648
    0.00362442
    0.00362651
    0.00362444
    0.00362652
    0.00362445
    0.00362653
    0.00362445
    0.00362653
    0.00362445
    0.00362653
    0.00362445
    0.00362653
    0.00362445
    0.00362653
    0.00362445
    0.00362653
    0.00362445
    0.00362653
    0.00362445
    0.00426353
    0.00426425
    0.00426353
    0.00426425
    0.00426353
    0.00426425
    0.00426353
    0.00426425
    0.00426353
    0.00426425
    0.00426353
    0.00426425
    0.00426352
    0.00426425
    0.00426352
    0.00426424
    0.00426352
    0.00426423
     0.0042635
     0.0042642
    0.00426345
    0.00426413
    0.00426333
    0.00426393
    0.00426302
    0.00426344
    0.00426225
    0.00426231
    0.00426077
    0.00426107
    0.00426077
    0.00426231
    0.00426225
    0.00426344
    0.00426302
    0.00426393
    0.00426333
    0.00426413
    0.00426345
     0.0042642
     0.0042635
    0.00426423
    0.00426352
    0.00426424
    0.00426352
    0.00426425
    0.00426352
    0.00426425
    0.00426353
    0.00426425
    0.00426353
    0.00426425
    0.00426353
    0.00426425
    0.00426353
    0.00426425
    0.00426353
    0.00426425
    0.00426353
    0.00537813
     0.0053804
    0.00537813
     0.0053804
    0.00537813
     0.0053804
    0.00537813
     0.0053804
    0.00537813
     0.0053804
    0.00537813
     0.0053804
    0.00537813
     0.0053804
    0.00537813
    0.00538039
    0.00537812
    0.00538039
    0.00537811
    0.00538036
    0.00537807
     0.0053803
    0.00537797
    0.00538014
    0.00537772
    0.00537978
     0.0053772
    0.00537913
    0.00537651
     0.0053786
    0.00537651
    0.00537913
     0.0053772
    0.00537978
    0.00537772
    0.00538014
    0.00537797
     0.0053803
    0.00537807
    0.00538036
    0.00537811
    0.00538039
    0.00537812
    0.00538039
    0.00537813
     0.0053804
    0.00537813
     0.0053804
    0.00537813
     0.0053804
    0.00537813
     0.0053804
    0.00537813
     0.0053804
    0.00537813
     0.0053804
    0.00537813
     0.0053804
    0.00537813
    0.00706128
    0.00706209
    0.00706128
    0.00706209
    0.00706128
    0.00706209
    0.00706128
    0.00706209
    0.00706128
    0.00706209
    0.00706128
    0.00706209
    0.00706128
    0.00706209
    0.00706128
    0.00706208
    0.00706128
    0.00706208
    0.00706126
    0.00706206
    0.00706123
      0.007062
    0.00706115
    0.00706189
    0.00706098
    0.00706165
    0.00706066
    0.00706128
    0.00706031
    0.00706104
    0.00706031
    0.00706128
    0.00706066
    0.00706165
    0.00706098
    0.00706189
    0.00706115
      0.007062
    0.00706123
    0.00706206
    0.00706126
    0.00706208
    0.00706128
    0.00706208
    0.00706128
    0.00706209
    0.00706128
    0.00706209
    0.00706128
    0.00706209
    0.00706128
    0.00706209
    0.00706128
    0.00706209
    0.00706128
    0.00706209
    0.00706128
    0.00706209
    0.00706128
    0.00942416
    0.00942672
    0.00942416
    0.00942672
    0.00942416
    0.00942672
    0.00942416
    0.00942672
    0.00942416
    0.00942672
    0.00942416
    0.00942672
    0.00942416
    0.00942672
    0.00942415
    0.00942671
    0.00942415
    0.00942671
    0.00942414
    0.00942669
    0.00942411
    0.00942665
    0.00942406
    0.00942657
    0.00942394
    0.00942641
    0.00942375
    0.00942621
    0.00942357
    0.00942609
    0.00942357
    0.00942621
    0.00942375
    0.00942641
    0.00942394
    0.00942657
    0.00942406
    0.00942665
    0.00942411
    0.00942669
    0.00942414
    0.00942671
    0.00942415
    0.00942671
    0.00942415
    0.00942672
    0.00942416
    0.00942672
    0.00942416
    0.00942672
    0.00942416
    0.00942672
    0.00942416
    0.00942672
    0.00942416
    0.00942672
    0.00942416
    0.00942672
    0.00942416
     0.0126358
     0.0126367
     0.0126358
     0.0126367
     0.0126358
     0.0126367
     0.0126358
     0.0126367
     0.0126358
     0.0126367
     0.0126358
     0.0126367
     0.0126358
     0.0126367
     0.0126358
     0.0126367
     0.0126358
     0.0126367
     0.0126358
     0.0126367
     0.0126358
     0.0126367
     0.0126358
     0.0126366
     0.0126357
     0.0126365
     0.0126356
     0.0126364
     0.0126355
     0.0126363
     0.0126355
     0.0126364
     0.0126356
     0.0126365
     0.0126357
     0.0126366
     0.0126358
     0.0126367
     0.0126358
     0.0126367
     0.0126358
     0.0126367
     0.0126358
     0.0126367
     0.0126358
     0.0126367
     0.0126358
     0.0126367
     0.0126358
     0.0126367
     0.0126358
     0.0126367
     0.0126358
     0.0126367
     0.0126358
     0.0126367
     0.0126358
     0.0126367
     0.0126358
     0.0168859
     0.0168886
     0.0168859
     0.0168886
     0.0168859
     0.0168886
     0.0168859
     0.0168886
     0.0168859
     0.0168886
     0.0168859
     0.0168886
     0.0168859
     0.0168886
     0.0168859
     0.0168886
     0.0168859
     0.0168886
     0.0168858
     0.0168886
     0.0168858
     0.0168886
     0.0168858
     0.0168885
     0.0168858
     0.0168885
     0.0168857
     0.0168884
     0.0168856
     0.0168884
     0.0168856
     0.0168884
     0.0168857
     0.0168885
     0.0168858
     0.0168885
     0.0168858
     0.0168886
     0.0168858
     0.0168886
     0.0168858
     0.0168886
     0.0168859
     0.0168886
     0.0168859
     0.0168886
     0.0168859
     0.0168886
     0.0168859
     0.0168886
     0.0168859
     0.0168886
     0.0168859
     0.0168886
     0.0168859
     0.0168886
     0.0168859
     0.0168886
     0.0168859
     0.0224282
     0.0224291
     0.0224282
     0.0224291
     0.0224282
     0.0224291
     0.0224282
     0.0224291
     0.0224282
     0.0224291
     0.0224282
     0.0224291
     0.0224282
     0.0224291
     0.0224282
     0.0224291
     0.0224282
     0.0224291
     0.0224281
      0.022429
     0.0224281
      0.022429
     0.0224281
      0.022429
     0.0224281
      0.022429
     0.0224281
     0.0224289
      0.022428
     0.0224289
      0.022428
     0.0224289
     0.0224281
      0.022429
     0.0224281
      0.022429
     0.0224281
      0.022429
     0.0224281
      0.022429
     0.0224281
     0.0224291
     0.0224282
     0.0224291
     0.0224282
     0.0224291
     0.0224282
     0.0224291
     0.0224282
     0.0224291
     0.0224282
     0.0224291
     0.0224282
     0.0224291
     0.0224282
     0.0224291
     0.0224282
     0.0224291
     0.0224282
     0.0295387
     0.0295413
     0.0295387
     0.0295413
     0.0295387
     0.0295413
     0.0295387
     0.0295413
     0.0295387
     0.0295413
     0.0295387
     0.0295413
     0.0295387
     0.0295413
     0.0295387
     0.0295413
     0.0295387
     0.0295413
     0.0295387
     0.0295413
     0.0295387
     0.0295413
     0.0295387
     0.0295413
     0.0295387
     0.0295413
     0.0295387
     0.0295413
     0.0295386
     0.0295413
     0.0295386
     0.0295413
     0.0295387
     0.0295413
     0.0295387
     0.0295413
     0.0295387
     0.0295413
     0.0295387
     0.0295413
     0.0295387
     0.0295413
     0.0295387
     0.0295413
     0.0295387
     0.0295413
     0.0295387
     0.0295413
     0.0295387
     0.0295413
     0.0295387
     0.0295413
     0.0295387
     0.0295413
     0.0295387
     0.0295413
     0.0295387
     0.0295413
     0.0295387
     0.0385592
       0.03856
     0.0385592
       0.03856
     0.0385592
       0.03856
     0.0385592
       0.03856
     0.0385592
       0.03856
     0.0385592
       0.03856
     0.0385592
       0.03856
     0.0385592
       0.03856
     0.0385592
       0.03856
     0.0385592
       0.03856
     0.0385592
       0.03856
     0.0385592
       0.03856
     0.0385592
       0.03856
     0.0385592
       0.03856
     0.0385592
       0.03856
     0.0385592
       0.03856
     0.0385592
       0.03856
     0.0385592
       0.03856
     0.0385592
       0.03856
     0.0385592
       0.03856
     0.0385592
       0.03856
     0.0385592
       0.03856
     0.0385592
       0.03856
     0.0385592
       0.03856
     0.0385592
       0.03856
     0.0385592
       0.03856
     0.0385592
       0.03856
     0.0385592
       0.03856
     0.0385592
       0.03856
     0.0385592
     0.0498523
     0.0498542
     0.0498523
     0.0498542
     0.0498523
     0.0498542
     0.0498523
     0.0498542
     0.0498523
     0.0498542
     0.0498523
     0.0498542
     0.0498523
     0.0498542
     0.0498523
     0.0498542
     0.0498523
     0.0498542
     0.0498523
     0.0498542
     0.0498523
     0.0498542
     0.0498523
     0.0498542
     0.0498523
     0.0498542
     0.0498523
     0.0498541
     0.0498523
     0.0498541
     0.0498523
     0.0498541
     0.0498523
     0.0498542
     0.0498523
     0.0498542
     0.0498523
     0.0498542
     0.0498523
     0.0498542
     0.0498523
     0.0498542
     0.0498523
     0.0498542
     0.0498523
     0.0498542
     0.0498523
     0.0498542
     0.0498523
     0.0498542
     0.0498523
     0.0498542
     0.0498523
     0.0498542
     0.0498523
     0.0498542
     0.0498523
     0.0498542
     0.0498523
     0.0638359
     0.0638363
     0.0638359
     0.0638363
     0.0638359
     0.0638363
     0.0638359
     0.0638363
     0.0638359
     0.0638363
     0.0638359
     0.0638363
     0.0638359
     0.0638363
     0.0638359
     0.0638363
     0.0638359
     0.0638363
     0.0638359
     0.0638363
     0.0638359
     0.0638363
     0.0638359
     0.0638363
     0.0638359
     0.0638363
     0.0638359
     0.0638363
     0.0638359
     0.0638363
     0.0638359
     0.0638363
     0.0638359
     0.0638363
     0.0638359
     0.0638363
     0.0638359
     0.0638363
     0.0638359
     0.0638363
     0.0638359
     0.0638363
     0.0638359
     0.0638363
     0.0638359
     0.0638363
     0.0638359
     0.0638363
     0.0638359
     0.0638363
     0.0638359
     0.0638363
     0.0638359
     0.0638363
     0.0638359
     0.0638363
     0.0638359
     0.0638363
     0.0638359
     0.0809429
     0.0809432
     0.0809429
     0.0809432
     0.0809429
     0.0809432
     0.0809429
     0.0809432
     0.0809429
     0.0809432
     0.0809429
     0.0809432
     0.0809429
     0.0809432
     0.0809429
     0.0809432
     0.0809429
     0.0809432
     0.0809429
     0.0809432
     0.0809429
     0.0809432
     0.0809429
     0.0809432
     0.0809429
     0.0809432
     0.0809429
     0.0809432
     0.0809429
     0.0809432
     0.0809429
     0.0809432
     0.0809429
     0.0809432
     0.0809429
     0.0809432
     0.0809429
     0.0809432
     0.0809429
     0.0809432
     0.0809429
     0.0809432
     0.0809429
     0.0809432
     0.0809429
     0.0809432
     0.0809429
     0.0809432
     0.0809429
     0.0809432
     0.0809429
     0.0809432
     0.0809429
     0.0809432
     0.0809429
     0.0809432
     0.0809429
     0.0809432
     0.0809429
      0.101634
      0.101634
      0.101634
      0.101634
      0.101634
      0.101634
      0.101634
      0.101634
      0.101634
      0.101634
      0.101634
      0.101634
      0.101634
      0.101634
      0.101634
      0.101634
      0.101634
      0.101634
      0.101634
      0.101634
      0.101634
      0.101634
      0.101634
      0.101634
      0.101634
      0.101634
      0.101634
      0.101634
      0.101634
      0.101634
      0.101634
      0.101634
      0.101634
      0.101634
      0.101634
      0.101634
      0.101634
      0.101634
      0.101634
      0.101634
      0.101634
      0.101634
      0.101634
      0.101634
      0.101634
      0.101634
      0.101634
      0.101634
      0.101634
      0.101634
      0.101634
      0.101634
      0.101634
      0.101634
      0.101634
      0.101634
      0.101634
      0.101634
      0.101634
      0.126372
       0.12637
      0.126372
       0.12637
      0.126372
       0.12637
      0.126372
       0.12637
      0.126372
       0.12637
      0.126372
       0.12637
      0.126372
       0.12637
      0.126372
       0.12637
      0.126372
       0.12637
      0.126372
       0.12637
      0.126372
       0.12637
      0.126372
       0.12637
      0.126372
       0.12637
      0.126372
       0.12637
      0.126372
       0.12637
      0.126372
       0.12637
      0.126372
       0.12637
      0.126372
       0.12637
      0.126372
       0.12637
      0.126372
       0.12637
      0.126372
       0.12637
      0.126372
       0.12637
      0.126372
       0.12637
      0.126372
       0.12637
      0.126372
       0.12637
      0.126372
       0.12637
      0.126372
       0.12637
      0.126372
       0.12637
      0.126372
       0.12637
      0.126372
        0.1556
      0.155599
        0.1556
      0.155599
        0.1556
      0.155599
        0.1556
      0.155599
        0.1556
      0.155599
        0.1556
      0.155599
        0.1556
      0.155599
        0.1556
      0.155599
        0.1556
      0.155599
        0.1556
      0.155599
        0.1556
      0.155599
        0.1556
      0.155599
        0.1556
      0.155599
        0.1556
      0.155599
        0.1556
      0.155599
        0.1556
      0.155599
        0.1556
      0.155599
        0.1556
      0.155599
        0.1556
      0.155599
        0.1556
      0.155599
        0.1556
      0.155599
        0.1556
      0.155599
        0.1556
      0.155599
        0.1556
      0.155599
        0.1556
      0.155599
        0.1556
      0.155599
        0.1556
      0.155599
        0.1556
      0.155599
        0.1556
      0.155599
        0.1556
      0.189745
       0.18974
      0.189745
       0.18974
      0.189745
       0.18974
      0.189745
       0.18974
      0.189745
       0.18974
      0.189745
       0.18974
      0.189745
       0.18974
      0.189745
       0.18974
      0.189745
       0.18974
      0.189745
       0.18974
      0.189745
       0.18974
      0.189745
       0.18974
      0.189745
       0.18974
      0.189745
       0.18974
      0.189745
       0.18974
      0.189745
       0.18974
      0.189745
       0.18974
      0.189745
       0.18974
      0.189745
       0.18974
      0.189745
       0.18974
      0.189745
       0.18974
      0.189745
       0.18974
      0.189745
       0.18974
      0.189745
       0.18974
      0.189745
       0.18974
      0.189745
       0.18974
      0.189745
       0.18974
      0.189745
       0.18974
      0.189745
       0.18974
      0.189745
       0.22915
      0.229148
       0.22915
      0.229148
       0.22915
      0.229148
       0.22915
      0.229148
       0.22915
      0.229148
       0.22915
      0.229148
       0.22915
      0.229148
       0.22915
      0.229148
       0.22915
      0.229148
       0.22915
      0.229148
       0.22915
      0.229148
       0.22915
      0.229148
       0.22915
      0.229148
       0.22915
      0.229148
       0.22915
      0.229148
       0.22915
      0.229148
       0.22915
      0.229148
       0.22915
      0.229148
       0.22915
      0.229148
       0.22915
      0.229148
       0.22915
      0.229148
       0.22915
      0.229148
       0.22915
      0.229148
       0.22915
      0.229148
       0.22915
      0.229148
       0.22915
      0.229148
       0.22915
      0.229148
       0.22915
      0.229148
       0.22915
      0.229148
       0.22915
       0.27412
      0.274113
       0.27412
      0.274113
       0.27412
      0.274113
       0.27412
      0.274113
       0.27412
      0.274113
       0.27412
      0.274113
       0.27412
      0.274113
       0.27412
      0.274113
       0.27412
      0.274113
       0.27412
      0.274113
       0.27412
      0.274113
       0.27412
      0.274113
       0.27412
      0.274113
       0.27412
      0.274113
       0.27412
      0.274113
       0.27412
      0.274113
       0.27412
      0.274113
       0.27412
      0.274113
       0.27412
      0.274113
       0.27412
      0.274113
       0.27412
      0.274113
       0.27412
      0.274113
       0.27412
      0.274113
       0.27412
      0.274113
       0.27412
      0.274113
       0.27412
      0.274113
       0.27412
      0.274113
       0.27412
      0.274113
       0.27412
      0.274113
       0.27412
      0.324807
      0.324804
      0.324807
      0.324804
      0.324807
      0.324804
      0.324807
      0.324804
      0.324807
      0.324804
      0.324807
      0.324804
      0.324807
      0.324804
      0.324807
      0.324804
      0.324807
      0.324804
      0.324807
      0.324804
      0.324807
      0.324804
      0.324807
      0.324804
      0.324807
      0.324804
      0.324807
      0.324804
      0.324807
      0.324804
      0.324807
      0.324804
      0.324807
      0.324804
      0.324807
      0.324804
      0.324807
      0.324804
      0.324807
      0.324804
      0.324807
      0.324804
      0.324807
      0.324804
      0.324807
      0.324804
      0.324807
      0.324804
      0.324807
      0.324804
      0.324807
      0.324804
      0.324807
      0.324804
      0.324807
      0.324804
      0.324807
      0.324804
      0.324807
      0.381301
      0.381291
      0.381301
      0.381291
      0.381301
      0.381291
      0.381301
      0.381291
      0.381301
      0.381291
      0.381301
      0.381291
      0.381301
      0.381291
      0.381301
      0.381291
      0.381301
      0.381291
      0.381301
      0.381291
      0.381301
      0.381291
      0.381301
      0.381291
      0.381301
      0.381291
      0.381301
      0.381291
      0.381301
      0.381291
      0.381301
      0.381291
      0.381301
      0.381291
      0.381301
      0.381291
      0.381301
      0.381291
      0.381301
      0.381291
      0.381301
      0.381291
      0.381301
      0.381291
      0.381301
      0.381291
      0.381301
      0.381291
      0.381301
      0.381291
      0.381301
      0.381291
      0.381301
      0.381291
      0.381301
      0.381291
      0.381301
      0.381291
      0.381301
      0.443484
       0.44348
      0.443484
       0.44348
      0.443484
       0.44348
      0.443484
       0.44348
      0.443484
       0.44348
      0.443484
       0.44348
      0.443484
       0.44348
      0.443484
       0.44348
      0.443484
       0.44348
      0.443484
       0.44348
      0.443484
       0.44348
      0.443484
       0.44348
      0.443484
       0.44348
      0.443484
       0.44348
      0.443484
       0.44348
      0.443484
       0.44348
      0.443484
       0.44348
      0.443484
       0.44348
      0.443484
       0.44348
      0.443484
       0.44348
      0.443484
       0.44348
      0.443484
       0.44348
      0.443484
       0.44348
      0.443484
       0.44348
      0.443484
       0.44348
      0.443484
       0.44348
      0.443484
       0.44348
      0.443484
       0.44348
      0.443484
       0.44348
      0.443484
       0.51116
       0.51115
       0.51116
       0.51115
       0.51116
       0.51115
       0.51116
       0.51115
       0.51116
       0.51115
       0.51116
       0.51115
       0.51116
       0.51115
       0.51116
       0.51115
       0.51116
       0.51115
       0.51116
       0.51115
       0.51116
       0.51115
       0.51116
       0.51115
       0.51116
       0.51115
       0.51116
       0.51115
       0.51116
       0.51115
       0.51116
       0.51115
       0.51116
       0.51115
       0.51116
       0.51115
       0.51116
       0.51115
       0.51116
       0.51115
       0.51116
       0.51115
       0.51116
       0.51115
       0.51116
       0.51115
       0.51116
       0.51115
       0.51116
       0.51115
       0.51116
       0.51115
       0.51116
       0.51115
       0.51116
       0.51115
       0.51116
       0.51115
       0.51116
      0.583899
      0.583896
      0.583899
      0.583896
      0.583899
      0.583896
      0.583899
      0.583896
      0.583899
      0.583896
      0.583899
      0.583896
      0.583899
      0.583896
      0.583899
      0.583896
      0.583899
      0.583896
      0.583899
      0.583896
      0.583899
      0.583896
      0.583899
      0.583896
      0.583899
      0.583896
      0.583899
      0.583896
      0.583899
      0.583896
      0.583899
      0.583896
      0.583899
      0.583896
      0.583899
      0.583896
      0.583899
      0.583896
      0.583899
      0.583896
      0.583899
      0.583896
      0.583899
      0.583896
      0.583899
      0.583896
      0.583899
      0.583896
      0.583899
      0.583896
      0.583899
      0.583896
      0.583899
      0.583896
      0.583899
      0.583896
      0.583899
      0.583896
      0.583899
      0.661191
      0.661183
      0.661191
      0.661183
      0.661191
      0.661183
      0.661191
      0.661183
      0.661191
      0.661183
      0.661191
      0.661183
      0.661191
      0.661183
      0.661191
      0.661183
      0.661191
      0.661183
      0.661191
      0.661183
      0.661191
      0.661183
      0.661191
      0.661183
      0.661191
      0.661183
      0.661191
      0.661183
      0.661191
      0.661183
      0.661191
      0.661183
      0.661191
      0.661183
      0.661191
      0.661183
      0.661191
      0.661183
      0.661191
      0.661183
      0.661191
      0.661183
      0.661191
      0.661183
      0.661191
      0.661183
      0.661191
      0.661183
      0.661191
      0.661183
      0.661191
      0.661183
      0.661191
      0.661183
      0.661191
      0.661183
      0.661191
      0.661183
      0.661191
      0.742307
      0.742305
      0.742307
      0.742305
      0.742307
      0.742305
      0.742307
      0.742305
      0.742307
      0.742305
      0.742307
      0.742305
      0.742307
      0.742305
      0.742307
      0.742305
      0.742307
      0.742305
      0.742307
      0.742305
      0.742307
      0.742305
      0.742307
      0.742305
      0.742307
      0.742305
      0.742307
      0.742305
      0.742307
      0.742305
      0.742307
      0.742305
      0.742307
      0.742305
      0.742307
      0.742305
      0.742307
      0.742305
      0.742307
      0.742305
      0.742307
      0.742305
      0.742307
      0.742305
      0.742307
      0.742305
      0.742307
      0.742305
      0.742307
      0.742305
      0.742307
      0.742305
      0.742307
      0.742305
      0.742307
      0.742305
      0.742307
      0.742305
      0.742307
      0.826453
      0.826448
      0.826453
      0.826448
      0.826453
      0.826448
      0.826453
      0.826448
      0.826453
      0.826448
      0.826453
      0.826448
      0.826453
      0.826448
      0.826453
      0.826448
      0.826453
      0.826448
      0.826453
      0.826448
      0.826453
      0.826448
      0.826453
      0.826448
      0.826453
      0.826448
      0.826453
      0.826448
      0.826453
      0.826448
      0.826453
      0.826448
      0.826453
      0.826448
      0.826453
      0.826448
      0.826453
      0.826448
      0.826453
      0.826448
      0.826453
      0.826448
      0.826453
      0.826448
      0.826453
      0.826448
      0.826453
      0.826448
      0.826453
      0.826448
      0.826453
      0.826448
      0.826453
      0.826448
      0.826453
      0.826448
      0.826453
      0.826448
      0.826453
      0.912679
      0.912679
      0.912679
      0.912679
      0.912679
      0.912679
      0.912679
      0.912679
      0.912679
      0.912679
      0.912679
      0.912679
      0.912679
      0.912679
      0.912679
      0.912679
      0.912679
      0.912679
      0.912679
      0.912679
      0.912679
      0.912679
      0.912679
      0.912679
      0.912679
      0.912679
      0.912679
      0.912679
      0.912679
      0.912679
      0.912679
      0.912679
      0.912679
      0.912679
      0.912679
      0.912679
      0.912679
      0.912679
      0.912679
      0.912679
      0.912679
      0.912679
      0.912679
      0.912679
      0.912679
      0.912679
      0.912679
      0.912679
      0.912679
      0.912679
      0.912679
      0.912679
      0.912679
      0.912679
      0.912679
      0.912679
      0.912679
      0.912679
      0.912679
             1
             1
             1
             1
             1
             1
             1
             1
             1
             1
             1
             1
             1
             1
             1
             1
             1
             1
             1
             1
             1
             1
             1
             1
             1
             1
             1
             1
             1
             1
             1
             1
             1
             1
             1
             1
             1
             1
             1
             1
             1
             1
             1
             1
             1
             1
             1
             1
             1
             1
             1
             1
             1
             1
             1
             1
             1
             1
             1
