             1
             1
             1
             1
             1
             1
             1
             1
             1
             1
             1
             1
             1
             1
             1
             1
             1
             1
             1
             1
             1
             1
             1
             1
             1
             1
             1
             1
             1
             1
             1
             1
             1
             1
             1
             1
             1
             1
             1
             1
             1
             1
             1
             1
             1
             1
             1
             1
             1
             1
             1
             1
             1
             1
             1
             1
             1
             1
             1
      0.914782
      0.914782
      0.914782
      0.914782
      0.914782
      0.914782
      0.914782
      0.914782
      0.914782
      0.914782
      0.914782
      0.914782
      0.914782
      0.914782
      0.914782
      0.914782
      0.914782
      0.914782
      0.914782
      0.914782
      0.914782
      0.914782
      0.914782
      0.914782
      0.914782
      0.914782
      0.914782
      0.914782
      0.914782
      0.914782
      0.914782
      0.914782
      0.914782
      0.914782
      0.914782
      0.914782
      0.914782
      0.914782
      0.914782
      0.914782
      0.914782
      0.914782
      0.914782
      0.914782
      0.914782
      0.914782
      0.914782
      0.914782
      0.914782
      0.914782
      0.914782
      0.914782
      0.914782
      0.914782
      0.914782
      0.914782
      0.914782
      0.914782
      0.914782
      0.830585
       0.83058
      0.830585
       0.83058
      0.830585
       0.83058
      0.830585
       0.83058
      0.830585
       0.83058
      0.830585
       0.83058
      0.830585
       0.83058
      0.830585
       0.83058
      0.830585
       0.83058
      0.830585
       0.83058
      0.830585
       0.83058
      0.830585
       0.83058
      0.830585
       0.83058
      0.830585
       0.83058
      0.830585
       0.83058
      0.830585
       0.83058
      0.830585
       0.83058
      0.830585
       0.83058
      0.830585
       0.83058
      0.830585
       0.83058
      0.830585
       0.83058
      0.830585
       0.83058
      0.830585
       0.83058
      0.830585
       0.83058
      0.830585
       0.83058
      0.830585
       0.83058
      0.830585
       0.83058
      0.830585
       0.83058
      0.830585
       0.83058
      0.830585
      0.748324
      0.748323
      0.748324
      0.748323
      0.748324
      0.748323
      0.748324
      0.748323
      0.748324
      0.748323
      0.748324
      0.748323
      0.748324
      0.748323
      0.748324
      0.748323
      0.748324
      0.748323
      0.748324
      0.748323
      0.748324
      0.748323
      0.748324
      0.748323
      0.748324
      0.748323
      0.748324
      0.748323
      0.748324
      0.748323
      0.748324
      0.748323
      0.748324
      0.748323
      0.748324
      0.748323
      0.748324
      0.748323
      0.748324
      0.748323
      0.748324
      0.748323
      0.748324
      0.748323
      0.748324
      0.748323
      0.748324
      0.748323
      0.748324
      0.748323
      0.748324
      0.748323
      0.748324
      0.748323
      0.748324
      0.748323
      0.748324
      0.748323
      0.748324
      0.668888
      0.668881
      0.668888
      0.668881
      0.668888
      0.668881
      0.668888
      0.668881
      0.668888
      0.668881
      0.668888
      0.668881
      0.668888
      0.668881
      0.668888
      0.668881
      0.668888
      0.668881
      0.668888
      0.668881
      0.668888
      0.668881
      0.668888
      0.668881
      0.668888
      0.668881
      0.668888
      0.668881
      0.668888
      0.668881
      0.668888
      0.668881
      0.668888
      0.668881
      0.668888
      0.668881
      0.668888
      0.668881
      0.668888
      0.668881
      0.668888
      0.668881
      0.668888
      0.668881
      0.668888
      0.668881
      0.668888
      0.668881
      0.668888
      0.668881
      0.668888
      0.668881
      0.668888
      0.668881
      0.668888
      0.668881
      0.668888
      0.668881
      0.668888
      0.593023
       0.59302
      0.593023
       0.59302
      0.593023
       0.59302
      0.593023
       0.59302
      0.593023
       0.59302
      0.593023
       0.59302
      0.593023
       0.59302
      0.593023
       0.59302
      0.593023
       0.59302
      0.593023
       0.59302
      0.593023
       0.59302
      0.593023
       0.59302
      0.593023
       0.59302
      0.593023
       0.59302
      0.593023
       0.59302
      0.593023
       0.59302
      0.593023
       0.59302
      0.593023
       0.59302
      0.593023
       0.59302
      0.593023
       0.59302
      0.593023
       0.59302
      0.593023
       0.59302
      0.593023
       0.59302
      0.593023
       0.59302
      0.593023
       0.59302
      0.593023
       0.59302
      0.593023
       0.59302
      0.593023
       0.59302
      0.593023
       0.59302
      0.593023
      0.521418
       0.52141
      0.521418
       0.52141
      0.521418
       0.52141
      0.521418
       0.52141
      0.521418
       0.52141
      0.521418
       0.52141
      0.521418
       0.52141
      0.521418
       0.52141
      0.521418
       0.52141
      0.521418
       0.52141
      0.521418
       0.52141
      0.521418
       0.52141
      0.521418
       0.52141
      0.521418
       0.52141
      0.521418
       0.52141
      0.521418
       0.52141
      0.521418
       0.52141
      0.521418
       0.52141
      0.521418
       0.52141
      0.521418
       0.52141
      0.521418
       0.52141
      0.521418
       0.52141
      0.521418
       0.52141
      0.521418
       0.52141
      0.521418
       0.52141
      0.521418
       0.52141
      0.521418
       0.52141
      0.521418
       0.52141
      0.521418
       0.52141
      0.521418
      0.454568
      0.454565
      0.454568
      0.454565
      0.454568
      0.454565
      0.454568
      0.454565
      0.454568
      0.454565
      0.454568
      0.454565
      0.454568
      0.454565
      0.454568
      0.454565
      0.454568
      0.454565
      0.454568
      0.454565
      0.454568
      0.454565
      0.454568
      0.454565
      0.454568
      0.454565
      0.454568
      0.454565
      0.454568
      0.454565
      0.454568
      0.454565
      0.454568
      0.454565
      0.454568
      0.454565
      0.454568
      0.454565
      0.454568
      0.454565
      0.454568
      0.454565
      0.454568
      0.454565
      0.454568
      0.454565
      0.454568
      0.454565
      0.454568
      0.454565
      0.454568
      0.454565
      0.454568
      0.454565
      0.454568
      0.454565
      0.454568
      0.454565
      0.454568
      0.392896
      0.392887
      0.392896
      0.392887
      0.392896
      0.392887
      0.392896
      0.392887
      0.392896
      0.392887
      0.392896
      0.392887
      0.392896
      0.392887
      0.392896
      0.392887
      0.392896
      0.392887
      0.392896
      0.392887
      0.392896
      0.392887
      0.392896
      0.392887
      0.392896
      0.392887
      0.392896
      0.392887
      0.392896
      0.392887
      0.392896
      0.392887
      0.392896
      0.392887
      0.392896
      0.392887
      0.392896
      0.392887
      0.392896
      0.392887
      0.392896
      0.392887
      0.392896
      0.392887
      0.392896
      0.392887
      0.392896
      0.392887
      0.392896
      0.392887
      0.392896
      0.392887
      0.392896
      0.392887
      0.392896
      0.392887
      0.392896
      0.392887
      0.392896
      0.336608
      0.336606
      0.336608
      0.336606
      0.336608
      0.336606
      0.336608
      0.336606
      0.336608
      0.336606
      0.336608
      0.336606
      0.336608
      0.336606
      0.336608
      0.336606
      0.336608
      0.336606
      0.336608
      0.336606
      0.336608
      0.336606
      0.336608
      0.336606
      0.336608
      0.336606
      0.336608
      0.336606
      0.336608
      0.336606
      0.336608
      0.336606
      0.336608
      0.336606
      0.336608
      0.336606
      0.336608
      0.336606
      0.336608
      0.336606
      0.336608
      0.336606
      0.336608
      0.336606
      0.336608
      0.336606
      0.336608
      0.336606
      0.336608
      0.336606
      0.336608
      0.336606
      0.336608
      0.336606
      0.336608
      0.336606
      0.336608
      0.336606
      0.336608
      0.285845
      0.285838
      0.285845
      0.285838
      0.285845
      0.285838
      0.285845
      0.285838
      0.285845
      0.285838
      0.285845
      0.285838
      0.285845
      0.285838
      0.285845
      0.285838
      0.285845
      0.285838
      0.285845
      0.285838
      0.285845
      0.285838
      0.285845
      0.285838
      0.285845
      0.285838
      0.285845
      0.285838
      0.285845
      0.285838
      0.285845
      0.285838
      0.285845
      0.285838
      0.285845
      0.285838
      0.285845
      0.285838
      0.285845
      0.285838
      0.285845
      0.285838
      0.285845
      0.285838
      0.285845
      0.285838
      0.285845
      0.285838
      0.285845
      0.285838
      0.285845
      0.285838
      0.285845
      0.285838
      0.285845
      0.285838
      0.285845
      0.285838
      0.285845
       0.24055
      0.240548
       0.24055
      0.240548
       0.24055
      0.240548
       0.24055
      0.240548
       0.24055
      0.240548
       0.24055
      0.240548
       0.24055
      0.240548
       0.24055
      0.240548
       0.24055
      0.240548
       0.24055
      0.240548
       0.24055
      0.240548
       0.24055
      0.240548
       0.24055
      0.240548
       0.24055
      0.240548
       0.24055
      0.240548
       0.24055
      0.240548
       0.24055
      0.240548
       0.24055
      0.240548
       0.24055
      0.240548
       0.24055
      0.240548
       0.24055
      0.240548
       0.24055
      0.240548
       0.24055
      0.240548
       0.24055
      0.240548
       0.24055
      0.240548
       0.24055
      0.240548
       0.24055
      0.240548
       0.24055
      0.240548
       0.24055
      0.240548
       0.24055
       0.20061
      0.200605
       0.20061
      0.200605
       0.20061
      0.200605
       0.20061
      0.200605
       0.20061
      0.200605
       0.20061
      0.200605
       0.20061
      0.200605
       0.20061
      0.200605
       0.20061
      0.200605
       0.20061
      0.200605
       0.20061
      0.200605
       0.20061
      0.200605
       0.20061
      0.200605
       0.20061
      0.200605
       0.20061
      0.200605
       0.20061
      0.200605
       0.20061
      0.200605
       0.20061
      0.200605
       0.20061
      0.200605
       0.20061
      0.200605
       0.20061
      0.200605
       0.20061
      0.200605
       0.20061
      0.200605
       0.20061
      0.200605
       0.20061
      0.200605
       0.20061
      0.200605
       0.20061
      0.200605
       0.20061
      0.200605
       0.20061
      0.200605
       0.20061
      0.165766
      0.165765
      0.165766
      0.165765
      0.165766
      0.165765
      0.165766
      0.165765
      0.165766
      0.165765
      0.165766
      0.165765
      0.165766
      0.165765
      0.165766
      0.165765
      0.165766
      0.165765
      0.165766
      0.165765
      0.165766
      0.165765
      0.165766
      0.165765
      0.165766
      0.165765
      0.165766
      0.165765
      0.165766
      0.165765
      0.165766
      0.165765
      0.165766
      0.165765
      0.165766
      0.165765
      0.165766
      0.165765
      0.165766
      0.165765
      0.165766
      0.165765
      0.165766
      0.165765
      0.165766
      0.165765
      0.165766
      0.165765
      0.165766
      0.165765
      0.165766
      0.165765
      0.165766
      0.165765
      0.165766
      0.165765
      0.165766
      0.165765
      0.165766
       0.13572
      0.135718
       0.13572
      0.135718
       0.13572
      0.135718
       0.13572
      0.135718
       0.13572
      0.135718
       0.13572
      0.135718
       0.13572
      0.135718
       0.13572
      0.135718
       0.13572
      0.135718
       0.13572
      0.135718
       0.13572
      0.135718
       0.13572
      0.135718
       0.13572
      0.135718
       0.13572
      0.135718
       0.13572
      0.135718
       0.13572
      0.135718
       0.13572
      0.135718
       0.13572
      0.135718
       0.13572
      0.135718
       0.13572
      0.135718
       0.13572
      0.135718
       0.13572
      0.135718
       0.13572
      0.135718
       0.13572
      0.135718
       0.13572
      0.135718
       0.13572
      0.135718
       0.13572
      0.135718
       0.13572
      0.135718
       0.13572
      0.135718
       0.13572
      0.110089
      0.110089
      0.110089
      0.110089
      0.110089
      0.110089
      0.110089
      0.110089
      0.110089
      0.110089
      0.110089
      0.110089
      0.110089
      0.110089
      0.110089
      0.110089
      0.110089
      0.110089
      0.110089
      0.110089
      0.110089
      0.110089
      0.110089
      0.110089
      0.110089
      0.110089
      0.110089
      0.110089
      0.110089
      0.110089
      0.110089
      0.110089
      0.110089
      0.110089
      0.110089
      0.110089
      0.110089
      0.110089
      0.110089
      0.110089
      0.110089
      0.110089
      0.110089
      0.110089
      0.110089
      0.110089
      0.110089
      0.110089
      0.110089
      0.110089
      0.110089
      0.110089
      0.110089
      0.110089
      0.110089
      0.110089
      0.110089
      0.110089
      0.110089
      0.088472
     0.0884719
      0.088472
     0.0884719
      0.088472
     0.0884719
      0.088472
     0.0884719
      0.088472
     0.0884719
      0.088472
     0.0884719
      0.088472
     0.0884719
      0.088472
     0.0884719
      0.088472
     0.0884719
      0.088472
     0.0884719
      0.088472
     0.0884719
      0.088472
     0.0884719
      0.088472
     0.0884719
      0.088472
     0.0884719
      0.088472
     0.0884719
      0.088472
     0.0884719
      0.088472
     0.0884719
      0.088472
     0.0884719
      0.088472
     0.0884719
      0.088472
     0.0884719
      0.088472
     0.0884719
      0.088472
     0.0884719
      0.088472
     0.0884719
      0.088472
     0.0884719
      0.088472
     0.0884719
      0.088472
     0.0884719
      0.088472
     0.0884719
      0.088472
     0.0884719
      0.088472
     0.0884719
      0.088472
     0.0704392
     0.0704395
     0.0704392
     0.0704395
     0.0704392
     0.0704395
     0.0704392
     0.0704395
     0.0704392
     0.0704395
     0.0704392
     0.0704395
     0.0704392
     0.0704395
     0.0704392
     0.0704395
     0.0704392
     0.0704395
     0.0704392
     0.0704395
     0.0704392
     0.0704395
     0.0704392
     0.0704395
     0.0704392
     0.0704395
     0.0704392
     0.0704395
     0.0704392
     0.0704395
     0.0704392
     0.0704395
     0.0704392
     0.0704395
     0.0704392
     0.0704395
     0.0704392
     0.0704395
     0.0704392
     0.0704395
     0.0704392
     0.0704395
     0.0704392
     0.0704395
     0.0704392
     0.0704395
     0.0704392
     0.0704395
     0.0704392
     0.0704395
     0.0704392
     0.0704395
     0.0704392
     0.0704395
     0.0704392
     0.0704395
     0.0704392
     0.0704395
     0.0704392
     0.0555617
     0.0555631
     0.0555617
     0.0555631
     0.0555617
     0.0555631
     0.0555617
     0.0555631
     0.0555617
     0.0555631
     0.0555617
     0.0555631
     0.0555617
     0.0555631
     0.0555617
     0.0555631
     0.0555617
     0.0555631
     0.0555617
     0.0555631
     0.0555617
     0.0555631
     0.0555617
     0.0555631
     0.0555617
     0.0555631
     0.0555617
     0.0555631
     0.0555616
     0.0555631
     0.0555616
     0.0555631
     0.0555617
     0.0555631
     0.0555617
     0.0555631
     0.0555617
     0.0555631
     0.0555617
     0.0555631
     0.0555617
     0.0555631
     0.0555617
     0.0555631
     0.0555617
     0.0555631
     0.0555617
     0.0555631
     0.0555617
     0.0555631
     0.0555617
     0.0555631
     0.0555617
     0.0555631
     0.0555617
     0.0555631
     0.0555617
     0.0555631
     0.0555617
     0.0434278
     0.0434285
     0.0434278
     0.0434285
     0.0434278
     0.0434285
     0.0434278
     0.0434285
     0.0434278
     0.0434285
     0.0434278
     0.0434285
     0.0434278
     0.0434285
     0.0434278
     0.0434285
     0.0434278
     0.0434284
     0.0434278
     0.0434284
     0.0434278
     0.0434284
     0.0434278
     0.0434284
     0.0434278
     0.0434284
     0.0434278
     0.0434284
     0.0434277
     0.0434284
     0.0434277
     0.0434284
     0.0434278
     0.0434284
     0.0434278
     0.0434284
     0.0434278
     0.0434284
     0.0434278
     0.0434284
     0.0434278
     0.0434284
     0.0434278
     0.0434285
     0.0434278
     0.0434285
     0.0434278
     0.0434285
     0.0434278
     0.0434285
     0.0434278
     0.0434285
     0.0434278
     0.0434285
     0.0434278
     0.0434285
     0.0434278
     0.0434285
     0.0434278
     0.0336378
     0.0336401
     0.0336378
     0.0336401
     0.0336378
     0.0336401
     0.0336378
     0.0336401
     0.0336378
     0.0336401
     0.0336378
     0.0336401
     0.0336378
     0.0336401
     0.0336378
     0.0336401
     0.0336378
     0.0336401
     0.0336378
     0.0336401
     0.0336378
     0.0336401
     0.0336378
     0.0336401
     0.0336378
       0.03364
     0.0336377
       0.03364
     0.0336377
       0.03364
     0.0336377
       0.03364
     0.0336377
       0.03364
     0.0336378
     0.0336401
     0.0336378
     0.0336401
     0.0336378
     0.0336401
     0.0336378
     0.0336401
     0.0336378
     0.0336401
     0.0336378
     0.0336401
     0.0336378
     0.0336401
     0.0336378
     0.0336401
     0.0336378
     0.0336401
     0.0336378
     0.0336401
     0.0336378
     0.0336401
     0.0336378
     0.0336401
     0.0336378
     0.0258386
     0.0258394
     0.0258386
     0.0258394
     0.0258386
     0.0258394
     0.0258386
     0.0258394
     0.0258386
     0.0258394
     0.0258386
     0.0258394
     0.0258386
     0.0258394
     0.0258386
     0.0258394
     0.0258386
     0.0258394
     0.0258386
     0.0258394
     0.0258385
     0.0258394
     0.0258385
     0.0258393
     0.0258385
     0.0258393
     0.0258384
     0.0258392
     0.0258384
     0.0258392
     0.0258384
     0.0258392
     0.0258384
     0.0258393
     0.0258385
     0.0258393
     0.0258385
     0.0258394
     0.0258385
     0.0258394
     0.0258386
     0.0258394
     0.0258386
     0.0258394
     0.0258386
     0.0258394
     0.0258386
     0.0258394
     0.0258386
     0.0258394
     0.0258386
     0.0258394
     0.0258386
     0.0258394
     0.0258386
     0.0258394
     0.0258386
     0.0258394
     0.0258386
     0.0196953
     0.0196979
     0.0196953
     0.0196979
     0.0196953
     0.0196979
     0.0196953
     0.0196979
     0.0196953
     0.0196979
     0.0196953
     0.0196979
     0.0196953
     0.0196979
     0.0196953
     0.0196979
     0.0196953
     0.0196979
     0.0196953
     0.0196979
     0.0196953
     0.0196979
     0.0196953
     0.0196978
     0.0196952
     0.0196977
     0.0196951
     0.0196976
      0.019695
     0.0196976
      0.019695
     0.0196976
     0.0196951
     0.0196977
     0.0196952
     0.0196978
     0.0196953
     0.0196979
     0.0196953
     0.0196979
     0.0196953
     0.0196979
     0.0196953
     0.0196979
     0.0196953
     0.0196979
     0.0196953
     0.0196979
     0.0196953
     0.0196979
     0.0196953
     0.0196979
     0.0196953
     0.0196979
     0.0196953
     0.0196979
     0.0196953
     0.0196979
     0.0196953
     0.0149331
     0.0149339
     0.0149331
     0.0149339
     0.0149331
     0.0149339
     0.0149331
     0.0149339
     0.0149331
     0.0149339
     0.0149331
     0.0149339
     0.0149331
     0.0149339
     0.0149331
     0.0149339
     0.0149331
     0.0149339
      0.014933
     0.0149339
      0.014933
     0.0149338
      0.014933
     0.0149338
     0.0149328
     0.0149336
     0.0149327
     0.0149335
     0.0149325
     0.0149334
     0.0149325
     0.0149335
     0.0149327
     0.0149336
     0.0149328
     0.0149338
      0.014933
     0.0149338
      0.014933
     0.0149339
      0.014933
     0.0149339
     0.0149331
     0.0149339
     0.0149331
     0.0149339
     0.0149331
     0.0149339
     0.0149331
     0.0149339
     0.0149331
     0.0149339
     0.0149331
     0.0149339
     0.0149331
     0.0149339
     0.0149331
     0.0149339
     0.0149331
     0.0112973
     0.0112998
     0.0112973
     0.0112998
     0.0112973
     0.0112998
     0.0112973
     0.0112998
     0.0112973
     0.0112998
     0.0112973
     0.0112998
     0.0112973
     0.0112998
     0.0112973
     0.0112998
     0.0112973
     0.0112998
     0.0112973
     0.0112998
     0.0112973
     0.0112997
     0.0112972
     0.0112996
      0.011297
     0.0112994
     0.0112967
     0.0112991
     0.0112965
      0.011299
     0.0112965
     0.0112991
     0.0112967
     0.0112994
      0.011297
     0.0112996
     0.0112972
     0.0112997
     0.0112973
     0.0112998
     0.0112973
     0.0112998
     0.0112973
     0.0112998
     0.0112973
     0.0112998
     0.0112973
     0.0112998
     0.0112973
     0.0112998
     0.0112973
     0.0112998
     0.0112973
     0.0112998
     0.0112973
     0.0112998
     0.0112973
     0.0112998
     0.0112973
    0.00859526
    0.00859606
    0.00859526
    0.00859606
    0.00859526
    0.00859606
    0.00859526
    0.00859606
    0.00859526
    0.00859606
    0.00859526
    0.00859606
    0.00859526
    0.00859606
    0.00859525
    0.00859605
    0.00859524
    0.00859604
    0.00859522
    0.00859601
    0.00859518
    0.00859593
    0.00859506
    0.00859576
    0.00859482
    0.00859543
    0.00859438
    0.00859492
    0.00859389
     0.0085946
    0.00859389
    0.00859492
    0.00859438
    0.00859543
    0.00859482
    0.00859576
    0.00859506
    0.00859593
    0.00859518
    0.00859601
    0.00859522
    0.00859604
    0.00859524
    0.00859605
    0.00859525
    0.00859606
    0.00859526
    0.00859606
    0.00859526
    0.00859606
    0.00859526
    0.00859606
    0.00859526
    0.00859606
    0.00859526
    0.00859606
    0.00859526
    0.00859606
    0.00859526
    0.00665399
    0.00665629
    0.00665399
    0.00665629
    0.00665399
    0.00665629
    0.00665399
    0.00665629
    0.00665399
    0.00665629
    0.00665398
    0.00665629
    0.00665398
    0.00665629
    0.00665398
    0.00665629
    0.00665397
    0.00665627
    0.00665395
    0.00665623
    0.00665389
    0.00665614
    0.00665374
    0.00665591
     0.0066534
    0.00665542
    0.00665269
    0.00665453
    0.00665176
    0.00665384
    0.00665176
    0.00665453
    0.00665269
    0.00665542
     0.0066534
    0.00665591
    0.00665374
    0.00665614
    0.00665389
    0.00665623
    0.00665395
    0.00665627
    0.00665397
    0.00665629
    0.00665398
    0.00665629
    0.00665398
    0.00665629
    0.00665398
    0.00665629
    0.00665399
    0.00665629
    0.00665399
    0.00665629
    0.00665399
    0.00665629
    0.00665399
    0.00665629
    0.00665399
    0.00535849
    0.00535924
    0.00535849
    0.00535924
    0.00535849
    0.00535924
    0.00535849
    0.00535924
    0.00535849
    0.00535924
    0.00535849
    0.00535924
    0.00535849
    0.00535923
    0.00535849
    0.00535923
    0.00535848
    0.00535921
    0.00535845
    0.00535917
    0.00535838
    0.00535906
    0.00535821
    0.00535878
    0.00535777
     0.0053581
    0.00535673
    0.00535659
    0.00535477
    0.00535496
    0.00535477
    0.00535659
    0.00535673
     0.0053581
    0.00535777
    0.00535878
    0.00535821
    0.00535906
    0.00535838
    0.00535917
    0.00535845
    0.00535921
    0.00535848
    0.00535923
    0.00535849
    0.00535923
    0.00535849
    0.00535924
    0.00535849
    0.00535924
    0.00535849
    0.00535924
    0.00535849
    0.00535924
    0.00535849
    0.00535924
    0.00535849
    0.00535924
    0.00535849
    0.00461223
    0.00461439
    0.00461223
    0.00461439
    0.00461223
    0.00461439
    0.00461223
    0.00461439
    0.00461223
    0.00461439
    0.00461223
    0.00461439
    0.00461223
    0.00461439
    0.00461222
    0.00461438
    0.00461221
    0.00461437
    0.00461218
    0.00461432
    0.00461211
     0.0046142
    0.00461191
    0.00461388
     0.0046114
    0.00461303
    0.00461001
    0.00461067
    0.00460598
    0.00460663
    0.00460598
    0.00461067
    0.00461001
    0.00461303
     0.0046114
    0.00461388
    0.00461191
     0.0046142
    0.00461211
    0.00461432
    0.00461218
    0.00461437
    0.00461221
    0.00461438
    0.00461222
    0.00461439
    0.00461223
    0.00461439
    0.00461223
    0.00461439
    0.00461223
    0.00461439
    0.00461223
    0.00461439
    0.00461223
    0.00461439
    0.00461223
    0.00461439
    0.00461223
    0.00437207
    0.00437279
    0.00437207
    0.00437279
    0.00437207
    0.00437279
    0.00437207
    0.00437279
    0.00437207
    0.00437279
    0.00437207
    0.00437279
    0.00437207
    0.00437279
    0.00437207
    0.00437278
    0.00437206
    0.00437277
    0.00437203
    0.00437272
    0.00437195
    0.00437259
    0.00437174
    0.00437225
    0.00437119
    0.00437133
    0.00436961
    0.00436852
    0.00436431
    0.00435753
    0.00436431
    0.00436852
    0.00436961
    0.00437133
    0.00437119
    0.00437225
    0.00437174
    0.00437259
    0.00437195
    0.00437272
    0.00437203
    0.00437277
    0.00437206
    0.00437278
    0.00437207
    0.00437279
    0.00437207
    0.00437279
    0.00437207
    0.00437279
    0.00437207
    0.00437279
    0.00437207
    0.00437279
    0.00437207
    0.00437279
    0.00437207
    0.00437279
    0.00437207
    0.00461223
    0.00461439
    0.00461223
    0.00461439
    0.00461223
    0.00461439
    0.00461223
    0.00461439
    0.00461223
    0.00461439
    0.00461223
    0.00461439
    0.00461223
    0.00461439
    0.00461222
    0.00461438
    0.00461221
    0.00461437
    0.00461218
    0.00461432
    0.00461211
     0.0046142
    0.00461191
    0.00461388
     0.0046114
    0.00461303
    0.00461001
    0.00461067
    0.00460598
    0.00460663
    0.00460598
    0.00461067
    0.00461001
    0.00461303
     0.0046114
    0.00461388
    0.00461191
     0.0046142
    0.00461211
    0.00461432
    0.00461218
    0.00461437
    0.00461221
    0.00461438
    0.00461222
    0.00461439
    0.00461223
    0.00461439
    0.00461223
    0.00461439
    0.00461223
    0.00461439
    0.00461223
    0.00461439
    0.00461223
    0.00461439
    0.00461223
    0.00461439
    0.00461223
    0.00535849
    0.00535924
    0.00535849
    0.00535924
    0.00535849
    0.00535924
    0.00535849
    0.00535924
    0.00535849
    0.00535924
    0.00535849
    0.00535924
    0.00535849
    0.00535923
    0.00535849
    0.00535923
    0.00535848
    0.00535921
    0.00535845
    0.00535917
    0.00535838
    0.00535906
    0.00535821
    0.00535878
    0.00535777
     0.0053581
    0.00535673
    0.00535659
    0.00535477
    0.00535496
    0.00535477
    0.00535659
    0.00535673
     0.0053581
    0.00535777
    0.00535878
    0.00535821
    0.00535906
    0.00535838
    0.00535917
    0.00535845
    0.00535921
    0.00535848
    0.00535923
    0.00535849
    0.00535923
    0.00535849
    0.00535924
    0.00535849
    0.00535924
    0.00535849
    0.00535924
    0.00535849
    0.00535924
    0.00535849
    0.00535924
    0.00535849
    0.00535924
    0.00535849
    0.00665399
    0.00665629
    0.00665399
    0.00665629
    0.00665399
    0.00665629
    0.00665399
    0.00665629
    0.00665399
    0.00665629
    0.00665398
    0.00665629
    0.00665398
    0.00665629
    0.00665398
    0.00665629
    0.00665397
    0.00665627
    0.00665395
    0.00665623
    0.00665389
    0.00665614
    0.00665374
    0.00665591
     0.0066534
    0.00665542
    0.00665269
    0.00665453
    0.00665176
    0.00665384
    0.00665176
    0.00665453
    0.00665269
    0.00665542
     0.0066534
    0.00665591
    0.00665374
    0.00665614
    0.00665389
    0.00665623
    0.00665395
    0.00665627
    0.00665397
    0.00665629
    0.00665398
    0.00665629
    0.00665398
    0.00665629
    0.00665398
    0.00665629
    0.00665399
    0.00665629
    0.00665399
    0.00665629
    0.00665399
    0.00665629
    0.00665399
    0.00665629
    0.00665399
    0.00859526
    0.00859606
    0.00859526
    0.00859606
    0.00859526
    0.00859606
    0.00859526
    0.00859606
    0.00859526
    0.00859606
    0.00859526
    0.00859606
    0.00859526
    0.00859606
    0.00859525
    0.00859605
    0.00859524
    0.00859604
    0.00859522
    0.00859601
    0.00859518
    0.00859593
    0.00859506
    0.00859576
    0.00859482
    0.00859543
    0.00859438
    0.00859492
    0.00859389
     0.0085946
    0.00859389
    0.00859492
    0.00859438
    0.00859543
    0.00859482
    0.00859576
    0.00859506
    0.00859593
    0.00859518
    0.00859601
    0.00859522
    0.00859604
    0.00859524
    0.00859605
    0.00859525
    0.00859606
    0.00859526
    0.00859606
    0.00859526
    0.00859606
    0.00859526
    0.00859606
    0.00859526
    0.00859606
    0.00859526
    0.00859606
    0.00859526
    0.00859606
    0.00859526
     0.0112973
     0.0112998
     0.0112973
     0.0112998
     0.0112973
     0.0112998
     0.0112973
     0.0112998
     0.0112973
     0.0112998
     0.0112973
     0.0112998
     0.0112973
     0.0112998
     0.0112973
     0.0112998
     0.0112973
     0.0112998
     0.0112973
     0.0112998
     0.0112973
     0.0112997
     0.0112972
     0.0112996
      0.011297
     0.0112994
     0.0112967
     0.0112991
     0.0112965
      0.011299
     0.0112965
     0.0112991
     0.0112967
     0.0112994
      0.011297
     0.0112996
     0.0112972
     0.0112997
     0.0112973
     0.0112998
     0.0112973
     0.0112998
     0.0112973
     0.0112998
     0.0112973
     0.0112998
     0.0112973
     0.0112998
     0.0112973
     0.0112998
     0.0112973
     0.0112998
     0.0112973
     0.0112998
     0.0112973
     0.0112998
     0.0112973
     0.0112998
     0.0112973
     0.0149331
     0.0149339
     0.0149331
     0.0149339
     0.0149331
     0.0149339
     0.0149331
     0.0149339
     0.0149331
     0.0149339
     0.0149331
     0.0149339
     0.0149331
     0.0149339
     0.0149331
     0.0149339
     0.0149331
     0.0149339
      0.014933
     0.0149339
      0.014933
     0.0149338
      0.014933
     0.0149338
     0.0149328
     0.0149336
     0.0149327
     0.0149335
     0.0149325
     0.0149334
     0.0149325
     0.0149335
     0.0149327
     0.0149336
     0.0149328
     0.0149338
      0.014933
     0.0149338
      0.014933
     0.0149339
      0.014933
     0.0149339
     0.0149331
     0.0149339
     0.0149331
     0.0149339
     0.0149331
     0.0149339
     0.0149331
     0.0149339
     0.0149331
     0.0149339
     0.0149331
     0.0149339
     0.0149331
     0.0149339
     0.0149331
     0.0149339
     0.0149331
     0.0196953
     0.0196979
     0.0196953
     0.0196979
     0.0196953
     0.0196979
     0.0196953
     0.0196979
     0.0196953
     0.0196979
     0.0196953
     0.0196979
     0.0196953
     0.0196979
     0.0196953
     0.0196979
     0.0196953
     0.0196979
     0.0196953
     0.0196979
     0.0196953
     0.0196979
     0.0196953
     0.0196978
     0.0196952
     0.0196977
     0.0196951
     0.0196976
      0.019695
     0.0196976
      0.019695
     0.0196976
     0.0196951
     0.0196977
     0.0196952
     0.0196978
     0.0196953
     0.0196979
     0.0196953
     0.0196979
     0.0196953
     0.0196979
     0.0196953
     0.0196979
     0.0196953
     0.0196979
     0.0196953
     0.0196979
     0.0196953
     0.0196979
     0.0196953
     0.0196979
     0.0196953
     0.0196979
     0.0196953
     0.0196979
     0.0196953
     0.0196979
     0.0196953
     0.0258386
     0.0258394
     0.0258386
     0.0258394
     0.0258386
     0.0258394
     0.0258386
     0.0258394
     0.0258386
     0.0258394
     0.0258386
     0.0258394
     0.0258386
     0.0258394
     0.0258386
     0.0258394
     0.0258386
     0.0258394
     0.0258386
     0.0258394
     0.0258385
     0.0258394
     0.0258385
     0.0258393
     0.0258385
     0.0258393
     0.0258384
     0.0258392
     0.0258384
     0.0258392
     0.0258384
     0.0258392
     0.0258384
     0.0258393
     0.0258385
     0.0258393
     0.0258385
     0.0258394
     0.0258385
     0.0258394
     0.0258386
     0.0258394
     0.0258386
     0.0258394
     0.0258386
     0.0258394
     0.0258386
     0.0258394
     0.0258386
     0.0258394
     0.0258386
     0.0258394
     0.0258386
     0.0258394
     0.0258386
     0.0258394
     0.0258386
     0.0258394
     0.0258386
     0.0336378
     0.0336401
     0.0336378
     0.0336401
     0.0336378
     0.0336401
     0.0336378
     0.0336401
     0.0336378
     0.0336401
     0.0336378
     0.0336401
     0.0336378
     0.0336401
     0.0336378
     0.0336401
     0.0336378
     0.0336401
     0.0336378
     0.0336401
     0.0336378
     0.0336401
     0.0336378
     0.0336401
     0.0336378
       0.03364
     0.0336377
       0.03364
     0.0336377
       0.03364
     0.0336377
       0.03364
     0.0336377
       0.03364
     0.0336378
     0.0336401
     0.0336378
     0.0336401
     0.0336378
     0.0336401
     0.0336378
     0.0336401
     0.0336378
     0.0336401
     0.0336378
     0.0336401
     0.0336378
     0.0336401
     0.0336378
     0.0336401
     0.0336378
     0.0336401
     0.0336378
     0.0336401
     0.0336378
     0.0336401
     0.0336378
     0.0336401
     0.0336378
     0.0434278
     0.0434285
     0.0434278
     0.0434285
     0.0434278
     0.0434285
     0.0434278
     0.0434285
     0.0434278
     0.0434285
     0.0434278
     0.0434285
     0.0434278
     0.0434285
     0.0434278
     0.0434285
     0.0434278
     0.0434284
     0.0434278
     0.0434284
     0.0434278
     0.0434284
     0.0434278
     0.0434284
     0.0434278
     0.0434284
     0.0434278
     0.0434284
     0.0434277
     0.0434284
     0.0434277
     0.0434284
     0.0434278
     0.0434284
     0.0434278
     0.0434284
     0.0434278
     0.0434284
     0.0434278
     0.0434284
     0.0434278
     0.0434284
     0.0434278
     0.0434285
     0.0434278
     0.0434285
     0.0434278
     0.0434285
     0.0434278
     0.0434285
     0.0434278
     0.0434285
     0.0434278
     0.0434285
     0.0434278
     0.0434285
     0.0434278
     0.0434285
     0.0434278
     0.0555617
     0.0555631
     0.0555617
     0.0555631
     0.0555617
     0.0555631
     0.0555617
     0.0555631
     0.0555617
     0.0555631
     0.0555617
     0.0555631
     0.0555617
     0.0555631
     0.0555617
     0.0555631
     0.0555617
     0.0555631
     0.0555617
     0.0555631
     0.0555617
     0.0555631
     0.0555617
     0.0555631
     0.0555617
     0.0555631
     0.0555617
     0.0555631
     0.0555616
     0.0555631
     0.0555616
     0.0555631
     0.0555617
     0.0555631
     0.0555617
     0.0555631
     0.0555617
     0.0555631
     0.0555617
     0.0555631
     0.0555617
     0.0555631
     0.0555617
     0.0555631
     0.0555617
     0.0555631
     0.0555617
     0.0555631
     0.0555617
     0.0555631
     0.0555617
     0.0555631
     0.0555617
     0.0555631
     0.0555617
     0.0555631
     0.0555617
     0.0555631
     0.0555617
     0.0704392
     0.0704395
     0.0704392
     0.0704395
     0.0704392
     0.0704395
     0.0704392
     0.0704395
     0.0704392
     0.0704395
     0.0704392
     0.0704395
     0.0704392
     0.0704395
     0.0704392
     0.0704395
     0.0704392
     0.0704395
     0.0704392
     0.0704395
     0.0704392
     0.0704395
     0.0704392
     0.0704395
     0.0704392
     0.0704395
     0.0704392
     0.0704395
     0.0704392
     0.0704395
     0.0704392
     0.0704395
     0.0704392
     0.0704395
     0.0704392
     0.0704395
     0.0704392
     0.0704395
     0.0704392
     0.0704395
     0.0704392
     0.0704395
     0.0704392
     0.0704395
     0.0704392
     0.0704395
     0.0704392
     0.0704395
     0.0704392
     0.0704395
     0.0704392
     0.0704395
     0.0704392
     0.0704395
     0.0704392
     0.0704395
     0.0704392
     0.0704395
     0.0704392
      0.088472
     0.0884719
      0.088472
     0.0884719
      0.088472
     0.0884719
      0.088472
     0.0884719
      0.088472
     0.0884719
      0.088472
     0.0884719
      0.088472
     0.0884719
      0.088472
     0.0884719
      0.088472
     0.0884719
      0.088472
     0.0884719
      0.088472
     0.0884719
      0.088472
     0.0884719
      0.088472
     0.0884719
      0.088472
     0.0884719
      0.088472
     0.0884719
      0.088472
     0.0884719
      0.088472
     0.0884719
      0.088472
     0.0884719
      0.088472
     0.0884719
      0.088472
     0.0884719
      0.088472
     0.0884719
      0.088472
     0.0884719
      0.088472
     0.0884719
      0.088472
     0.0884719
      0.088472
     0.0884719
      0.088472
     0.0884719
      0.088472
     0.0884719
      0.088472
     0.0884719
      0.088472
     0.0884719
      0.088472
      0.110089
      0.110089
      0.110089
      0.110089
      0.110089
      0.110089
      0.110089
      0.110089
      0.110089
      0.110089
      0.110089
      0.110089
      0.110089
      0.110089
      0.110089
      0.110089
      0.110089
      0.110089
      0.110089
      0.110089
      0.110089
      0.110089
      0.110089
      0.110089
      0.110089
      0.110089
      0.110089
      0.110089
      0.110089
      0.110089
      0.110089
      0.110089
      0.110089
      0.110089
      0.110089
      0.110089
      0.110089
      0.110089
      0.110089
      0.110089
      0.110089
      0.110089
      0.110089
      0.110089
      0.110089
      0.110089
      0.110089
      0.110089
      0.110089
      0.110089
      0.110089
      0.110089
      0.110089
      0.110089
      0.110089
      0.110089
      0.110089
      0.110089
      0.110089
       0.13572
      0.135718
       0.13572
      0.135718
       0.13572
      0.135718
       0.13572
      0.135718
       0.13572
      0.135718
       0.13572
      0.135718
       0.13572
      0.135718
       0.13572
      0.135718
       0.13572
      0.135718
       0.13572
      0.135718
       0.13572
      0.135718
       0.13572
      0.135718
       0.13572
      0.135718
       0.13572
      0.135718
       0.13572
      0.135718
       0.13572
      0.135718
       0.13572
      0.135718
       0.13572
      0.135718
       0.13572
      0.135718
       0.13572
      0.135718
       0.13572
      0.135718
       0.13572
      0.135718
       0.13572
      0.135718
       0.13572
      0.135718
       0.13572
      0.135718
       0.13572
      0.135718
       0.13572
      0.135718
       0.13572
      0.135718
       0.13572
      0.135718
       0.13572
      0.165766
      0.165765
      0.165766
      0.165765
      0.165766
      0.165765
      0.165766
      0.165765
      0.165766
      0.165765
      0.165766
      0.165765
      0.165766
      0.165765
      0.165766
      0.165765
      0.165766
      0.165765
      0.165766
      0.165765
      0.165766
      0.165765
      0.165766
      0.165765
      0.165766
      0.165765
      0.165766
      0.165765
      0.165766
      0.165765
      0.165766
      0.165765
      0.165766
      0.165765
      0.165766
      0.165765
      0.165766
      0.165765
      0.165766
      0.165765
      0.165766
      0.165765
      0.165766
      0.165765
      0.165766
      0.165765
      0.165766
      0.165765
      0.165766
      0.165765
      0.165766
      0.165765
      0.165766
      0.165765
      0.165766
      0.165765
      0.165766
      0.165765
      0.165766
       0.20061
      0.200605
       0.20061
      0.200605
       0.20061
      0.200605
       0.20061
      0.200605
       0.20061
      0.200605
       0.20061
      0.200605
       0.20061
      0.200605
       0.20061
      0.200605
       0.20061
      0.200605
       0.20061
      0.200605
       0.20061
      0.200605
       0.20061
      0.200605
       0.20061
      0.200605
       0.20061
      0.200605
       0.20061
      0.200605
       0.20061
      0.200605
       0.20061
      0.200605
       0.20061
      0.200605
       0.20061
      0.200605
       0.20061
      0.200605
       0.20061
      0.200605
       0.20061
      0.200605
       0.20061
      0.200605
       0.20061
      0.200605
       0.20061
      0.200605
       0.20061
      0.200605
       0.20061
      0.200605
       0.20061
      0.200605
       0.20061
      0.200605
       0.20061
       0.24055
      0.240548
       0.24055
      0.240548
       0.24055
      0.240548
       0.24055
      0.240548
       0.24055
      0.240548
       0.24055
      0.240548
       0.24055
      0.240548
       0.24055
      0.240548
       0.24055
      0.240548
       0.24055
      0.240548
       0.24055
      0.240548
       0.24055
      0.240548
       0.24055
      0.240548
       0.24055
      0.240548
       0.24055
      0.240548
       0.24055
      0.240548
       0.24055
      0.240548
       0.24055
      0.240548
       0.24055
      0.240548
       0.24055
      0.240548
       0.24055
      0.240548
       0.24055
      0.240548
       0.24055
      0.240548
       0.24055
      0.240548
       0.24055
      0.240548
       0.24055
      0.240548
       0.24055
      0.240548
       0.24055
      0.240548
       0.24055
      0.240548
       0.24055
      0.285845
      0.285838
      0.285845
      0.285838
      0.285845
      0.285838
      0.285845
      0.285838
      0.285845
      0.285838
      0.285845
      0.285838
      0.285845
      0.285838
      0.285845
      0.285838
      0.285845
      0.285838
      0.285845
      0.285838
      0.285845
      0.285838
      0.285845
      0.285838
      0.285845
      0.285838
      0.285845
      0.285838
      0.285845
      0.285838
      0.285845
      0.285838
      0.285845
      0.285838
      0.285845
      0.285838
      0.285845
      0.285838
      0.285845
      0.285838
      0.285845
      0.285838
      0.285845
      0.285838
      0.285845
      0.285838
      0.285845
      0.285838
      0.285845
      0.285838
      0.285845
      0.285838
      0.285845
      0.285838
      0.285845
      0.285838
      0.285845
      0.285838
      0.285845
      0.336608
      0.336606
      0.336608
      0.336606
      0.336608
      0.336606
      0.336608
      0.336606
      0.336608
      0.336606
      0.336608
      0.336606
      0.336608
      0.336606
      0.336608
      0.336606
      0.336608
      0.336606
      0.336608
      0.336606
      0.336608
      0.336606
      0.336608
      0.336606
      0.336608
      0.336606
      0.336608
      0.336606
      0.336608
      0.336606
      0.336608
      0.336606
      0.336608
      0.336606
      0.336608
      0.336606
      0.336608
      0.336606
      0.336608
      0.336606
      0.336608
      0.336606
      0.336608
      0.336606
      0.336608
      0.336606
      0.336608
      0.336606
      0.336608
      0.336606
      0.336608
      0.336606
      0.336608
      0.336606
      0.336608
      0.336606
      0.336608
      0.336606
      0.336608
      0.392896
      0.392887
      0.392896
      0.392887
      0.392896
      0.392887
      0.392896
      0.392887
      0.392896
      0.392887
      0.392896
      0.392887
      0.392896
      0.392887
      0.392896
      0.392887
      0.392896
      0.392887
      0.392896
      0.392887
      0.392896
      0.392887
      0.392896
      0.392887
      0.392896
      0.392887
      0.392896
      0.392887
      0.392896
      0.392887
      0.392896
      0.392887
      0.392896
      0.392887
      0.392896
      0.392887
      0.392896
      0.392887
      0.392896
      0.392887
      0.392896
      0.392887
      0.392896
      0.392887
      0.392896
      0.392887
      0.392896
      0.392887
      0.392896
      0.392887
      0.392896
      0.392887
      0.392896
      0.392887
      0.392896
      0.392887
      0.392896
      0.392887
      0.392896
      0.454568
      0.454565
      0.454568
      0.454565
      0.454568
      0.454565
      0.454568
      0.454565
      0.454568
      0.454565
      0.454568
      0.454565
      0.454568
      0.454565
      0.454568
      0.454565
      0.454568
      0.454565
      0.454568
      0.454565
      0.454568
      0.454565
      0.454568
      0.454565
      0.454568
      0.454565
      0.454568
      0.454565
      0.454568
      0.454565
      0.454568
      0.454565
      0.454568
      0.454565
      0.454568
      0.454565
      0.454568
      0.454565
      0.454568
      0.454565
      0.454568
      0.454565
      0.454568
      0.454565
      0.454568
      0.454565
      0.454568
      0.454565
      0.454568
      0.454565
      0.454568
      0.454565
      0.454568
      0.454565
      0.454568
      0.454565
      0.454568
      0.454565
      0.454568
      0.521418
       0.52141
      0.521418
       0.52141
      0.521418
       0.52141
      0.521418
       0.52141
      0.521418
       0.52141
      0.521418
       0.52141
      0.521418
       0.52141
      0.521418
       0.52141
      0.521418
       0.52141
      0.521418
       0.52141
      0.521418
       0.52141
      0.521418
       0.52141
      0.521418
       0.52141
      0.521418
       0.52141
      0.521418
       0.52141
      0.521418
       0.52141
      0.521418
       0.52141
      0.521418
       0.52141
      0.521418
       0.52141
      0.521418
       0.52141
      0.521418
       0.52141
      0.521418
       0.52141
      0.521418
       0.52141
      0.521418
       0.52141
      0.521418
       0.52141
      0.521418
       0.52141
      0.521418
       0.52141
      0.521418
       0.52141
      0.521418
       0.52141
      0.521418
      0.593023
       0.59302
      0.593023
       0.59302
      0.593023
       0.59302
      0.593023
       0.59302
      0.593023
       0.59302
      0.593023
       0.59302
      0.593023
       0.59302
      0.593023
       0.59302
      0.593023
       0.59302
      0.593023
       0.59302
      0.593023
       0.59302
      0.593023
       0.59302
      0.593023
       0.59302
      0.593023
       0.59302
      0.593023
       0.59302
      0.593023
       0.59302
      0.593023
       0.59302
      0.593023
       0.59302
      0.593023
       0.59302
      0.593023
       0.59302
      0.593023
       0.59302
      0.593023
       0.59302
      0.593023
       0.59302
      0.593023
       0.59302
      0.593023
       0.59302
      0.593023
       0.59302
      0.593023
       0.59302
      0.593023
       0.59302
      0.593023
       0.59302
      0.593023
      0.668888
      0.668881
      0.668888
      0.668881
      0.668888
      0.668881
      0.668888
      0.668881
      0.668888
      0.668881
      0.668888
      0.668881
      0.668888
      0.668881
      0.668888
      0.668881
      0.668888
      0.668881
      0.668888
      0.668881
      0.668888
      0.668881
      0.668888
      0.668881
      0.668888
      0.668881
      0.668888
      0.668881
      0.668888
      0.668881
      0.668888
      0.668881
      0.668888
      0.668881
      0.668888
      0.668881
      0.668888
      0.668881
      0.668888
      0.668881
      0.668888
      0.668881
      0.668888
      0.668881
      0.668888
      0.668881
      0.668888
      0.668881
      0.668888
      0.668881
      0.668888
      0.668881
      0.668888
      0.668881
      0.668888
      0.668881
      0.668888
      0.668881
      0.668888
      0.748324
      0.748323
      0.748324
      0.748323
      0.748324
      0.748323
      0.748324
      0.748323
      0.748324
      0.748323
      0.748324
      0.748323
      0.748324
      0.748323
      0.748324
      0.748323
      0.748324
      0.748323
      0.748324
      0.748323
      0.748324
      0.748323
      0.748324
      0.748323
      0.748324
      0.748323
      0.748324
      0.748323
      0.748324
      0.748323
      0.748324
      0.748323
      0.748324
      0.748323
      0.748324
      0.748323
      0.748324
      0.748323
      0.748324
      0.748323
      0.748324
      0.748323
      0.748324
      0.748323
      0.748324
      0.748323
      0.748324
      0.748323
      0.748324
      0.748323
      0.748324
      0.748323
      0.748324
      0.748323
      0.748324
      0.748323
      0.748324
      0.748323
      0.748324
      0.830585
       0.83058
      0.830585
       0.83058
      0.830585
       0.83058
      0.830585
       0.83058
      0.830585
       0.83058
      0.830585
       0.83058
      0.830585
       0.83058
      0.830585
       0.83058
      0.830585
       0.83058
      0.830585
       0.83058
      0.830585
       0.83058
      0.830585
       0.83058
      0.830585
       0.83058
      0.830585
       0.83058
      0.830585
       0.83058
      0.830585
       0.83058
      0.830585
       0.83058
      0.830585
       0.83058
      0.830585
       0.83058
      0.830585
       0.83058
      0.830585
       0.83058
      0.830585
       0.83058
      0.830585
       0.83058
      0.830585
       0.83058
      0.830585
       0.83058
      0.830585
       0.83058
      0.830585
       0.83058
      0.830585
       0.83058
      0.830585
       0.83058
      0.830585
      0.914782
      0.914782
      0.914782
      0.914782
      0.914782
      0.914782
      0.914782
      0.914782
      0.914782
      0.914782
      0.914782
      0.914782
      0.914782
      0.914782
      0.914782
      0.914782
      0.914782
      0.914782
      0.914782
      0.914782
      0.914782
      0.914782
      0.914782
      0.914782
      0.914782
      0.914782
      0.914782
      0.914782
      0.914782
      0.914782
      0.914782
      0.914782
      0.914782
      0.914782
      0.914782
      0.914782
      0.914782
      0.914782
      0.914782
      0.914782
      0.914782
      0.914782
      0.914782
      0.914782
      0.914782
      0.914782
      0.914782
      0.914782
      0.914782
      0.914782
      0.914782
      0.914782
      0.914782
      0.914782
      0.914782
      0.914782
      0.914782
      0.914782
      0.914782
             1
             1
             1
             1
             1
             1
             1
             1
             1
             1
             1
             1
             1
             1
             1
             1
             1
             1
             1
             1
             1
             1
             1
             1
             1
             1
             1
             1
             1
             1
             1
             1
             1
             1
             1
             1
             1
             1
             1
             1
             1
             1
             1
             1
             1
             1
             1
             1
             1
             1
             1
             1
             1
             1
             1
             1
             1
             1
             1
