             1
             1
             1
             1
             1
             1
             1
             1
             1
             1
             1
             1
             1
             1
             1
             1
             1
             1
             1
             1
             1
             1
             1
             1
             1
             1
             1
             1
             1
             1
             1
             1
             1
             1
             1
             1
             1
             1
             1
             1
             1
             1
             1
             1
             1
             1
             1
             1
             1
             1
             1
             1
             1
             1
             1
             1
             1
             1
             1
       0.91674
      0.916739
       0.91674
      0.916739
       0.91674
      0.916739
       0.91674
      0.916739
       0.91674
      0.916739
       0.91674
      0.916739
       0.91674
      0.916739
       0.91674
      0.916739
       0.91674
      0.916739
       0.91674
      0.916739
       0.91674
      0.916739
       0.91674
      0.916739
       0.91674
      0.916739
       0.91674
      0.916739
       0.91674
      0.916739
       0.91674
      0.916739
       0.91674
      0.916739
       0.91674
      0.916739
       0.91674
      0.916739
       0.91674
      0.916739
       0.91674
      0.916739
       0.91674
      0.916739
       0.91674
      0.916739
       0.91674
      0.916739
       0.91674
      0.916739
       0.91674
      0.916739
       0.91674
      0.916739
       0.91674
      0.916739
       0.91674
      0.916739
       0.91674
      0.834433
      0.834429
      0.834433
      0.834429
      0.834433
      0.834429
      0.834433
      0.834429
      0.834433
      0.834429
      0.834433
      0.834429
      0.834433
      0.834429
      0.834433
      0.834429
      0.834433
      0.834429
      0.834433
      0.834429
      0.834433
      0.834429
      0.834433
      0.834429
      0.834433
      0.834429
      0.834433
      0.834429
      0.834433
      0.834429
      0.834433
      0.834429
      0.834433
      0.834429
      0.834433
      0.834429
      0.834433
      0.834429
      0.834433
      0.834429
      0.834433
      0.834429
      0.834433
      0.834429
      0.834433
      0.834429
      0.834433
      0.834429
      0.834433
      0.834429
      0.834433
      0.834429
      0.834433
      0.834429
      0.834433
      0.834429
      0.834433
      0.834429
      0.834433
      0.753937
      0.753936
      0.753937
      0.753936
      0.753937
      0.753936
      0.753937
      0.753936
      0.753937
      0.753936
      0.753937
      0.753936
      0.753937
      0.753936
      0.753937
      0.753936
      0.753937
      0.753936
      0.753937
      0.753936
      0.753937
      0.753936
      0.753937
      0.753936
      0.753937
      0.753936
      0.753937
      0.753936
      0.753937
      0.753936
      0.753937
      0.753936
      0.753937
      0.753936
      0.753937
      0.753936
      0.753937
      0.753936
      0.753937
      0.753936
      0.753937
      0.753936
      0.753937
      0.753936
      0.753937
      0.753936
      0.753937
      0.753936
      0.753937
      0.753936
      0.753937
      0.753936
      0.753937
      0.753936
      0.753937
      0.753936
      0.753937
      0.753936
      0.753937
      0.676082
      0.676075
      0.676082
      0.676075
      0.676082
      0.676075
      0.676082
      0.676075
      0.676082
      0.676075
      0.676082
      0.676075
      0.676082
      0.676075
      0.676082
      0.676075
      0.676082
      0.676075
      0.676082
      0.676075
      0.676082
      0.676075
      0.676082
      0.676075
      0.676082
      0.676075
      0.676082
      0.676075
      0.676082
      0.676075
      0.676082
      0.676075
      0.676082
      0.676075
      0.676082
      0.676075
      0.676082
      0.676075
      0.676082
      0.676075
      0.676082
      0.676075
      0.676082
      0.676075
      0.676082
      0.676075
      0.676082
      0.676075
      0.676082
      0.676075
      0.676082
      0.676075
      0.676082
      0.676075
      0.676082
      0.676075
      0.676082
      0.676075
      0.676082
      0.601571
      0.601569
      0.601571
      0.601569
      0.601571
      0.601569
      0.601571
      0.601569
      0.601571
      0.601569
      0.601571
      0.601569
      0.601571
      0.601569
      0.601571
      0.601569
      0.601571
      0.601569
      0.601571
      0.601569
      0.601571
      0.601569
      0.601571
      0.601569
      0.601571
      0.601569
      0.601571
      0.601569
      0.601571
      0.601569
      0.601571
      0.601569
      0.601571
      0.601569
      0.601571
      0.601569
      0.601571
      0.601569
      0.601571
      0.601569
      0.601571
      0.601569
      0.601571
      0.601569
      0.601571
      0.601569
      0.601571
      0.601569
      0.601571
      0.601569
      0.601571
      0.601569
      0.601571
      0.601569
      0.601571
      0.601569
      0.601571
      0.601569
      0.601571
       0.53106
      0.531052
       0.53106
      0.531052
       0.53106
      0.531052
       0.53106
      0.531052
       0.53106
      0.531052
       0.53106
      0.531052
       0.53106
      0.531052
       0.53106
      0.531052
       0.53106
      0.531052
       0.53106
      0.531052
       0.53106
      0.531052
       0.53106
      0.531052
       0.53106
      0.531052
       0.53106
      0.531052
       0.53106
      0.531052
       0.53106
      0.531052
       0.53106
      0.531052
       0.53106
      0.531052
       0.53106
      0.531052
       0.53106
      0.531052
       0.53106
      0.531052
       0.53106
      0.531052
       0.53106
      0.531052
       0.53106
      0.531052
       0.53106
      0.531052
       0.53106
      0.531052
       0.53106
      0.531052
       0.53106
      0.531052
       0.53106
      0.531052
       0.53106
      0.465025
      0.465022
      0.465025
      0.465022
      0.465025
      0.465022
      0.465025
      0.465022
      0.465025
      0.465022
      0.465025
      0.465022
      0.465025
      0.465022
      0.465025
      0.465022
      0.465025
      0.465022
      0.465025
      0.465022
      0.465025
      0.465022
      0.465025
      0.465022
      0.465025
      0.465022
      0.465025
      0.465022
      0.465025
      0.465022
      0.465025
      0.465022
      0.465025
      0.465022
      0.465025
      0.465022
      0.465025
      0.465022
      0.465025
      0.465022
      0.465025
      0.465022
      0.465025
      0.465022
      0.465025
      0.465022
      0.465025
      0.465022
      0.465025
      0.465022
      0.465025
      0.465022
      0.465025
      0.465022
      0.465025
      0.465022
      0.465025
      0.465022
      0.465025
      0.403879
      0.403871
      0.403879
      0.403871
      0.403879
      0.403871
      0.403879
      0.403871
      0.403879
      0.403871
      0.403879
      0.403871
      0.403879
      0.403871
      0.403879
      0.403871
      0.403879
      0.403871
      0.403879
      0.403871
      0.403879
      0.403871
      0.403879
      0.403871
      0.403879
      0.403871
      0.403879
      0.403871
      0.403879
      0.403871
      0.403879
      0.403871
      0.403879
      0.403871
      0.403879
      0.403871
      0.403879
      0.403871
      0.403879
      0.403871
      0.403879
      0.403871
      0.403879
      0.403871
      0.403879
      0.403871
      0.403879
      0.403871
      0.403879
      0.403871
      0.403879
      0.403871
      0.403879
      0.403871
      0.403879
      0.403871
      0.403879
      0.403871
      0.403879
       0.34784
      0.347838
       0.34784
      0.347838
       0.34784
      0.347838
       0.34784
      0.347838
       0.34784
      0.347838
       0.34784
      0.347838
       0.34784
      0.347838
       0.34784
      0.347838
       0.34784
      0.347838
       0.34784
      0.347838
       0.34784
      0.347838
       0.34784
      0.347838
       0.34784
      0.347838
       0.34784
      0.347838
       0.34784
      0.347838
       0.34784
      0.347838
       0.34784
      0.347838
       0.34784
      0.347838
       0.34784
      0.347838
       0.34784
      0.347838
       0.34784
      0.347838
       0.34784
      0.347838
       0.34784
      0.347838
       0.34784
      0.347838
       0.34784
      0.347838
       0.34784
      0.347838
       0.34784
      0.347838
       0.34784
      0.347838
       0.34784
      0.347838
       0.34784
      0.297062
      0.297056
      0.297062
      0.297056
      0.297062
      0.297056
      0.297062
      0.297056
      0.297062
      0.297056
      0.297062
      0.297056
      0.297062
      0.297056
      0.297062
      0.297056
      0.297062
      0.297056
      0.297062
      0.297056
      0.297062
      0.297056
      0.297062
      0.297056
      0.297062
      0.297056
      0.297062
      0.297056
      0.297062
      0.297056
      0.297062
      0.297056
      0.297062
      0.297056
      0.297062
      0.297056
      0.297062
      0.297056
      0.297062
      0.297056
      0.297062
      0.297056
      0.297062
      0.297056
      0.297062
      0.297056
      0.297062
      0.297056
      0.297062
      0.297056
      0.297062
      0.297056
      0.297062
      0.297056
      0.297062
      0.297056
      0.297062
      0.297056
      0.297062
       0.25152
      0.251518
       0.25152
      0.251518
       0.25152
      0.251518
       0.25152
      0.251518
       0.25152
      0.251518
       0.25152
      0.251518
       0.25152
      0.251518
       0.25152
      0.251518
       0.25152
      0.251518
       0.25152
      0.251518
       0.25152
      0.251518
       0.25152
      0.251518
       0.25152
      0.251518
       0.25152
      0.251518
       0.25152
      0.251518
       0.25152
      0.251518
       0.25152
      0.251518
       0.25152
      0.251518
       0.25152
      0.251518
       0.25152
      0.251518
       0.25152
      0.251518
       0.25152
      0.251518
       0.25152
      0.251518
       0.25152
      0.251518
       0.25152
      0.251518
       0.25152
      0.251518
       0.25152
      0.251518
       0.25152
      0.251518
       0.25152
      0.251518
       0.25152
      0.211132
      0.211127
      0.211132
      0.211127
      0.211132
      0.211127
      0.211132
      0.211127
      0.211132
      0.211127
      0.211132
      0.211127
      0.211132
      0.211127
      0.211132
      0.211127
      0.211132
      0.211127
      0.211132
      0.211127
      0.211132
      0.211127
      0.211132
      0.211127
      0.211132
      0.211127
      0.211132
      0.211127
      0.211132
      0.211127
      0.211132
      0.211127
      0.211132
      0.211127
      0.211132
      0.211127
      0.211132
      0.211127
      0.211132
      0.211127
      0.211132
      0.211127
      0.211132
      0.211127
      0.211132
      0.211127
      0.211132
      0.211127
      0.211132
      0.211127
      0.211132
      0.211127
      0.211132
      0.211127
      0.211132
      0.211127
      0.211132
      0.211127
      0.211132
      0.175679
      0.175677
      0.175679
      0.175677
      0.175679
      0.175677
      0.175679
      0.175677
      0.175679
      0.175677
      0.175679
      0.175677
      0.175679
      0.175677
      0.175679
      0.175677
      0.175679
      0.175677
      0.175679
      0.175677
      0.175679
      0.175677
      0.175679
      0.175677
      0.175679
      0.175677
      0.175679
      0.175677
      0.175679
      0.175677
      0.175679
      0.175677
      0.175679
      0.175677
      0.175679
      0.175677
      0.175679
      0.175677
      0.175679
      0.175677
      0.175679
      0.175677
      0.175679
      0.175677
      0.175679
      0.175677
      0.175679
      0.175677
      0.175679
      0.175677
      0.175679
      0.175677
      0.175679
      0.175677
      0.175679
      0.175677
      0.175679
      0.175677
      0.175679
      0.144903
        0.1449
      0.144903
        0.1449
      0.144903
        0.1449
      0.144903
        0.1449
      0.144903
        0.1449
      0.144903
        0.1449
      0.144903
        0.1449
      0.144903
        0.1449
      0.144903
        0.1449
      0.144903
        0.1449
      0.144903
        0.1449
      0.144903
        0.1449
      0.144903
        0.1449
      0.144903
        0.1449
      0.144903
        0.1449
      0.144903
        0.1449
      0.144903
        0.1449
      0.144903
        0.1449
      0.144903
        0.1449
      0.144903
        0.1449
      0.144903
        0.1449
      0.144903
        0.1449
      0.144903
        0.1449
      0.144903
        0.1449
      0.144903
        0.1449
      0.144903
        0.1449
      0.144903
        0.1449
      0.144903
        0.1449
      0.144903
        0.1449
      0.144903
      0.118461
       0.11846
      0.118461
       0.11846
      0.118461
       0.11846
      0.118461
       0.11846
      0.118461
       0.11846
      0.118461
       0.11846
      0.118461
       0.11846
      0.118461
       0.11846
      0.118461
       0.11846
      0.118461
       0.11846
      0.118461
       0.11846
      0.118461
       0.11846
      0.118461
       0.11846
      0.118461
       0.11846
      0.118461
       0.11846
      0.118461
       0.11846
      0.118461
       0.11846
      0.118461
       0.11846
      0.118461
       0.11846
      0.118461
       0.11846
      0.118461
       0.11846
      0.118461
       0.11846
      0.118461
       0.11846
      0.118461
       0.11846
      0.118461
       0.11846
      0.118461
       0.11846
      0.118461
       0.11846
      0.118461
       0.11846
      0.118461
       0.11846
      0.118461
     0.0959894
      0.095989
     0.0959894
      0.095989
     0.0959894
      0.095989
     0.0959894
      0.095989
     0.0959894
      0.095989
     0.0959894
      0.095989
     0.0959894
      0.095989
     0.0959894
      0.095989
     0.0959894
      0.095989
     0.0959894
      0.095989
     0.0959894
      0.095989
     0.0959894
     0.0959889
     0.0959894
     0.0959889
     0.0959893
     0.0959889
     0.0959893
     0.0959889
     0.0959893
     0.0959889
     0.0959893
     0.0959889
     0.0959894
     0.0959889
     0.0959894
      0.095989
     0.0959894
      0.095989
     0.0959894
      0.095989
     0.0959894
      0.095989
     0.0959894
      0.095989
     0.0959894
      0.095989
     0.0959894
      0.095989
     0.0959894
      0.095989
     0.0959894
      0.095989
     0.0959894
      0.095989
     0.0959894
      0.095989
     0.0959894
      0.077092
     0.0770921
      0.077092
     0.0770921
      0.077092
     0.0770921
      0.077092
     0.0770921
      0.077092
     0.0770921
      0.077092
     0.0770921
      0.077092
     0.0770921
      0.077092
     0.0770921
      0.077092
     0.0770921
      0.077092
     0.0770921
      0.077092
     0.0770921
      0.077092
     0.0770921
     0.0770919
     0.0770921
     0.0770919
     0.0770921
     0.0770919
     0.0770921
     0.0770919
     0.0770921
     0.0770919
     0.0770921
     0.0770919
     0.0770921
      0.077092
     0.0770921
      0.077092
     0.0770921
      0.077092
     0.0770921
      0.077092
     0.0770921
      0.077092
     0.0770921
      0.077092
     0.0770921
      0.077092
     0.0770921
      0.077092
     0.0770921
      0.077092
     0.0770921
      0.077092
     0.0770921
      0.077092
     0.0770921
      0.077092
      0.061369
     0.0613701
      0.061369
     0.0613701
      0.061369
     0.0613701
      0.061369
     0.0613701
      0.061369
     0.0613701
      0.061369
     0.0613701
      0.061369
     0.0613701
      0.061369
     0.0613701
      0.061369
     0.0613701
     0.0613689
     0.0613701
     0.0613689
       0.06137
     0.0613689
       0.06137
     0.0613689
       0.06137
     0.0613689
       0.06137
     0.0613689
       0.06137
     0.0613689
       0.06137
     0.0613689
       0.06137
     0.0613689
       0.06137
     0.0613689
       0.06137
     0.0613689
     0.0613701
     0.0613689
     0.0613701
      0.061369
     0.0613701
      0.061369
     0.0613701
      0.061369
     0.0613701
      0.061369
     0.0613701
      0.061369
     0.0613701
      0.061369
     0.0613701
      0.061369
     0.0613701
      0.061369
     0.0613701
      0.061369
     0.0484305
      0.048431
     0.0484305
      0.048431
     0.0484305
      0.048431
     0.0484305
      0.048431
     0.0484305
      0.048431
     0.0484305
      0.048431
     0.0484305
      0.048431
     0.0484305
      0.048431
     0.0484305
      0.048431
     0.0484305
      0.048431
     0.0484305
      0.048431
     0.0484305
      0.048431
     0.0484304
     0.0484309
     0.0484304
     0.0484309
     0.0484304
     0.0484309
     0.0484304
     0.0484309
     0.0484304
     0.0484309
     0.0484304
      0.048431
     0.0484305
      0.048431
     0.0484305
      0.048431
     0.0484305
      0.048431
     0.0484305
      0.048431
     0.0484305
      0.048431
     0.0484305
      0.048431
     0.0484305
      0.048431
     0.0484305
      0.048431
     0.0484305
      0.048431
     0.0484305
      0.048431
     0.0484305
      0.048431
     0.0484305
     0.0378956
     0.0378977
     0.0378956
     0.0378977
     0.0378956
     0.0378977
     0.0378956
     0.0378977
     0.0378956
     0.0378977
     0.0378956
     0.0378977
     0.0378956
     0.0378977
     0.0378956
     0.0378977
     0.0378956
     0.0378976
     0.0378956
     0.0378976
     0.0378956
     0.0378976
     0.0378956
     0.0378976
     0.0378955
     0.0378975
     0.0378955
     0.0378975
     0.0378955
     0.0378975
     0.0378955
     0.0378975
     0.0378955
     0.0378975
     0.0378955
     0.0378976
     0.0378956
     0.0378976
     0.0378956
     0.0378976
     0.0378956
     0.0378976
     0.0378956
     0.0378977
     0.0378956
     0.0378977
     0.0378956
     0.0378977
     0.0378956
     0.0378977
     0.0378956
     0.0378977
     0.0378956
     0.0378977
     0.0378956
     0.0378977
     0.0378956
     0.0378977
     0.0378956
     0.0294223
      0.029423
     0.0294223
      0.029423
     0.0294223
      0.029423
     0.0294223
      0.029423
     0.0294223
      0.029423
     0.0294223
      0.029423
     0.0294223
      0.029423
     0.0294223
      0.029423
     0.0294223
      0.029423
     0.0294223
      0.029423
     0.0294223
      0.029423
     0.0294222
     0.0294229
     0.0294222
     0.0294229
     0.0294221
     0.0294228
      0.029422
     0.0294227
      0.029422
     0.0294228
     0.0294221
     0.0294229
     0.0294222
     0.0294229
     0.0294222
      0.029423
     0.0294223
      0.029423
     0.0294223
      0.029423
     0.0294223
      0.029423
     0.0294223
      0.029423
     0.0294223
      0.029423
     0.0294223
      0.029423
     0.0294223
      0.029423
     0.0294223
      0.029423
     0.0294223
      0.029423
     0.0294223
      0.029423
     0.0294223
     0.0226845
     0.0226869
     0.0226845
     0.0226869
     0.0226845
     0.0226869
     0.0226845
     0.0226869
     0.0226845
     0.0226869
     0.0226845
     0.0226869
     0.0226845
     0.0226869
     0.0226845
     0.0226869
     0.0226845
     0.0226869
     0.0226845
     0.0226868
     0.0226844
     0.0226868
     0.0226844
     0.0226867
     0.0226843
     0.0226866
     0.0226841
     0.0226865
      0.022684
     0.0226864
      0.022684
     0.0226865
     0.0226841
     0.0226866
     0.0226843
     0.0226867
     0.0226844
     0.0226868
     0.0226844
     0.0226868
     0.0226845
     0.0226869
     0.0226845
     0.0226869
     0.0226845
     0.0226869
     0.0226845
     0.0226869
     0.0226845
     0.0226869
     0.0226845
     0.0226869
     0.0226845
     0.0226869
     0.0226845
     0.0226869
     0.0226845
     0.0226869
     0.0226845
     0.0174102
      0.017411
     0.0174102
      0.017411
     0.0174102
      0.017411
     0.0174102
      0.017411
     0.0174102
      0.017411
     0.0174102
      0.017411
     0.0174102
      0.017411
     0.0174101
      0.017411
     0.0174101
     0.0174109
     0.0174101
     0.0174109
     0.0174101
     0.0174108
       0.01741
     0.0174107
     0.0174098
     0.0174105
     0.0174096
     0.0174103
     0.0174094
     0.0174102
     0.0174094
     0.0174103
     0.0174096
     0.0174105
     0.0174098
     0.0174107
       0.01741
     0.0174108
     0.0174101
     0.0174109
     0.0174101
     0.0174109
     0.0174101
      0.017411
     0.0174101
      0.017411
     0.0174102
      0.017411
     0.0174102
      0.017411
     0.0174102
      0.017411
     0.0174102
      0.017411
     0.0174102
      0.017411
     0.0174102
      0.017411
     0.0174102
     0.0133465
     0.0133489
     0.0133465
     0.0133489
     0.0133465
     0.0133489
     0.0133465
     0.0133489
     0.0133465
     0.0133489
     0.0133465
     0.0133489
     0.0133465
     0.0133489
     0.0133464
     0.0133489
     0.0133464
     0.0133489
     0.0133464
     0.0133488
     0.0133464
     0.0133487
     0.0133462
     0.0133486
      0.013346
     0.0133483
     0.0133456
     0.0133479
     0.0133453
     0.0133477
     0.0133453
     0.0133479
     0.0133456
     0.0133483
      0.013346
     0.0133486
     0.0133462
     0.0133487
     0.0133464
     0.0133488
     0.0133464
     0.0133489
     0.0133464
     0.0133489
     0.0133464
     0.0133489
     0.0133465
     0.0133489
     0.0133465
     0.0133489
     0.0133465
     0.0133489
     0.0133465
     0.0133489
     0.0133465
     0.0133489
     0.0133465
     0.0133489
     0.0133465
      0.010299
     0.0102998
      0.010299
     0.0102998
      0.010299
     0.0102998
      0.010299
     0.0102998
      0.010299
     0.0102998
      0.010299
     0.0102998
      0.010299
     0.0102998
      0.010299
     0.0102998
      0.010299
     0.0102998
      0.010299
     0.0102998
     0.0102989
     0.0102997
     0.0102988
     0.0102994
     0.0102984
      0.010299
     0.0102978
     0.0102983
     0.0102972
     0.0102979
     0.0102972
     0.0102983
     0.0102978
      0.010299
     0.0102984
     0.0102994
     0.0102988
     0.0102997
     0.0102989
     0.0102998
      0.010299
     0.0102998
      0.010299
     0.0102998
      0.010299
     0.0102998
      0.010299
     0.0102998
      0.010299
     0.0102998
      0.010299
     0.0102998
      0.010299
     0.0102998
      0.010299
     0.0102998
      0.010299
     0.0102998
      0.010299
    0.00809307
     0.0080954
    0.00809307
     0.0080954
    0.00809307
     0.0080954
    0.00809307
     0.0080954
    0.00809307
     0.0080954
    0.00809307
     0.0080954
    0.00809307
    0.00809539
    0.00809306
    0.00809538
    0.00809305
    0.00809536
    0.00809301
    0.00809531
    0.00809293
    0.00809517
    0.00809272
    0.00809486
    0.00809226
    0.00809419
    0.00809131
    0.00809302
     0.0080901
    0.00809212
     0.0080901
    0.00809302
    0.00809131
    0.00809419
    0.00809226
    0.00809486
    0.00809272
    0.00809517
    0.00809293
    0.00809531
    0.00809301
    0.00809536
    0.00809305
    0.00809538
    0.00809306
    0.00809539
    0.00809307
     0.0080954
    0.00809307
     0.0080954
    0.00809307
     0.0080954
    0.00809307
     0.0080954
    0.00809307
     0.0080954
    0.00809307
     0.0080954
    0.00809307
    0.00661093
    0.00661169
    0.00661093
    0.00661169
    0.00661093
    0.00661169
    0.00661093
    0.00661169
    0.00661093
    0.00661169
    0.00661093
    0.00661169
    0.00661093
    0.00661169
    0.00661092
    0.00661168
    0.00661091
    0.00661165
    0.00661087
    0.00661159
    0.00661077
    0.00661143
    0.00661052
    0.00661105
    0.00660993
    0.00661014
    0.00660856
    0.00660816
    0.00660602
    0.00660607
    0.00660602
    0.00660816
    0.00660856
    0.00661014
    0.00660993
    0.00661105
    0.00661052
    0.00661143
    0.00661077
    0.00661159
    0.00661087
    0.00661165
    0.00661091
    0.00661168
    0.00661092
    0.00661169
    0.00661093
    0.00661169
    0.00661093
    0.00661169
    0.00661093
    0.00661169
    0.00661093
    0.00661169
    0.00661093
    0.00661169
    0.00661093
    0.00661169
    0.00661093
    0.00575365
    0.00575588
    0.00575365
    0.00575588
    0.00575365
    0.00575588
    0.00575365
    0.00575588
    0.00575365
    0.00575588
    0.00575365
    0.00575588
    0.00575365
    0.00575588
    0.00575365
    0.00575587
    0.00575363
    0.00575584
    0.00575359
    0.00575577
    0.00575348
     0.0057556
     0.0057532
    0.00575516
    0.00575251
    0.00575403
    0.00575068
    0.00575097
    0.00574553
    0.00574583
    0.00574553
    0.00575097
    0.00575068
    0.00575403
    0.00575251
    0.00575516
     0.0057532
     0.0057556
    0.00575348
    0.00575577
    0.00575359
    0.00575584
    0.00575363
    0.00575587
    0.00575365
    0.00575588
    0.00575365
    0.00575588
    0.00575365
    0.00575588
    0.00575365
    0.00575588
    0.00575365
    0.00575588
    0.00575365
    0.00575588
    0.00575365
    0.00575588
    0.00575365
    0.00547677
    0.00547751
    0.00547677
    0.00547751
    0.00547677
    0.00547751
    0.00547677
    0.00547751
    0.00547677
    0.00547751
    0.00547677
    0.00547751
    0.00547677
    0.00547751
    0.00547676
     0.0054775
    0.00547674
    0.00547747
     0.0054767
     0.0054774
    0.00547659
    0.00547722
     0.0054763
    0.00547676
    0.00547555
    0.00547553
    0.00547349
    0.00547189
    0.00546671
    0.00545798
    0.00546671
    0.00547189
    0.00547349
    0.00547553
    0.00547555
    0.00547676
     0.0054763
    0.00547722
    0.00547659
     0.0054774
     0.0054767
    0.00547747
    0.00547674
     0.0054775
    0.00547676
    0.00547751
    0.00547677
    0.00547751
    0.00547677
    0.00547751
    0.00547677
    0.00547751
    0.00547677
    0.00547751
    0.00547677
    0.00547751
    0.00547677
    0.00547751
    0.00547677
    0.00575365
    0.00575588
    0.00575365
    0.00575588
    0.00575365
    0.00575588
    0.00575365
    0.00575588
    0.00575365
    0.00575588
    0.00575365
    0.00575588
    0.00575365
    0.00575588
    0.00575365
    0.00575587
    0.00575363
    0.00575584
    0.00575359
    0.00575577
    0.00575348
     0.0057556
     0.0057532
    0.00575516
    0.00575251
    0.00575403
    0.00575068
    0.00575097
    0.00574553
    0.00574583
    0.00574553
    0.00575097
    0.00575068
    0.00575403
    0.00575251
    0.00575516
     0.0057532
     0.0057556
    0.00575348
    0.00575577
    0.00575359
    0.00575584
    0.00575363
    0.00575587
    0.00575365
    0.00575588
    0.00575365
    0.00575588
    0.00575365
    0.00575588
    0.00575365
    0.00575588
    0.00575365
    0.00575588
    0.00575365
    0.00575588
    0.00575365
    0.00575588
    0.00575365
    0.00661093
    0.00661169
    0.00661093
    0.00661169
    0.00661093
    0.00661169
    0.00661093
    0.00661169
    0.00661093
    0.00661169
    0.00661093
    0.00661169
    0.00661093
    0.00661169
    0.00661092
    0.00661168
    0.00661091
    0.00661165
    0.00661087
    0.00661159
    0.00661077
    0.00661143
    0.00661052
    0.00661105
    0.00660993
    0.00661014
    0.00660856
    0.00660816
    0.00660602
    0.00660607
    0.00660602
    0.00660816
    0.00660856
    0.00661014
    0.00660993
    0.00661105
    0.00661052
    0.00661143
    0.00661077
    0.00661159
    0.00661087
    0.00661165
    0.00661091
    0.00661168
    0.00661092
    0.00661169
    0.00661093
    0.00661169
    0.00661093
    0.00661169
    0.00661093
    0.00661169
    0.00661093
    0.00661169
    0.00661093
    0.00661169
    0.00661093
    0.00661169
    0.00661093
    0.00809307
     0.0080954
    0.00809307
     0.0080954
    0.00809307
     0.0080954
    0.00809307
     0.0080954
    0.00809307
     0.0080954
    0.00809307
     0.0080954
    0.00809307
    0.00809539
    0.00809306
    0.00809538
    0.00809305
    0.00809536
    0.00809301
    0.00809531
    0.00809293
    0.00809517
    0.00809272
    0.00809486
    0.00809226
    0.00809419
    0.00809131
    0.00809302
     0.0080901
    0.00809212
     0.0080901
    0.00809302
    0.00809131
    0.00809419
    0.00809226
    0.00809486
    0.00809272
    0.00809517
    0.00809293
    0.00809531
    0.00809301
    0.00809536
    0.00809305
    0.00809538
    0.00809306
    0.00809539
    0.00809307
     0.0080954
    0.00809307
     0.0080954
    0.00809307
     0.0080954
    0.00809307
     0.0080954
    0.00809307
     0.0080954
    0.00809307
     0.0080954
    0.00809307
      0.010299
     0.0102998
      0.010299
     0.0102998
      0.010299
     0.0102998
      0.010299
     0.0102998
      0.010299
     0.0102998
      0.010299
     0.0102998
      0.010299
     0.0102998
      0.010299
     0.0102998
      0.010299
     0.0102998
      0.010299
     0.0102998
     0.0102989
     0.0102997
     0.0102988
     0.0102994
     0.0102984
      0.010299
     0.0102978
     0.0102983
     0.0102972
     0.0102979
     0.0102972
     0.0102983
     0.0102978
      0.010299
     0.0102984
     0.0102994
     0.0102988
     0.0102997
     0.0102989
     0.0102998
      0.010299
     0.0102998
      0.010299
     0.0102998
      0.010299
     0.0102998
      0.010299
     0.0102998
      0.010299
     0.0102998
      0.010299
     0.0102998
      0.010299
     0.0102998
      0.010299
     0.0102998
      0.010299
     0.0102998
      0.010299
     0.0133465
     0.0133489
     0.0133465
     0.0133489
     0.0133465
     0.0133489
     0.0133465
     0.0133489
     0.0133465
     0.0133489
     0.0133465
     0.0133489
     0.0133465
     0.0133489
     0.0133464
     0.0133489
     0.0133464
     0.0133489
     0.0133464
     0.0133488
     0.0133464
     0.0133487
     0.0133462
     0.0133486
      0.013346
     0.0133483
     0.0133456
     0.0133479
     0.0133453
     0.0133477
     0.0133453
     0.0133479
     0.0133456
     0.0133483
      0.013346
     0.0133486
     0.0133462
     0.0133487
     0.0133464
     0.0133488
     0.0133464
     0.0133489
     0.0133464
     0.0133489
     0.0133464
     0.0133489
     0.0133465
     0.0133489
     0.0133465
     0.0133489
     0.0133465
     0.0133489
     0.0133465
     0.0133489
     0.0133465
     0.0133489
     0.0133465
     0.0133489
     0.0133465
     0.0174102
      0.017411
     0.0174102
      0.017411
     0.0174102
      0.017411
     0.0174102
      0.017411
     0.0174102
      0.017411
     0.0174102
      0.017411
     0.0174102
      0.017411
     0.0174101
      0.017411
     0.0174101
     0.0174109
     0.0174101
     0.0174109
     0.0174101
     0.0174108
       0.01741
     0.0174107
     0.0174098
     0.0174105
     0.0174096
     0.0174103
     0.0174094
     0.0174102
     0.0174094
     0.0174103
     0.0174096
     0.0174105
     0.0174098
     0.0174107
       0.01741
     0.0174108
     0.0174101
     0.0174109
     0.0174101
     0.0174109
     0.0174101
      0.017411
     0.0174101
      0.017411
     0.0174102
      0.017411
     0.0174102
      0.017411
     0.0174102
      0.017411
     0.0174102
      0.017411
     0.0174102
      0.017411
     0.0174102
      0.017411
     0.0174102
     0.0226845
     0.0226869
     0.0226845
     0.0226869
     0.0226845
     0.0226869
     0.0226845
     0.0226869
     0.0226845
     0.0226869
     0.0226845
     0.0226869
     0.0226845
     0.0226869
     0.0226845
     0.0226869
     0.0226845
     0.0226869
     0.0226845
     0.0226868
     0.0226844
     0.0226868
     0.0226844
     0.0226867
     0.0226843
     0.0226866
     0.0226841
     0.0226865
      0.022684
     0.0226864
      0.022684
     0.0226865
     0.0226841
     0.0226866
     0.0226843
     0.0226867
     0.0226844
     0.0226868
     0.0226844
     0.0226868
     0.0226845
     0.0226869
     0.0226845
     0.0226869
     0.0226845
     0.0226869
     0.0226845
     0.0226869
     0.0226845
     0.0226869
     0.0226845
     0.0226869
     0.0226845
     0.0226869
     0.0226845
     0.0226869
     0.0226845
     0.0226869
     0.0226845
     0.0294223
      0.029423
     0.0294223
      0.029423
     0.0294223
      0.029423
     0.0294223
      0.029423
     0.0294223
      0.029423
     0.0294223
      0.029423
     0.0294223
      0.029423
     0.0294223
      0.029423
     0.0294223
      0.029423
     0.0294223
      0.029423
     0.0294223
      0.029423
     0.0294222
     0.0294229
     0.0294222
     0.0294229
     0.0294221
     0.0294228
      0.029422
     0.0294227
      0.029422
     0.0294228
     0.0294221
     0.0294229
     0.0294222
     0.0294229
     0.0294222
      0.029423
     0.0294223
      0.029423
     0.0294223
      0.029423
     0.0294223
      0.029423
     0.0294223
      0.029423
     0.0294223
      0.029423
     0.0294223
      0.029423
     0.0294223
      0.029423
     0.0294223
      0.029423
     0.0294223
      0.029423
     0.0294223
      0.029423
     0.0294223
     0.0378956
     0.0378977
     0.0378956
     0.0378977
     0.0378956
     0.0378977
     0.0378956
     0.0378977
     0.0378956
     0.0378977
     0.0378956
     0.0378977
     0.0378956
     0.0378977
     0.0378956
     0.0378977
     0.0378956
     0.0378976
     0.0378956
     0.0378976
     0.0378956
     0.0378976
     0.0378956
     0.0378976
     0.0378955
     0.0378975
     0.0378955
     0.0378975
     0.0378955
     0.0378975
     0.0378955
     0.0378975
     0.0378955
     0.0378975
     0.0378955
     0.0378976
     0.0378956
     0.0378976
     0.0378956
     0.0378976
     0.0378956
     0.0378976
     0.0378956
     0.0378977
     0.0378956
     0.0378977
     0.0378956
     0.0378977
     0.0378956
     0.0378977
     0.0378956
     0.0378977
     0.0378956
     0.0378977
     0.0378956
     0.0378977
     0.0378956
     0.0378977
     0.0378956
     0.0484305
      0.048431
     0.0484305
      0.048431
     0.0484305
      0.048431
     0.0484305
      0.048431
     0.0484305
      0.048431
     0.0484305
      0.048431
     0.0484305
      0.048431
     0.0484305
      0.048431
     0.0484305
      0.048431
     0.0484305
      0.048431
     0.0484305
      0.048431
     0.0484305
      0.048431
     0.0484304
     0.0484309
     0.0484304
     0.0484309
     0.0484304
     0.0484309
     0.0484304
     0.0484309
     0.0484304
     0.0484309
     0.0484304
      0.048431
     0.0484305
      0.048431
     0.0484305
      0.048431
     0.0484305
      0.048431
     0.0484305
      0.048431
     0.0484305
      0.048431
     0.0484305
      0.048431
     0.0484305
      0.048431
     0.0484305
      0.048431
     0.0484305
      0.048431
     0.0484305
      0.048431
     0.0484305
      0.048431
     0.0484305
      0.061369
     0.0613701
      0.061369
     0.0613701
      0.061369
     0.0613701
      0.061369
     0.0613701
      0.061369
     0.0613701
      0.061369
     0.0613701
      0.061369
     0.0613701
      0.061369
     0.0613701
      0.061369
     0.0613701
     0.0613689
     0.0613701
     0.0613689
       0.06137
     0.0613689
       0.06137
     0.0613689
       0.06137
     0.0613689
       0.06137
     0.0613689
       0.06137
     0.0613689
       0.06137
     0.0613689
       0.06137
     0.0613689
       0.06137
     0.0613689
       0.06137
     0.0613689
     0.0613701
     0.0613689
     0.0613701
      0.061369
     0.0613701
      0.061369
     0.0613701
      0.061369
     0.0613701
      0.061369
     0.0613701
      0.061369
     0.0613701
      0.061369
     0.0613701
      0.061369
     0.0613701
      0.061369
     0.0613701
      0.061369
      0.077092
     0.0770921
      0.077092
     0.0770921
      0.077092
     0.0770921
      0.077092
     0.0770921
      0.077092
     0.0770921
      0.077092
     0.0770921
      0.077092
     0.0770921
      0.077092
     0.0770921
      0.077092
     0.0770921
      0.077092
     0.0770921
      0.077092
     0.0770921
      0.077092
     0.0770921
     0.0770919
     0.0770921
     0.0770919
     0.0770921
     0.0770919
     0.0770921
     0.0770919
     0.0770921
     0.0770919
     0.0770921
     0.0770919
     0.0770921
      0.077092
     0.0770921
      0.077092
     0.0770921
      0.077092
     0.0770921
      0.077092
     0.0770921
      0.077092
     0.0770921
      0.077092
     0.0770921
      0.077092
     0.0770921
      0.077092
     0.0770921
      0.077092
     0.0770921
      0.077092
     0.0770921
      0.077092
     0.0770921
      0.077092
     0.0959894
      0.095989
     0.0959894
      0.095989
     0.0959894
      0.095989
     0.0959894
      0.095989
     0.0959894
      0.095989
     0.0959894
      0.095989
     0.0959894
      0.095989
     0.0959894
      0.095989
     0.0959894
      0.095989
     0.0959894
      0.095989
     0.0959894
      0.095989
     0.0959894
     0.0959889
     0.0959894
     0.0959889
     0.0959893
     0.0959889
     0.0959893
     0.0959889
     0.0959893
     0.0959889
     0.0959893
     0.0959889
     0.0959894
     0.0959889
     0.0959894
      0.095989
     0.0959894
      0.095989
     0.0959894
      0.095989
     0.0959894
      0.095989
     0.0959894
      0.095989
     0.0959894
      0.095989
     0.0959894
      0.095989
     0.0959894
      0.095989
     0.0959894
      0.095989
     0.0959894
      0.095989
     0.0959894
      0.095989
     0.0959894
      0.118461
       0.11846
      0.118461
       0.11846
      0.118461
       0.11846
      0.118461
       0.11846
      0.118461
       0.11846
      0.118461
       0.11846
      0.118461
       0.11846
      0.118461
       0.11846
      0.118461
       0.11846
      0.118461
       0.11846
      0.118461
       0.11846
      0.118461
       0.11846
      0.118461
       0.11846
      0.118461
       0.11846
      0.118461
       0.11846
      0.118461
       0.11846
      0.118461
       0.11846
      0.118461
       0.11846
      0.118461
       0.11846
      0.118461
       0.11846
      0.118461
       0.11846
      0.118461
       0.11846
      0.118461
       0.11846
      0.118461
       0.11846
      0.118461
       0.11846
      0.118461
       0.11846
      0.118461
       0.11846
      0.118461
       0.11846
      0.118461
       0.11846
      0.118461
      0.144903
        0.1449
      0.144903
        0.1449
      0.144903
        0.1449
      0.144903
        0.1449
      0.144903
        0.1449
      0.144903
        0.1449
      0.144903
        0.1449
      0.144903
        0.1449
      0.144903
        0.1449
      0.144903
        0.1449
      0.144903
        0.1449
      0.144903
        0.1449
      0.144903
        0.1449
      0.144903
        0.1449
      0.144903
        0.1449
      0.144903
        0.1449
      0.144903
        0.1449
      0.144903
        0.1449
      0.144903
        0.1449
      0.144903
        0.1449
      0.144903
        0.1449
      0.144903
        0.1449
      0.144903
        0.1449
      0.144903
        0.1449
      0.144903
        0.1449
      0.144903
        0.1449
      0.144903
        0.1449
      0.144903
        0.1449
      0.144903
        0.1449
      0.144903
      0.175679
      0.175677
      0.175679
      0.175677
      0.175679
      0.175677
      0.175679
      0.175677
      0.175679
      0.175677
      0.175679
      0.175677
      0.175679
      0.175677
      0.175679
      0.175677
      0.175679
      0.175677
      0.175679
      0.175677
      0.175679
      0.175677
      0.175679
      0.175677
      0.175679
      0.175677
      0.175679
      0.175677
      0.175679
      0.175677
      0.175679
      0.175677
      0.175679
      0.175677
      0.175679
      0.175677
      0.175679
      0.175677
      0.175679
      0.175677
      0.175679
      0.175677
      0.175679
      0.175677
      0.175679
      0.175677
      0.175679
      0.175677
      0.175679
      0.175677
      0.175679
      0.175677
      0.175679
      0.175677
      0.175679
      0.175677
      0.175679
      0.175677
      0.175679
      0.211132
      0.211127
      0.211132
      0.211127
      0.211132
      0.211127
      0.211132
      0.211127
      0.211132
      0.211127
      0.211132
      0.211127
      0.211132
      0.211127
      0.211132
      0.211127
      0.211132
      0.211127
      0.211132
      0.211127
      0.211132
      0.211127
      0.211132
      0.211127
      0.211132
      0.211127
      0.211132
      0.211127
      0.211132
      0.211127
      0.211132
      0.211127
      0.211132
      0.211127
      0.211132
      0.211127
      0.211132
      0.211127
      0.211132
      0.211127
      0.211132
      0.211127
      0.211132
      0.211127
      0.211132
      0.211127
      0.211132
      0.211127
      0.211132
      0.211127
      0.211132
      0.211127
      0.211132
      0.211127
      0.211132
      0.211127
      0.211132
      0.211127
      0.211132
       0.25152
      0.251518
       0.25152
      0.251518
       0.25152
      0.251518
       0.25152
      0.251518
       0.25152
      0.251518
       0.25152
      0.251518
       0.25152
      0.251518
       0.25152
      0.251518
       0.25152
      0.251518
       0.25152
      0.251518
       0.25152
      0.251518
       0.25152
      0.251518
       0.25152
      0.251518
       0.25152
      0.251518
       0.25152
      0.251518
       0.25152
      0.251518
       0.25152
      0.251518
       0.25152
      0.251518
       0.25152
      0.251518
       0.25152
      0.251518
       0.25152
      0.251518
       0.25152
      0.251518
       0.25152
      0.251518
       0.25152
      0.251518
       0.25152
      0.251518
       0.25152
      0.251518
       0.25152
      0.251518
       0.25152
      0.251518
       0.25152
      0.251518
       0.25152
      0.297062
      0.297056
      0.297062
      0.297056
      0.297062
      0.297056
      0.297062
      0.297056
      0.297062
      0.297056
      0.297062
      0.297056
      0.297062
      0.297056
      0.297062
      0.297056
      0.297062
      0.297056
      0.297062
      0.297056
      0.297062
      0.297056
      0.297062
      0.297056
      0.297062
      0.297056
      0.297062
      0.297056
      0.297062
      0.297056
      0.297062
      0.297056
      0.297062
      0.297056
      0.297062
      0.297056
      0.297062
      0.297056
      0.297062
      0.297056
      0.297062
      0.297056
      0.297062
      0.297056
      0.297062
      0.297056
      0.297062
      0.297056
      0.297062
      0.297056
      0.297062
      0.297056
      0.297062
      0.297056
      0.297062
      0.297056
      0.297062
      0.297056
      0.297062
       0.34784
      0.347838
       0.34784
      0.347838
       0.34784
      0.347838
       0.34784
      0.347838
       0.34784
      0.347838
       0.34784
      0.347838
       0.34784
      0.347838
       0.34784
      0.347838
       0.34784
      0.347838
       0.34784
      0.347838
       0.34784
      0.347838
       0.34784
      0.347838
       0.34784
      0.347838
       0.34784
      0.347838
       0.34784
      0.347838
       0.34784
      0.347838
       0.34784
      0.347838
       0.34784
      0.347838
       0.34784
      0.347838
       0.34784
      0.347838
       0.34784
      0.347838
       0.34784
      0.347838
       0.34784
      0.347838
       0.34784
      0.347838
       0.34784
      0.347838
       0.34784
      0.347838
       0.34784
      0.347838
       0.34784
      0.347838
       0.34784
      0.347838
       0.34784
      0.403879
      0.403871
      0.403879
      0.403871
      0.403879
      0.403871
      0.403879
      0.403871
      0.403879
      0.403871
      0.403879
      0.403871
      0.403879
      0.403871
      0.403879
      0.403871
      0.403879
      0.403871
      0.403879
      0.403871
      0.403879
      0.403871
      0.403879
      0.403871
      0.403879
      0.403871
      0.403879
      0.403871
      0.403879
      0.403871
      0.403879
      0.403871
      0.403879
      0.403871
      0.403879
      0.403871
      0.403879
      0.403871
      0.403879
      0.403871
      0.403879
      0.403871
      0.403879
      0.403871
      0.403879
      0.403871
      0.403879
      0.403871
      0.403879
      0.403871
      0.403879
      0.403871
      0.403879
      0.403871
      0.403879
      0.403871
      0.403879
      0.403871
      0.403879
      0.465025
      0.465022
      0.465025
      0.465022
      0.465025
      0.465022
      0.465025
      0.465022
      0.465025
      0.465022
      0.465025
      0.465022
      0.465025
      0.465022
      0.465025
      0.465022
      0.465025
      0.465022
      0.465025
      0.465022
      0.465025
      0.465022
      0.465025
      0.465022
      0.465025
      0.465022
      0.465025
      0.465022
      0.465025
      0.465022
      0.465025
      0.465022
      0.465025
      0.465022
      0.465025
      0.465022
      0.465025
      0.465022
      0.465025
      0.465022
      0.465025
      0.465022
      0.465025
      0.465022
      0.465025
      0.465022
      0.465025
      0.465022
      0.465025
      0.465022
      0.465025
      0.465022
      0.465025
      0.465022
      0.465025
      0.465022
      0.465025
      0.465022
      0.465025
       0.53106
      0.531052
       0.53106
      0.531052
       0.53106
      0.531052
       0.53106
      0.531052
       0.53106
      0.531052
       0.53106
      0.531052
       0.53106
      0.531052
       0.53106
      0.531052
       0.53106
      0.531052
       0.53106
      0.531052
       0.53106
      0.531052
       0.53106
      0.531052
       0.53106
      0.531052
       0.53106
      0.531052
       0.53106
      0.531052
       0.53106
      0.531052
       0.53106
      0.531052
       0.53106
      0.531052
       0.53106
      0.531052
       0.53106
      0.531052
       0.53106
      0.531052
       0.53106
      0.531052
       0.53106
      0.531052
       0.53106
      0.531052
       0.53106
      0.531052
       0.53106
      0.531052
       0.53106
      0.531052
       0.53106
      0.531052
       0.53106
      0.531052
       0.53106
      0.601571
      0.601569
      0.601571
      0.601569
      0.601571
      0.601569
      0.601571
      0.601569
      0.601571
      0.601569
      0.601571
      0.601569
      0.601571
      0.601569
      0.601571
      0.601569
      0.601571
      0.601569
      0.601571
      0.601569
      0.601571
      0.601569
      0.601571
      0.601569
      0.601571
      0.601569
      0.601571
      0.601569
      0.601571
      0.601569
      0.601571
      0.601569
      0.601571
      0.601569
      0.601571
      0.601569
      0.601571
      0.601569
      0.601571
      0.601569
      0.601571
      0.601569
      0.601571
      0.601569
      0.601571
      0.601569
      0.601571
      0.601569
      0.601571
      0.601569
      0.601571
      0.601569
      0.601571
      0.601569
      0.601571
      0.601569
      0.601571
      0.601569
      0.601571
      0.676082
      0.676075
      0.676082
      0.676075
      0.676082
      0.676075
      0.676082
      0.676075
      0.676082
      0.676075
      0.676082
      0.676075
      0.676082
      0.676075
      0.676082
      0.676075
      0.676082
      0.676075
      0.676082
      0.676075
      0.676082
      0.676075
      0.676082
      0.676075
      0.676082
      0.676075
      0.676082
      0.676075
      0.676082
      0.676075
      0.676082
      0.676075
      0.676082
      0.676075
      0.676082
      0.676075
      0.676082
      0.676075
      0.676082
      0.676075
      0.676082
      0.676075
      0.676082
      0.676075
      0.676082
      0.676075
      0.676082
      0.676075
      0.676082
      0.676075
      0.676082
      0.676075
      0.676082
      0.676075
      0.676082
      0.676075
      0.676082
      0.676075
      0.676082
      0.753937
      0.753936
      0.753937
      0.753936
      0.753937
      0.753936
      0.753937
      0.753936
      0.753937
      0.753936
      0.753937
      0.753936
      0.753937
      0.753936
      0.753937
      0.753936
      0.753937
      0.753936
      0.753937
      0.753936
      0.753937
      0.753936
      0.753937
      0.753936
      0.753937
      0.753936
      0.753937
      0.753936
      0.753937
      0.753936
      0.753937
      0.753936
      0.753937
      0.753936
      0.753937
      0.753936
      0.753937
      0.753936
      0.753937
      0.753936
      0.753937
      0.753936
      0.753937
      0.753936
      0.753937
      0.753936
      0.753937
      0.753936
      0.753937
      0.753936
      0.753937
      0.753936
      0.753937
      0.753936
      0.753937
      0.753936
      0.753937
      0.753936
      0.753937
      0.834433
      0.834429
      0.834433
      0.834429
      0.834433
      0.834429
      0.834433
      0.834429
      0.834433
      0.834429
      0.834433
      0.834429
      0.834433
      0.834429
      0.834433
      0.834429
      0.834433
      0.834429
      0.834433
      0.834429
      0.834433
      0.834429
      0.834433
      0.834429
      0.834433
      0.834429
      0.834433
      0.834429
      0.834433
      0.834429
      0.834433
      0.834429
      0.834433
      0.834429
      0.834433
      0.834429
      0.834433
      0.834429
      0.834433
      0.834429
      0.834433
      0.834429
      0.834433
      0.834429
      0.834433
      0.834429
      0.834433
      0.834429
      0.834433
      0.834429
      0.834433
      0.834429
      0.834433
      0.834429
      0.834433
      0.834429
      0.834433
      0.834429
      0.834433
       0.91674
      0.916739
       0.91674
      0.916739
       0.91674
      0.916739
       0.91674
      0.916739
       0.91674
      0.916739
       0.91674
      0.916739
       0.91674
      0.916739
       0.91674
      0.916739
       0.91674
      0.916739
       0.91674
      0.916739
       0.91674
      0.916739
       0.91674
      0.916739
       0.91674
      0.916739
       0.91674
      0.916739
       0.91674
      0.916739
       0.91674
      0.916739
       0.91674
      0.916739
       0.91674
      0.916739
       0.91674
      0.916739
       0.91674
      0.916739
       0.91674
      0.916739
       0.91674
      0.916739
       0.91674
      0.916739
       0.91674
      0.916739
       0.91674
      0.916739
       0.91674
      0.916739
       0.91674
      0.916739
       0.91674
      0.916739
       0.91674
      0.916739
       0.91674
             1
             1
             1
             1
             1
             1
             1
             1
             1
             1
             1
             1
             1
             1
             1
             1
             1
             1
             1
             1
             1
             1
             1
             1
             1
             1
             1
             1
             1
             1
             1
             1
             1
             1
             1
             1
             1
             1
             1
             1
             1
             1
             1
             1
             1
             1
             1
             1
             1
             1
             1
             1
             1
             1
             1
             1
             1
             1
             1
