             1
             1
             1
             1
             1
             1
             1
             1
             1
             1
             1
             1
             1
             1
             1
             1
             1
             1
             1
             1
             1
             1
             1
             1
             1
             1
             1
             1
             1
             1
             1
             1
             1
             1
             1
             1
             1
             1
             1
             1
             1
             1
             1
             1
             1
             1
             1
             1
             1
             1
             1
             1
             1
             1
             1
             1
             1
             1
             1
      0.920279
      0.920278
      0.920279
      0.920278
      0.920279
      0.920278
      0.920279
      0.920278
      0.920279
      0.920278
      0.920279
      0.920278
      0.920279
      0.920278
      0.920279
      0.920278
      0.920279
      0.920278
      0.920279
      0.920278
      0.920279
      0.920278
      0.920279
      0.920278
      0.920279
      0.920278
      0.920279
      0.920278
      0.920279
      0.920278
      0.920279
      0.920278
      0.920279
      0.920278
      0.920279
      0.920278
      0.920279
      0.920278
      0.920279
      0.920278
      0.920279
      0.920278
      0.920279
      0.920278
      0.920279
      0.920278
      0.920279
      0.920278
      0.920279
      0.920278
      0.920279
      0.920278
      0.920279
      0.920278
      0.920279
      0.920278
      0.920279
      0.920278
      0.920279
        0.8414
      0.841397
        0.8414
      0.841397
        0.8414
      0.841397
        0.8414
      0.841397
        0.8414
      0.841397
        0.8414
      0.841397
        0.8414
      0.841397
        0.8414
      0.841397
        0.8414
      0.841397
        0.8414
      0.841397
        0.8414
      0.841397
        0.8414
      0.841397
        0.8414
      0.841397
        0.8414
      0.841397
        0.8414
      0.841397
        0.8414
      0.841397
        0.8414
      0.841397
        0.8414
      0.841397
        0.8414
      0.841397
        0.8414
      0.841397
        0.8414
      0.841397
        0.8414
      0.841397
        0.8414
      0.841397
        0.8414
      0.841397
        0.8414
      0.841397
        0.8414
      0.841397
        0.8414
      0.841397
        0.8414
      0.841397
        0.8414
      0.841397
        0.8414
      0.764117
      0.764115
      0.764117
      0.764115
      0.764117
      0.764115
      0.764117
      0.764115
      0.764117
      0.764115
      0.764117
      0.764115
      0.764117
      0.764115
      0.764117
      0.764115
      0.764117
      0.764115
      0.764117
      0.764115
      0.764117
      0.764115
      0.764117
      0.764115
      0.764117
      0.764115
      0.764117
      0.764115
      0.764117
      0.764115
      0.764117
      0.764115
      0.764117
      0.764115
      0.764117
      0.764115
      0.764117
      0.764115
      0.764117
      0.764115
      0.764117
      0.764115
      0.764117
      0.764115
      0.764117
      0.764115
      0.764117
      0.764115
      0.764117
      0.764115
      0.764117
      0.764115
      0.764117
      0.764115
      0.764117
      0.764115
      0.764117
      0.764115
      0.764117
      0.689162
      0.689156
      0.689162
      0.689156
      0.689162
      0.689156
      0.689162
      0.689156
      0.689162
      0.689156
      0.689162
      0.689156
      0.689162
      0.689156
      0.689162
      0.689156
      0.689162
      0.689156
      0.689162
      0.689156
      0.689162
      0.689156
      0.689162
      0.689156
      0.689162
      0.689156
      0.689162
      0.689156
      0.689162
      0.689156
      0.689162
      0.689156
      0.689162
      0.689156
      0.689162
      0.689156
      0.689162
      0.689156
      0.689162
      0.689156
      0.689162
      0.689156
      0.689162
      0.689156
      0.689162
      0.689156
      0.689162
      0.689156
      0.689162
      0.689156
      0.689162
      0.689156
      0.689162
      0.689156
      0.689162
      0.689156
      0.689162
      0.689156
      0.689162
      0.617166
      0.617164
      0.617166
      0.617164
      0.617166
      0.617164
      0.617166
      0.617164
      0.617166
      0.617164
      0.617166
      0.617164
      0.617166
      0.617164
      0.617166
      0.617164
      0.617166
      0.617164
      0.617166
      0.617164
      0.617166
      0.617164
      0.617166
      0.617164
      0.617166
      0.617164
      0.617166
      0.617164
      0.617166
      0.617164
      0.617166
      0.617164
      0.617166
      0.617164
      0.617166
      0.617164
      0.617166
      0.617164
      0.617166
      0.617164
      0.617166
      0.617164
      0.617166
      0.617164
      0.617166
      0.617164
      0.617166
      0.617164
      0.617166
      0.617164
      0.617166
      0.617164
      0.617166
      0.617164
      0.617166
      0.617164
      0.617166
      0.617164
      0.617166
       0.54872
      0.548713
       0.54872
      0.548713
       0.54872
      0.548713
       0.54872
      0.548713
       0.54872
      0.548713
       0.54872
      0.548713
       0.54872
      0.548713
       0.54872
      0.548713
       0.54872
      0.548713
       0.54872
      0.548713
       0.54872
      0.548713
       0.54872
      0.548713
       0.54872
      0.548713
       0.54872
      0.548713
       0.54872
      0.548713
       0.54872
      0.548713
       0.54872
      0.548713
       0.54872
      0.548713
       0.54872
      0.548713
       0.54872
      0.548713
       0.54872
      0.548713
       0.54872
      0.548713
       0.54872
      0.548713
       0.54872
      0.548713
       0.54872
      0.548713
       0.54872
      0.548713
       0.54872
      0.548713
       0.54872
      0.548713
       0.54872
      0.548713
       0.54872
      0.484268
      0.484266
      0.484268
      0.484266
      0.484268
      0.484266
      0.484268
      0.484266
      0.484268
      0.484266
      0.484268
      0.484266
      0.484268
      0.484266
      0.484268
      0.484266
      0.484268
      0.484266
      0.484268
      0.484266
      0.484268
      0.484266
      0.484268
      0.484266
      0.484268
      0.484266
      0.484268
      0.484266
      0.484268
      0.484266
      0.484268
      0.484266
      0.484268
      0.484266
      0.484268
      0.484266
      0.484268
      0.484266
      0.484268
      0.484266
      0.484268
      0.484266
      0.484268
      0.484266
      0.484268
      0.484266
      0.484268
      0.484266
      0.484268
      0.484266
      0.484268
      0.484266
      0.484268
      0.484266
      0.484268
      0.484266
      0.484268
      0.484266
      0.484268
      0.424203
      0.424196
      0.424203
      0.424196
      0.424203
      0.424196
      0.424203
      0.424196
      0.424203
      0.424196
      0.424203
      0.424196
      0.424203
      0.424196
      0.424203
      0.424196
      0.424203
      0.424196
      0.424203
      0.424196
      0.424203
      0.424196
      0.424203
      0.424196
      0.424203
      0.424196
      0.424203
      0.424196
      0.424203
      0.424196
      0.424203
      0.424196
      0.424203
      0.424196
      0.424203
      0.424196
      0.424203
      0.424196
      0.424203
      0.424196
      0.424203
      0.424196
      0.424203
      0.424196
      0.424203
      0.424196
      0.424203
      0.424196
      0.424203
      0.424196
      0.424203
      0.424196
      0.424203
      0.424196
      0.424203
      0.424196
      0.424203
      0.424196
      0.424203
      0.368754
      0.368752
      0.368754
      0.368752
      0.368754
      0.368752
      0.368754
      0.368752
      0.368754
      0.368752
      0.368754
      0.368752
      0.368754
      0.368752
      0.368754
      0.368752
      0.368754
      0.368752
      0.368754
      0.368752
      0.368754
      0.368752
      0.368754
      0.368752
      0.368754
      0.368752
      0.368754
      0.368752
      0.368754
      0.368752
      0.368754
      0.368752
      0.368754
      0.368752
      0.368754
      0.368752
      0.368754
      0.368752
      0.368754
      0.368752
      0.368754
      0.368752
      0.368754
      0.368752
      0.368754
      0.368752
      0.368754
      0.368752
      0.368754
      0.368752
      0.368754
      0.368752
      0.368754
      0.368752
      0.368754
      0.368752
      0.368754
      0.368752
      0.368754
      0.318096
       0.31809
      0.318096
       0.31809
      0.318096
       0.31809
      0.318096
       0.31809
      0.318096
       0.31809
      0.318096
       0.31809
      0.318096
       0.31809
      0.318096
       0.31809
      0.318096
       0.31809
      0.318096
       0.31809
      0.318096
       0.31809
      0.318096
       0.31809
      0.318095
       0.31809
      0.318095
       0.31809
      0.318095
       0.31809
      0.318095
       0.31809
      0.318095
       0.31809
      0.318095
       0.31809
      0.318096
       0.31809
      0.318096
       0.31809
      0.318096
       0.31809
      0.318096
       0.31809
      0.318096
       0.31809
      0.318096
       0.31809
      0.318096
       0.31809
      0.318096
       0.31809
      0.318096
       0.31809
      0.318096
       0.31809
      0.318096
       0.31809
      0.318096
      0.272247
      0.272245
      0.272247
      0.272245
      0.272247
      0.272245
      0.272247
      0.272245
      0.272247
      0.272245
      0.272247
      0.272245
      0.272247
      0.272245
      0.272247
      0.272245
      0.272247
      0.272245
      0.272247
      0.272245
      0.272247
      0.272245
      0.272247
      0.272245
      0.272247
      0.272245
      0.272247
      0.272245
      0.272247
      0.272245
      0.272247
      0.272245
      0.272247
      0.272245
      0.272247
      0.272245
      0.272247
      0.272245
      0.272247
      0.272245
      0.272247
      0.272245
      0.272247
      0.272245
      0.272247
      0.272245
      0.272247
      0.272245
      0.272247
      0.272245
      0.272247
      0.272245
      0.272247
      0.272245
      0.272247
      0.272245
      0.272247
      0.272245
      0.272247
      0.231179
      0.231175
      0.231179
      0.231175
      0.231179
      0.231175
      0.231179
      0.231175
      0.231179
      0.231175
      0.231179
      0.231175
      0.231179
      0.231175
      0.231179
      0.231175
      0.231179
      0.231175
      0.231179
      0.231175
      0.231179
      0.231175
      0.231179
      0.231175
      0.231179
      0.231175
      0.231179
      0.231175
      0.231179
      0.231175
      0.231179
      0.231175
      0.231179
      0.231175
      0.231179
      0.231175
      0.231179
      0.231175
      0.231179
      0.231175
      0.231179
      0.231175
      0.231179
      0.231175
      0.231179
      0.231175
      0.231179
      0.231175
      0.231179
      0.231175
      0.231179
      0.231175
      0.231179
      0.231175
      0.231179
      0.231175
      0.231179
      0.231175
      0.231179
      0.194738
      0.194737
      0.194738
      0.194737
      0.194738
      0.194737
      0.194738
      0.194737
      0.194738
      0.194737
      0.194738
      0.194737
      0.194738
      0.194737
      0.194738
      0.194737
      0.194738
      0.194737
      0.194738
      0.194737
      0.194738
      0.194737
      0.194738
      0.194737
      0.194738
      0.194737
      0.194738
      0.194737
      0.194738
      0.194737
      0.194738
      0.194737
      0.194738
      0.194737
      0.194738
      0.194737
      0.194738
      0.194737
      0.194738
      0.194737
      0.194738
      0.194737
      0.194738
      0.194737
      0.194738
      0.194737
      0.194738
      0.194737
      0.194738
      0.194737
      0.194738
      0.194737
      0.194738
      0.194737
      0.194738
      0.194737
      0.194738
      0.194737
      0.194738
      0.162732
       0.16273
      0.162732
       0.16273
      0.162732
       0.16273
      0.162732
       0.16273
      0.162732
       0.16273
      0.162732
       0.16273
      0.162732
       0.16273
      0.162732
       0.16273
      0.162732
       0.16273
      0.162732
       0.16273
      0.162732
       0.16273
      0.162732
       0.16273
      0.162732
       0.16273
      0.162732
       0.16273
      0.162732
       0.16273
      0.162732
       0.16273
      0.162732
       0.16273
      0.162732
       0.16273
      0.162732
       0.16273
      0.162732
       0.16273
      0.162732
       0.16273
      0.162732
       0.16273
      0.162732
       0.16273
      0.162732
       0.16273
      0.162732
       0.16273
      0.162732
       0.16273
      0.162732
       0.16273
      0.162732
       0.16273
      0.162732
       0.16273
      0.162732
      0.134888
      0.134887
      0.134888
      0.134887
      0.134888
      0.134887
      0.134888
      0.134887
      0.134888
      0.134887
      0.134888
      0.134887
      0.134888
      0.134887
      0.134888
      0.134887
      0.134888
      0.134887
      0.134888
      0.134887
      0.134888
      0.134887
      0.134888
      0.134887
      0.134888
      0.134887
      0.134888
      0.134887
      0.134888
      0.134887
      0.134888
      0.134887
      0.134888
      0.134887
      0.134888
      0.134887
      0.134888
      0.134887
      0.134888
      0.134887
      0.134888
      0.134887
      0.134888
      0.134887
      0.134888
      0.134887
      0.134888
      0.134887
      0.134888
      0.134887
      0.134888
      0.134887
      0.134888
      0.134887
      0.134888
      0.134887
      0.134888
      0.134887
      0.134888
      0.110907
      0.110907
      0.110907
      0.110907
      0.110907
      0.110907
      0.110907
      0.110907
      0.110907
      0.110907
      0.110907
      0.110907
      0.110907
      0.110907
      0.110907
      0.110907
      0.110907
      0.110907
      0.110907
      0.110907
      0.110907
      0.110907
      0.110907
      0.110907
      0.110907
      0.110907
      0.110907
      0.110907
      0.110907
      0.110907
      0.110907
      0.110907
      0.110907
      0.110907
      0.110907
      0.110907
      0.110907
      0.110907
      0.110907
      0.110907
      0.110907
      0.110907
      0.110907
      0.110907
      0.110907
      0.110907
      0.110907
      0.110907
      0.110907
      0.110907
      0.110907
      0.110907
      0.110907
      0.110907
      0.110907
      0.110907
      0.110907
      0.110907
      0.110907
     0.0904544
     0.0904543
     0.0904544
     0.0904543
     0.0904544
     0.0904543
     0.0904544
     0.0904543
     0.0904544
     0.0904543
     0.0904544
     0.0904543
     0.0904544
     0.0904543
     0.0904544
     0.0904543
     0.0904544
     0.0904543
     0.0904544
     0.0904543
     0.0904543
     0.0904543
     0.0904543
     0.0904543
     0.0904543
     0.0904543
     0.0904543
     0.0904542
     0.0904543
     0.0904542
     0.0904543
     0.0904542
     0.0904543
     0.0904543
     0.0904543
     0.0904543
     0.0904543
     0.0904543
     0.0904543
     0.0904543
     0.0904544
     0.0904543
     0.0904544
     0.0904543
     0.0904544
     0.0904543
     0.0904544
     0.0904543
     0.0904544
     0.0904543
     0.0904544
     0.0904543
     0.0904544
     0.0904543
     0.0904544
     0.0904543
     0.0904544
     0.0904543
     0.0904544
     0.0731841
     0.0731847
     0.0731841
     0.0731847
     0.0731841
     0.0731847
     0.0731841
     0.0731847
     0.0731841
     0.0731847
     0.0731841
     0.0731847
     0.0731841
     0.0731847
     0.0731841
     0.0731847
     0.0731841
     0.0731847
     0.0731841
     0.0731846
     0.0731841
     0.0731846
     0.0731841
     0.0731846
      0.073184
     0.0731846
      0.073184
     0.0731845
      0.073184
     0.0731845
      0.073184
     0.0731845
      0.073184
     0.0731846
      0.073184
     0.0731846
     0.0731841
     0.0731846
     0.0731841
     0.0731846
     0.0731841
     0.0731847
     0.0731841
     0.0731847
     0.0731841
     0.0731847
     0.0731841
     0.0731847
     0.0731841
     0.0731847
     0.0731841
     0.0731847
     0.0731841
     0.0731847
     0.0731841
     0.0731847
     0.0731841
     0.0731847
     0.0731841
     0.0587497
       0.05875
     0.0587497
       0.05875
     0.0587497
       0.05875
     0.0587497
       0.05875
     0.0587497
       0.05875
     0.0587497
       0.05875
     0.0587497
       0.05875
     0.0587497
       0.05875
     0.0587497
       0.05875
     0.0587497
       0.05875
     0.0587496
       0.05875
     0.0587496
     0.0587499
     0.0587496
     0.0587499
     0.0587495
     0.0587498
     0.0587495
     0.0587498
     0.0587495
     0.0587498
     0.0587495
     0.0587499
     0.0587496
     0.0587499
     0.0587496
       0.05875
     0.0587496
       0.05875
     0.0587497
       0.05875
     0.0587497
       0.05875
     0.0587497
       0.05875
     0.0587497
       0.05875
     0.0587497
       0.05875
     0.0587497
       0.05875
     0.0587497
       0.05875
     0.0587497
       0.05875
     0.0587497
       0.05875
     0.0587497
     0.0468085
       0.04681
     0.0468085
       0.04681
     0.0468085
       0.04681
     0.0468085
       0.04681
     0.0468085
       0.04681
     0.0468085
       0.04681
     0.0468085
       0.04681
     0.0468085
       0.04681
     0.0468085
       0.04681
     0.0468084
     0.0468099
     0.0468084
     0.0468099
     0.0468084
     0.0468098
     0.0468083
     0.0468097
     0.0468082
     0.0468097
     0.0468081
     0.0468096
     0.0468081
     0.0468097
     0.0468082
     0.0468097
     0.0468083
     0.0468098
     0.0468084
     0.0468099
     0.0468084
     0.0468099
     0.0468084
       0.04681
     0.0468085
       0.04681
     0.0468085
       0.04681
     0.0468085
       0.04681
     0.0468085
       0.04681
     0.0468085
       0.04681
     0.0468085
       0.04681
     0.0468085
       0.04681
     0.0468085
       0.04681
     0.0468085
     0.0370437
     0.0370443
     0.0370437
     0.0370443
     0.0370437
     0.0370443
     0.0370437
     0.0370443
     0.0370437
     0.0370442
     0.0370437
     0.0370442
     0.0370436
     0.0370442
     0.0370436
     0.0370442
     0.0370436
     0.0370442
     0.0370436
     0.0370442
     0.0370436
     0.0370441
     0.0370435
      0.037044
     0.0370434
     0.0370439
     0.0370432
     0.0370437
     0.0370431
     0.0370437
     0.0370431
     0.0370437
     0.0370432
     0.0370439
     0.0370434
      0.037044
     0.0370435
     0.0370441
     0.0370436
     0.0370442
     0.0370436
     0.0370442
     0.0370436
     0.0370442
     0.0370436
     0.0370442
     0.0370436
     0.0370442
     0.0370437
     0.0370442
     0.0370437
     0.0370443
     0.0370437
     0.0370443
     0.0370437
     0.0370443
     0.0370437
     0.0370443
     0.0370437
     0.0291505
     0.0291526
     0.0291505
     0.0291526
     0.0291505
     0.0291526
     0.0291505
     0.0291526
     0.0291505
     0.0291526
     0.0291505
     0.0291526
     0.0291505
     0.0291526
     0.0291505
     0.0291525
     0.0291505
     0.0291525
     0.0291505
     0.0291525
     0.0291504
     0.0291524
     0.0291503
     0.0291522
     0.0291501
      0.029152
     0.0291499
     0.0291518
     0.0291497
     0.0291517
     0.0291497
     0.0291518
     0.0291499
      0.029152
     0.0291501
     0.0291522
     0.0291503
     0.0291524
     0.0291504
     0.0291525
     0.0291505
     0.0291525
     0.0291505
     0.0291525
     0.0291505
     0.0291526
     0.0291505
     0.0291526
     0.0291505
     0.0291526
     0.0291505
     0.0291526
     0.0291505
     0.0291526
     0.0291505
     0.0291526
     0.0291505
     0.0291526
     0.0291505
     0.0228679
     0.0228687
     0.0228679
     0.0228687
     0.0228679
     0.0228687
     0.0228679
     0.0228687
     0.0228679
     0.0228687
     0.0228679
     0.0228687
     0.0228679
     0.0228687
     0.0228679
     0.0228686
     0.0228679
     0.0228686
     0.0228679
     0.0228686
     0.0228678
     0.0228684
     0.0228676
     0.0228682
     0.0228673
     0.0228679
      0.022867
     0.0228675
     0.0228666
     0.0228673
     0.0228666
     0.0228675
      0.022867
     0.0228679
     0.0228673
     0.0228682
     0.0228676
     0.0228684
     0.0228678
     0.0228686
     0.0228679
     0.0228686
     0.0228679
     0.0228686
     0.0228679
     0.0228687
     0.0228679
     0.0228687
     0.0228679
     0.0228687
     0.0228679
     0.0228687
     0.0228679
     0.0228687
     0.0228679
     0.0228687
     0.0228679
     0.0228687
     0.0228679
     0.0179512
     0.0179535
     0.0179512
     0.0179535
     0.0179512
     0.0179535
     0.0179512
     0.0179535
     0.0179512
     0.0179535
     0.0179512
     0.0179535
     0.0179512
     0.0179534
     0.0179512
     0.0179534
     0.0179512
     0.0179534
     0.0179511
     0.0179533
      0.017951
     0.0179532
     0.0179508
     0.0179528
     0.0179503
     0.0179523
     0.0179497
     0.0179517
     0.0179492
     0.0179513
     0.0179492
     0.0179517
     0.0179497
     0.0179523
     0.0179503
     0.0179528
     0.0179508
     0.0179532
      0.017951
     0.0179533
     0.0179511
     0.0179534
     0.0179512
     0.0179534
     0.0179512
     0.0179534
     0.0179512
     0.0179535
     0.0179512
     0.0179535
     0.0179512
     0.0179535
     0.0179512
     0.0179535
     0.0179512
     0.0179535
     0.0179512
     0.0179535
     0.0179512
     0.0142078
     0.0142086
     0.0142078
     0.0142086
     0.0142078
     0.0142086
     0.0142078
     0.0142086
     0.0142078
     0.0142086
     0.0142078
     0.0142085
     0.0142078
     0.0142085
     0.0142078
     0.0142085
     0.0142077
     0.0142085
     0.0142077
     0.0142084
     0.0142075
     0.0142082
     0.0142072
     0.0142078
     0.0142067
      0.014207
     0.0142057
     0.0142058
     0.0142046
     0.0142052
     0.0142046
     0.0142058
     0.0142057
      0.014207
     0.0142067
     0.0142078
     0.0142072
     0.0142082
     0.0142075
     0.0142084
     0.0142077
     0.0142085
     0.0142077
     0.0142085
     0.0142078
     0.0142085
     0.0142078
     0.0142085
     0.0142078
     0.0142086
     0.0142078
     0.0142086
     0.0142078
     0.0142086
     0.0142078
     0.0142086
     0.0142078
     0.0142086
     0.0142078
     0.0114634
     0.0114657
     0.0114634
     0.0114657
     0.0114634
     0.0114657
     0.0114634
     0.0114657
     0.0114634
     0.0114657
     0.0114634
     0.0114657
     0.0114634
     0.0114657
     0.0114634
     0.0114657
     0.0114633
     0.0114656
     0.0114633
     0.0114655
     0.0114631
     0.0114652
     0.0114627
     0.0114647
     0.0114619
     0.0114636
     0.0114603
     0.0114617
     0.0114584
     0.0114602
     0.0114584
     0.0114617
     0.0114603
     0.0114636
     0.0114619
     0.0114647
     0.0114627
     0.0114652
     0.0114631
     0.0114655
     0.0114633
     0.0114656
     0.0114633
     0.0114657
     0.0114634
     0.0114657
     0.0114634
     0.0114657
     0.0114634
     0.0114657
     0.0114634
     0.0114657
     0.0114634
     0.0114657
     0.0114634
     0.0114657
     0.0114634
     0.0114657
     0.0114634
    0.00959867
    0.00959944
    0.00959867
    0.00959944
    0.00959867
    0.00959944
    0.00959867
    0.00959944
    0.00959867
    0.00959943
    0.00959867
    0.00959943
    0.00959866
    0.00959942
    0.00959865
     0.0095994
    0.00959862
    0.00959935
    0.00959854
    0.00959923
    0.00959835
    0.00959893
     0.0095979
    0.00959826
    0.00959688
    0.00959673
    0.00959464
    0.00959357
    0.00959065
    0.00959032
    0.00959065
    0.00959357
    0.00959464
    0.00959673
    0.00959688
    0.00959826
     0.0095979
    0.00959893
    0.00959835
    0.00959923
    0.00959854
    0.00959935
    0.00959862
     0.0095994
    0.00959865
    0.00959942
    0.00959866
    0.00959943
    0.00959867
    0.00959943
    0.00959867
    0.00959944
    0.00959867
    0.00959944
    0.00959867
    0.00959944
    0.00959867
    0.00959944
    0.00959867
    0.00851278
    0.00851507
    0.00851278
    0.00851507
    0.00851278
    0.00851507
    0.00851278
    0.00851507
    0.00851278
    0.00851507
    0.00851278
    0.00851506
    0.00851277
    0.00851505
    0.00851276
    0.00851503
    0.00851272
    0.00851498
    0.00851264
    0.00851484
    0.00851243
    0.00851452
    0.00851193
    0.00851375
    0.00851075
    0.00851188
    0.00850779
    0.00850705
    0.00849981
    0.00849915
    0.00849981
    0.00850705
    0.00850779
    0.00851188
    0.00851075
    0.00851375
    0.00851193
    0.00851452
    0.00851243
    0.00851484
    0.00851264
    0.00851498
    0.00851272
    0.00851503
    0.00851276
    0.00851505
    0.00851277
    0.00851506
    0.00851278
    0.00851507
    0.00851278
    0.00851507
    0.00851278
    0.00851507
    0.00851278
    0.00851507
    0.00851278
    0.00851507
    0.00851278
    0.00815996
    0.00816072
    0.00815996
    0.00816072
    0.00815996
    0.00816072
    0.00815996
    0.00816072
    0.00815996
    0.00816072
    0.00815996
    0.00816072
    0.00815995
    0.00816071
    0.00815994
    0.00816068
     0.0081599
    0.00816063
    0.00815981
    0.00816049
     0.0081596
    0.00816016
    0.00815908
    0.00815935
    0.00815782
    0.00815732
    0.00815449
     0.0081516
    0.00814404
    0.00813051
    0.00814404
     0.0081516
    0.00815449
    0.00815732
    0.00815782
    0.00815935
    0.00815908
    0.00816016
     0.0081596
    0.00816049
    0.00815981
    0.00816063
     0.0081599
    0.00816068
    0.00815994
    0.00816071
    0.00815995
    0.00816072
    0.00815996
    0.00816072
    0.00815996
    0.00816072
    0.00815996
    0.00816072
    0.00815996
    0.00816072
    0.00815996
    0.00816072
    0.00815996
    0.00851278
    0.00851507
    0.00851278
    0.00851507
    0.00851278
    0.00851507
    0.00851278
    0.00851507
    0.00851278
    0.00851507
    0.00851278
    0.00851506
    0.00851277
    0.00851505
    0.00851276
    0.00851503
    0.00851272
    0.00851498
    0.00851264
    0.00851484
    0.00851243
    0.00851452
    0.00851193
    0.00851375
    0.00851075
    0.00851188
    0.00850779
    0.00850705
    0.00849981
    0.00849915
    0.00849981
    0.00850705
    0.00850779
    0.00851188
    0.00851075
    0.00851375
    0.00851193
    0.00851452
    0.00851243
    0.00851484
    0.00851264
    0.00851498
    0.00851272
    0.00851503
    0.00851276
    0.00851505
    0.00851277
    0.00851506
    0.00851278
    0.00851507
    0.00851278
    0.00851507
    0.00851278
    0.00851507
    0.00851278
    0.00851507
    0.00851278
    0.00851507
    0.00851278
    0.00959867
    0.00959944
    0.00959867
    0.00959944
    0.00959867
    0.00959944
    0.00959867
    0.00959944
    0.00959867
    0.00959943
    0.00959867
    0.00959943
    0.00959866
    0.00959942
    0.00959865
     0.0095994
    0.00959862
    0.00959935
    0.00959854
    0.00959923
    0.00959835
    0.00959893
     0.0095979
    0.00959826
    0.00959688
    0.00959673
    0.00959464
    0.00959357
    0.00959065
    0.00959032
    0.00959065
    0.00959357
    0.00959464
    0.00959673
    0.00959688
    0.00959826
     0.0095979
    0.00959893
    0.00959835
    0.00959923
    0.00959854
    0.00959935
    0.00959862
     0.0095994
    0.00959865
    0.00959942
    0.00959866
    0.00959943
    0.00959867
    0.00959943
    0.00959867
    0.00959944
    0.00959867
    0.00959944
    0.00959867
    0.00959944
    0.00959867
    0.00959944
    0.00959867
     0.0114634
     0.0114657
     0.0114634
     0.0114657
     0.0114634
     0.0114657
     0.0114634
     0.0114657
     0.0114634
     0.0114657
     0.0114634
     0.0114657
     0.0114634
     0.0114657
     0.0114634
     0.0114657
     0.0114633
     0.0114656
     0.0114633
     0.0114655
     0.0114631
     0.0114652
     0.0114627
     0.0114647
     0.0114619
     0.0114636
     0.0114603
     0.0114617
     0.0114584
     0.0114602
     0.0114584
     0.0114617
     0.0114603
     0.0114636
     0.0114619
     0.0114647
     0.0114627
     0.0114652
     0.0114631
     0.0114655
     0.0114633
     0.0114656
     0.0114633
     0.0114657
     0.0114634
     0.0114657
     0.0114634
     0.0114657
     0.0114634
     0.0114657
     0.0114634
     0.0114657
     0.0114634
     0.0114657
     0.0114634
     0.0114657
     0.0114634
     0.0114657
     0.0114634
     0.0142078
     0.0142086
     0.0142078
     0.0142086
     0.0142078
     0.0142086
     0.0142078
     0.0142086
     0.0142078
     0.0142086
     0.0142078
     0.0142085
     0.0142078
     0.0142085
     0.0142078
     0.0142085
     0.0142077
     0.0142085
     0.0142077
     0.0142084
     0.0142075
     0.0142082
     0.0142072
     0.0142078
     0.0142067
      0.014207
     0.0142057
     0.0142058
     0.0142046
     0.0142052
     0.0142046
     0.0142058
     0.0142057
      0.014207
     0.0142067
     0.0142078
     0.0142072
     0.0142082
     0.0142075
     0.0142084
     0.0142077
     0.0142085
     0.0142077
     0.0142085
     0.0142078
     0.0142085
     0.0142078
     0.0142085
     0.0142078
     0.0142086
     0.0142078
     0.0142086
     0.0142078
     0.0142086
     0.0142078
     0.0142086
     0.0142078
     0.0142086
     0.0142078
     0.0179512
     0.0179535
     0.0179512
     0.0179535
     0.0179512
     0.0179535
     0.0179512
     0.0179535
     0.0179512
     0.0179535
     0.0179512
     0.0179535
     0.0179512
     0.0179534
     0.0179512
     0.0179534
     0.0179512
     0.0179534
     0.0179511
     0.0179533
      0.017951
     0.0179532
     0.0179508
     0.0179528
     0.0179503
     0.0179523
     0.0179497
     0.0179517
     0.0179492
     0.0179513
     0.0179492
     0.0179517
     0.0179497
     0.0179523
     0.0179503
     0.0179528
     0.0179508
     0.0179532
      0.017951
     0.0179533
     0.0179511
     0.0179534
     0.0179512
     0.0179534
     0.0179512
     0.0179534
     0.0179512
     0.0179535
     0.0179512
     0.0179535
     0.0179512
     0.0179535
     0.0179512
     0.0179535
     0.0179512
     0.0179535
     0.0179512
     0.0179535
     0.0179512
     0.0228679
     0.0228687
     0.0228679
     0.0228687
     0.0228679
     0.0228687
     0.0228679
     0.0228687
     0.0228679
     0.0228687
     0.0228679
     0.0228687
     0.0228679
     0.0228687
     0.0228679
     0.0228686
     0.0228679
     0.0228686
     0.0228679
     0.0228686
     0.0228678
     0.0228684
     0.0228676
     0.0228682
     0.0228673
     0.0228679
      0.022867
     0.0228675
     0.0228666
     0.0228673
     0.0228666
     0.0228675
      0.022867
     0.0228679
     0.0228673
     0.0228682
     0.0228676
     0.0228684
     0.0228678
     0.0228686
     0.0228679
     0.0228686
     0.0228679
     0.0228686
     0.0228679
     0.0228687
     0.0228679
     0.0228687
     0.0228679
     0.0228687
     0.0228679
     0.0228687
     0.0228679
     0.0228687
     0.0228679
     0.0228687
     0.0228679
     0.0228687
     0.0228679
     0.0291505
     0.0291526
     0.0291505
     0.0291526
     0.0291505
     0.0291526
     0.0291505
     0.0291526
     0.0291505
     0.0291526
     0.0291505
     0.0291526
     0.0291505
     0.0291526
     0.0291505
     0.0291525
     0.0291505
     0.0291525
     0.0291505
     0.0291525
     0.0291504
     0.0291524
     0.0291503
     0.0291522
     0.0291501
      0.029152
     0.0291499
     0.0291518
     0.0291497
     0.0291517
     0.0291497
     0.0291518
     0.0291499
      0.029152
     0.0291501
     0.0291522
     0.0291503
     0.0291524
     0.0291504
     0.0291525
     0.0291505
     0.0291525
     0.0291505
     0.0291525
     0.0291505
     0.0291526
     0.0291505
     0.0291526
     0.0291505
     0.0291526
     0.0291505
     0.0291526
     0.0291505
     0.0291526
     0.0291505
     0.0291526
     0.0291505
     0.0291526
     0.0291505
     0.0370437
     0.0370443
     0.0370437
     0.0370443
     0.0370437
     0.0370443
     0.0370437
     0.0370443
     0.0370437
     0.0370442
     0.0370437
     0.0370442
     0.0370436
     0.0370442
     0.0370436
     0.0370442
     0.0370436
     0.0370442
     0.0370436
     0.0370442
     0.0370436
     0.0370441
     0.0370435
      0.037044
     0.0370434
     0.0370439
     0.0370432
     0.0370437
     0.0370431
     0.0370437
     0.0370431
     0.0370437
     0.0370432
     0.0370439
     0.0370434
      0.037044
     0.0370435
     0.0370441
     0.0370436
     0.0370442
     0.0370436
     0.0370442
     0.0370436
     0.0370442
     0.0370436
     0.0370442
     0.0370436
     0.0370442
     0.0370437
     0.0370442
     0.0370437
     0.0370443
     0.0370437
     0.0370443
     0.0370437
     0.0370443
     0.0370437
     0.0370443
     0.0370437
     0.0468085
       0.04681
     0.0468085
       0.04681
     0.0468085
       0.04681
     0.0468085
       0.04681
     0.0468085
       0.04681
     0.0468085
       0.04681
     0.0468085
       0.04681
     0.0468085
       0.04681
     0.0468085
       0.04681
     0.0468084
     0.0468099
     0.0468084
     0.0468099
     0.0468084
     0.0468098
     0.0468083
     0.0468097
     0.0468082
     0.0468097
     0.0468081
     0.0468096
     0.0468081
     0.0468097
     0.0468082
     0.0468097
     0.0468083
     0.0468098
     0.0468084
     0.0468099
     0.0468084
     0.0468099
     0.0468084
       0.04681
     0.0468085
       0.04681
     0.0468085
       0.04681
     0.0468085
       0.04681
     0.0468085
       0.04681
     0.0468085
       0.04681
     0.0468085
       0.04681
     0.0468085
       0.04681
     0.0468085
       0.04681
     0.0468085
     0.0587497
       0.05875
     0.0587497
       0.05875
     0.0587497
       0.05875
     0.0587497
       0.05875
     0.0587497
       0.05875
     0.0587497
       0.05875
     0.0587497
       0.05875
     0.0587497
       0.05875
     0.0587497
       0.05875
     0.0587497
       0.05875
     0.0587496
       0.05875
     0.0587496
     0.0587499
     0.0587496
     0.0587499
     0.0587495
     0.0587498
     0.0587495
     0.0587498
     0.0587495
     0.0587498
     0.0587495
     0.0587499
     0.0587496
     0.0587499
     0.0587496
       0.05875
     0.0587496
       0.05875
     0.0587497
       0.05875
     0.0587497
       0.05875
     0.0587497
       0.05875
     0.0587497
       0.05875
     0.0587497
       0.05875
     0.0587497
       0.05875
     0.0587497
       0.05875
     0.0587497
       0.05875
     0.0587497
       0.05875
     0.0587497
     0.0731841
     0.0731847
     0.0731841
     0.0731847
     0.0731841
     0.0731847
     0.0731841
     0.0731847
     0.0731841
     0.0731847
     0.0731841
     0.0731847
     0.0731841
     0.0731847
     0.0731841
     0.0731847
     0.0731841
     0.0731847
     0.0731841
     0.0731846
     0.0731841
     0.0731846
     0.0731841
     0.0731846
      0.073184
     0.0731846
      0.073184
     0.0731845
      0.073184
     0.0731845
      0.073184
     0.0731845
      0.073184
     0.0731846
      0.073184
     0.0731846
     0.0731841
     0.0731846
     0.0731841
     0.0731846
     0.0731841
     0.0731847
     0.0731841
     0.0731847
     0.0731841
     0.0731847
     0.0731841
     0.0731847
     0.0731841
     0.0731847
     0.0731841
     0.0731847
     0.0731841
     0.0731847
     0.0731841
     0.0731847
     0.0731841
     0.0731847
     0.0731841
     0.0904544
     0.0904543
     0.0904544
     0.0904543
     0.0904544
     0.0904543
     0.0904544
     0.0904543
     0.0904544
     0.0904543
     0.0904544
     0.0904543
     0.0904544
     0.0904543
     0.0904544
     0.0904543
     0.0904544
     0.0904543
     0.0904544
     0.0904543
     0.0904543
     0.0904543
     0.0904543
     0.0904543
     0.0904543
     0.0904543
     0.0904543
     0.0904542
     0.0904543
     0.0904542
     0.0904543
     0.0904542
     0.0904543
     0.0904543
     0.0904543
     0.0904543
     0.0904543
     0.0904543
     0.0904543
     0.0904543
     0.0904544
     0.0904543
     0.0904544
     0.0904543
     0.0904544
     0.0904543
     0.0904544
     0.0904543
     0.0904544
     0.0904543
     0.0904544
     0.0904543
     0.0904544
     0.0904543
     0.0904544
     0.0904543
     0.0904544
     0.0904543
     0.0904544
      0.110907
      0.110907
      0.110907
      0.110907
      0.110907
      0.110907
      0.110907
      0.110907
      0.110907
      0.110907
      0.110907
      0.110907
      0.110907
      0.110907
      0.110907
      0.110907
      0.110907
      0.110907
      0.110907
      0.110907
      0.110907
      0.110907
      0.110907
      0.110907
      0.110907
      0.110907
      0.110907
      0.110907
      0.110907
      0.110907
      0.110907
      0.110907
      0.110907
      0.110907
      0.110907
      0.110907
      0.110907
      0.110907
      0.110907
      0.110907
      0.110907
      0.110907
      0.110907
      0.110907
      0.110907
      0.110907
      0.110907
      0.110907
      0.110907
      0.110907
      0.110907
      0.110907
      0.110907
      0.110907
      0.110907
      0.110907
      0.110907
      0.110907
      0.110907
      0.134888
      0.134887
      0.134888
      0.134887
      0.134888
      0.134887
      0.134888
      0.134887
      0.134888
      0.134887
      0.134888
      0.134887
      0.134888
      0.134887
      0.134888
      0.134887
      0.134888
      0.134887
      0.134888
      0.134887
      0.134888
      0.134887
      0.134888
      0.134887
      0.134888
      0.134887
      0.134888
      0.134887
      0.134888
      0.134887
      0.134888
      0.134887
      0.134888
      0.134887
      0.134888
      0.134887
      0.134888
      0.134887
      0.134888
      0.134887
      0.134888
      0.134887
      0.134888
      0.134887
      0.134888
      0.134887
      0.134888
      0.134887
      0.134888
      0.134887
      0.134888
      0.134887
      0.134888
      0.134887
      0.134888
      0.134887
      0.134888
      0.134887
      0.134888
      0.162732
       0.16273
      0.162732
       0.16273
      0.162732
       0.16273
      0.162732
       0.16273
      0.162732
       0.16273
      0.162732
       0.16273
      0.162732
       0.16273
      0.162732
       0.16273
      0.162732
       0.16273
      0.162732
       0.16273
      0.162732
       0.16273
      0.162732
       0.16273
      0.162732
       0.16273
      0.162732
       0.16273
      0.162732
       0.16273
      0.162732
       0.16273
      0.162732
       0.16273
      0.162732
       0.16273
      0.162732
       0.16273
      0.162732
       0.16273
      0.162732
       0.16273
      0.162732
       0.16273
      0.162732
       0.16273
      0.162732
       0.16273
      0.162732
       0.16273
      0.162732
       0.16273
      0.162732
       0.16273
      0.162732
       0.16273
      0.162732
       0.16273
      0.162732
      0.194738
      0.194737
      0.194738
      0.194737
      0.194738
      0.194737
      0.194738
      0.194737
      0.194738
      0.194737
      0.194738
      0.194737
      0.194738
      0.194737
      0.194738
      0.194737
      0.194738
      0.194737
      0.194738
      0.194737
      0.194738
      0.194737
      0.194738
      0.194737
      0.194738
      0.194737
      0.194738
      0.194737
      0.194738
      0.194737
      0.194738
      0.194737
      0.194738
      0.194737
      0.194738
      0.194737
      0.194738
      0.194737
      0.194738
      0.194737
      0.194738
      0.194737
      0.194738
      0.194737
      0.194738
      0.194737
      0.194738
      0.194737
      0.194738
      0.194737
      0.194738
      0.194737
      0.194738
      0.194737
      0.194738
      0.194737
      0.194738
      0.194737
      0.194738
      0.231179
      0.231175
      0.231179
      0.231175
      0.231179
      0.231175
      0.231179
      0.231175
      0.231179
      0.231175
      0.231179
      0.231175
      0.231179
      0.231175
      0.231179
      0.231175
      0.231179
      0.231175
      0.231179
      0.231175
      0.231179
      0.231175
      0.231179
      0.231175
      0.231179
      0.231175
      0.231179
      0.231175
      0.231179
      0.231175
      0.231179
      0.231175
      0.231179
      0.231175
      0.231179
      0.231175
      0.231179
      0.231175
      0.231179
      0.231175
      0.231179
      0.231175
      0.231179
      0.231175
      0.231179
      0.231175
      0.231179
      0.231175
      0.231179
      0.231175
      0.231179
      0.231175
      0.231179
      0.231175
      0.231179
      0.231175
      0.231179
      0.231175
      0.231179
      0.272247
      0.272245
      0.272247
      0.272245
      0.272247
      0.272245
      0.272247
      0.272245
      0.272247
      0.272245
      0.272247
      0.272245
      0.272247
      0.272245
      0.272247
      0.272245
      0.272247
      0.272245
      0.272247
      0.272245
      0.272247
      0.272245
      0.272247
      0.272245
      0.272247
      0.272245
      0.272247
      0.272245
      0.272247
      0.272245
      0.272247
      0.272245
      0.272247
      0.272245
      0.272247
      0.272245
      0.272247
      0.272245
      0.272247
      0.272245
      0.272247
      0.272245
      0.272247
      0.272245
      0.272247
      0.272245
      0.272247
      0.272245
      0.272247
      0.272245
      0.272247
      0.272245
      0.272247
      0.272245
      0.272247
      0.272245
      0.272247
      0.272245
      0.272247
      0.318096
       0.31809
      0.318096
       0.31809
      0.318096
       0.31809
      0.318096
       0.31809
      0.318096
       0.31809
      0.318096
       0.31809
      0.318096
       0.31809
      0.318096
       0.31809
      0.318096
       0.31809
      0.318096
       0.31809
      0.318096
       0.31809
      0.318096
       0.31809
      0.318095
       0.31809
      0.318095
       0.31809
      0.318095
       0.31809
      0.318095
       0.31809
      0.318095
       0.31809
      0.318095
       0.31809
      0.318096
       0.31809
      0.318096
       0.31809
      0.318096
       0.31809
      0.318096
       0.31809
      0.318096
       0.31809
      0.318096
       0.31809
      0.318096
       0.31809
      0.318096
       0.31809
      0.318096
       0.31809
      0.318096
       0.31809
      0.318096
       0.31809
      0.318096
      0.368754
      0.368752
      0.368754
      0.368752
      0.368754
      0.368752
      0.368754
      0.368752
      0.368754
      0.368752
      0.368754
      0.368752
      0.368754
      0.368752
      0.368754
      0.368752
      0.368754
      0.368752
      0.368754
      0.368752
      0.368754
      0.368752
      0.368754
      0.368752
      0.368754
      0.368752
      0.368754
      0.368752
      0.368754
      0.368752
      0.368754
      0.368752
      0.368754
      0.368752
      0.368754
      0.368752
      0.368754
      0.368752
      0.368754
      0.368752
      0.368754
      0.368752
      0.368754
      0.368752
      0.368754
      0.368752
      0.368754
      0.368752
      0.368754
      0.368752
      0.368754
      0.368752
      0.368754
      0.368752
      0.368754
      0.368752
      0.368754
      0.368752
      0.368754
      0.424203
      0.424196
      0.424203
      0.424196
      0.424203
      0.424196
      0.424203
      0.424196
      0.424203
      0.424196
      0.424203
      0.424196
      0.424203
      0.424196
      0.424203
      0.424196
      0.424203
      0.424196
      0.424203
      0.424196
      0.424203
      0.424196
      0.424203
      0.424196
      0.424203
      0.424196
      0.424203
      0.424196
      0.424203
      0.424196
      0.424203
      0.424196
      0.424203
      0.424196
      0.424203
      0.424196
      0.424203
      0.424196
      0.424203
      0.424196
      0.424203
      0.424196
      0.424203
      0.424196
      0.424203
      0.424196
      0.424203
      0.424196
      0.424203
      0.424196
      0.424203
      0.424196
      0.424203
      0.424196
      0.424203
      0.424196
      0.424203
      0.424196
      0.424203
      0.484268
      0.484266
      0.484268
      0.484266
      0.484268
      0.484266
      0.484268
      0.484266
      0.484268
      0.484266
      0.484268
      0.484266
      0.484268
      0.484266
      0.484268
      0.484266
      0.484268
      0.484266
      0.484268
      0.484266
      0.484268
      0.484266
      0.484268
      0.484266
      0.484268
      0.484266
      0.484268
      0.484266
      0.484268
      0.484266
      0.484268
      0.484266
      0.484268
      0.484266
      0.484268
      0.484266
      0.484268
      0.484266
      0.484268
      0.484266
      0.484268
      0.484266
      0.484268
      0.484266
      0.484268
      0.484266
      0.484268
      0.484266
      0.484268
      0.484266
      0.484268
      0.484266
      0.484268
      0.484266
      0.484268
      0.484266
      0.484268
      0.484266
      0.484268
       0.54872
      0.548713
       0.54872
      0.548713
       0.54872
      0.548713
       0.54872
      0.548713
       0.54872
      0.548713
       0.54872
      0.548713
       0.54872
      0.548713
       0.54872
      0.548713
       0.54872
      0.548713
       0.54872
      0.548713
       0.54872
      0.548713
       0.54872
      0.548713
       0.54872
      0.548713
       0.54872
      0.548713
       0.54872
      0.548713
       0.54872
      0.548713
       0.54872
      0.548713
       0.54872
      0.548713
       0.54872
      0.548713
       0.54872
      0.548713
       0.54872
      0.548713
       0.54872
      0.548713
       0.54872
      0.548713
       0.54872
      0.548713
       0.54872
      0.548713
       0.54872
      0.548713
       0.54872
      0.548713
       0.54872
      0.548713
       0.54872
      0.548713
       0.54872
      0.617166
      0.617164
      0.617166
      0.617164
      0.617166
      0.617164
      0.617166
      0.617164
      0.617166
      0.617164
      0.617166
      0.617164
      0.617166
      0.617164
      0.617166
      0.617164
      0.617166
      0.617164
      0.617166
      0.617164
      0.617166
      0.617164
      0.617166
      0.617164
      0.617166
      0.617164
      0.617166
      0.617164
      0.617166
      0.617164
      0.617166
      0.617164
      0.617166
      0.617164
      0.617166
      0.617164
      0.617166
      0.617164
      0.617166
      0.617164
      0.617166
      0.617164
      0.617166
      0.617164
      0.617166
      0.617164
      0.617166
      0.617164
      0.617166
      0.617164
      0.617166
      0.617164
      0.617166
      0.617164
      0.617166
      0.617164
      0.617166
      0.617164
      0.617166
      0.689162
      0.689156
      0.689162
      0.689156
      0.689162
      0.689156
      0.689162
      0.689156
      0.689162
      0.689156
      0.689162
      0.689156
      0.689162
      0.689156
      0.689162
      0.689156
      0.689162
      0.689156
      0.689162
      0.689156
      0.689162
      0.689156
      0.689162
      0.689156
      0.689162
      0.689156
      0.689162
      0.689156
      0.689162
      0.689156
      0.689162
      0.689156
      0.689162
      0.689156
      0.689162
      0.689156
      0.689162
      0.689156
      0.689162
      0.689156
      0.689162
      0.689156
      0.689162
      0.689156
      0.689162
      0.689156
      0.689162
      0.689156
      0.689162
      0.689156
      0.689162
      0.689156
      0.689162
      0.689156
      0.689162
      0.689156
      0.689162
      0.689156
      0.689162
      0.764117
      0.764115
      0.764117
      0.764115
      0.764117
      0.764115
      0.764117
      0.764115
      0.764117
      0.764115
      0.764117
      0.764115
      0.764117
      0.764115
      0.764117
      0.764115
      0.764117
      0.764115
      0.764117
      0.764115
      0.764117
      0.764115
      0.764117
      0.764115
      0.764117
      0.764115
      0.764117
      0.764115
      0.764117
      0.764115
      0.764117
      0.764115
      0.764117
      0.764115
      0.764117
      0.764115
      0.764117
      0.764115
      0.764117
      0.764115
      0.764117
      0.764115
      0.764117
      0.764115
      0.764117
      0.764115
      0.764117
      0.764115
      0.764117
      0.764115
      0.764117
      0.764115
      0.764117
      0.764115
      0.764117
      0.764115
      0.764117
      0.764115
      0.764117
        0.8414
      0.841397
        0.8414
      0.841397
        0.8414
      0.841397
        0.8414
      0.841397
        0.8414
      0.841397
        0.8414
      0.841397
        0.8414
      0.841397
        0.8414
      0.841397
        0.8414
      0.841397
        0.8414
      0.841397
        0.8414
      0.841397
        0.8414
      0.841397
        0.8414
      0.841397
        0.8414
      0.841397
        0.8414
      0.841397
        0.8414
      0.841397
        0.8414
      0.841397
        0.8414
      0.841397
        0.8414
      0.841397
        0.8414
      0.841397
        0.8414
      0.841397
        0.8414
      0.841397
        0.8414
      0.841397
        0.8414
      0.841397
        0.8414
      0.841397
        0.8414
      0.841397
        0.8414
      0.841397
        0.8414
      0.841397
        0.8414
      0.841397
        0.8414
      0.920279
      0.920278
      0.920279
      0.920278
      0.920279
      0.920278
      0.920279
      0.920278
      0.920279
      0.920278
      0.920279
      0.920278
      0.920279
      0.920278
      0.920279
      0.920278
      0.920279
      0.920278
      0.920279
      0.920278
      0.920279
      0.920278
      0.920279
      0.920278
      0.920279
      0.920278
      0.920279
      0.920278
      0.920279
      0.920278
      0.920279
      0.920278
      0.920279
      0.920278
      0.920279
      0.920278
      0.920279
      0.920278
      0.920279
      0.920278
      0.920279
      0.920278
      0.920279
      0.920278
      0.920279
      0.920278
      0.920279
      0.920278
      0.920279
      0.920278
      0.920279
      0.920278
      0.920279
      0.920278
      0.920279
      0.920278
      0.920279
      0.920278
      0.920279
             1
             1
             1
             1
             1
             1
             1
             1
             1
             1
             1
             1
             1
             1
             1
             1
             1
             1
             1
             1
             1
             1
             1
             1
             1
             1
             1
             1
             1
             1
             1
             1
             1
             1
             1
             1
             1
             1
             1
             1
             1
             1
             1
             1
             1
             1
             1
             1
             1
             1
             1
             1
             1
             1
             1
             1
             1
             1
             1
