             1
             1
             1
             1
             1
             1
             1
             1
             1
             1
             1
             1
             1
             1
             1
             1
             1
             1
             1
             1
             1
             1
             1
             1
             1
             1
             1
             1
             1
             1
             1
             1
             1
             1
             1
             1
             1
             1
             1
             1
             1
             1
             1
             1
             1
             1
             1
             1
             1
             1
             1
             1
             1
             1
             1
             1
             1
             1
             1
      0.921886
      0.921886
      0.921886
      0.921886
      0.921886
      0.921886
      0.921886
      0.921886
      0.921886
      0.921886
      0.921886
      0.921886
      0.921886
      0.921886
      0.921886
      0.921886
      0.921886
      0.921886
      0.921886
      0.921886
      0.921886
      0.921886
      0.921886
      0.921886
      0.921886
      0.921886
      0.921886
      0.921886
      0.921886
      0.921886
      0.921886
      0.921886
      0.921886
      0.921886
      0.921886
      0.921886
      0.921886
      0.921886
      0.921886
      0.921886
      0.921886
      0.921886
      0.921886
      0.921886
      0.921886
      0.921886
      0.921886
      0.921886
      0.921886
      0.921886
      0.921886
      0.921886
      0.921886
      0.921886
      0.921886
      0.921886
      0.921886
      0.921886
      0.921886
      0.844567
      0.844564
      0.844567
      0.844564
      0.844567
      0.844564
      0.844567
      0.844564
      0.844567
      0.844564
      0.844567
      0.844564
      0.844567
      0.844564
      0.844567
      0.844564
      0.844567
      0.844564
      0.844567
      0.844564
      0.844567
      0.844564
      0.844567
      0.844564
      0.844567
      0.844564
      0.844567
      0.844564
      0.844567
      0.844564
      0.844567
      0.844564
      0.844567
      0.844564
      0.844567
      0.844564
      0.844567
      0.844564
      0.844567
      0.844564
      0.844567
      0.844564
      0.844567
      0.844564
      0.844567
      0.844564
      0.844567
      0.844564
      0.844567
      0.844564
      0.844567
      0.844564
      0.844567
      0.844564
      0.844567
      0.844564
      0.844567
      0.844564
      0.844567
      0.768752
      0.768751
      0.768752
      0.768751
      0.768752
      0.768751
      0.768752
      0.768751
      0.768752
      0.768751
      0.768752
      0.768751
      0.768752
      0.768751
      0.768752
      0.768751
      0.768752
      0.768751
      0.768752
      0.768751
      0.768752
      0.768751
      0.768752
      0.768751
      0.768752
      0.768751
      0.768752
      0.768751
      0.768752
      0.768751
      0.768752
      0.768751
      0.768752
      0.768751
      0.768752
      0.768751
      0.768752
      0.768751
      0.768752
      0.768751
      0.768752
      0.768751
      0.768752
      0.768751
      0.768752
      0.768751
      0.768752
      0.768751
      0.768752
      0.768751
      0.768752
      0.768751
      0.768752
      0.768751
      0.768752
      0.768751
      0.768752
      0.768751
      0.768752
      0.695132
      0.695127
      0.695132
      0.695127
      0.695132
      0.695127
      0.695132
      0.695127
      0.695132
      0.695127
      0.695132
      0.695127
      0.695132
      0.695127
      0.695132
      0.695127
      0.695132
      0.695127
      0.695132
      0.695127
      0.695132
      0.695127
      0.695132
      0.695127
      0.695132
      0.695127
      0.695132
      0.695127
      0.695132
      0.695127
      0.695132
      0.695127
      0.695132
      0.695127
      0.695132
      0.695127
      0.695132
      0.695127
      0.695132
      0.695127
      0.695132
      0.695127
      0.695132
      0.695127
      0.695132
      0.695127
      0.695132
      0.695127
      0.695132
      0.695127
      0.695132
      0.695127
      0.695132
      0.695127
      0.695132
      0.695127
      0.695132
      0.695127
      0.695132
      0.624306
      0.624304
      0.624306
      0.624304
      0.624306
      0.624304
      0.624306
      0.624304
      0.624306
      0.624304
      0.624306
      0.624304
      0.624306
      0.624304
      0.624306
      0.624304
      0.624306
      0.624304
      0.624306
      0.624304
      0.624306
      0.624304
      0.624306
      0.624304
      0.624306
      0.624304
      0.624306
      0.624304
      0.624306
      0.624304
      0.624306
      0.624304
      0.624306
      0.624304
      0.624306
      0.624304
      0.624306
      0.624304
      0.624306
      0.624304
      0.624306
      0.624304
      0.624306
      0.624304
      0.624306
      0.624304
      0.624306
      0.624304
      0.624306
      0.624304
      0.624306
      0.624304
      0.624306
      0.624304
      0.624306
      0.624304
      0.624306
      0.624304
      0.624306
      0.556835
      0.556829
      0.556835
      0.556829
      0.556835
      0.556829
      0.556835
      0.556829
      0.556835
      0.556829
      0.556835
      0.556829
      0.556835
      0.556829
      0.556835
      0.556829
      0.556835
      0.556829
      0.556835
      0.556829
      0.556835
      0.556829
      0.556835
      0.556829
      0.556835
      0.556829
      0.556835
      0.556829
      0.556835
      0.556829
      0.556835
      0.556829
      0.556835
      0.556829
      0.556835
      0.556829
      0.556835
      0.556829
      0.556835
      0.556829
      0.556835
      0.556829
      0.556835
      0.556829
      0.556835
      0.556829
      0.556835
      0.556829
      0.556835
      0.556829
      0.556835
      0.556829
      0.556835
      0.556829
      0.556835
      0.556829
      0.556835
      0.556829
      0.556835
      0.493149
      0.493147
      0.493149
      0.493147
      0.493149
      0.493147
      0.493149
      0.493147
      0.493149
      0.493147
      0.493149
      0.493147
      0.493149
      0.493147
      0.493149
      0.493147
      0.493149
      0.493147
      0.493149
      0.493147
      0.493149
      0.493147
      0.493149
      0.493147
      0.493149
      0.493147
      0.493149
      0.493147
      0.493149
      0.493147
      0.493149
      0.493147
      0.493149
      0.493147
      0.493149
      0.493147
      0.493149
      0.493147
      0.493149
      0.493147
      0.493149
      0.493147
      0.493149
      0.493147
      0.493149
      0.493147
      0.493149
      0.493147
      0.493149
      0.493147
      0.493149
      0.493147
      0.493149
      0.493147
      0.493149
      0.493147
      0.493149
      0.493147
      0.493149
       0.43363
      0.433623
       0.43363
      0.433623
       0.43363
      0.433623
       0.43363
      0.433623
       0.43363
      0.433623
       0.43363
      0.433623
       0.43363
      0.433623
       0.43363
      0.433623
       0.43363
      0.433623
       0.43363
      0.433623
       0.43363
      0.433623
       0.43363
      0.433623
       0.43363
      0.433623
       0.43363
      0.433623
       0.43363
      0.433623
       0.43363
      0.433623
       0.43363
      0.433623
       0.43363
      0.433623
       0.43363
      0.433623
       0.43363
      0.433623
       0.43363
      0.433623
       0.43363
      0.433623
       0.43363
      0.433623
       0.43363
      0.433623
       0.43363
      0.433623
       0.43363
      0.433623
       0.43363
      0.433623
       0.43363
      0.433623
       0.43363
      0.433623
       0.43363
      0.378509
      0.378507
      0.378509
      0.378507
      0.378509
      0.378507
      0.378509
      0.378507
      0.378509
      0.378507
      0.378509
      0.378507
      0.378509
      0.378507
      0.378509
      0.378507
      0.378509
      0.378507
      0.378509
      0.378507
      0.378509
      0.378507
      0.378509
      0.378507
      0.378509
      0.378507
      0.378509
      0.378507
      0.378509
      0.378507
      0.378509
      0.378507
      0.378509
      0.378507
      0.378509
      0.378507
      0.378509
      0.378507
      0.378509
      0.378507
      0.378509
      0.378507
      0.378509
      0.378507
      0.378509
      0.378507
      0.378509
      0.378507
      0.378509
      0.378507
      0.378509
      0.378507
      0.378509
      0.378507
      0.378509
      0.378507
      0.378509
      0.378507
      0.378509
      0.327967
      0.327962
      0.327967
      0.327962
      0.327967
      0.327962
      0.327967
      0.327962
      0.327967
      0.327962
      0.327967
      0.327962
      0.327967
      0.327962
      0.327967
      0.327962
      0.327967
      0.327962
      0.327967
      0.327962
      0.327967
      0.327962
      0.327967
      0.327962
      0.327967
      0.327962
      0.327967
      0.327962
      0.327967
      0.327962
      0.327967
      0.327962
      0.327967
      0.327962
      0.327967
      0.327962
      0.327967
      0.327962
      0.327967
      0.327962
      0.327967
      0.327962
      0.327967
      0.327962
      0.327967
      0.327962
      0.327967
      0.327962
      0.327967
      0.327962
      0.327967
      0.327962
      0.327967
      0.327962
      0.327967
      0.327962
      0.327967
      0.327962
      0.327967
      0.282042
      0.282041
      0.282042
      0.282041
      0.282042
      0.282041
      0.282042
      0.282041
      0.282042
      0.282041
      0.282042
      0.282041
      0.282042
      0.282041
      0.282042
      0.282041
      0.282042
      0.282041
      0.282042
      0.282041
      0.282042
      0.282041
      0.282042
      0.282041
      0.282042
      0.282041
      0.282042
      0.282041
      0.282042
      0.282041
      0.282042
      0.282041
      0.282042
      0.282041
      0.282042
      0.282041
      0.282042
      0.282041
      0.282042
      0.282041
      0.282042
      0.282041
      0.282042
      0.282041
      0.282042
      0.282041
      0.282042
      0.282041
      0.282042
      0.282041
      0.282042
      0.282041
      0.282042
      0.282041
      0.282042
      0.282041
      0.282042
      0.282041
      0.282042
      0.240725
      0.240721
      0.240725
      0.240721
      0.240725
      0.240721
      0.240725
      0.240721
      0.240725
      0.240721
      0.240725
      0.240721
      0.240725
      0.240721
      0.240725
      0.240721
      0.240725
      0.240721
      0.240725
      0.240721
      0.240725
      0.240721
      0.240725
      0.240721
      0.240725
      0.240721
      0.240725
      0.240721
      0.240725
      0.240721
      0.240725
      0.240721
      0.240725
      0.240721
      0.240725
      0.240721
      0.240725
      0.240721
      0.240725
      0.240721
      0.240725
      0.240721
      0.240725
      0.240721
      0.240725
      0.240721
      0.240725
      0.240721
      0.240725
      0.240721
      0.240725
      0.240721
      0.240725
      0.240721
      0.240725
      0.240721
      0.240725
      0.240721
      0.240725
      0.203888
      0.203887
      0.203888
      0.203887
      0.203888
      0.203887
      0.203888
      0.203887
      0.203888
      0.203887
      0.203888
      0.203887
      0.203888
      0.203887
      0.203888
      0.203887
      0.203888
      0.203887
      0.203888
      0.203887
      0.203888
      0.203887
      0.203888
      0.203887
      0.203888
      0.203887
      0.203888
      0.203887
      0.203888
      0.203887
      0.203888
      0.203887
      0.203888
      0.203887
      0.203888
      0.203887
      0.203888
      0.203887
      0.203888
      0.203887
      0.203888
      0.203887
      0.203888
      0.203887
      0.203888
      0.203887
      0.203888
      0.203887
      0.203888
      0.203887
      0.203888
      0.203887
      0.203888
      0.203887
      0.203888
      0.203887
      0.203888
      0.203887
      0.203888
      0.171368
      0.171366
      0.171368
      0.171366
      0.171368
      0.171366
      0.171368
      0.171366
      0.171368
      0.171366
      0.171368
      0.171366
      0.171368
      0.171366
      0.171368
      0.171366
      0.171368
      0.171366
      0.171368
      0.171366
      0.171368
      0.171366
      0.171368
      0.171366
      0.171368
      0.171366
      0.171368
      0.171366
      0.171368
      0.171366
      0.171368
      0.171366
      0.171368
      0.171366
      0.171368
      0.171366
      0.171368
      0.171366
      0.171368
      0.171366
      0.171368
      0.171366
      0.171368
      0.171366
      0.171368
      0.171366
      0.171368
      0.171366
      0.171368
      0.171366
      0.171368
      0.171366
      0.171368
      0.171366
      0.171368
      0.171366
      0.171368
      0.171366
      0.171368
       0.14292
       0.14292
       0.14292
       0.14292
       0.14292
       0.14292
       0.14292
       0.14292
       0.14292
       0.14292
       0.14292
       0.14292
       0.14292
       0.14292
       0.14292
       0.14292
       0.14292
       0.14292
       0.14292
       0.14292
       0.14292
       0.14292
       0.14292
       0.14292
       0.14292
       0.14292
       0.14292
       0.14292
       0.14292
       0.14292
       0.14292
       0.14292
       0.14292
       0.14292
       0.14292
       0.14292
       0.14292
       0.14292
       0.14292
       0.14292
       0.14292
       0.14292
       0.14292
       0.14292
       0.14292
       0.14292
       0.14292
       0.14292
       0.14292
       0.14292
       0.14292
       0.14292
       0.14292
       0.14292
       0.14292
       0.14292
       0.14292
       0.14292
       0.14292
      0.118277
      0.118276
      0.118277
      0.118276
      0.118277
      0.118276
      0.118277
      0.118276
      0.118277
      0.118276
      0.118277
      0.118276
      0.118277
      0.118276
      0.118277
      0.118276
      0.118277
      0.118276
      0.118277
      0.118276
      0.118277
      0.118276
      0.118277
      0.118276
      0.118277
      0.118276
      0.118277
      0.118276
      0.118277
      0.118276
      0.118277
      0.118276
      0.118277
      0.118276
      0.118277
      0.118276
      0.118277
      0.118276
      0.118277
      0.118276
      0.118277
      0.118276
      0.118277
      0.118276
      0.118277
      0.118276
      0.118277
      0.118276
      0.118277
      0.118276
      0.118277
      0.118276
      0.118277
      0.118276
      0.118277
      0.118276
      0.118277
      0.118276
      0.118277
     0.0971275
     0.0971273
     0.0971275
     0.0971273
     0.0971275
     0.0971273
     0.0971275
     0.0971273
     0.0971275
     0.0971273
     0.0971275
     0.0971273
     0.0971275
     0.0971273
     0.0971275
     0.0971273
     0.0971274
     0.0971273
     0.0971274
     0.0971273
     0.0971274
     0.0971273
     0.0971274
     0.0971273
     0.0971274
     0.0971272
     0.0971273
     0.0971272
     0.0971273
     0.0971272
     0.0971273
     0.0971272
     0.0971273
     0.0971272
     0.0971274
     0.0971273
     0.0971274
     0.0971273
     0.0971274
     0.0971273
     0.0971274
     0.0971273
     0.0971274
     0.0971273
     0.0971275
     0.0971273
     0.0971275
     0.0971273
     0.0971275
     0.0971273
     0.0971275
     0.0971273
     0.0971275
     0.0971273
     0.0971275
     0.0971273
     0.0971275
     0.0971273
     0.0971275
     0.0791533
     0.0791537
     0.0791533
     0.0791537
     0.0791533
     0.0791537
     0.0791533
     0.0791537
     0.0791533
     0.0791537
     0.0791533
     0.0791537
     0.0791533
     0.0791537
     0.0791533
     0.0791536
     0.0791533
     0.0791536
     0.0791533
     0.0791536
     0.0791533
     0.0791536
     0.0791532
     0.0791536
     0.0791532
     0.0791535
     0.0791532
     0.0791535
     0.0791531
     0.0791535
     0.0791531
     0.0791535
     0.0791532
     0.0791535
     0.0791532
     0.0791536
     0.0791532
     0.0791536
     0.0791533
     0.0791536
     0.0791533
     0.0791536
     0.0791533
     0.0791536
     0.0791533
     0.0791537
     0.0791533
     0.0791537
     0.0791533
     0.0791537
     0.0791533
     0.0791537
     0.0791533
     0.0791537
     0.0791533
     0.0791537
     0.0791533
     0.0791537
     0.0791533
     0.0640282
     0.0640285
     0.0640282
     0.0640285
     0.0640282
     0.0640285
     0.0640282
     0.0640285
     0.0640282
     0.0640285
     0.0640282
     0.0640285
     0.0640282
     0.0640285
     0.0640282
     0.0640285
     0.0640282
     0.0640285
     0.0640282
     0.0640284
     0.0640281
     0.0640284
     0.0640281
     0.0640283
      0.064028
     0.0640283
      0.064028
     0.0640282
     0.0640279
     0.0640282
     0.0640279
     0.0640282
      0.064028
     0.0640283
      0.064028
     0.0640283
     0.0640281
     0.0640284
     0.0640281
     0.0640284
     0.0640282
     0.0640285
     0.0640282
     0.0640285
     0.0640282
     0.0640285
     0.0640282
     0.0640285
     0.0640282
     0.0640285
     0.0640282
     0.0640285
     0.0640282
     0.0640285
     0.0640282
     0.0640285
     0.0640282
     0.0640285
     0.0640282
     0.0514285
     0.0514298
     0.0514285
     0.0514298
     0.0514285
     0.0514298
     0.0514285
     0.0514298
     0.0514285
     0.0514298
     0.0514285
     0.0514298
     0.0514285
     0.0514298
     0.0514285
     0.0514298
     0.0514285
     0.0514297
     0.0514284
     0.0514297
     0.0514284
     0.0514296
     0.0514283
     0.0514296
     0.0514282
     0.0514294
     0.0514281
     0.0514293
      0.051428
     0.0514293
      0.051428
     0.0514293
     0.0514281
     0.0514294
     0.0514282
     0.0514296
     0.0514283
     0.0514296
     0.0514284
     0.0514297
     0.0514284
     0.0514297
     0.0514285
     0.0514298
     0.0514285
     0.0514298
     0.0514285
     0.0514298
     0.0514285
     0.0514298
     0.0514285
     0.0514298
     0.0514285
     0.0514298
     0.0514285
     0.0514298
     0.0514285
     0.0514298
     0.0514285
     0.0410509
     0.0410515
     0.0410509
     0.0410515
     0.0410509
     0.0410515
     0.0410509
     0.0410515
     0.0410509
     0.0410515
     0.0410509
     0.0410515
     0.0410509
     0.0410515
     0.0410509
     0.0410514
     0.0410509
     0.0410514
     0.0410509
     0.0410514
     0.0410508
     0.0410513
     0.0410507
     0.0410512
     0.0410505
      0.041051
     0.0410503
     0.0410508
     0.0410502
     0.0410507
     0.0410502
     0.0410508
     0.0410503
      0.041051
     0.0410505
     0.0410512
     0.0410507
     0.0410513
     0.0410508
     0.0410514
     0.0410509
     0.0410514
     0.0410509
     0.0410514
     0.0410509
     0.0410515
     0.0410509
     0.0410515
     0.0410509
     0.0410515
     0.0410509
     0.0410515
     0.0410509
     0.0410515
     0.0410509
     0.0410515
     0.0410509
     0.0410515
     0.0410509
     0.0326028
     0.0326047
     0.0326028
     0.0326047
     0.0326028
     0.0326047
     0.0326028
     0.0326047
     0.0326028
     0.0326047
     0.0326028
     0.0326047
     0.0326028
     0.0326047
     0.0326028
     0.0326046
     0.0326027
     0.0326046
     0.0326027
     0.0326045
     0.0326026
     0.0326044
     0.0326025
     0.0326042
     0.0326022
     0.0326039
     0.0326019
     0.0326036
     0.0326017
     0.0326035
     0.0326017
     0.0326036
     0.0326019
     0.0326039
     0.0326022
     0.0326042
     0.0326025
     0.0326044
     0.0326026
     0.0326045
     0.0326027
     0.0326046
     0.0326027
     0.0326046
     0.0326028
     0.0326047
     0.0326028
     0.0326047
     0.0326028
     0.0326047
     0.0326028
     0.0326047
     0.0326028
     0.0326047
     0.0326028
     0.0326047
     0.0326028
     0.0326047
     0.0326028
     0.0258302
     0.0258309
     0.0258302
     0.0258309
     0.0258302
     0.0258309
     0.0258302
     0.0258309
     0.0258302
     0.0258309
     0.0258302
     0.0258309
     0.0258302
     0.0258309
     0.0258302
     0.0258309
     0.0258302
     0.0258308
     0.0258301
     0.0258307
       0.02583
     0.0258306
     0.0258298
     0.0258303
     0.0258294
     0.0258298
     0.0258289
     0.0258294
     0.0258285
     0.0258291
     0.0258285
     0.0258294
     0.0258289
     0.0258298
     0.0258294
     0.0258303
     0.0258298
     0.0258306
       0.02583
     0.0258307
     0.0258301
     0.0258308
     0.0258302
     0.0258309
     0.0258302
     0.0258309
     0.0258302
     0.0258309
     0.0258302
     0.0258309
     0.0258302
     0.0258309
     0.0258302
     0.0258309
     0.0258302
     0.0258309
     0.0258302
     0.0258309
     0.0258302
     0.0204945
     0.0204966
     0.0204945
     0.0204966
     0.0204945
     0.0204966
     0.0204945
     0.0204966
     0.0204945
     0.0204966
     0.0204945
     0.0204966
     0.0204945
     0.0204966
     0.0204944
     0.0204966
     0.0204944
     0.0204966
     0.0204943
     0.0204965
     0.0204942
     0.0204962
     0.0204939
     0.0204958
     0.0204934
     0.0204951
     0.0204926
     0.0204943
     0.0204918
     0.0204939
     0.0204918
     0.0204943
     0.0204926
     0.0204951
     0.0204934
     0.0204958
     0.0204939
     0.0204962
     0.0204942
     0.0204965
     0.0204943
     0.0204966
     0.0204944
     0.0204966
     0.0204944
     0.0204966
     0.0204945
     0.0204966
     0.0204945
     0.0204966
     0.0204945
     0.0204966
     0.0204945
     0.0204966
     0.0204945
     0.0204966
     0.0204945
     0.0204966
     0.0204945
      0.016406
     0.0164067
      0.016406
     0.0164067
      0.016406
     0.0164067
      0.016406
     0.0164067
      0.016406
     0.0164067
      0.016406
     0.0164067
      0.016406
     0.0164067
      0.016406
     0.0164067
     0.0164059
     0.0164066
     0.0164058
     0.0164065
     0.0164056
     0.0164062
     0.0164053
     0.0164057
     0.0164045
     0.0164047
     0.0164032
     0.0164033
     0.0164019
     0.0164024
     0.0164019
     0.0164033
     0.0164032
     0.0164047
     0.0164045
     0.0164057
     0.0164053
     0.0164062
     0.0164056
     0.0164065
     0.0164058
     0.0164066
     0.0164059
     0.0164067
      0.016406
     0.0164067
      0.016406
     0.0164067
      0.016406
     0.0164067
      0.016406
     0.0164067
      0.016406
     0.0164067
      0.016406
     0.0164067
      0.016406
     0.0164067
      0.016406
     0.0133925
     0.0133948
     0.0133925
     0.0133948
     0.0133925
     0.0133948
     0.0133925
     0.0133948
     0.0133925
     0.0133948
     0.0133925
     0.0133948
     0.0133925
     0.0133948
     0.0133925
     0.0133948
     0.0133925
     0.0133947
     0.0133924
     0.0133945
     0.0133921
     0.0133942
     0.0133917
     0.0133935
     0.0133906
     0.0133921
     0.0133887
     0.0133897
     0.0133863
     0.0133879
     0.0133863
     0.0133897
     0.0133887
     0.0133921
     0.0133906
     0.0133935
     0.0133917
     0.0133942
     0.0133921
     0.0133945
     0.0133924
     0.0133947
     0.0133925
     0.0133948
     0.0133925
     0.0133948
     0.0133925
     0.0133948
     0.0133925
     0.0133948
     0.0133925
     0.0133948
     0.0133925
     0.0133948
     0.0133925
     0.0133948
     0.0133925
     0.0133948
     0.0133925
     0.0113354
     0.0113362
     0.0113354
     0.0113362
     0.0113354
     0.0113362
     0.0113354
     0.0113362
     0.0113354
     0.0113362
     0.0113354
     0.0113362
     0.0113354
     0.0113362
     0.0113354
     0.0113361
     0.0113354
     0.0113361
     0.0113352
     0.0113359
      0.011335
     0.0113355
     0.0113344
     0.0113346
     0.0113331
     0.0113327
     0.0113303
     0.0113288
     0.0113254
     0.0113249
     0.0113254
     0.0113288
     0.0113303
     0.0113327
     0.0113331
     0.0113346
     0.0113344
     0.0113355
      0.011335
     0.0113359
     0.0113352
     0.0113361
     0.0113354
     0.0113361
     0.0113354
     0.0113362
     0.0113354
     0.0113362
     0.0113354
     0.0113362
     0.0113354
     0.0113362
     0.0113354
     0.0113362
     0.0113354
     0.0113362
     0.0113354
     0.0113362
     0.0113354
     0.0101341
     0.0101364
     0.0101341
     0.0101364
     0.0101341
     0.0101364
     0.0101341
     0.0101364
     0.0101341
     0.0101364
     0.0101341
     0.0101364
     0.0101341
     0.0101364
     0.0101341
     0.0101364
      0.010134
     0.0101363
     0.0101339
     0.0101361
     0.0101336
     0.0101357
      0.010133
     0.0101347
     0.0101315
     0.0101324
     0.0101278
     0.0101264
     0.0101182
     0.0101169
     0.0101182
     0.0101264
     0.0101278
     0.0101324
     0.0101315
     0.0101347
      0.010133
     0.0101357
     0.0101336
     0.0101361
     0.0101339
     0.0101363
      0.010134
     0.0101364
     0.0101341
     0.0101364
     0.0101341
     0.0101364
     0.0101341
     0.0101364
     0.0101341
     0.0101364
     0.0101341
     0.0101364
     0.0101341
     0.0101364
     0.0101341
     0.0101364
     0.0101341
    0.00974284
    0.00974361
    0.00974284
    0.00974361
    0.00974284
    0.00974361
    0.00974284
    0.00974361
    0.00974284
     0.0097436
    0.00974284
     0.0097436
    0.00974283
    0.00974359
    0.00974281
    0.00974355
    0.00974276
    0.00974348
    0.00974264
    0.00974329
    0.00974236
    0.00974286
    0.00974169
    0.00974183
    0.00974009
    0.00973929
    0.00973597
    0.00973229
    0.00972331
    0.00970692
    0.00972331
    0.00973229
    0.00973597
    0.00973929
    0.00974009
    0.00974183
    0.00974169
    0.00974286
    0.00974236
    0.00974329
    0.00974264
    0.00974348
    0.00974276
    0.00974355
    0.00974281
    0.00974359
    0.00974283
     0.0097436
    0.00974284
     0.0097436
    0.00974284
    0.00974361
    0.00974284
    0.00974361
    0.00974284
    0.00974361
    0.00974284
    0.00974361
    0.00974284
     0.0101341
     0.0101364
     0.0101341
     0.0101364
     0.0101341
     0.0101364
     0.0101341
     0.0101364
     0.0101341
     0.0101364
     0.0101341
     0.0101364
     0.0101341
     0.0101364
     0.0101341
     0.0101364
      0.010134
     0.0101363
     0.0101339
     0.0101361
     0.0101336
     0.0101357
      0.010133
     0.0101347
     0.0101315
     0.0101324
     0.0101278
     0.0101264
     0.0101182
     0.0101169
     0.0101182
     0.0101264
     0.0101278
     0.0101324
     0.0101315
     0.0101347
      0.010133
     0.0101357
     0.0101336
     0.0101361
     0.0101339
     0.0101363
      0.010134
     0.0101364
     0.0101341
     0.0101364
     0.0101341
     0.0101364
     0.0101341
     0.0101364
     0.0101341
     0.0101364
     0.0101341
     0.0101364
     0.0101341
     0.0101364
     0.0101341
     0.0101364
     0.0101341
     0.0113354
     0.0113362
     0.0113354
     0.0113362
     0.0113354
     0.0113362
     0.0113354
     0.0113362
     0.0113354
     0.0113362
     0.0113354
     0.0113362
     0.0113354
     0.0113362
     0.0113354
     0.0113361
     0.0113354
     0.0113361
     0.0113352
     0.0113359
      0.011335
     0.0113355
     0.0113344
     0.0113346
     0.0113331
     0.0113327
     0.0113303
     0.0113288
     0.0113254
     0.0113249
     0.0113254
     0.0113288
     0.0113303
     0.0113327
     0.0113331
     0.0113346
     0.0113344
     0.0113355
      0.011335
     0.0113359
     0.0113352
     0.0113361
     0.0113354
     0.0113361
     0.0113354
     0.0113362
     0.0113354
     0.0113362
     0.0113354
     0.0113362
     0.0113354
     0.0113362
     0.0113354
     0.0113362
     0.0113354
     0.0113362
     0.0113354
     0.0113362
     0.0113354
     0.0133925
     0.0133948
     0.0133925
     0.0133948
     0.0133925
     0.0133948
     0.0133925
     0.0133948
     0.0133925
     0.0133948
     0.0133925
     0.0133948
     0.0133925
     0.0133948
     0.0133925
     0.0133948
     0.0133925
     0.0133947
     0.0133924
     0.0133945
     0.0133921
     0.0133942
     0.0133917
     0.0133935
     0.0133906
     0.0133921
     0.0133887
     0.0133897
     0.0133863
     0.0133879
     0.0133863
     0.0133897
     0.0133887
     0.0133921
     0.0133906
     0.0133935
     0.0133917
     0.0133942
     0.0133921
     0.0133945
     0.0133924
     0.0133947
     0.0133925
     0.0133948
     0.0133925
     0.0133948
     0.0133925
     0.0133948
     0.0133925
     0.0133948
     0.0133925
     0.0133948
     0.0133925
     0.0133948
     0.0133925
     0.0133948
     0.0133925
     0.0133948
     0.0133925
      0.016406
     0.0164067
      0.016406
     0.0164067
      0.016406
     0.0164067
      0.016406
     0.0164067
      0.016406
     0.0164067
      0.016406
     0.0164067
      0.016406
     0.0164067
      0.016406
     0.0164067
     0.0164059
     0.0164066
     0.0164058
     0.0164065
     0.0164056
     0.0164062
     0.0164053
     0.0164057
     0.0164045
     0.0164047
     0.0164032
     0.0164033
     0.0164019
     0.0164024
     0.0164019
     0.0164033
     0.0164032
     0.0164047
     0.0164045
     0.0164057
     0.0164053
     0.0164062
     0.0164056
     0.0164065
     0.0164058
     0.0164066
     0.0164059
     0.0164067
      0.016406
     0.0164067
      0.016406
     0.0164067
      0.016406
     0.0164067
      0.016406
     0.0164067
      0.016406
     0.0164067
      0.016406
     0.0164067
      0.016406
     0.0164067
      0.016406
     0.0204945
     0.0204966
     0.0204945
     0.0204966
     0.0204945
     0.0204966
     0.0204945
     0.0204966
     0.0204945
     0.0204966
     0.0204945
     0.0204966
     0.0204945
     0.0204966
     0.0204944
     0.0204966
     0.0204944
     0.0204966
     0.0204943
     0.0204965
     0.0204942
     0.0204962
     0.0204939
     0.0204958
     0.0204934
     0.0204951
     0.0204926
     0.0204943
     0.0204918
     0.0204939
     0.0204918
     0.0204943
     0.0204926
     0.0204951
     0.0204934
     0.0204958
     0.0204939
     0.0204962
     0.0204942
     0.0204965
     0.0204943
     0.0204966
     0.0204944
     0.0204966
     0.0204944
     0.0204966
     0.0204945
     0.0204966
     0.0204945
     0.0204966
     0.0204945
     0.0204966
     0.0204945
     0.0204966
     0.0204945
     0.0204966
     0.0204945
     0.0204966
     0.0204945
     0.0258302
     0.0258309
     0.0258302
     0.0258309
     0.0258302
     0.0258309
     0.0258302
     0.0258309
     0.0258302
     0.0258309
     0.0258302
     0.0258309
     0.0258302
     0.0258309
     0.0258302
     0.0258309
     0.0258302
     0.0258308
     0.0258301
     0.0258307
       0.02583
     0.0258306
     0.0258298
     0.0258303
     0.0258294
     0.0258298
     0.0258289
     0.0258294
     0.0258285
     0.0258291
     0.0258285
     0.0258294
     0.0258289
     0.0258298
     0.0258294
     0.0258303
     0.0258298
     0.0258306
       0.02583
     0.0258307
     0.0258301
     0.0258308
     0.0258302
     0.0258309
     0.0258302
     0.0258309
     0.0258302
     0.0258309
     0.0258302
     0.0258309
     0.0258302
     0.0258309
     0.0258302
     0.0258309
     0.0258302
     0.0258309
     0.0258302
     0.0258309
     0.0258302
     0.0326028
     0.0326047
     0.0326028
     0.0326047
     0.0326028
     0.0326047
     0.0326028
     0.0326047
     0.0326028
     0.0326047
     0.0326028
     0.0326047
     0.0326028
     0.0326047
     0.0326028
     0.0326046
     0.0326027
     0.0326046
     0.0326027
     0.0326045
     0.0326026
     0.0326044
     0.0326025
     0.0326042
     0.0326022
     0.0326039
     0.0326019
     0.0326036
     0.0326017
     0.0326035
     0.0326017
     0.0326036
     0.0326019
     0.0326039
     0.0326022
     0.0326042
     0.0326025
     0.0326044
     0.0326026
     0.0326045
     0.0326027
     0.0326046
     0.0326027
     0.0326046
     0.0326028
     0.0326047
     0.0326028
     0.0326047
     0.0326028
     0.0326047
     0.0326028
     0.0326047
     0.0326028
     0.0326047
     0.0326028
     0.0326047
     0.0326028
     0.0326047
     0.0326028
     0.0410509
     0.0410515
     0.0410509
     0.0410515
     0.0410509
     0.0410515
     0.0410509
     0.0410515
     0.0410509
     0.0410515
     0.0410509
     0.0410515
     0.0410509
     0.0410515
     0.0410509
     0.0410514
     0.0410509
     0.0410514
     0.0410509
     0.0410514
     0.0410508
     0.0410513
     0.0410507
     0.0410512
     0.0410505
      0.041051
     0.0410503
     0.0410508
     0.0410502
     0.0410507
     0.0410502
     0.0410508
     0.0410503
      0.041051
     0.0410505
     0.0410512
     0.0410507
     0.0410513
     0.0410508
     0.0410514
     0.0410509
     0.0410514
     0.0410509
     0.0410514
     0.0410509
     0.0410515
     0.0410509
     0.0410515
     0.0410509
     0.0410515
     0.0410509
     0.0410515
     0.0410509
     0.0410515
     0.0410509
     0.0410515
     0.0410509
     0.0410515
     0.0410509
     0.0514285
     0.0514298
     0.0514285
     0.0514298
     0.0514285
     0.0514298
     0.0514285
     0.0514298
     0.0514285
     0.0514298
     0.0514285
     0.0514298
     0.0514285
     0.0514298
     0.0514285
     0.0514298
     0.0514285
     0.0514297
     0.0514284
     0.0514297
     0.0514284
     0.0514296
     0.0514283
     0.0514296
     0.0514282
     0.0514294
     0.0514281
     0.0514293
      0.051428
     0.0514293
      0.051428
     0.0514293
     0.0514281
     0.0514294
     0.0514282
     0.0514296
     0.0514283
     0.0514296
     0.0514284
     0.0514297
     0.0514284
     0.0514297
     0.0514285
     0.0514298
     0.0514285
     0.0514298
     0.0514285
     0.0514298
     0.0514285
     0.0514298
     0.0514285
     0.0514298
     0.0514285
     0.0514298
     0.0514285
     0.0514298
     0.0514285
     0.0514298
     0.0514285
     0.0640282
     0.0640285
     0.0640282
     0.0640285
     0.0640282
     0.0640285
     0.0640282
     0.0640285
     0.0640282
     0.0640285
     0.0640282
     0.0640285
     0.0640282
     0.0640285
     0.0640282
     0.0640285
     0.0640282
     0.0640285
     0.0640282
     0.0640284
     0.0640281
     0.0640284
     0.0640281
     0.0640283
      0.064028
     0.0640283
      0.064028
     0.0640282
     0.0640279
     0.0640282
     0.0640279
     0.0640282
      0.064028
     0.0640283
      0.064028
     0.0640283
     0.0640281
     0.0640284
     0.0640281
     0.0640284
     0.0640282
     0.0640285
     0.0640282
     0.0640285
     0.0640282
     0.0640285
     0.0640282
     0.0640285
     0.0640282
     0.0640285
     0.0640282
     0.0640285
     0.0640282
     0.0640285
     0.0640282
     0.0640285
     0.0640282
     0.0640285
     0.0640282
     0.0791533
     0.0791537
     0.0791533
     0.0791537
     0.0791533
     0.0791537
     0.0791533
     0.0791537
     0.0791533
     0.0791537
     0.0791533
     0.0791537
     0.0791533
     0.0791537
     0.0791533
     0.0791536
     0.0791533
     0.0791536
     0.0791533
     0.0791536
     0.0791533
     0.0791536
     0.0791532
     0.0791536
     0.0791532
     0.0791535
     0.0791532
     0.0791535
     0.0791531
     0.0791535
     0.0791531
     0.0791535
     0.0791532
     0.0791535
     0.0791532
     0.0791536
     0.0791532
     0.0791536
     0.0791533
     0.0791536
     0.0791533
     0.0791536
     0.0791533
     0.0791536
     0.0791533
     0.0791537
     0.0791533
     0.0791537
     0.0791533
     0.0791537
     0.0791533
     0.0791537
     0.0791533
     0.0791537
     0.0791533
     0.0791537
     0.0791533
     0.0791537
     0.0791533
     0.0971275
     0.0971273
     0.0971275
     0.0971273
     0.0971275
     0.0971273
     0.0971275
     0.0971273
     0.0971275
     0.0971273
     0.0971275
     0.0971273
     0.0971275
     0.0971273
     0.0971275
     0.0971273
     0.0971274
     0.0971273
     0.0971274
     0.0971273
     0.0971274
     0.0971273
     0.0971274
     0.0971273
     0.0971274
     0.0971272
     0.0971273
     0.0971272
     0.0971273
     0.0971272
     0.0971273
     0.0971272
     0.0971273
     0.0971272
     0.0971274
     0.0971273
     0.0971274
     0.0971273
     0.0971274
     0.0971273
     0.0971274
     0.0971273
     0.0971274
     0.0971273
     0.0971275
     0.0971273
     0.0971275
     0.0971273
     0.0971275
     0.0971273
     0.0971275
     0.0971273
     0.0971275
     0.0971273
     0.0971275
     0.0971273
     0.0971275
     0.0971273
     0.0971275
      0.118277
      0.118276
      0.118277
      0.118276
      0.118277
      0.118276
      0.118277
      0.118276
      0.118277
      0.118276
      0.118277
      0.118276
      0.118277
      0.118276
      0.118277
      0.118276
      0.118277
      0.118276
      0.118277
      0.118276
      0.118277
      0.118276
      0.118277
      0.118276
      0.118277
      0.118276
      0.118277
      0.118276
      0.118277
      0.118276
      0.118277
      0.118276
      0.118277
      0.118276
      0.118277
      0.118276
      0.118277
      0.118276
      0.118277
      0.118276
      0.118277
      0.118276
      0.118277
      0.118276
      0.118277
      0.118276
      0.118277
      0.118276
      0.118277
      0.118276
      0.118277
      0.118276
      0.118277
      0.118276
      0.118277
      0.118276
      0.118277
      0.118276
      0.118277
       0.14292
       0.14292
       0.14292
       0.14292
       0.14292
       0.14292
       0.14292
       0.14292
       0.14292
       0.14292
       0.14292
       0.14292
       0.14292
       0.14292
       0.14292
       0.14292
       0.14292
       0.14292
       0.14292
       0.14292
       0.14292
       0.14292
       0.14292
       0.14292
       0.14292
       0.14292
       0.14292
       0.14292
       0.14292
       0.14292
       0.14292
       0.14292
       0.14292
       0.14292
       0.14292
       0.14292
       0.14292
       0.14292
       0.14292
       0.14292
       0.14292
       0.14292
       0.14292
       0.14292
       0.14292
       0.14292
       0.14292
       0.14292
       0.14292
       0.14292
       0.14292
       0.14292
       0.14292
       0.14292
       0.14292
       0.14292
       0.14292
       0.14292
       0.14292
      0.171368
      0.171366
      0.171368
      0.171366
      0.171368
      0.171366
      0.171368
      0.171366
      0.171368
      0.171366
      0.171368
      0.171366
      0.171368
      0.171366
      0.171368
      0.171366
      0.171368
      0.171366
      0.171368
      0.171366
      0.171368
      0.171366
      0.171368
      0.171366
      0.171368
      0.171366
      0.171368
      0.171366
      0.171368
      0.171366
      0.171368
      0.171366
      0.171368
      0.171366
      0.171368
      0.171366
      0.171368
      0.171366
      0.171368
      0.171366
      0.171368
      0.171366
      0.171368
      0.171366
      0.171368
      0.171366
      0.171368
      0.171366
      0.171368
      0.171366
      0.171368
      0.171366
      0.171368
      0.171366
      0.171368
      0.171366
      0.171368
      0.171366
      0.171368
      0.203888
      0.203887
      0.203888
      0.203887
      0.203888
      0.203887
      0.203888
      0.203887
      0.203888
      0.203887
      0.203888
      0.203887
      0.203888
      0.203887
      0.203888
      0.203887
      0.203888
      0.203887
      0.203888
      0.203887
      0.203888
      0.203887
      0.203888
      0.203887
      0.203888
      0.203887
      0.203888
      0.203887
      0.203888
      0.203887
      0.203888
      0.203887
      0.203888
      0.203887
      0.203888
      0.203887
      0.203888
      0.203887
      0.203888
      0.203887
      0.203888
      0.203887
      0.203888
      0.203887
      0.203888
      0.203887
      0.203888
      0.203887
      0.203888
      0.203887
      0.203888
      0.203887
      0.203888
      0.203887
      0.203888
      0.203887
      0.203888
      0.203887
      0.203888
      0.240725
      0.240721
      0.240725
      0.240721
      0.240725
      0.240721
      0.240725
      0.240721
      0.240725
      0.240721
      0.240725
      0.240721
      0.240725
      0.240721
      0.240725
      0.240721
      0.240725
      0.240721
      0.240725
      0.240721
      0.240725
      0.240721
      0.240725
      0.240721
      0.240725
      0.240721
      0.240725
      0.240721
      0.240725
      0.240721
      0.240725
      0.240721
      0.240725
      0.240721
      0.240725
      0.240721
      0.240725
      0.240721
      0.240725
      0.240721
      0.240725
      0.240721
      0.240725
      0.240721
      0.240725
      0.240721
      0.240725
      0.240721
      0.240725
      0.240721
      0.240725
      0.240721
      0.240725
      0.240721
      0.240725
      0.240721
      0.240725
      0.240721
      0.240725
      0.282042
      0.282041
      0.282042
      0.282041
      0.282042
      0.282041
      0.282042
      0.282041
      0.282042
      0.282041
      0.282042
      0.282041
      0.282042
      0.282041
      0.282042
      0.282041
      0.282042
      0.282041
      0.282042
      0.282041
      0.282042
      0.282041
      0.282042
      0.282041
      0.282042
      0.282041
      0.282042
      0.282041
      0.282042
      0.282041
      0.282042
      0.282041
      0.282042
      0.282041
      0.282042
      0.282041
      0.282042
      0.282041
      0.282042
      0.282041
      0.282042
      0.282041
      0.282042
      0.282041
      0.282042
      0.282041
      0.282042
      0.282041
      0.282042
      0.282041
      0.282042
      0.282041
      0.282042
      0.282041
      0.282042
      0.282041
      0.282042
      0.282041
      0.282042
      0.327967
      0.327962
      0.327967
      0.327962
      0.327967
      0.327962
      0.327967
      0.327962
      0.327967
      0.327962
      0.327967
      0.327962
      0.327967
      0.327962
      0.327967
      0.327962
      0.327967
      0.327962
      0.327967
      0.327962
      0.327967
      0.327962
      0.327967
      0.327962
      0.327967
      0.327962
      0.327967
      0.327962
      0.327967
      0.327962
      0.327967
      0.327962
      0.327967
      0.327962
      0.327967
      0.327962
      0.327967
      0.327962
      0.327967
      0.327962
      0.327967
      0.327962
      0.327967
      0.327962
      0.327967
      0.327962
      0.327967
      0.327962
      0.327967
      0.327962
      0.327967
      0.327962
      0.327967
      0.327962
      0.327967
      0.327962
      0.327967
      0.327962
      0.327967
      0.378509
      0.378507
      0.378509
      0.378507
      0.378509
      0.378507
      0.378509
      0.378507
      0.378509
      0.378507
      0.378509
      0.378507
      0.378509
      0.378507
      0.378509
      0.378507
      0.378509
      0.378507
      0.378509
      0.378507
      0.378509
      0.378507
      0.378509
      0.378507
      0.378509
      0.378507
      0.378509
      0.378507
      0.378509
      0.378507
      0.378509
      0.378507
      0.378509
      0.378507
      0.378509
      0.378507
      0.378509
      0.378507
      0.378509
      0.378507
      0.378509
      0.378507
      0.378509
      0.378507
      0.378509
      0.378507
      0.378509
      0.378507
      0.378509
      0.378507
      0.378509
      0.378507
      0.378509
      0.378507
      0.378509
      0.378507
      0.378509
      0.378507
      0.378509
       0.43363
      0.433623
       0.43363
      0.433623
       0.43363
      0.433623
       0.43363
      0.433623
       0.43363
      0.433623
       0.43363
      0.433623
       0.43363
      0.433623
       0.43363
      0.433623
       0.43363
      0.433623
       0.43363
      0.433623
       0.43363
      0.433623
       0.43363
      0.433623
       0.43363
      0.433623
       0.43363
      0.433623
       0.43363
      0.433623
       0.43363
      0.433623
       0.43363
      0.433623
       0.43363
      0.433623
       0.43363
      0.433623
       0.43363
      0.433623
       0.43363
      0.433623
       0.43363
      0.433623
       0.43363
      0.433623
       0.43363
      0.433623
       0.43363
      0.433623
       0.43363
      0.433623
       0.43363
      0.433623
       0.43363
      0.433623
       0.43363
      0.433623
       0.43363
      0.493149
      0.493147
      0.493149
      0.493147
      0.493149
      0.493147
      0.493149
      0.493147
      0.493149
      0.493147
      0.493149
      0.493147
      0.493149
      0.493147
      0.493149
      0.493147
      0.493149
      0.493147
      0.493149
      0.493147
      0.493149
      0.493147
      0.493149
      0.493147
      0.493149
      0.493147
      0.493149
      0.493147
      0.493149
      0.493147
      0.493149
      0.493147
      0.493149
      0.493147
      0.493149
      0.493147
      0.493149
      0.493147
      0.493149
      0.493147
      0.493149
      0.493147
      0.493149
      0.493147
      0.493149
      0.493147
      0.493149
      0.493147
      0.493149
      0.493147
      0.493149
      0.493147
      0.493149
      0.493147
      0.493149
      0.493147
      0.493149
      0.493147
      0.493149
      0.556835
      0.556829
      0.556835
      0.556829
      0.556835
      0.556829
      0.556835
      0.556829
      0.556835
      0.556829
      0.556835
      0.556829
      0.556835
      0.556829
      0.556835
      0.556829
      0.556835
      0.556829
      0.556835
      0.556829
      0.556835
      0.556829
      0.556835
      0.556829
      0.556835
      0.556829
      0.556835
      0.556829
      0.556835
      0.556829
      0.556835
      0.556829
      0.556835
      0.556829
      0.556835
      0.556829
      0.556835
      0.556829
      0.556835
      0.556829
      0.556835
      0.556829
      0.556835
      0.556829
      0.556835
      0.556829
      0.556835
      0.556829
      0.556835
      0.556829
      0.556835
      0.556829
      0.556835
      0.556829
      0.556835
      0.556829
      0.556835
      0.556829
      0.556835
      0.624306
      0.624304
      0.624306
      0.624304
      0.624306
      0.624304
      0.624306
      0.624304
      0.624306
      0.624304
      0.624306
      0.624304
      0.624306
      0.624304
      0.624306
      0.624304
      0.624306
      0.624304
      0.624306
      0.624304
      0.624306
      0.624304
      0.624306
      0.624304
      0.624306
      0.624304
      0.624306
      0.624304
      0.624306
      0.624304
      0.624306
      0.624304
      0.624306
      0.624304
      0.624306
      0.624304
      0.624306
      0.624304
      0.624306
      0.624304
      0.624306
      0.624304
      0.624306
      0.624304
      0.624306
      0.624304
      0.624306
      0.624304
      0.624306
      0.624304
      0.624306
      0.624304
      0.624306
      0.624304
      0.624306
      0.624304
      0.624306
      0.624304
      0.624306
      0.695132
      0.695127
      0.695132
      0.695127
      0.695132
      0.695127
      0.695132
      0.695127
      0.695132
      0.695127
      0.695132
      0.695127
      0.695132
      0.695127
      0.695132
      0.695127
      0.695132
      0.695127
      0.695132
      0.695127
      0.695132
      0.695127
      0.695132
      0.695127
      0.695132
      0.695127
      0.695132
      0.695127
      0.695132
      0.695127
      0.695132
      0.695127
      0.695132
      0.695127
      0.695132
      0.695127
      0.695132
      0.695127
      0.695132
      0.695127
      0.695132
      0.695127
      0.695132
      0.695127
      0.695132
      0.695127
      0.695132
      0.695127
      0.695132
      0.695127
      0.695132
      0.695127
      0.695132
      0.695127
      0.695132
      0.695127
      0.695132
      0.695127
      0.695132
      0.768752
      0.768751
      0.768752
      0.768751
      0.768752
      0.768751
      0.768752
      0.768751
      0.768752
      0.768751
      0.768752
      0.768751
      0.768752
      0.768751
      0.768752
      0.768751
      0.768752
      0.768751
      0.768752
      0.768751
      0.768752
      0.768751
      0.768752
      0.768751
      0.768752
      0.768751
      0.768752
      0.768751
      0.768752
      0.768751
      0.768752
      0.768751
      0.768752
      0.768751
      0.768752
      0.768751
      0.768752
      0.768751
      0.768752
      0.768751
      0.768752
      0.768751
      0.768752
      0.768751
      0.768752
      0.768751
      0.768752
      0.768751
      0.768752
      0.768751
      0.768752
      0.768751
      0.768752
      0.768751
      0.768752
      0.768751
      0.768752
      0.768751
      0.768752
      0.844567
      0.844564
      0.844567
      0.844564
      0.844567
      0.844564
      0.844567
      0.844564
      0.844567
      0.844564
      0.844567
      0.844564
      0.844567
      0.844564
      0.844567
      0.844564
      0.844567
      0.844564
      0.844567
      0.844564
      0.844567
      0.844564
      0.844567
      0.844564
      0.844567
      0.844564
      0.844567
      0.844564
      0.844567
      0.844564
      0.844567
      0.844564
      0.844567
      0.844564
      0.844567
      0.844564
      0.844567
      0.844564
      0.844567
      0.844564
      0.844567
      0.844564
      0.844567
      0.844564
      0.844567
      0.844564
      0.844567
      0.844564
      0.844567
      0.844564
      0.844567
      0.844564
      0.844567
      0.844564
      0.844567
      0.844564
      0.844567
      0.844564
      0.844567
      0.921886
      0.921886
      0.921886
      0.921886
      0.921886
      0.921886
      0.921886
      0.921886
      0.921886
      0.921886
      0.921886
      0.921886
      0.921886
      0.921886
      0.921886
      0.921886
      0.921886
      0.921886
      0.921886
      0.921886
      0.921886
      0.921886
      0.921886
      0.921886
      0.921886
      0.921886
      0.921886
      0.921886
      0.921886
      0.921886
      0.921886
      0.921886
      0.921886
      0.921886
      0.921886
      0.921886
      0.921886
      0.921886
      0.921886
      0.921886
      0.921886
      0.921886
      0.921886
      0.921886
      0.921886
      0.921886
      0.921886
      0.921886
      0.921886
      0.921886
      0.921886
      0.921886
      0.921886
      0.921886
      0.921886
      0.921886
      0.921886
      0.921886
      0.921886
             1
             1
             1
             1
             1
             1
             1
             1
             1
             1
             1
             1
             1
             1
             1
             1
             1
             1
             1
             1
             1
             1
             1
             1
             1
             1
             1
             1
             1
             1
             1
             1
             1
             1
             1
             1
             1
             1
             1
             1
             1
             1
             1
             1
             1
             1
             1
             1
             1
             1
             1
             1
             1
             1
             1
             1
             1
             1
             1
