             1
             1
             1
             1
             1
             1
             1
             1
             1
             1
             1
             1
             1
             1
             1
             1
             1
             1
             1
             1
             1
             1
             1
             1
             1
             1
             1
             1
             1
             1
             1
             1
             1
             1
             1
             1
             1
             1
             1
             1
             1
             1
             1
             1
             1
             1
             1
             1
             1
             1
             1
             1
             1
             1
             1
             1
             1
             1
             1
        0.9234
      0.923399
        0.9234
      0.923399
        0.9234
      0.923399
        0.9234
      0.923399
        0.9234
      0.923399
        0.9234
      0.923399
        0.9234
      0.923399
        0.9234
      0.923399
        0.9234
      0.923399
        0.9234
      0.923399
        0.9234
      0.923399
        0.9234
      0.923399
        0.9234
      0.923399
        0.9234
      0.923399
        0.9234
      0.923399
        0.9234
      0.923399
        0.9234
      0.923399
        0.9234
      0.923399
        0.9234
      0.923399
        0.9234
      0.923399
        0.9234
      0.923399
        0.9234
      0.923399
        0.9234
      0.923399
        0.9234
      0.923399
        0.9234
      0.923399
        0.9234
      0.923399
        0.9234
      0.923399
        0.9234
      0.923399
        0.9234
      0.923399
        0.9234
      0.847551
      0.847548
      0.847551
      0.847548
      0.847551
      0.847548
      0.847551
      0.847548
      0.847551
      0.847548
      0.847551
      0.847548
      0.847551
      0.847548
      0.847551
      0.847548
      0.847551
      0.847548
      0.847551
      0.847548
      0.847551
      0.847548
      0.847551
      0.847548
      0.847551
      0.847548
      0.847551
      0.847548
      0.847551
      0.847548
      0.847551
      0.847548
      0.847551
      0.847548
      0.847551
      0.847548
      0.847551
      0.847548
      0.847551
      0.847548
      0.847551
      0.847548
      0.847551
      0.847548
      0.847551
      0.847548
      0.847551
      0.847548
      0.847551
      0.847548
      0.847551
      0.847548
      0.847551
      0.847548
      0.847551
      0.847548
      0.847551
      0.847548
      0.847551
      0.773123
      0.773122
      0.773123
      0.773122
      0.773123
      0.773122
      0.773123
      0.773122
      0.773123
      0.773122
      0.773123
      0.773122
      0.773123
      0.773122
      0.773123
      0.773122
      0.773123
      0.773122
      0.773123
      0.773122
      0.773123
      0.773122
      0.773123
      0.773122
      0.773123
      0.773122
      0.773123
      0.773122
      0.773123
      0.773122
      0.773123
      0.773122
      0.773123
      0.773122
      0.773123
      0.773122
      0.773123
      0.773122
      0.773123
      0.773122
      0.773123
      0.773122
      0.773123
      0.773122
      0.773123
      0.773122
      0.773123
      0.773122
      0.773123
      0.773122
      0.773123
      0.773122
      0.773123
      0.773122
      0.773123
      0.773122
      0.773123
      0.773122
      0.773123
       0.70077
      0.700765
       0.70077
      0.700765
       0.70077
      0.700765
       0.70077
      0.700765
       0.70077
      0.700765
       0.70077
      0.700765
       0.70077
      0.700765
       0.70077
      0.700765
       0.70077
      0.700765
       0.70077
      0.700765
       0.70077
      0.700765
       0.70077
      0.700765
       0.70077
      0.700765
       0.70077
      0.700765
       0.70077
      0.700765
       0.70077
      0.700765
       0.70077
      0.700765
       0.70077
      0.700765
       0.70077
      0.700765
       0.70077
      0.700765
       0.70077
      0.700765
       0.70077
      0.700765
       0.70077
      0.700765
       0.70077
      0.700765
       0.70077
      0.700765
       0.70077
      0.700765
       0.70077
      0.700765
       0.70077
      0.700765
       0.70077
      0.700765
       0.70077
      0.631059
      0.631058
      0.631059
      0.631058
      0.631059
      0.631058
      0.631059
      0.631058
      0.631059
      0.631058
      0.631059
      0.631058
      0.631059
      0.631058
      0.631059
      0.631058
      0.631059
      0.631058
      0.631059
      0.631058
      0.631059
      0.631058
      0.631059
      0.631058
      0.631059
      0.631058
      0.631059
      0.631058
      0.631059
      0.631058
      0.631059
      0.631058
      0.631059
      0.631058
      0.631059
      0.631058
      0.631059
      0.631058
      0.631059
      0.631058
      0.631059
      0.631058
      0.631059
      0.631058
      0.631059
      0.631058
      0.631059
      0.631058
      0.631059
      0.631058
      0.631059
      0.631058
      0.631059
      0.631058
      0.631059
      0.631058
      0.631059
      0.631058
      0.631059
      0.564528
      0.564522
      0.564528
      0.564522
      0.564528
      0.564522
      0.564528
      0.564522
      0.564528
      0.564522
      0.564528
      0.564522
      0.564528
      0.564522
      0.564528
      0.564522
      0.564528
      0.564522
      0.564528
      0.564522
      0.564528
      0.564522
      0.564528
      0.564522
      0.564528
      0.564522
      0.564528
      0.564522
      0.564528
      0.564522
      0.564528
      0.564522
      0.564528
      0.564522
      0.564528
      0.564522
      0.564528
      0.564522
      0.564528
      0.564522
      0.564528
      0.564522
      0.564528
      0.564522
      0.564528
      0.564522
      0.564528
      0.564522
      0.564528
      0.564522
      0.564528
      0.564522
      0.564528
      0.564522
      0.564528
      0.564522
      0.564528
      0.564522
      0.564528
      0.501589
      0.501587
      0.501589
      0.501587
      0.501589
      0.501587
      0.501589
      0.501587
      0.501589
      0.501587
      0.501589
      0.501587
      0.501589
      0.501587
      0.501589
      0.501587
      0.501589
      0.501587
      0.501589
      0.501587
      0.501589
      0.501587
      0.501589
      0.501587
      0.501589
      0.501587
      0.501589
      0.501587
      0.501589
      0.501587
      0.501589
      0.501587
      0.501589
      0.501587
      0.501589
      0.501587
      0.501589
      0.501587
      0.501589
      0.501587
      0.501589
      0.501587
      0.501589
      0.501587
      0.501589
      0.501587
      0.501589
      0.501587
      0.501589
      0.501587
      0.501589
      0.501587
      0.501589
      0.501587
      0.501589
      0.501587
      0.501589
      0.501587
      0.501589
      0.442615
      0.442609
      0.442615
      0.442609
      0.442615
      0.442609
      0.442615
      0.442609
      0.442615
      0.442609
      0.442615
      0.442609
      0.442615
      0.442609
      0.442615
      0.442609
      0.442615
      0.442609
      0.442615
      0.442609
      0.442615
      0.442609
      0.442615
      0.442609
      0.442615
      0.442609
      0.442615
      0.442609
      0.442615
      0.442609
      0.442615
      0.442609
      0.442615
      0.442609
      0.442615
      0.442609
      0.442615
      0.442609
      0.442615
      0.442609
      0.442615
      0.442609
      0.442615
      0.442609
      0.442615
      0.442609
      0.442615
      0.442609
      0.442615
      0.442609
      0.442615
      0.442609
      0.442615
      0.442609
      0.442615
      0.442609
      0.442615
      0.442609
      0.442615
      0.387838
      0.387836
      0.387838
      0.387836
      0.387838
      0.387836
      0.387838
      0.387836
      0.387838
      0.387836
      0.387838
      0.387836
      0.387838
      0.387836
      0.387838
      0.387836
      0.387838
      0.387836
      0.387838
      0.387836
      0.387838
      0.387836
      0.387838
      0.387836
      0.387838
      0.387836
      0.387838
      0.387836
      0.387838
      0.387836
      0.387838
      0.387836
      0.387838
      0.387836
      0.387838
      0.387836
      0.387838
      0.387836
      0.387838
      0.387836
      0.387838
      0.387836
      0.387838
      0.387836
      0.387838
      0.387836
      0.387838
      0.387836
      0.387838
      0.387836
      0.387838
      0.387836
      0.387838
      0.387836
      0.387838
      0.387836
      0.387838
      0.387836
      0.387838
      0.337444
      0.337438
      0.337444
      0.337438
      0.337444
      0.337438
      0.337444
      0.337438
      0.337444
      0.337438
      0.337444
      0.337438
      0.337444
      0.337438
      0.337444
      0.337438
      0.337444
      0.337438
      0.337444
      0.337438
      0.337444
      0.337438
      0.337444
      0.337438
      0.337444
      0.337438
      0.337444
      0.337438
      0.337444
      0.337438
      0.337444
      0.337438
      0.337444
      0.337438
      0.337444
      0.337438
      0.337444
      0.337438
      0.337444
      0.337438
      0.337444
      0.337438
      0.337444
      0.337438
      0.337444
      0.337438
      0.337444
      0.337438
      0.337444
      0.337438
      0.337444
      0.337438
      0.337444
      0.337438
      0.337444
      0.337438
      0.337444
      0.337438
      0.337444
      0.291484
      0.291483
      0.291484
      0.291483
      0.291484
      0.291483
      0.291484
      0.291483
      0.291484
      0.291483
      0.291484
      0.291483
      0.291484
      0.291483
      0.291484
      0.291483
      0.291484
      0.291483
      0.291484
      0.291483
      0.291484
      0.291483
      0.291484
      0.291483
      0.291484
      0.291483
      0.291484
      0.291483
      0.291484
      0.291483
      0.291484
      0.291483
      0.291484
      0.291483
      0.291484
      0.291483
      0.291484
      0.291483
      0.291484
      0.291483
      0.291484
      0.291483
      0.291484
      0.291483
      0.291484
      0.291483
      0.291484
      0.291483
      0.291484
      0.291483
      0.291484
      0.291483
      0.291484
      0.291483
      0.291484
      0.291483
      0.291484
      0.291483
      0.291484
      0.249968
      0.249964
      0.249968
      0.249964
      0.249968
      0.249964
      0.249968
      0.249964
      0.249968
      0.249964
      0.249968
      0.249964
      0.249968
      0.249964
      0.249968
      0.249964
      0.249968
      0.249964
      0.249968
      0.249964
      0.249968
      0.249964
      0.249968
      0.249964
      0.249968
      0.249964
      0.249968
      0.249964
      0.249968
      0.249964
      0.249968
      0.249964
      0.249968
      0.249964
      0.249968
      0.249964
      0.249968
      0.249964
      0.249968
      0.249964
      0.249968
      0.249964
      0.249968
      0.249964
      0.249968
      0.249964
      0.249968
      0.249964
      0.249968
      0.249964
      0.249968
      0.249964
      0.249968
      0.249964
      0.249968
      0.249964
      0.249968
      0.249964
      0.249968
      0.212791
       0.21279
      0.212791
       0.21279
      0.212791
       0.21279
      0.212791
       0.21279
      0.212791
       0.21279
      0.212791
       0.21279
      0.212791
       0.21279
      0.212791
       0.21279
      0.212791
       0.21279
      0.212791
       0.21279
      0.212791
       0.21279
      0.212791
       0.21279
      0.212791
       0.21279
      0.212791
       0.21279
      0.212791
       0.21279
      0.212791
       0.21279
      0.212791
       0.21279
      0.212791
       0.21279
      0.212791
       0.21279
      0.212791
       0.21279
      0.212791
       0.21279
      0.212791
       0.21279
      0.212791
       0.21279
      0.212791
       0.21279
      0.212791
       0.21279
      0.212791
       0.21279
      0.212791
       0.21279
      0.212791
       0.21279
      0.212791
       0.21279
      0.212791
      0.179816
      0.179813
      0.179816
      0.179813
      0.179816
      0.179813
      0.179816
      0.179813
      0.179816
      0.179813
      0.179816
      0.179813
      0.179816
      0.179813
      0.179816
      0.179813
      0.179816
      0.179813
      0.179816
      0.179813
      0.179816
      0.179813
      0.179816
      0.179813
      0.179816
      0.179813
      0.179816
      0.179813
      0.179816
      0.179813
      0.179816
      0.179813
      0.179816
      0.179813
      0.179816
      0.179813
      0.179816
      0.179813
      0.179816
      0.179813
      0.179816
      0.179813
      0.179816
      0.179813
      0.179816
      0.179813
      0.179816
      0.179813
      0.179816
      0.179813
      0.179816
      0.179813
      0.179816
      0.179813
      0.179816
      0.179813
      0.179816
      0.179813
      0.179816
      0.150822
      0.150822
      0.150822
      0.150822
      0.150822
      0.150822
      0.150822
      0.150822
      0.150822
      0.150822
      0.150822
      0.150822
      0.150822
      0.150822
      0.150822
      0.150822
      0.150822
      0.150822
      0.150822
      0.150822
      0.150822
      0.150822
      0.150822
      0.150822
      0.150822
      0.150822
      0.150822
      0.150822
      0.150822
      0.150822
      0.150822
      0.150822
      0.150822
      0.150822
      0.150822
      0.150822
      0.150822
      0.150822
      0.150822
      0.150822
      0.150822
      0.150822
      0.150822
      0.150822
      0.150822
      0.150822
      0.150822
      0.150822
      0.150822
      0.150822
      0.150822
      0.150822
      0.150822
      0.150822
      0.150822
      0.150822
      0.150822
      0.150822
      0.150822
      0.125571
       0.12557
      0.125571
       0.12557
      0.125571
       0.12557
      0.125571
       0.12557
      0.125571
       0.12557
      0.125571
       0.12557
      0.125571
       0.12557
      0.125571
       0.12557
      0.125571
       0.12557
      0.125571
       0.12557
      0.125571
       0.12557
      0.125571
       0.12557
      0.125571
       0.12557
      0.125571
       0.12557
      0.125571
       0.12557
      0.125571
       0.12557
      0.125571
       0.12557
      0.125571
       0.12557
      0.125571
       0.12557
      0.125571
       0.12557
      0.125571
       0.12557
      0.125571
       0.12557
      0.125571
       0.12557
      0.125571
       0.12557
      0.125571
       0.12557
      0.125571
       0.12557
      0.125571
       0.12557
      0.125571
       0.12557
      0.125571
       0.12557
      0.125571
      0.103776
      0.103776
      0.103776
      0.103776
      0.103776
      0.103776
      0.103776
      0.103776
      0.103776
      0.103776
      0.103776
      0.103776
      0.103776
      0.103776
      0.103776
      0.103776
      0.103776
      0.103776
      0.103776
      0.103776
      0.103776
      0.103776
      0.103776
      0.103776
      0.103776
      0.103776
      0.103776
      0.103776
      0.103776
      0.103775
      0.103776
      0.103776
      0.103776
      0.103776
      0.103776
      0.103776
      0.103776
      0.103776
      0.103776
      0.103776
      0.103776
      0.103776
      0.103776
      0.103776
      0.103776
      0.103776
      0.103776
      0.103776
      0.103776
      0.103776
      0.103776
      0.103776
      0.103776
      0.103776
      0.103776
      0.103776
      0.103776
      0.103776
      0.103776
     0.0851424
     0.0851425
     0.0851424
     0.0851425
     0.0851424
     0.0851425
     0.0851424
     0.0851425
     0.0851424
     0.0851425
     0.0851424
     0.0851425
     0.0851424
     0.0851425
     0.0851424
     0.0851425
     0.0851424
     0.0851425
     0.0851424
     0.0851425
     0.0851423
     0.0851424
     0.0851423
     0.0851424
     0.0851422
     0.0851423
     0.0851422
     0.0851423
     0.0851421
     0.0851423
     0.0851421
     0.0851423
     0.0851422
     0.0851423
     0.0851422
     0.0851424
     0.0851423
     0.0851424
     0.0851423
     0.0851425
     0.0851424
     0.0851425
     0.0851424
     0.0851425
     0.0851424
     0.0851425
     0.0851424
     0.0851425
     0.0851424
     0.0851425
     0.0851424
     0.0851425
     0.0851424
     0.0851425
     0.0851424
     0.0851425
     0.0851424
     0.0851425
     0.0851424
     0.0693645
     0.0693647
     0.0693645
     0.0693647
     0.0693645
     0.0693647
     0.0693645
     0.0693647
     0.0693645
     0.0693647
     0.0693645
     0.0693647
     0.0693645
     0.0693647
     0.0693645
     0.0693647
     0.0693645
     0.0693647
     0.0693644
     0.0693646
     0.0693644
     0.0693646
     0.0693643
     0.0693645
     0.0693642
     0.0693644
     0.0693641
     0.0693643
     0.0693641
     0.0693643
     0.0693641
     0.0693643
     0.0693641
     0.0693644
     0.0693642
     0.0693645
     0.0693643
     0.0693646
     0.0693644
     0.0693646
     0.0693644
     0.0693647
     0.0693645
     0.0693647
     0.0693645
     0.0693647
     0.0693645
     0.0693647
     0.0693645
     0.0693647
     0.0693645
     0.0693647
     0.0693645
     0.0693647
     0.0693645
     0.0693647
     0.0693645
     0.0693647
     0.0693645
     0.0561371
     0.0561382
     0.0561371
     0.0561382
     0.0561371
     0.0561382
     0.0561371
     0.0561382
     0.0561371
     0.0561382
     0.0561371
     0.0561382
     0.0561371
     0.0561382
     0.0561371
     0.0561382
      0.056137
     0.0561381
      0.056137
     0.0561381
     0.0561369
      0.056138
     0.0561368
     0.0561379
     0.0561367
     0.0561377
     0.0561365
     0.0561376
     0.0561364
     0.0561375
     0.0561364
     0.0561376
     0.0561365
     0.0561377
     0.0561367
     0.0561379
     0.0561368
      0.056138
     0.0561369
     0.0561381
      0.056137
     0.0561381
      0.056137
     0.0561382
     0.0561371
     0.0561382
     0.0561371
     0.0561382
     0.0561371
     0.0561382
     0.0561371
     0.0561382
     0.0561371
     0.0561382
     0.0561371
     0.0561382
     0.0561371
     0.0561382
     0.0561371
     0.0451709
     0.0451714
     0.0451709
     0.0451714
     0.0451709
     0.0451714
     0.0451709
     0.0451714
     0.0451709
     0.0451714
     0.0451709
     0.0451714
     0.0451709
     0.0451714
     0.0451709
     0.0451714
     0.0451709
     0.0451714
     0.0451709
     0.0451713
     0.0451708
     0.0451712
     0.0451706
      0.045171
     0.0451704
     0.0451708
     0.0451702
     0.0451705
       0.04517
     0.0451704
       0.04517
     0.0451705
     0.0451702
     0.0451708
     0.0451704
      0.045171
     0.0451706
     0.0451712
     0.0451708
     0.0451713
     0.0451709
     0.0451714
     0.0451709
     0.0451714
     0.0451709
     0.0451714
     0.0451709
     0.0451714
     0.0451709
     0.0451714
     0.0451709
     0.0451714
     0.0451709
     0.0451714
     0.0451709
     0.0451714
     0.0451709
     0.0451714
     0.0451709
     0.0361857
     0.0361875
     0.0361857
     0.0361875
     0.0361857
     0.0361875
     0.0361857
     0.0361875
     0.0361857
     0.0361875
     0.0361857
     0.0361875
     0.0361857
     0.0361874
     0.0361857
     0.0361874
     0.0361857
     0.0361874
     0.0361856
     0.0361873
     0.0361855
     0.0361871
     0.0361853
     0.0361869
      0.036185
     0.0361865
     0.0361846
     0.0361861
     0.0361843
      0.036186
     0.0361843
     0.0361861
     0.0361846
     0.0361865
      0.036185
     0.0361869
     0.0361853
     0.0361871
     0.0361855
     0.0361873
     0.0361856
     0.0361874
     0.0361857
     0.0361874
     0.0361857
     0.0361874
     0.0361857
     0.0361875
     0.0361857
     0.0361875
     0.0361857
     0.0361875
     0.0361857
     0.0361875
     0.0361857
     0.0361875
     0.0361857
     0.0361875
     0.0361857
     0.0289358
     0.0289364
     0.0289358
     0.0289364
     0.0289358
     0.0289364
     0.0289358
     0.0289364
     0.0289358
     0.0289364
     0.0289358
     0.0289364
     0.0289358
     0.0289364
     0.0289358
     0.0289364
     0.0289357
     0.0289364
     0.0289357
     0.0289362
     0.0289355
      0.028936
     0.0289352
     0.0289356
     0.0289347
     0.0289351
     0.0289341
     0.0289345
     0.0289336
     0.0289342
     0.0289336
     0.0289345
     0.0289341
     0.0289351
     0.0289347
     0.0289356
     0.0289352
      0.028936
     0.0289355
     0.0289362
     0.0289357
     0.0289364
     0.0289357
     0.0289364
     0.0289358
     0.0289364
     0.0289358
     0.0289364
     0.0289358
     0.0289364
     0.0289358
     0.0289364
     0.0289358
     0.0289364
     0.0289358
     0.0289364
     0.0289358
     0.0289364
     0.0289358
     0.0231894
     0.0231915
     0.0231894
     0.0231915
     0.0231894
     0.0231915
     0.0231894
     0.0231915
     0.0231894
     0.0231915
     0.0231894
     0.0231915
     0.0231894
     0.0231915
     0.0231894
     0.0231914
     0.0231893
     0.0231914
     0.0231892
     0.0231912
      0.023189
     0.0231909
     0.0231886
     0.0231904
      0.023188
     0.0231896
      0.023187
     0.0231885
     0.0231861
      0.023188
     0.0231861
     0.0231885
      0.023187
     0.0231896
      0.023188
     0.0231904
     0.0231886
     0.0231909
      0.023189
     0.0231912
     0.0231892
     0.0231914
     0.0231893
     0.0231914
     0.0231894
     0.0231915
     0.0231894
     0.0231915
     0.0231894
     0.0231915
     0.0231894
     0.0231915
     0.0231894
     0.0231915
     0.0231894
     0.0231915
     0.0231894
     0.0231915
     0.0231894
     0.0187609
     0.0187616
     0.0187609
     0.0187616
     0.0187609
     0.0187616
     0.0187609
     0.0187616
     0.0187609
     0.0187616
     0.0187609
     0.0187616
     0.0187609
     0.0187616
     0.0187608
     0.0187615
     0.0187608
     0.0187615
     0.0187607
     0.0187613
     0.0187604
     0.0187609
     0.0187599
     0.0187602
      0.018759
      0.018759
     0.0187574
     0.0187572
     0.0187558
     0.0187562
     0.0187558
     0.0187572
     0.0187574
      0.018759
      0.018759
     0.0187602
     0.0187599
     0.0187609
     0.0187604
     0.0187613
     0.0187607
     0.0187615
     0.0187608
     0.0187615
     0.0187608
     0.0187616
     0.0187609
     0.0187616
     0.0187609
     0.0187616
     0.0187609
     0.0187616
     0.0187609
     0.0187616
     0.0187609
     0.0187616
     0.0187609
     0.0187616
     0.0187609
     0.0154811
     0.0154834
     0.0154811
     0.0154834
     0.0154811
     0.0154834
     0.0154811
     0.0154834
     0.0154811
     0.0154834
     0.0154811
     0.0154834
     0.0154811
     0.0154833
     0.0154811
     0.0154833
      0.015481
     0.0154832
     0.0154809
      0.015483
     0.0154806
     0.0154826
       0.01548
     0.0154817
     0.0154787
     0.0154799
     0.0154763
      0.015477
     0.0154734
     0.0154749
     0.0154734
      0.015477
     0.0154763
     0.0154799
     0.0154787
     0.0154817
       0.01548
     0.0154826
     0.0154806
      0.015483
     0.0154809
     0.0154832
      0.015481
     0.0154833
     0.0154811
     0.0154833
     0.0154811
     0.0154834
     0.0154811
     0.0154834
     0.0154811
     0.0154834
     0.0154811
     0.0154834
     0.0154811
     0.0154834
     0.0154811
     0.0154834
     0.0154811
     0.0132329
     0.0132337
     0.0132329
     0.0132337
     0.0132329
     0.0132337
     0.0132329
     0.0132337
     0.0132329
     0.0132337
     0.0132329
     0.0132337
     0.0132329
     0.0132337
     0.0132329
     0.0132336
     0.0132328
     0.0132335
     0.0132327
     0.0132333
     0.0132323
     0.0132328
     0.0132316
     0.0132317
       0.01323
     0.0132293
     0.0132266
     0.0132246
     0.0132207
     0.0132198
     0.0132207
     0.0132246
     0.0132266
     0.0132293
       0.01323
     0.0132317
     0.0132316
     0.0132328
     0.0132323
     0.0132333
     0.0132327
     0.0132335
     0.0132328
     0.0132336
     0.0132329
     0.0132337
     0.0132329
     0.0132337
     0.0132329
     0.0132337
     0.0132329
     0.0132337
     0.0132329
     0.0132337
     0.0132329
     0.0132337
     0.0132329
     0.0132337
     0.0132329
     0.0119167
      0.011919
     0.0119167
      0.011919
     0.0119167
      0.011919
     0.0119167
      0.011919
     0.0119167
      0.011919
     0.0119167
      0.011919
     0.0119167
      0.011919
     0.0119167
     0.0119189
     0.0119166
     0.0119188
     0.0119165
     0.0119186
     0.0119161
      0.011918
     0.0119153
     0.0119168
     0.0119134
     0.0119139
      0.011909
     0.0119068
     0.0118974
     0.0118954
     0.0118974
     0.0119068
      0.011909
     0.0119139
     0.0119134
     0.0119168
     0.0119153
      0.011918
     0.0119161
     0.0119186
     0.0119165
     0.0119188
     0.0119166
     0.0119189
     0.0119167
      0.011919
     0.0119167
      0.011919
     0.0119167
      0.011919
     0.0119167
      0.011919
     0.0119167
      0.011919
     0.0119167
      0.011919
     0.0119167
      0.011919
     0.0119167
     0.0114871
     0.0114879
     0.0114871
     0.0114879
     0.0114871
     0.0114879
     0.0114871
     0.0114879
     0.0114871
     0.0114879
     0.0114871
     0.0114878
     0.0114871
     0.0114878
     0.0114871
     0.0114878
      0.011487
     0.0114877
     0.0114868
     0.0114874
     0.0114865
     0.0114869
     0.0114856
     0.0114856
     0.0114836
     0.0114825
     0.0114786
      0.011474
     0.0114635
     0.0114439
     0.0114635
      0.011474
     0.0114786
     0.0114825
     0.0114836
     0.0114856
     0.0114856
     0.0114869
     0.0114865
     0.0114874
     0.0114868
     0.0114877
      0.011487
     0.0114878
     0.0114871
     0.0114878
     0.0114871
     0.0114878
     0.0114871
     0.0114879
     0.0114871
     0.0114879
     0.0114871
     0.0114879
     0.0114871
     0.0114879
     0.0114871
     0.0114879
     0.0114871
     0.0119167
      0.011919
     0.0119167
      0.011919
     0.0119167
      0.011919
     0.0119167
      0.011919
     0.0119167
      0.011919
     0.0119167
      0.011919
     0.0119167
      0.011919
     0.0119167
     0.0119189
     0.0119166
     0.0119188
     0.0119165
     0.0119186
     0.0119161
      0.011918
     0.0119153
     0.0119168
     0.0119134
     0.0119139
      0.011909
     0.0119068
     0.0118974
     0.0118954
     0.0118974
     0.0119068
      0.011909
     0.0119139
     0.0119134
     0.0119168
     0.0119153
      0.011918
     0.0119161
     0.0119186
     0.0119165
     0.0119188
     0.0119166
     0.0119189
     0.0119167
      0.011919
     0.0119167
      0.011919
     0.0119167
      0.011919
     0.0119167
      0.011919
     0.0119167
      0.011919
     0.0119167
      0.011919
     0.0119167
      0.011919
     0.0119167
     0.0132329
     0.0132337
     0.0132329
     0.0132337
     0.0132329
     0.0132337
     0.0132329
     0.0132337
     0.0132329
     0.0132337
     0.0132329
     0.0132337
     0.0132329
     0.0132337
     0.0132329
     0.0132336
     0.0132328
     0.0132335
     0.0132327
     0.0132333
     0.0132323
     0.0132328
     0.0132316
     0.0132317
       0.01323
     0.0132293
     0.0132266
     0.0132246
     0.0132207
     0.0132198
     0.0132207
     0.0132246
     0.0132266
     0.0132293
       0.01323
     0.0132317
     0.0132316
     0.0132328
     0.0132323
     0.0132333
     0.0132327
     0.0132335
     0.0132328
     0.0132336
     0.0132329
     0.0132337
     0.0132329
     0.0132337
     0.0132329
     0.0132337
     0.0132329
     0.0132337
     0.0132329
     0.0132337
     0.0132329
     0.0132337
     0.0132329
     0.0132337
     0.0132329
     0.0154811
     0.0154834
     0.0154811
     0.0154834
     0.0154811
     0.0154834
     0.0154811
     0.0154834
     0.0154811
     0.0154834
     0.0154811
     0.0154834
     0.0154811
     0.0154833
     0.0154811
     0.0154833
      0.015481
     0.0154832
     0.0154809
      0.015483
     0.0154806
     0.0154826
       0.01548
     0.0154817
     0.0154787
     0.0154799
     0.0154763
      0.015477
     0.0154734
     0.0154749
     0.0154734
      0.015477
     0.0154763
     0.0154799
     0.0154787
     0.0154817
       0.01548
     0.0154826
     0.0154806
      0.015483
     0.0154809
     0.0154832
      0.015481
     0.0154833
     0.0154811
     0.0154833
     0.0154811
     0.0154834
     0.0154811
     0.0154834
     0.0154811
     0.0154834
     0.0154811
     0.0154834
     0.0154811
     0.0154834
     0.0154811
     0.0154834
     0.0154811
     0.0187609
     0.0187616
     0.0187609
     0.0187616
     0.0187609
     0.0187616
     0.0187609
     0.0187616
     0.0187609
     0.0187616
     0.0187609
     0.0187616
     0.0187609
     0.0187616
     0.0187608
     0.0187615
     0.0187608
     0.0187615
     0.0187607
     0.0187613
     0.0187604
     0.0187609
     0.0187599
     0.0187602
      0.018759
      0.018759
     0.0187574
     0.0187572
     0.0187558
     0.0187562
     0.0187558
     0.0187572
     0.0187574
      0.018759
      0.018759
     0.0187602
     0.0187599
     0.0187609
     0.0187604
     0.0187613
     0.0187607
     0.0187615
     0.0187608
     0.0187615
     0.0187608
     0.0187616
     0.0187609
     0.0187616
     0.0187609
     0.0187616
     0.0187609
     0.0187616
     0.0187609
     0.0187616
     0.0187609
     0.0187616
     0.0187609
     0.0187616
     0.0187609
     0.0231894
     0.0231915
     0.0231894
     0.0231915
     0.0231894
     0.0231915
     0.0231894
     0.0231915
     0.0231894
     0.0231915
     0.0231894
     0.0231915
     0.0231894
     0.0231915
     0.0231894
     0.0231914
     0.0231893
     0.0231914
     0.0231892
     0.0231912
      0.023189
     0.0231909
     0.0231886
     0.0231904
      0.023188
     0.0231896
      0.023187
     0.0231885
     0.0231861
      0.023188
     0.0231861
     0.0231885
      0.023187
     0.0231896
      0.023188
     0.0231904
     0.0231886
     0.0231909
      0.023189
     0.0231912
     0.0231892
     0.0231914
     0.0231893
     0.0231914
     0.0231894
     0.0231915
     0.0231894
     0.0231915
     0.0231894
     0.0231915
     0.0231894
     0.0231915
     0.0231894
     0.0231915
     0.0231894
     0.0231915
     0.0231894
     0.0231915
     0.0231894
     0.0289358
     0.0289364
     0.0289358
     0.0289364
     0.0289358
     0.0289364
     0.0289358
     0.0289364
     0.0289358
     0.0289364
     0.0289358
     0.0289364
     0.0289358
     0.0289364
     0.0289358
     0.0289364
     0.0289357
     0.0289364
     0.0289357
     0.0289362
     0.0289355
      0.028936
     0.0289352
     0.0289356
     0.0289347
     0.0289351
     0.0289341
     0.0289345
     0.0289336
     0.0289342
     0.0289336
     0.0289345
     0.0289341
     0.0289351
     0.0289347
     0.0289356
     0.0289352
      0.028936
     0.0289355
     0.0289362
     0.0289357
     0.0289364
     0.0289357
     0.0289364
     0.0289358
     0.0289364
     0.0289358
     0.0289364
     0.0289358
     0.0289364
     0.0289358
     0.0289364
     0.0289358
     0.0289364
     0.0289358
     0.0289364
     0.0289358
     0.0289364
     0.0289358
     0.0361857
     0.0361875
     0.0361857
     0.0361875
     0.0361857
     0.0361875
     0.0361857
     0.0361875
     0.0361857
     0.0361875
     0.0361857
     0.0361875
     0.0361857
     0.0361874
     0.0361857
     0.0361874
     0.0361857
     0.0361874
     0.0361856
     0.0361873
     0.0361855
     0.0361871
     0.0361853
     0.0361869
      0.036185
     0.0361865
     0.0361846
     0.0361861
     0.0361843
      0.036186
     0.0361843
     0.0361861
     0.0361846
     0.0361865
      0.036185
     0.0361869
     0.0361853
     0.0361871
     0.0361855
     0.0361873
     0.0361856
     0.0361874
     0.0361857
     0.0361874
     0.0361857
     0.0361874
     0.0361857
     0.0361875
     0.0361857
     0.0361875
     0.0361857
     0.0361875
     0.0361857
     0.0361875
     0.0361857
     0.0361875
     0.0361857
     0.0361875
     0.0361857
     0.0451709
     0.0451714
     0.0451709
     0.0451714
     0.0451709
     0.0451714
     0.0451709
     0.0451714
     0.0451709
     0.0451714
     0.0451709
     0.0451714
     0.0451709
     0.0451714
     0.0451709
     0.0451714
     0.0451709
     0.0451714
     0.0451709
     0.0451713
     0.0451708
     0.0451712
     0.0451706
      0.045171
     0.0451704
     0.0451708
     0.0451702
     0.0451705
       0.04517
     0.0451704
       0.04517
     0.0451705
     0.0451702
     0.0451708
     0.0451704
      0.045171
     0.0451706
     0.0451712
     0.0451708
     0.0451713
     0.0451709
     0.0451714
     0.0451709
     0.0451714
     0.0451709
     0.0451714
     0.0451709
     0.0451714
     0.0451709
     0.0451714
     0.0451709
     0.0451714
     0.0451709
     0.0451714
     0.0451709
     0.0451714
     0.0451709
     0.0451714
     0.0451709
     0.0561371
     0.0561382
     0.0561371
     0.0561382
     0.0561371
     0.0561382
     0.0561371
     0.0561382
     0.0561371
     0.0561382
     0.0561371
     0.0561382
     0.0561371
     0.0561382
     0.0561371
     0.0561382
      0.056137
     0.0561381
      0.056137
     0.0561381
     0.0561369
      0.056138
     0.0561368
     0.0561379
     0.0561367
     0.0561377
     0.0561365
     0.0561376
     0.0561364
     0.0561375
     0.0561364
     0.0561376
     0.0561365
     0.0561377
     0.0561367
     0.0561379
     0.0561368
      0.056138
     0.0561369
     0.0561381
      0.056137
     0.0561381
      0.056137
     0.0561382
     0.0561371
     0.0561382
     0.0561371
     0.0561382
     0.0561371
     0.0561382
     0.0561371
     0.0561382
     0.0561371
     0.0561382
     0.0561371
     0.0561382
     0.0561371
     0.0561382
     0.0561371
     0.0693645
     0.0693647
     0.0693645
     0.0693647
     0.0693645
     0.0693647
     0.0693645
     0.0693647
     0.0693645
     0.0693647
     0.0693645
     0.0693647
     0.0693645
     0.0693647
     0.0693645
     0.0693647
     0.0693645
     0.0693647
     0.0693644
     0.0693646
     0.0693644
     0.0693646
     0.0693643
     0.0693645
     0.0693642
     0.0693644
     0.0693641
     0.0693643
     0.0693641
     0.0693643
     0.0693641
     0.0693643
     0.0693641
     0.0693644
     0.0693642
     0.0693645
     0.0693643
     0.0693646
     0.0693644
     0.0693646
     0.0693644
     0.0693647
     0.0693645
     0.0693647
     0.0693645
     0.0693647
     0.0693645
     0.0693647
     0.0693645
     0.0693647
     0.0693645
     0.0693647
     0.0693645
     0.0693647
     0.0693645
     0.0693647
     0.0693645
     0.0693647
     0.0693645
     0.0851424
     0.0851425
     0.0851424
     0.0851425
     0.0851424
     0.0851425
     0.0851424
     0.0851425
     0.0851424
     0.0851425
     0.0851424
     0.0851425
     0.0851424
     0.0851425
     0.0851424
     0.0851425
     0.0851424
     0.0851425
     0.0851424
     0.0851425
     0.0851423
     0.0851424
     0.0851423
     0.0851424
     0.0851422
     0.0851423
     0.0851422
     0.0851423
     0.0851421
     0.0851423
     0.0851421
     0.0851423
     0.0851422
     0.0851423
     0.0851422
     0.0851424
     0.0851423
     0.0851424
     0.0851423
     0.0851425
     0.0851424
     0.0851425
     0.0851424
     0.0851425
     0.0851424
     0.0851425
     0.0851424
     0.0851425
     0.0851424
     0.0851425
     0.0851424
     0.0851425
     0.0851424
     0.0851425
     0.0851424
     0.0851425
     0.0851424
     0.0851425
     0.0851424
      0.103776
      0.103776
      0.103776
      0.103776
      0.103776
      0.103776
      0.103776
      0.103776
      0.103776
      0.103776
      0.103776
      0.103776
      0.103776
      0.103776
      0.103776
      0.103776
      0.103776
      0.103776
      0.103776
      0.103776
      0.103776
      0.103776
      0.103776
      0.103776
      0.103776
      0.103776
      0.103776
      0.103776
      0.103776
      0.103775
      0.103776
      0.103776
      0.103776
      0.103776
      0.103776
      0.103776
      0.103776
      0.103776
      0.103776
      0.103776
      0.103776
      0.103776
      0.103776
      0.103776
      0.103776
      0.103776
      0.103776
      0.103776
      0.103776
      0.103776
      0.103776
      0.103776
      0.103776
      0.103776
      0.103776
      0.103776
      0.103776
      0.103776
      0.103776
      0.125571
       0.12557
      0.125571
       0.12557
      0.125571
       0.12557
      0.125571
       0.12557
      0.125571
       0.12557
      0.125571
       0.12557
      0.125571
       0.12557
      0.125571
       0.12557
      0.125571
       0.12557
      0.125571
       0.12557
      0.125571
       0.12557
      0.125571
       0.12557
      0.125571
       0.12557
      0.125571
       0.12557
      0.125571
       0.12557
      0.125571
       0.12557
      0.125571
       0.12557
      0.125571
       0.12557
      0.125571
       0.12557
      0.125571
       0.12557
      0.125571
       0.12557
      0.125571
       0.12557
      0.125571
       0.12557
      0.125571
       0.12557
      0.125571
       0.12557
      0.125571
       0.12557
      0.125571
       0.12557
      0.125571
       0.12557
      0.125571
       0.12557
      0.125571
      0.150822
      0.150822
      0.150822
      0.150822
      0.150822
      0.150822
      0.150822
      0.150822
      0.150822
      0.150822
      0.150822
      0.150822
      0.150822
      0.150822
      0.150822
      0.150822
      0.150822
      0.150822
      0.150822
      0.150822
      0.150822
      0.150822
      0.150822
      0.150822
      0.150822
      0.150822
      0.150822
      0.150822
      0.150822
      0.150822
      0.150822
      0.150822
      0.150822
      0.150822
      0.150822
      0.150822
      0.150822
      0.150822
      0.150822
      0.150822
      0.150822
      0.150822
      0.150822
      0.150822
      0.150822
      0.150822
      0.150822
      0.150822
      0.150822
      0.150822
      0.150822
      0.150822
      0.150822
      0.150822
      0.150822
      0.150822
      0.150822
      0.150822
      0.150822
      0.179816
      0.179813
      0.179816
      0.179813
      0.179816
      0.179813
      0.179816
      0.179813
      0.179816
      0.179813
      0.179816
      0.179813
      0.179816
      0.179813
      0.179816
      0.179813
      0.179816
      0.179813
      0.179816
      0.179813
      0.179816
      0.179813
      0.179816
      0.179813
      0.179816
      0.179813
      0.179816
      0.179813
      0.179816
      0.179813
      0.179816
      0.179813
      0.179816
      0.179813
      0.179816
      0.179813
      0.179816
      0.179813
      0.179816
      0.179813
      0.179816
      0.179813
      0.179816
      0.179813
      0.179816
      0.179813
      0.179816
      0.179813
      0.179816
      0.179813
      0.179816
      0.179813
      0.179816
      0.179813
      0.179816
      0.179813
      0.179816
      0.179813
      0.179816
      0.212791
       0.21279
      0.212791
       0.21279
      0.212791
       0.21279
      0.212791
       0.21279
      0.212791
       0.21279
      0.212791
       0.21279
      0.212791
       0.21279
      0.212791
       0.21279
      0.212791
       0.21279
      0.212791
       0.21279
      0.212791
       0.21279
      0.212791
       0.21279
      0.212791
       0.21279
      0.212791
       0.21279
      0.212791
       0.21279
      0.212791
       0.21279
      0.212791
       0.21279
      0.212791
       0.21279
      0.212791
       0.21279
      0.212791
       0.21279
      0.212791
       0.21279
      0.212791
       0.21279
      0.212791
       0.21279
      0.212791
       0.21279
      0.212791
       0.21279
      0.212791
       0.21279
      0.212791
       0.21279
      0.212791
       0.21279
      0.212791
       0.21279
      0.212791
      0.249968
      0.249964
      0.249968
      0.249964
      0.249968
      0.249964
      0.249968
      0.249964
      0.249968
      0.249964
      0.249968
      0.249964
      0.249968
      0.249964
      0.249968
      0.249964
      0.249968
      0.249964
      0.249968
      0.249964
      0.249968
      0.249964
      0.249968
      0.249964
      0.249968
      0.249964
      0.249968
      0.249964
      0.249968
      0.249964
      0.249968
      0.249964
      0.249968
      0.249964
      0.249968
      0.249964
      0.249968
      0.249964
      0.249968
      0.249964
      0.249968
      0.249964
      0.249968
      0.249964
      0.249968
      0.249964
      0.249968
      0.249964
      0.249968
      0.249964
      0.249968
      0.249964
      0.249968
      0.249964
      0.249968
      0.249964
      0.249968
      0.249964
      0.249968
      0.291484
      0.291483
      0.291484
      0.291483
      0.291484
      0.291483
      0.291484
      0.291483
      0.291484
      0.291483
      0.291484
      0.291483
      0.291484
      0.291483
      0.291484
      0.291483
      0.291484
      0.291483
      0.291484
      0.291483
      0.291484
      0.291483
      0.291484
      0.291483
      0.291484
      0.291483
      0.291484
      0.291483
      0.291484
      0.291483
      0.291484
      0.291483
      0.291484
      0.291483
      0.291484
      0.291483
      0.291484
      0.291483
      0.291484
      0.291483
      0.291484
      0.291483
      0.291484
      0.291483
      0.291484
      0.291483
      0.291484
      0.291483
      0.291484
      0.291483
      0.291484
      0.291483
      0.291484
      0.291483
      0.291484
      0.291483
      0.291484
      0.291483
      0.291484
      0.337444
      0.337438
      0.337444
      0.337438
      0.337444
      0.337438
      0.337444
      0.337438
      0.337444
      0.337438
      0.337444
      0.337438
      0.337444
      0.337438
      0.337444
      0.337438
      0.337444
      0.337438
      0.337444
      0.337438
      0.337444
      0.337438
      0.337444
      0.337438
      0.337444
      0.337438
      0.337444
      0.337438
      0.337444
      0.337438
      0.337444
      0.337438
      0.337444
      0.337438
      0.337444
      0.337438
      0.337444
      0.337438
      0.337444
      0.337438
      0.337444
      0.337438
      0.337444
      0.337438
      0.337444
      0.337438
      0.337444
      0.337438
      0.337444
      0.337438
      0.337444
      0.337438
      0.337444
      0.337438
      0.337444
      0.337438
      0.337444
      0.337438
      0.337444
      0.387838
      0.387836
      0.387838
      0.387836
      0.387838
      0.387836
      0.387838
      0.387836
      0.387838
      0.387836
      0.387838
      0.387836
      0.387838
      0.387836
      0.387838
      0.387836
      0.387838
      0.387836
      0.387838
      0.387836
      0.387838
      0.387836
      0.387838
      0.387836
      0.387838
      0.387836
      0.387838
      0.387836
      0.387838
      0.387836
      0.387838
      0.387836
      0.387838
      0.387836
      0.387838
      0.387836
      0.387838
      0.387836
      0.387838
      0.387836
      0.387838
      0.387836
      0.387838
      0.387836
      0.387838
      0.387836
      0.387838
      0.387836
      0.387838
      0.387836
      0.387838
      0.387836
      0.387838
      0.387836
      0.387838
      0.387836
      0.387838
      0.387836
      0.387838
      0.442615
      0.442609
      0.442615
      0.442609
      0.442615
      0.442609
      0.442615
      0.442609
      0.442615
      0.442609
      0.442615
      0.442609
      0.442615
      0.442609
      0.442615
      0.442609
      0.442615
      0.442609
      0.442615
      0.442609
      0.442615
      0.442609
      0.442615
      0.442609
      0.442615
      0.442609
      0.442615
      0.442609
      0.442615
      0.442609
      0.442615
      0.442609
      0.442615
      0.442609
      0.442615
      0.442609
      0.442615
      0.442609
      0.442615
      0.442609
      0.442615
      0.442609
      0.442615
      0.442609
      0.442615
      0.442609
      0.442615
      0.442609
      0.442615
      0.442609
      0.442615
      0.442609
      0.442615
      0.442609
      0.442615
      0.442609
      0.442615
      0.442609
      0.442615
      0.501589
      0.501587
      0.501589
      0.501587
      0.501589
      0.501587
      0.501589
      0.501587
      0.501589
      0.501587
      0.501589
      0.501587
      0.501589
      0.501587
      0.501589
      0.501587
      0.501589
      0.501587
      0.501589
      0.501587
      0.501589
      0.501587
      0.501589
      0.501587
      0.501589
      0.501587
      0.501589
      0.501587
      0.501589
      0.501587
      0.501589
      0.501587
      0.501589
      0.501587
      0.501589
      0.501587
      0.501589
      0.501587
      0.501589
      0.501587
      0.501589
      0.501587
      0.501589
      0.501587
      0.501589
      0.501587
      0.501589
      0.501587
      0.501589
      0.501587
      0.501589
      0.501587
      0.501589
      0.501587
      0.501589
      0.501587
      0.501589
      0.501587
      0.501589
      0.564528
      0.564522
      0.564528
      0.564522
      0.564528
      0.564522
      0.564528
      0.564522
      0.564528
      0.564522
      0.564528
      0.564522
      0.564528
      0.564522
      0.564528
      0.564522
      0.564528
      0.564522
      0.564528
      0.564522
      0.564528
      0.564522
      0.564528
      0.564522
      0.564528
      0.564522
      0.564528
      0.564522
      0.564528
      0.564522
      0.564528
      0.564522
      0.564528
      0.564522
      0.564528
      0.564522
      0.564528
      0.564522
      0.564528
      0.564522
      0.564528
      0.564522
      0.564528
      0.564522
      0.564528
      0.564522
      0.564528
      0.564522
      0.564528
      0.564522
      0.564528
      0.564522
      0.564528
      0.564522
      0.564528
      0.564522
      0.564528
      0.564522
      0.564528
      0.631059
      0.631058
      0.631059
      0.631058
      0.631059
      0.631058
      0.631059
      0.631058
      0.631059
      0.631058
      0.631059
      0.631058
      0.631059
      0.631058
      0.631059
      0.631058
      0.631059
      0.631058
      0.631059
      0.631058
      0.631059
      0.631058
      0.631059
      0.631058
      0.631059
      0.631058
      0.631059
      0.631058
      0.631059
      0.631058
      0.631059
      0.631058
      0.631059
      0.631058
      0.631059
      0.631058
      0.631059
      0.631058
      0.631059
      0.631058
      0.631059
      0.631058
      0.631059
      0.631058
      0.631059
      0.631058
      0.631059
      0.631058
      0.631059
      0.631058
      0.631059
      0.631058
      0.631059
      0.631058
      0.631059
      0.631058
      0.631059
      0.631058
      0.631059
       0.70077
      0.700765
       0.70077
      0.700765
       0.70077
      0.700765
       0.70077
      0.700765
       0.70077
      0.700765
       0.70077
      0.700765
       0.70077
      0.700765
       0.70077
      0.700765
       0.70077
      0.700765
       0.70077
      0.700765
       0.70077
      0.700765
       0.70077
      0.700765
       0.70077
      0.700765
       0.70077
      0.700765
       0.70077
      0.700765
       0.70077
      0.700765
       0.70077
      0.700765
       0.70077
      0.700765
       0.70077
      0.700765
       0.70077
      0.700765
       0.70077
      0.700765
       0.70077
      0.700765
       0.70077
      0.700765
       0.70077
      0.700765
       0.70077
      0.700765
       0.70077
      0.700765
       0.70077
      0.700765
       0.70077
      0.700765
       0.70077
      0.700765
       0.70077
      0.773123
      0.773122
      0.773123
      0.773122
      0.773123
      0.773122
      0.773123
      0.773122
      0.773123
      0.773122
      0.773123
      0.773122
      0.773123
      0.773122
      0.773123
      0.773122
      0.773123
      0.773122
      0.773123
      0.773122
      0.773123
      0.773122
      0.773123
      0.773122
      0.773123
      0.773122
      0.773123
      0.773122
      0.773123
      0.773122
      0.773123
      0.773122
      0.773123
      0.773122
      0.773123
      0.773122
      0.773123
      0.773122
      0.773123
      0.773122
      0.773123
      0.773122
      0.773123
      0.773122
      0.773123
      0.773122
      0.773123
      0.773122
      0.773123
      0.773122
      0.773123
      0.773122
      0.773123
      0.773122
      0.773123
      0.773122
      0.773123
      0.773122
      0.773123
      0.847551
      0.847548
      0.847551
      0.847548
      0.847551
      0.847548
      0.847551
      0.847548
      0.847551
      0.847548
      0.847551
      0.847548
      0.847551
      0.847548
      0.847551
      0.847548
      0.847551
      0.847548
      0.847551
      0.847548
      0.847551
      0.847548
      0.847551
      0.847548
      0.847551
      0.847548
      0.847551
      0.847548
      0.847551
      0.847548
      0.847551
      0.847548
      0.847551
      0.847548
      0.847551
      0.847548
      0.847551
      0.847548
      0.847551
      0.847548
      0.847551
      0.847548
      0.847551
      0.847548
      0.847551
      0.847548
      0.847551
      0.847548
      0.847551
      0.847548
      0.847551
      0.847548
      0.847551
      0.847548
      0.847551
      0.847548
      0.847551
      0.847548
      0.847551
        0.9234
      0.923399
        0.9234
      0.923399
        0.9234
      0.923399
        0.9234
      0.923399
        0.9234
      0.923399
        0.9234
      0.923399
        0.9234
      0.923399
        0.9234
      0.923399
        0.9234
      0.923399
        0.9234
      0.923399
        0.9234
      0.923399
        0.9234
      0.923399
        0.9234
      0.923399
        0.9234
      0.923399
        0.9234
      0.923399
        0.9234
      0.923399
        0.9234
      0.923399
        0.9234
      0.923399
        0.9234
      0.923399
        0.9234
      0.923399
        0.9234
      0.923399
        0.9234
      0.923399
        0.9234
      0.923399
        0.9234
      0.923399
        0.9234
      0.923399
        0.9234
      0.923399
        0.9234
      0.923399
        0.9234
      0.923399
        0.9234
      0.923399
        0.9234
             1
             1
             1
             1
             1
             1
             1
             1
             1
             1
             1
             1
             1
             1
             1
             1
             1
             1
             1
             1
             1
             1
             1
             1
             1
             1
             1
             1
             1
             1
             1
             1
             1
             1
             1
             1
             1
             1
             1
             1
             1
             1
             1
             1
             1
             1
             1
             1
             1
             1
             1
             1
             1
             1
             1
             1
             1
             1
             1
