             1
             1
             1
             1
             1
             1
             1
             1
             1
             1
             1
             1
             1
             1
             1
             1
             1
             1
             1
             1
             1
             1
             1
             1
             1
             1
             1
             1
             1
             1
             1
             1
             1
             1
             1
             1
             1
             1
             1
             1
             1
             1
             1
             1
             1
             1
             1
             1
             1
             1
             1
             1
             1
             1
             1
             1
             1
             1
             1
      0.924828
      0.924827
      0.924828
      0.924827
      0.924828
      0.924827
      0.924828
      0.924827
      0.924828
      0.924827
      0.924828
      0.924827
      0.924828
      0.924827
      0.924828
      0.924827
      0.924828
      0.924827
      0.924828
      0.924827
      0.924828
      0.924827
      0.924828
      0.924827
      0.924828
      0.924827
      0.924828
      0.924827
      0.924828
      0.924827
      0.924828
      0.924827
      0.924828
      0.924827
      0.924828
      0.924827
      0.924828
      0.924827
      0.924828
      0.924827
      0.924828
      0.924827
      0.924828
      0.924827
      0.924828
      0.924827
      0.924828
      0.924827
      0.924828
      0.924827
      0.924828
      0.924827
      0.924828
      0.924827
      0.924828
      0.924827
      0.924828
      0.924827
      0.924828
      0.850368
      0.850366
      0.850368
      0.850366
      0.850368
      0.850366
      0.850368
      0.850366
      0.850368
      0.850366
      0.850368
      0.850366
      0.850368
      0.850366
      0.850368
      0.850366
      0.850368
      0.850366
      0.850368
      0.850366
      0.850368
      0.850366
      0.850368
      0.850366
      0.850368
      0.850366
      0.850368
      0.850366
      0.850368
      0.850366
      0.850368
      0.850366
      0.850368
      0.850366
      0.850368
      0.850366
      0.850368
      0.850366
      0.850368
      0.850366
      0.850368
      0.850366
      0.850368
      0.850366
      0.850368
      0.850366
      0.850368
      0.850366
      0.850368
      0.850366
      0.850368
      0.850366
      0.850368
      0.850366
      0.850368
      0.850366
      0.850368
      0.850366
      0.850368
      0.777254
      0.777253
      0.777254
      0.777253
      0.777254
      0.777253
      0.777254
      0.777253
      0.777254
      0.777253
      0.777254
      0.777253
      0.777254
      0.777253
      0.777254
      0.777253
      0.777254
      0.777253
      0.777254
      0.777253
      0.777254
      0.777253
      0.777254
      0.777253
      0.777254
      0.777253
      0.777254
      0.777253
      0.777254
      0.777253
      0.777254
      0.777253
      0.777254
      0.777253
      0.777254
      0.777253
      0.777254
      0.777253
      0.777254
      0.777253
      0.777254
      0.777253
      0.777254
      0.777253
      0.777254
      0.777253
      0.777254
      0.777253
      0.777254
      0.777253
      0.777254
      0.777253
      0.777254
      0.777253
      0.777254
      0.777253
      0.777254
      0.777253
      0.777254
      0.706104
      0.706101
      0.706104
      0.706101
      0.706104
      0.706101
      0.706104
      0.706101
      0.706104
      0.706101
      0.706104
      0.706101
      0.706104
      0.706101
      0.706104
      0.706101
      0.706104
      0.706101
      0.706104
      0.706101
      0.706104
      0.706101
      0.706104
      0.706101
      0.706104
      0.706101
      0.706104
      0.706101
      0.706104
      0.706101
      0.706104
      0.706101
      0.706104
      0.706101
      0.706104
      0.706101
      0.706104
      0.706101
      0.706104
      0.706101
      0.706104
      0.706101
      0.706104
      0.706101
      0.706104
      0.706101
      0.706104
      0.706101
      0.706104
      0.706101
      0.706104
      0.706101
      0.706104
      0.706101
      0.706104
      0.706101
      0.706104
      0.706101
      0.706104
      0.637461
      0.637459
      0.637461
      0.637459
      0.637461
      0.637459
      0.637461
      0.637459
      0.637461
      0.637459
      0.637461
      0.637459
      0.637461
      0.637459
      0.637461
      0.637459
      0.637461
      0.637459
      0.637461
      0.637459
      0.637461
      0.637459
      0.637461
      0.637459
      0.637461
      0.637459
      0.637461
      0.637459
      0.637461
      0.637459
      0.637461
      0.637459
      0.637461
      0.637459
      0.637461
      0.637459
      0.637461
      0.637459
      0.637461
      0.637459
      0.637461
      0.637459
      0.637461
      0.637459
      0.637461
      0.637459
      0.637461
      0.637459
      0.637461
      0.637459
      0.637461
      0.637459
      0.637461
      0.637459
      0.637461
      0.637459
      0.637461
      0.637459
      0.637461
      0.571833
      0.571828
      0.571833
      0.571828
      0.571833
      0.571828
      0.571833
      0.571828
      0.571833
      0.571828
      0.571833
      0.571828
      0.571833
      0.571828
      0.571833
      0.571828
      0.571833
      0.571828
      0.571833
      0.571828
      0.571833
      0.571828
      0.571833
      0.571828
      0.571833
      0.571828
      0.571833
      0.571828
      0.571833
      0.571828
      0.571833
      0.571828
      0.571833
      0.571828
      0.571833
      0.571828
      0.571833
      0.571828
      0.571833
      0.571828
      0.571833
      0.571828
      0.571833
      0.571828
      0.571833
      0.571828
      0.571833
      0.571828
      0.571833
      0.571828
      0.571833
      0.571828
      0.571833
      0.571828
      0.571833
      0.571828
      0.571833
      0.571828
      0.571833
      0.509624
      0.509622
      0.509624
      0.509622
      0.509624
      0.509622
      0.509624
      0.509622
      0.509624
      0.509622
      0.509624
      0.509622
      0.509624
      0.509622
      0.509624
      0.509622
      0.509624
      0.509622
      0.509624
      0.509622
      0.509624
      0.509622
      0.509624
      0.509622
      0.509624
      0.509622
      0.509624
      0.509622
      0.509624
      0.509622
      0.509624
      0.509622
      0.509624
      0.509622
      0.509624
      0.509622
      0.509624
      0.509622
      0.509624
      0.509622
      0.509624
      0.509622
      0.509624
      0.509622
      0.509624
      0.509622
      0.509624
      0.509622
      0.509624
      0.509622
      0.509624
      0.509622
      0.509624
      0.509622
      0.509624
      0.509622
      0.509624
      0.509622
      0.509624
      0.451192
      0.451186
      0.451192
      0.451186
      0.451192
      0.451186
      0.451192
      0.451186
      0.451192
      0.451186
      0.451192
      0.451186
      0.451192
      0.451186
      0.451192
      0.451186
      0.451192
      0.451186
      0.451192
      0.451186
      0.451192
      0.451186
      0.451192
      0.451186
      0.451192
      0.451186
      0.451192
      0.451186
      0.451192
      0.451186
      0.451192
      0.451186
      0.451192
      0.451186
      0.451192
      0.451186
      0.451192
      0.451186
      0.451192
      0.451186
      0.451192
      0.451186
      0.451192
      0.451186
      0.451192
      0.451186
      0.451192
      0.451186
      0.451192
      0.451186
      0.451192
      0.451186
      0.451192
      0.451186
      0.451192
      0.451186
      0.451192
      0.451186
      0.451192
       0.39677
      0.396768
       0.39677
      0.396768
       0.39677
      0.396768
       0.39677
      0.396768
       0.39677
      0.396768
       0.39677
      0.396768
       0.39677
      0.396768
       0.39677
      0.396768
       0.39677
      0.396768
       0.39677
      0.396768
       0.39677
      0.396768
       0.39677
      0.396768
       0.39677
      0.396768
       0.39677
      0.396768
       0.39677
      0.396768
       0.39677
      0.396768
       0.39677
      0.396768
       0.39677
      0.396768
       0.39677
      0.396768
       0.39677
      0.396768
       0.39677
      0.396768
       0.39677
      0.396768
       0.39677
      0.396768
       0.39677
      0.396768
       0.39677
      0.396768
       0.39677
      0.396768
       0.39677
      0.396768
       0.39677
      0.396768
       0.39677
      0.396768
       0.39677
      0.346549
      0.346544
      0.346549
      0.346544
      0.346549
      0.346544
      0.346549
      0.346544
      0.346549
      0.346544
      0.346549
      0.346544
      0.346549
      0.346544
      0.346549
      0.346544
      0.346549
      0.346544
      0.346549
      0.346544
      0.346549
      0.346544
      0.346549
      0.346544
      0.346549
      0.346544
      0.346548
      0.346544
      0.346548
      0.346544
      0.346548
      0.346544
      0.346548
      0.346544
      0.346549
      0.346544
      0.346549
      0.346544
      0.346549
      0.346544
      0.346549
      0.346544
      0.346549
      0.346544
      0.346549
      0.346544
      0.346549
      0.346544
      0.346549
      0.346544
      0.346549
      0.346544
      0.346549
      0.346544
      0.346549
      0.346544
      0.346549
      0.346544
      0.346549
       0.30059
      0.300589
       0.30059
      0.300589
       0.30059
      0.300589
       0.30059
      0.300589
       0.30059
      0.300589
       0.30059
      0.300589
       0.30059
      0.300589
       0.30059
      0.300589
       0.30059
      0.300589
       0.30059
      0.300589
       0.30059
      0.300589
       0.30059
      0.300589
       0.30059
      0.300589
       0.30059
      0.300589
       0.30059
      0.300589
       0.30059
      0.300589
       0.30059
      0.300589
       0.30059
      0.300589
       0.30059
      0.300589
       0.30059
      0.300589
       0.30059
      0.300589
       0.30059
      0.300589
       0.30059
      0.300589
       0.30059
      0.300589
       0.30059
      0.300589
       0.30059
      0.300589
       0.30059
      0.300589
       0.30059
      0.300589
       0.30059
      0.300589
       0.30059
       0.25892
      0.258916
       0.25892
      0.258916
       0.25892
      0.258916
       0.25892
      0.258916
       0.25892
      0.258916
       0.25892
      0.258916
       0.25892
      0.258916
       0.25892
      0.258916
       0.25892
      0.258916
       0.25892
      0.258916
       0.25892
      0.258916
       0.25892
      0.258916
       0.25892
      0.258916
       0.25892
      0.258916
       0.25892
      0.258916
       0.25892
      0.258916
       0.25892
      0.258916
       0.25892
      0.258916
       0.25892
      0.258916
       0.25892
      0.258916
       0.25892
      0.258916
       0.25892
      0.258916
       0.25892
      0.258916
       0.25892
      0.258916
       0.25892
      0.258916
       0.25892
      0.258916
       0.25892
      0.258916
       0.25892
      0.258916
       0.25892
      0.258916
       0.25892
      0.221453
      0.221452
      0.221453
      0.221452
      0.221453
      0.221452
      0.221453
      0.221452
      0.221453
      0.221452
      0.221453
      0.221452
      0.221453
      0.221452
      0.221453
      0.221452
      0.221453
      0.221452
      0.221453
      0.221452
      0.221453
      0.221452
      0.221453
      0.221452
      0.221453
      0.221452
      0.221453
      0.221452
      0.221453
      0.221452
      0.221453
      0.221452
      0.221453
      0.221452
      0.221453
      0.221452
      0.221453
      0.221452
      0.221453
      0.221452
      0.221453
      0.221452
      0.221453
      0.221452
      0.221453
      0.221452
      0.221453
      0.221452
      0.221453
      0.221452
      0.221453
      0.221452
      0.221453
      0.221452
      0.221453
      0.221452
      0.221453
      0.221452
      0.221453
      0.188075
      0.188072
      0.188075
      0.188072
      0.188075
      0.188072
      0.188075
      0.188072
      0.188075
      0.188072
      0.188075
      0.188072
      0.188075
      0.188072
      0.188075
      0.188072
      0.188075
      0.188072
      0.188075
      0.188072
      0.188075
      0.188072
      0.188075
      0.188072
      0.188075
      0.188072
      0.188075
      0.188072
      0.188075
      0.188072
      0.188075
      0.188072
      0.188075
      0.188072
      0.188075
      0.188072
      0.188075
      0.188072
      0.188075
      0.188072
      0.188075
      0.188072
      0.188075
      0.188072
      0.188075
      0.188072
      0.188075
      0.188072
      0.188075
      0.188072
      0.188075
      0.188072
      0.188075
      0.188072
      0.188075
      0.188072
      0.188075
      0.188072
      0.188075
      0.158589
      0.158589
      0.158589
      0.158589
      0.158589
      0.158589
      0.158589
      0.158589
      0.158589
      0.158589
      0.158589
      0.158589
      0.158589
      0.158589
      0.158589
      0.158589
      0.158589
      0.158589
      0.158589
      0.158589
      0.158589
      0.158589
      0.158589
      0.158589
      0.158589
      0.158588
      0.158589
      0.158588
      0.158589
      0.158588
      0.158589
      0.158588
      0.158589
      0.158588
      0.158589
      0.158589
      0.158589
      0.158589
      0.158589
      0.158589
      0.158589
      0.158589
      0.158589
      0.158589
      0.158589
      0.158589
      0.158589
      0.158589
      0.158589
      0.158589
      0.158589
      0.158589
      0.158589
      0.158589
      0.158589
      0.158589
      0.158589
      0.158589
      0.158589
      0.132781
       0.13278
      0.132781
       0.13278
      0.132781
       0.13278
      0.132781
       0.13278
      0.132781
       0.13278
      0.132781
       0.13278
      0.132781
       0.13278
      0.132781
       0.13278
      0.132781
       0.13278
      0.132781
       0.13278
      0.132781
       0.13278
      0.132781
       0.13278
      0.132781
       0.13278
      0.132781
       0.13278
      0.132781
       0.13278
      0.132781
       0.13278
      0.132781
       0.13278
      0.132781
       0.13278
      0.132781
       0.13278
      0.132781
       0.13278
      0.132781
       0.13278
      0.132781
       0.13278
      0.132781
       0.13278
      0.132781
       0.13278
      0.132781
       0.13278
      0.132781
       0.13278
      0.132781
       0.13278
      0.132781
       0.13278
      0.132781
       0.13278
      0.132781
      0.110388
      0.110388
      0.110388
      0.110388
      0.110388
      0.110388
      0.110388
      0.110388
      0.110388
      0.110388
      0.110388
      0.110388
      0.110388
      0.110388
      0.110388
      0.110388
      0.110388
      0.110388
      0.110388
      0.110388
      0.110388
      0.110388
      0.110388
      0.110388
      0.110388
      0.110388
      0.110388
      0.110388
      0.110388
      0.110388
      0.110388
      0.110388
      0.110388
      0.110388
      0.110388
      0.110388
      0.110388
      0.110388
      0.110388
      0.110388
      0.110388
      0.110388
      0.110388
      0.110388
      0.110388
      0.110388
      0.110388
      0.110388
      0.110388
      0.110388
      0.110388
      0.110388
      0.110388
      0.110388
      0.110388
      0.110388
      0.110388
      0.110388
      0.110388
     0.0911384
     0.0911384
     0.0911384
     0.0911384
     0.0911384
     0.0911384
     0.0911384
     0.0911383
     0.0911384
     0.0911383
     0.0911384
     0.0911383
     0.0911384
     0.0911383
     0.0911384
     0.0911383
     0.0911383
     0.0911383
     0.0911383
     0.0911383
     0.0911383
     0.0911382
     0.0911382
     0.0911382
     0.0911381
     0.0911381
     0.0911381
      0.091138
      0.091138
      0.091138
      0.091138
      0.091138
     0.0911381
     0.0911381
     0.0911381
     0.0911382
     0.0911382
     0.0911382
     0.0911383
     0.0911383
     0.0911383
     0.0911383
     0.0911383
     0.0911383
     0.0911384
     0.0911383
     0.0911384
     0.0911383
     0.0911384
     0.0911383
     0.0911384
     0.0911383
     0.0911384
     0.0911384
     0.0911384
     0.0911384
     0.0911384
     0.0911384
     0.0911384
     0.0747449
      0.074745
     0.0747449
      0.074745
     0.0747449
      0.074745
     0.0747449
      0.074745
     0.0747449
      0.074745
     0.0747449
      0.074745
     0.0747449
      0.074745
     0.0747449
      0.074745
     0.0747448
      0.074745
     0.0747448
     0.0747449
     0.0747448
     0.0747449
     0.0747447
     0.0747448
     0.0747445
     0.0747446
     0.0747444
     0.0747445
     0.0747443
     0.0747445
     0.0747443
     0.0747445
     0.0747444
     0.0747446
     0.0747445
     0.0747448
     0.0747447
     0.0747449
     0.0747448
     0.0747449
     0.0747448
      0.074745
     0.0747448
      0.074745
     0.0747449
      0.074745
     0.0747449
      0.074745
     0.0747449
      0.074745
     0.0747449
      0.074745
     0.0747449
      0.074745
     0.0747449
      0.074745
     0.0747449
      0.074745
     0.0747449
     0.0609209
     0.0609219
     0.0609209
     0.0609219
     0.0609209
     0.0609219
     0.0609209
     0.0609219
     0.0609209
     0.0609219
     0.0609209
     0.0609218
     0.0609209
     0.0609218
     0.0609209
     0.0609218
     0.0609209
     0.0609218
     0.0609208
     0.0609217
     0.0609207
     0.0609216
     0.0609206
     0.0609215
     0.0609204
     0.0609213
     0.0609202
     0.0609211
     0.0609201
      0.060921
     0.0609201
     0.0609211
     0.0609202
     0.0609213
     0.0609204
     0.0609215
     0.0609206
     0.0609216
     0.0609207
     0.0609217
     0.0609208
     0.0609218
     0.0609209
     0.0609218
     0.0609209
     0.0609218
     0.0609209
     0.0609218
     0.0609209
     0.0609219
     0.0609209
     0.0609219
     0.0609209
     0.0609219
     0.0609209
     0.0609219
     0.0609209
     0.0609219
     0.0609209
     0.0493914
     0.0493918
     0.0493914
     0.0493918
     0.0493914
     0.0493918
     0.0493914
     0.0493918
     0.0493914
     0.0493918
     0.0493914
     0.0493918
     0.0493913
     0.0493918
     0.0493913
     0.0493917
     0.0493913
     0.0493917
     0.0493912
     0.0493916
     0.0493911
     0.0493915
     0.0493909
     0.0493912
     0.0493906
     0.0493909
     0.0493903
     0.0493906
     0.0493901
     0.0493905
     0.0493901
     0.0493906
     0.0493903
     0.0493909
     0.0493906
     0.0493912
     0.0493909
     0.0493915
     0.0493911
     0.0493916
     0.0493912
     0.0493917
     0.0493913
     0.0493917
     0.0493913
     0.0493918
     0.0493913
     0.0493918
     0.0493914
     0.0493918
     0.0493914
     0.0493918
     0.0493914
     0.0493918
     0.0493914
     0.0493918
     0.0493914
     0.0493918
     0.0493914
     0.0398885
     0.0398901
     0.0398885
     0.0398901
     0.0398885
     0.0398901
     0.0398885
     0.0398901
     0.0398885
     0.0398901
     0.0398885
     0.0398901
     0.0398885
     0.0398901
     0.0398885
     0.0398901
     0.0398885
       0.03989
     0.0398884
     0.0398899
     0.0398882
     0.0398897
      0.039888
     0.0398894
     0.0398876
     0.0398889
     0.0398871
     0.0398884
     0.0398867
     0.0398882
     0.0398867
     0.0398884
     0.0398871
     0.0398889
     0.0398876
     0.0398894
      0.039888
     0.0398897
     0.0398882
     0.0398899
     0.0398884
       0.03989
     0.0398885
     0.0398901
     0.0398885
     0.0398901
     0.0398885
     0.0398901
     0.0398885
     0.0398901
     0.0398885
     0.0398901
     0.0398885
     0.0398901
     0.0398885
     0.0398901
     0.0398885
     0.0398901
     0.0398885
     0.0321758
     0.0321764
     0.0321758
     0.0321764
     0.0321758
     0.0321764
     0.0321758
     0.0321764
     0.0321758
     0.0321764
     0.0321758
     0.0321764
     0.0321758
     0.0321763
     0.0321757
     0.0321763
     0.0321757
     0.0321762
     0.0321756
     0.0321761
     0.0321754
     0.0321758
      0.032175
     0.0321753
     0.0321744
     0.0321746
     0.0321736
     0.0321739
      0.032173
     0.0321735
      0.032173
     0.0321739
     0.0321736
     0.0321746
     0.0321744
     0.0321753
      0.032175
     0.0321758
     0.0321754
     0.0321761
     0.0321756
     0.0321762
     0.0321757
     0.0321763
     0.0321757
     0.0321763
     0.0321758
     0.0321764
     0.0321758
     0.0321764
     0.0321758
     0.0321764
     0.0321758
     0.0321764
     0.0321758
     0.0321764
     0.0321758
     0.0321764
     0.0321758
      0.026029
      0.026031
      0.026029
      0.026031
      0.026029
      0.026031
      0.026029
      0.026031
      0.026029
     0.0260309
      0.026029
     0.0260309
      0.026029
     0.0260309
     0.0260289
     0.0260309
     0.0260289
     0.0260308
     0.0260287
     0.0260306
     0.0260285
     0.0260302
      0.026028
     0.0260296
     0.0260271
     0.0260285
     0.0260259
     0.0260273
     0.0260248
     0.0260266
     0.0260248
     0.0260273
     0.0260259
     0.0260285
     0.0260271
     0.0260296
      0.026028
     0.0260302
     0.0260285
     0.0260306
     0.0260287
     0.0260308
     0.0260289
     0.0260309
     0.0260289
     0.0260309
      0.026029
     0.0260309
      0.026029
     0.0260309
      0.026029
      0.026031
      0.026029
      0.026031
      0.026029
      0.026031
      0.026029
      0.026031
      0.026029
     0.0212673
      0.021268
     0.0212673
      0.021268
     0.0212673
      0.021268
     0.0212673
      0.021268
     0.0212673
      0.021268
     0.0212673
      0.021268
     0.0212673
      0.021268
     0.0212673
     0.0212679
     0.0212672
     0.0212678
     0.0212671
     0.0212676
     0.0212667
     0.0212672
     0.0212661
     0.0212663
     0.0212649
     0.0212647
      0.021263
     0.0212626
     0.0212611
     0.0212614
     0.0212611
     0.0212626
      0.021263
     0.0212647
     0.0212649
     0.0212663
     0.0212661
     0.0212672
     0.0212667
     0.0212676
     0.0212671
     0.0212678
     0.0212672
     0.0212679
     0.0212673
      0.021268
     0.0212673
      0.021268
     0.0212673
      0.021268
     0.0212673
      0.021268
     0.0212673
      0.021268
     0.0212673
      0.021268
     0.0212673
      0.021268
     0.0212673
     0.0177257
     0.0177279
     0.0177257
     0.0177279
     0.0177257
     0.0177279
     0.0177257
     0.0177279
     0.0177257
     0.0177279
     0.0177257
     0.0177278
     0.0177257
     0.0177278
     0.0177256
     0.0177278
     0.0177256
     0.0177277
     0.0177254
     0.0177274
      0.017725
     0.0177268
     0.0177242
     0.0177257
     0.0177226
     0.0177235
     0.0177197
     0.0177201
     0.0177162
     0.0177175
     0.0177162
     0.0177201
     0.0177197
     0.0177235
     0.0177226
     0.0177257
     0.0177242
     0.0177268
      0.017725
     0.0177274
     0.0177254
     0.0177277
     0.0177256
     0.0177278
     0.0177256
     0.0177278
     0.0177257
     0.0177278
     0.0177257
     0.0177279
     0.0177257
     0.0177279
     0.0177257
     0.0177279
     0.0177257
     0.0177279
     0.0177257
     0.0177279
     0.0177257
     0.0152889
     0.0152897
     0.0152889
     0.0152897
     0.0152889
     0.0152897
     0.0152889
     0.0152897
     0.0152889
     0.0152897
     0.0152889
     0.0152896
     0.0152889
     0.0152896
     0.0152889
     0.0152896
     0.0152888
     0.0152894
     0.0152886
     0.0152891
     0.0152882
     0.0152885
     0.0152872
     0.0152872
     0.0152852
     0.0152843
     0.0152811
     0.0152786
     0.0152741
      0.015273
     0.0152741
     0.0152786
     0.0152811
     0.0152843
     0.0152852
     0.0152872
     0.0152872
     0.0152885
     0.0152882
     0.0152891
     0.0152886
     0.0152894
     0.0152888
     0.0152896
     0.0152889
     0.0152896
     0.0152889
     0.0152896
     0.0152889
     0.0152897
     0.0152889
     0.0152897
     0.0152889
     0.0152897
     0.0152889
     0.0152897
     0.0152889
     0.0152897
     0.0152889
     0.0138592
     0.0138614
     0.0138592
     0.0138614
     0.0138592
     0.0138614
     0.0138592
     0.0138614
     0.0138592
     0.0138614
     0.0138591
     0.0138614
     0.0138591
     0.0138613
     0.0138591
     0.0138613
      0.013859
     0.0138612
     0.0138588
     0.0138608
     0.0138583
     0.0138602
     0.0138573
     0.0138586
      0.013855
     0.0138551
     0.0138496
     0.0138466
     0.0138359
     0.0138332
     0.0138359
     0.0138466
     0.0138496
     0.0138551
      0.013855
     0.0138586
     0.0138573
     0.0138602
     0.0138583
     0.0138608
     0.0138588
     0.0138612
      0.013859
     0.0138613
     0.0138591
     0.0138613
     0.0138591
     0.0138614
     0.0138591
     0.0138614
     0.0138592
     0.0138614
     0.0138592
     0.0138614
     0.0138592
     0.0138614
     0.0138592
     0.0138614
     0.0138592
     0.0133915
     0.0133923
     0.0133915
     0.0133923
     0.0133915
     0.0133923
     0.0133915
     0.0133923
     0.0133915
     0.0133923
     0.0133915
     0.0133923
     0.0133915
     0.0133922
     0.0133915
     0.0133922
     0.0133914
      0.013392
     0.0133912
     0.0133917
     0.0133907
      0.013391
     0.0133896
     0.0133894
     0.0133872
     0.0133856
     0.0133812
     0.0133756
     0.0133633
     0.0133403
     0.0133633
     0.0133756
     0.0133812
     0.0133856
     0.0133872
     0.0133894
     0.0133896
      0.013391
     0.0133907
     0.0133917
     0.0133912
      0.013392
     0.0133914
     0.0133922
     0.0133915
     0.0133922
     0.0133915
     0.0133923
     0.0133915
     0.0133923
     0.0133915
     0.0133923
     0.0133915
     0.0133923
     0.0133915
     0.0133923
     0.0133915
     0.0133923
     0.0133915
     0.0138592
     0.0138614
     0.0138592
     0.0138614
     0.0138592
     0.0138614
     0.0138592
     0.0138614
     0.0138592
     0.0138614
     0.0138591
     0.0138614
     0.0138591
     0.0138613
     0.0138591
     0.0138613
      0.013859
     0.0138612
     0.0138588
     0.0138608
     0.0138583
     0.0138602
     0.0138573
     0.0138586
      0.013855
     0.0138551
     0.0138496
     0.0138466
     0.0138359
     0.0138332
     0.0138359
     0.0138466
     0.0138496
     0.0138551
      0.013855
     0.0138586
     0.0138573
     0.0138602
     0.0138583
     0.0138608
     0.0138588
     0.0138612
      0.013859
     0.0138613
     0.0138591
     0.0138613
     0.0138591
     0.0138614
     0.0138591
     0.0138614
     0.0138592
     0.0138614
     0.0138592
     0.0138614
     0.0138592
     0.0138614
     0.0138592
     0.0138614
     0.0138592
     0.0152889
     0.0152897
     0.0152889
     0.0152897
     0.0152889
     0.0152897
     0.0152889
     0.0152897
     0.0152889
     0.0152897
     0.0152889
     0.0152896
     0.0152889
     0.0152896
     0.0152889
     0.0152896
     0.0152888
     0.0152894
     0.0152886
     0.0152891
     0.0152882
     0.0152885
     0.0152872
     0.0152872
     0.0152852
     0.0152843
     0.0152811
     0.0152786
     0.0152741
      0.015273
     0.0152741
     0.0152786
     0.0152811
     0.0152843
     0.0152852
     0.0152872
     0.0152872
     0.0152885
     0.0152882
     0.0152891
     0.0152886
     0.0152894
     0.0152888
     0.0152896
     0.0152889
     0.0152896
     0.0152889
     0.0152896
     0.0152889
     0.0152897
     0.0152889
     0.0152897
     0.0152889
     0.0152897
     0.0152889
     0.0152897
     0.0152889
     0.0152897
     0.0152889
     0.0177257
     0.0177279
     0.0177257
     0.0177279
     0.0177257
     0.0177279
     0.0177257
     0.0177279
     0.0177257
     0.0177279
     0.0177257
     0.0177278
     0.0177257
     0.0177278
     0.0177256
     0.0177278
     0.0177256
     0.0177277
     0.0177254
     0.0177274
      0.017725
     0.0177268
     0.0177242
     0.0177257
     0.0177226
     0.0177235
     0.0177197
     0.0177201
     0.0177162
     0.0177175
     0.0177162
     0.0177201
     0.0177197
     0.0177235
     0.0177226
     0.0177257
     0.0177242
     0.0177268
      0.017725
     0.0177274
     0.0177254
     0.0177277
     0.0177256
     0.0177278
     0.0177256
     0.0177278
     0.0177257
     0.0177278
     0.0177257
     0.0177279
     0.0177257
     0.0177279
     0.0177257
     0.0177279
     0.0177257
     0.0177279
     0.0177257
     0.0177279
     0.0177257
     0.0212673
      0.021268
     0.0212673
      0.021268
     0.0212673
      0.021268
     0.0212673
      0.021268
     0.0212673
      0.021268
     0.0212673
      0.021268
     0.0212673
      0.021268
     0.0212673
     0.0212679
     0.0212672
     0.0212678
     0.0212671
     0.0212676
     0.0212667
     0.0212672
     0.0212661
     0.0212663
     0.0212649
     0.0212647
      0.021263
     0.0212626
     0.0212611
     0.0212614
     0.0212611
     0.0212626
      0.021263
     0.0212647
     0.0212649
     0.0212663
     0.0212661
     0.0212672
     0.0212667
     0.0212676
     0.0212671
     0.0212678
     0.0212672
     0.0212679
     0.0212673
      0.021268
     0.0212673
      0.021268
     0.0212673
      0.021268
     0.0212673
      0.021268
     0.0212673
      0.021268
     0.0212673
      0.021268
     0.0212673
      0.021268
     0.0212673
      0.026029
      0.026031
      0.026029
      0.026031
      0.026029
      0.026031
      0.026029
      0.026031
      0.026029
     0.0260309
      0.026029
     0.0260309
      0.026029
     0.0260309
     0.0260289
     0.0260309
     0.0260289
     0.0260308
     0.0260287
     0.0260306
     0.0260285
     0.0260302
      0.026028
     0.0260296
     0.0260271
     0.0260285
     0.0260259
     0.0260273
     0.0260248
     0.0260266
     0.0260248
     0.0260273
     0.0260259
     0.0260285
     0.0260271
     0.0260296
      0.026028
     0.0260302
     0.0260285
     0.0260306
     0.0260287
     0.0260308
     0.0260289
     0.0260309
     0.0260289
     0.0260309
      0.026029
     0.0260309
      0.026029
     0.0260309
      0.026029
      0.026031
      0.026029
      0.026031
      0.026029
      0.026031
      0.026029
      0.026031
      0.026029
     0.0321758
     0.0321764
     0.0321758
     0.0321764
     0.0321758
     0.0321764
     0.0321758
     0.0321764
     0.0321758
     0.0321764
     0.0321758
     0.0321764
     0.0321758
     0.0321763
     0.0321757
     0.0321763
     0.0321757
     0.0321762
     0.0321756
     0.0321761
     0.0321754
     0.0321758
      0.032175
     0.0321753
     0.0321744
     0.0321746
     0.0321736
     0.0321739
      0.032173
     0.0321735
      0.032173
     0.0321739
     0.0321736
     0.0321746
     0.0321744
     0.0321753
      0.032175
     0.0321758
     0.0321754
     0.0321761
     0.0321756
     0.0321762
     0.0321757
     0.0321763
     0.0321757
     0.0321763
     0.0321758
     0.0321764
     0.0321758
     0.0321764
     0.0321758
     0.0321764
     0.0321758
     0.0321764
     0.0321758
     0.0321764
     0.0321758
     0.0321764
     0.0321758
     0.0398885
     0.0398901
     0.0398885
     0.0398901
     0.0398885
     0.0398901
     0.0398885
     0.0398901
     0.0398885
     0.0398901
     0.0398885
     0.0398901
     0.0398885
     0.0398901
     0.0398885
     0.0398901
     0.0398885
       0.03989
     0.0398884
     0.0398899
     0.0398882
     0.0398897
      0.039888
     0.0398894
     0.0398876
     0.0398889
     0.0398871
     0.0398884
     0.0398867
     0.0398882
     0.0398867
     0.0398884
     0.0398871
     0.0398889
     0.0398876
     0.0398894
      0.039888
     0.0398897
     0.0398882
     0.0398899
     0.0398884
       0.03989
     0.0398885
     0.0398901
     0.0398885
     0.0398901
     0.0398885
     0.0398901
     0.0398885
     0.0398901
     0.0398885
     0.0398901
     0.0398885
     0.0398901
     0.0398885
     0.0398901
     0.0398885
     0.0398901
     0.0398885
     0.0493914
     0.0493918
     0.0493914
     0.0493918
     0.0493914
     0.0493918
     0.0493914
     0.0493918
     0.0493914
     0.0493918
     0.0493914
     0.0493918
     0.0493913
     0.0493918
     0.0493913
     0.0493917
     0.0493913
     0.0493917
     0.0493912
     0.0493916
     0.0493911
     0.0493915
     0.0493909
     0.0493912
     0.0493906
     0.0493909
     0.0493903
     0.0493906
     0.0493901
     0.0493905
     0.0493901
     0.0493906
     0.0493903
     0.0493909
     0.0493906
     0.0493912
     0.0493909
     0.0493915
     0.0493911
     0.0493916
     0.0493912
     0.0493917
     0.0493913
     0.0493917
     0.0493913
     0.0493918
     0.0493913
     0.0493918
     0.0493914
     0.0493918
     0.0493914
     0.0493918
     0.0493914
     0.0493918
     0.0493914
     0.0493918
     0.0493914
     0.0493918
     0.0493914
     0.0609209
     0.0609219
     0.0609209
     0.0609219
     0.0609209
     0.0609219
     0.0609209
     0.0609219
     0.0609209
     0.0609219
     0.0609209
     0.0609218
     0.0609209
     0.0609218
     0.0609209
     0.0609218
     0.0609209
     0.0609218
     0.0609208
     0.0609217
     0.0609207
     0.0609216
     0.0609206
     0.0609215
     0.0609204
     0.0609213
     0.0609202
     0.0609211
     0.0609201
      0.060921
     0.0609201
     0.0609211
     0.0609202
     0.0609213
     0.0609204
     0.0609215
     0.0609206
     0.0609216
     0.0609207
     0.0609217
     0.0609208
     0.0609218
     0.0609209
     0.0609218
     0.0609209
     0.0609218
     0.0609209
     0.0609218
     0.0609209
     0.0609219
     0.0609209
     0.0609219
     0.0609209
     0.0609219
     0.0609209
     0.0609219
     0.0609209
     0.0609219
     0.0609209
     0.0747449
      0.074745
     0.0747449
      0.074745
     0.0747449
      0.074745
     0.0747449
      0.074745
     0.0747449
      0.074745
     0.0747449
      0.074745
     0.0747449
      0.074745
     0.0747449
      0.074745
     0.0747448
      0.074745
     0.0747448
     0.0747449
     0.0747448
     0.0747449
     0.0747447
     0.0747448
     0.0747445
     0.0747446
     0.0747444
     0.0747445
     0.0747443
     0.0747445
     0.0747443
     0.0747445
     0.0747444
     0.0747446
     0.0747445
     0.0747448
     0.0747447
     0.0747449
     0.0747448
     0.0747449
     0.0747448
      0.074745
     0.0747448
      0.074745
     0.0747449
      0.074745
     0.0747449
      0.074745
     0.0747449
      0.074745
     0.0747449
      0.074745
     0.0747449
      0.074745
     0.0747449
      0.074745
     0.0747449
      0.074745
     0.0747449
     0.0911384
     0.0911384
     0.0911384
     0.0911384
     0.0911384
     0.0911384
     0.0911384
     0.0911383
     0.0911384
     0.0911383
     0.0911384
     0.0911383
     0.0911384
     0.0911383
     0.0911384
     0.0911383
     0.0911383
     0.0911383
     0.0911383
     0.0911383
     0.0911383
     0.0911382
     0.0911382
     0.0911382
     0.0911381
     0.0911381
     0.0911381
      0.091138
      0.091138
      0.091138
      0.091138
      0.091138
     0.0911381
     0.0911381
     0.0911381
     0.0911382
     0.0911382
     0.0911382
     0.0911383
     0.0911383
     0.0911383
     0.0911383
     0.0911383
     0.0911383
     0.0911384
     0.0911383
     0.0911384
     0.0911383
     0.0911384
     0.0911383
     0.0911384
     0.0911383
     0.0911384
     0.0911384
     0.0911384
     0.0911384
     0.0911384
     0.0911384
     0.0911384
      0.110388
      0.110388
      0.110388
      0.110388
      0.110388
      0.110388
      0.110388
      0.110388
      0.110388
      0.110388
      0.110388
      0.110388
      0.110388
      0.110388
      0.110388
      0.110388
      0.110388
      0.110388
      0.110388
      0.110388
      0.110388
      0.110388
      0.110388
      0.110388
      0.110388
      0.110388
      0.110388
      0.110388
      0.110388
      0.110388
      0.110388
      0.110388
      0.110388
      0.110388
      0.110388
      0.110388
      0.110388
      0.110388
      0.110388
      0.110388
      0.110388
      0.110388
      0.110388
      0.110388
      0.110388
      0.110388
      0.110388
      0.110388
      0.110388
      0.110388
      0.110388
      0.110388
      0.110388
      0.110388
      0.110388
      0.110388
      0.110388
      0.110388
      0.110388
      0.132781
       0.13278
      0.132781
       0.13278
      0.132781
       0.13278
      0.132781
       0.13278
      0.132781
       0.13278
      0.132781
       0.13278
      0.132781
       0.13278
      0.132781
       0.13278
      0.132781
       0.13278
      0.132781
       0.13278
      0.132781
       0.13278
      0.132781
       0.13278
      0.132781
       0.13278
      0.132781
       0.13278
      0.132781
       0.13278
      0.132781
       0.13278
      0.132781
       0.13278
      0.132781
       0.13278
      0.132781
       0.13278
      0.132781
       0.13278
      0.132781
       0.13278
      0.132781
       0.13278
      0.132781
       0.13278
      0.132781
       0.13278
      0.132781
       0.13278
      0.132781
       0.13278
      0.132781
       0.13278
      0.132781
       0.13278
      0.132781
       0.13278
      0.132781
      0.158589
      0.158589
      0.158589
      0.158589
      0.158589
      0.158589
      0.158589
      0.158589
      0.158589
      0.158589
      0.158589
      0.158589
      0.158589
      0.158589
      0.158589
      0.158589
      0.158589
      0.158589
      0.158589
      0.158589
      0.158589
      0.158589
      0.158589
      0.158589
      0.158589
      0.158588
      0.158589
      0.158588
      0.158589
      0.158588
      0.158589
      0.158588
      0.158589
      0.158588
      0.158589
      0.158589
      0.158589
      0.158589
      0.158589
      0.158589
      0.158589
      0.158589
      0.158589
      0.158589
      0.158589
      0.158589
      0.158589
      0.158589
      0.158589
      0.158589
      0.158589
      0.158589
      0.158589
      0.158589
      0.158589
      0.158589
      0.158589
      0.158589
      0.158589
      0.188075
      0.188072
      0.188075
      0.188072
      0.188075
      0.188072
      0.188075
      0.188072
      0.188075
      0.188072
      0.188075
      0.188072
      0.188075
      0.188072
      0.188075
      0.188072
      0.188075
      0.188072
      0.188075
      0.188072
      0.188075
      0.188072
      0.188075
      0.188072
      0.188075
      0.188072
      0.188075
      0.188072
      0.188075
      0.188072
      0.188075
      0.188072
      0.188075
      0.188072
      0.188075
      0.188072
      0.188075
      0.188072
      0.188075
      0.188072
      0.188075
      0.188072
      0.188075
      0.188072
      0.188075
      0.188072
      0.188075
      0.188072
      0.188075
      0.188072
      0.188075
      0.188072
      0.188075
      0.188072
      0.188075
      0.188072
      0.188075
      0.188072
      0.188075
      0.221453
      0.221452
      0.221453
      0.221452
      0.221453
      0.221452
      0.221453
      0.221452
      0.221453
      0.221452
      0.221453
      0.221452
      0.221453
      0.221452
      0.221453
      0.221452
      0.221453
      0.221452
      0.221453
      0.221452
      0.221453
      0.221452
      0.221453
      0.221452
      0.221453
      0.221452
      0.221453
      0.221452
      0.221453
      0.221452
      0.221453
      0.221452
      0.221453
      0.221452
      0.221453
      0.221452
      0.221453
      0.221452
      0.221453
      0.221452
      0.221453
      0.221452
      0.221453
      0.221452
      0.221453
      0.221452
      0.221453
      0.221452
      0.221453
      0.221452
      0.221453
      0.221452
      0.221453
      0.221452
      0.221453
      0.221452
      0.221453
      0.221452
      0.221453
       0.25892
      0.258916
       0.25892
      0.258916
       0.25892
      0.258916
       0.25892
      0.258916
       0.25892
      0.258916
       0.25892
      0.258916
       0.25892
      0.258916
       0.25892
      0.258916
       0.25892
      0.258916
       0.25892
      0.258916
       0.25892
      0.258916
       0.25892
      0.258916
       0.25892
      0.258916
       0.25892
      0.258916
       0.25892
      0.258916
       0.25892
      0.258916
       0.25892
      0.258916
       0.25892
      0.258916
       0.25892
      0.258916
       0.25892
      0.258916
       0.25892
      0.258916
       0.25892
      0.258916
       0.25892
      0.258916
       0.25892
      0.258916
       0.25892
      0.258916
       0.25892
      0.258916
       0.25892
      0.258916
       0.25892
      0.258916
       0.25892
      0.258916
       0.25892
       0.30059
      0.300589
       0.30059
      0.300589
       0.30059
      0.300589
       0.30059
      0.300589
       0.30059
      0.300589
       0.30059
      0.300589
       0.30059
      0.300589
       0.30059
      0.300589
       0.30059
      0.300589
       0.30059
      0.300589
       0.30059
      0.300589
       0.30059
      0.300589
       0.30059
      0.300589
       0.30059
      0.300589
       0.30059
      0.300589
       0.30059
      0.300589
       0.30059
      0.300589
       0.30059
      0.300589
       0.30059
      0.300589
       0.30059
      0.300589
       0.30059
      0.300589
       0.30059
      0.300589
       0.30059
      0.300589
       0.30059
      0.300589
       0.30059
      0.300589
       0.30059
      0.300589
       0.30059
      0.300589
       0.30059
      0.300589
       0.30059
      0.300589
       0.30059
      0.346549
      0.346544
      0.346549
      0.346544
      0.346549
      0.346544
      0.346549
      0.346544
      0.346549
      0.346544
      0.346549
      0.346544
      0.346549
      0.346544
      0.346549
      0.346544
      0.346549
      0.346544
      0.346549
      0.346544
      0.346549
      0.346544
      0.346549
      0.346544
      0.346549
      0.346544
      0.346548
      0.346544
      0.346548
      0.346544
      0.346548
      0.346544
      0.346548
      0.346544
      0.346549
      0.346544
      0.346549
      0.346544
      0.346549
      0.346544
      0.346549
      0.346544
      0.346549
      0.346544
      0.346549
      0.346544
      0.346549
      0.346544
      0.346549
      0.346544
      0.346549
      0.346544
      0.346549
      0.346544
      0.346549
      0.346544
      0.346549
      0.346544
      0.346549
       0.39677
      0.396768
       0.39677
      0.396768
       0.39677
      0.396768
       0.39677
      0.396768
       0.39677
      0.396768
       0.39677
      0.396768
       0.39677
      0.396768
       0.39677
      0.396768
       0.39677
      0.396768
       0.39677
      0.396768
       0.39677
      0.396768
       0.39677
      0.396768
       0.39677
      0.396768
       0.39677
      0.396768
       0.39677
      0.396768
       0.39677
      0.396768
       0.39677
      0.396768
       0.39677
      0.396768
       0.39677
      0.396768
       0.39677
      0.396768
       0.39677
      0.396768
       0.39677
      0.396768
       0.39677
      0.396768
       0.39677
      0.396768
       0.39677
      0.396768
       0.39677
      0.396768
       0.39677
      0.396768
       0.39677
      0.396768
       0.39677
      0.396768
       0.39677
      0.451192
      0.451186
      0.451192
      0.451186
      0.451192
      0.451186
      0.451192
      0.451186
      0.451192
      0.451186
      0.451192
      0.451186
      0.451192
      0.451186
      0.451192
      0.451186
      0.451192
      0.451186
      0.451192
      0.451186
      0.451192
      0.451186
      0.451192
      0.451186
      0.451192
      0.451186
      0.451192
      0.451186
      0.451192
      0.451186
      0.451192
      0.451186
      0.451192
      0.451186
      0.451192
      0.451186
      0.451192
      0.451186
      0.451192
      0.451186
      0.451192
      0.451186
      0.451192
      0.451186
      0.451192
      0.451186
      0.451192
      0.451186
      0.451192
      0.451186
      0.451192
      0.451186
      0.451192
      0.451186
      0.451192
      0.451186
      0.451192
      0.451186
      0.451192
      0.509624
      0.509622
      0.509624
      0.509622
      0.509624
      0.509622
      0.509624
      0.509622
      0.509624
      0.509622
      0.509624
      0.509622
      0.509624
      0.509622
      0.509624
      0.509622
      0.509624
      0.509622
      0.509624
      0.509622
      0.509624
      0.509622
      0.509624
      0.509622
      0.509624
      0.509622
      0.509624
      0.509622
      0.509624
      0.509622
      0.509624
      0.509622
      0.509624
      0.509622
      0.509624
      0.509622
      0.509624
      0.509622
      0.509624
      0.509622
      0.509624
      0.509622
      0.509624
      0.509622
      0.509624
      0.509622
      0.509624
      0.509622
      0.509624
      0.509622
      0.509624
      0.509622
      0.509624
      0.509622
      0.509624
      0.509622
      0.509624
      0.509622
      0.509624
      0.571833
      0.571828
      0.571833
      0.571828
      0.571833
      0.571828
      0.571833
      0.571828
      0.571833
      0.571828
      0.571833
      0.571828
      0.571833
      0.571828
      0.571833
      0.571828
      0.571833
      0.571828
      0.571833
      0.571828
      0.571833
      0.571828
      0.571833
      0.571828
      0.571833
      0.571828
      0.571833
      0.571828
      0.571833
      0.571828
      0.571833
      0.571828
      0.571833
      0.571828
      0.571833
      0.571828
      0.571833
      0.571828
      0.571833
      0.571828
      0.571833
      0.571828
      0.571833
      0.571828
      0.571833
      0.571828
      0.571833
      0.571828
      0.571833
      0.571828
      0.571833
      0.571828
      0.571833
      0.571828
      0.571833
      0.571828
      0.571833
      0.571828
      0.571833
      0.637461
      0.637459
      0.637461
      0.637459
      0.637461
      0.637459
      0.637461
      0.637459
      0.637461
      0.637459
      0.637461
      0.637459
      0.637461
      0.637459
      0.637461
      0.637459
      0.637461
      0.637459
      0.637461
      0.637459
      0.637461
      0.637459
      0.637461
      0.637459
      0.637461
      0.637459
      0.637461
      0.637459
      0.637461
      0.637459
      0.637461
      0.637459
      0.637461
      0.637459
      0.637461
      0.637459
      0.637461
      0.637459
      0.637461
      0.637459
      0.637461
      0.637459
      0.637461
      0.637459
      0.637461
      0.637459
      0.637461
      0.637459
      0.637461
      0.637459
      0.637461
      0.637459
      0.637461
      0.637459
      0.637461
      0.637459
      0.637461
      0.637459
      0.637461
      0.706104
      0.706101
      0.706104
      0.706101
      0.706104
      0.706101
      0.706104
      0.706101
      0.706104
      0.706101
      0.706104
      0.706101
      0.706104
      0.706101
      0.706104
      0.706101
      0.706104
      0.706101
      0.706104
      0.706101
      0.706104
      0.706101
      0.706104
      0.706101
      0.706104
      0.706101
      0.706104
      0.706101
      0.706104
      0.706101
      0.706104
      0.706101
      0.706104
      0.706101
      0.706104
      0.706101
      0.706104
      0.706101
      0.706104
      0.706101
      0.706104
      0.706101
      0.706104
      0.706101
      0.706104
      0.706101
      0.706104
      0.706101
      0.706104
      0.706101
      0.706104
      0.706101
      0.706104
      0.706101
      0.706104
      0.706101
      0.706104
      0.706101
      0.706104
      0.777254
      0.777253
      0.777254
      0.777253
      0.777254
      0.777253
      0.777254
      0.777253
      0.777254
      0.777253
      0.777254
      0.777253
      0.777254
      0.777253
      0.777254
      0.777253
      0.777254
      0.777253
      0.777254
      0.777253
      0.777254
      0.777253
      0.777254
      0.777253
      0.777254
      0.777253
      0.777254
      0.777253
      0.777254
      0.777253
      0.777254
      0.777253
      0.777254
      0.777253
      0.777254
      0.777253
      0.777254
      0.777253
      0.777254
      0.777253
      0.777254
      0.777253
      0.777254
      0.777253
      0.777254
      0.777253
      0.777254
      0.777253
      0.777254
      0.777253
      0.777254
      0.777253
      0.777254
      0.777253
      0.777254
      0.777253
      0.777254
      0.777253
      0.777254
      0.850368
      0.850366
      0.850368
      0.850366
      0.850368
      0.850366
      0.850368
      0.850366
      0.850368
      0.850366
      0.850368
      0.850366
      0.850368
      0.850366
      0.850368
      0.850366
      0.850368
      0.850366
      0.850368
      0.850366
      0.850368
      0.850366
      0.850368
      0.850366
      0.850368
      0.850366
      0.850368
      0.850366
      0.850368
      0.850366
      0.850368
      0.850366
      0.850368
      0.850366
      0.850368
      0.850366
      0.850368
      0.850366
      0.850368
      0.850366
      0.850368
      0.850366
      0.850368
      0.850366
      0.850368
      0.850366
      0.850368
      0.850366
      0.850368
      0.850366
      0.850368
      0.850366
      0.850368
      0.850366
      0.850368
      0.850366
      0.850368
      0.850366
      0.850368
      0.924828
      0.924827
      0.924828
      0.924827
      0.924828
      0.924827
      0.924828
      0.924827
      0.924828
      0.924827
      0.924828
      0.924827
      0.924828
      0.924827
      0.924828
      0.924827
      0.924828
      0.924827
      0.924828
      0.924827
      0.924828
      0.924827
      0.924828
      0.924827
      0.924828
      0.924827
      0.924828
      0.924827
      0.924828
      0.924827
      0.924828
      0.924827
      0.924828
      0.924827
      0.924828
      0.924827
      0.924828
      0.924827
      0.924828
      0.924827
      0.924828
      0.924827
      0.924828
      0.924827
      0.924828
      0.924827
      0.924828
      0.924827
      0.924828
      0.924827
      0.924828
      0.924827
      0.924828
      0.924827
      0.924828
      0.924827
      0.924828
      0.924827
      0.924828
             1
             1
             1
             1
             1
             1
             1
             1
             1
             1
             1
             1
             1
             1
             1
             1
             1
             1
             1
             1
             1
             1
             1
             1
             1
             1
             1
             1
             1
             1
             1
             1
             1
             1
             1
             1
             1
             1
             1
             1
             1
             1
             1
             1
             1
             1
             1
             1
             1
             1
             1
             1
             1
             1
             1
             1
             1
             1
             1
