             1
             1
             1
             1
             1
             1
             1
             1
             1
             1
             1
             1
             1
             1
             1
             1
             1
             1
             1
             1
             1
             1
             1
             1
             1
             1
             1
             1
             1
             1
             1
             1
             1
             1
             1
             1
             1
             1
             1
             1
             1
             1
             1
             1
             1
             1
             1
             1
             1
             1
             1
             1
             1
             1
             1
             1
             1
             1
             1
      0.928673
      0.928673
      0.928673
      0.928673
      0.928673
      0.928673
      0.928673
      0.928673
      0.928673
      0.928673
      0.928673
      0.928673
      0.928673
      0.928673
      0.928673
      0.928673
      0.928673
      0.928673
      0.928673
      0.928673
      0.928673
      0.928673
      0.928673
      0.928673
      0.928673
      0.928673
      0.928673
      0.928673
      0.928673
      0.928673
      0.928673
      0.928673
      0.928673
      0.928673
      0.928673
      0.928673
      0.928673
      0.928673
      0.928673
      0.928673
      0.928673
      0.928673
      0.928673
      0.928673
      0.928673
      0.928673
      0.928673
      0.928673
      0.928673
      0.928673
      0.928673
      0.928673
      0.928673
      0.928673
      0.928673
      0.928673
      0.928673
      0.928673
      0.928673
      0.857961
      0.857959
      0.857961
      0.857959
      0.857961
      0.857959
      0.857961
      0.857959
      0.857961
      0.857959
      0.857961
      0.857959
      0.857961
      0.857959
      0.857961
      0.857959
      0.857961
      0.857959
      0.857961
      0.857959
      0.857961
      0.857959
      0.857961
      0.857959
      0.857961
      0.857959
      0.857961
      0.857959
      0.857961
      0.857959
      0.857961
      0.857959
      0.857961
      0.857959
      0.857961
      0.857959
      0.857961
      0.857959
      0.857961
      0.857959
      0.857961
      0.857959
      0.857961
      0.857959
      0.857961
      0.857959
      0.857961
      0.857959
      0.857961
      0.857959
      0.857961
      0.857959
      0.857961
      0.857959
      0.857961
      0.857959
      0.857961
      0.857959
      0.857961
      0.788406
      0.788405
      0.788406
      0.788405
      0.788406
      0.788405
      0.788406
      0.788405
      0.788406
      0.788405
      0.788406
      0.788405
      0.788406
      0.788405
      0.788406
      0.788405
      0.788406
      0.788405
      0.788406
      0.788405
      0.788406
      0.788405
      0.788406
      0.788405
      0.788406
      0.788405
      0.788406
      0.788405
      0.788406
      0.788405
      0.788406
      0.788405
      0.788406
      0.788405
      0.788406
      0.788405
      0.788406
      0.788405
      0.788406
      0.788405
      0.788406
      0.788405
      0.788406
      0.788405
      0.788406
      0.788405
      0.788406
      0.788405
      0.788406
      0.788405
      0.788406
      0.788405
      0.788406
      0.788405
      0.788406
      0.788405
      0.788406
      0.788405
      0.788406
      0.720538
      0.720535
      0.720538
      0.720535
      0.720538
      0.720535
      0.720538
      0.720535
      0.720538
      0.720535
      0.720538
      0.720535
      0.720538
      0.720535
      0.720538
      0.720535
      0.720538
      0.720535
      0.720538
      0.720535
      0.720538
      0.720535
      0.720538
      0.720535
      0.720538
      0.720535
      0.720538
      0.720535
      0.720538
      0.720535
      0.720538
      0.720535
      0.720538
      0.720535
      0.720538
      0.720535
      0.720538
      0.720535
      0.720538
      0.720535
      0.720538
      0.720535
      0.720538
      0.720535
      0.720538
      0.720535
      0.720538
      0.720535
      0.720538
      0.720535
      0.720538
      0.720535
      0.720538
      0.720535
      0.720538
      0.720535
      0.720538
      0.720535
      0.720538
      0.654829
      0.654827
      0.654829
      0.654827
      0.654829
      0.654827
      0.654829
      0.654827
      0.654829
      0.654827
      0.654829
      0.654827
      0.654829
      0.654827
      0.654829
      0.654827
      0.654829
      0.654827
      0.654829
      0.654827
      0.654829
      0.654827
      0.654829
      0.654827
      0.654829
      0.654827
      0.654829
      0.654827
      0.654829
      0.654827
      0.654829
      0.654827
      0.654829
      0.654827
      0.654829
      0.654827
      0.654829
      0.654827
      0.654829
      0.654827
      0.654829
      0.654827
      0.654829
      0.654827
      0.654829
      0.654827
      0.654829
      0.654827
      0.654829
      0.654827
      0.654829
      0.654827
      0.654829
      0.654827
      0.654829
      0.654827
      0.654829
      0.654827
      0.654829
      0.591726
      0.591722
      0.591726
      0.591722
      0.591726
      0.591722
      0.591726
      0.591722
      0.591726
      0.591722
      0.591726
      0.591722
      0.591726
      0.591722
      0.591726
      0.591722
      0.591726
      0.591722
      0.591726
      0.591722
      0.591726
      0.591722
      0.591726
      0.591722
      0.591726
      0.591722
      0.591726
      0.591722
      0.591726
      0.591722
      0.591726
      0.591722
      0.591726
      0.591722
      0.591726
      0.591722
      0.591726
      0.591722
      0.591726
      0.591722
      0.591726
      0.591722
      0.591726
      0.591722
      0.591726
      0.591722
      0.591726
      0.591722
      0.591726
      0.591722
      0.591726
      0.591722
      0.591726
      0.591722
      0.591726
      0.591722
      0.591726
      0.591722
      0.591726
      0.531591
      0.531589
      0.531591
      0.531589
      0.531591
      0.531589
      0.531591
      0.531589
      0.531591
      0.531589
      0.531591
      0.531589
       0.53159
      0.531589
       0.53159
      0.531589
       0.53159
      0.531589
       0.53159
      0.531589
       0.53159
      0.531589
       0.53159
      0.531589
       0.53159
      0.531589
       0.53159
      0.531589
       0.53159
      0.531589
       0.53159
      0.531589
       0.53159
      0.531589
       0.53159
      0.531589
       0.53159
      0.531589
       0.53159
      0.531589
       0.53159
      0.531589
       0.53159
      0.531589
       0.53159
      0.531589
       0.53159
      0.531589
      0.531591
      0.531589
      0.531591
      0.531589
      0.531591
      0.531589
      0.531591
      0.531589
      0.531591
      0.531589
      0.531591
      0.474753
      0.474748
      0.474753
      0.474748
      0.474753
      0.474748
      0.474753
      0.474748
      0.474753
      0.474748
      0.474753
      0.474748
      0.474753
      0.474748
      0.474753
      0.474748
      0.474753
      0.474748
      0.474753
      0.474748
      0.474753
      0.474748
      0.474753
      0.474748
      0.474753
      0.474748
      0.474753
      0.474748
      0.474753
      0.474748
      0.474753
      0.474748
      0.474753
      0.474748
      0.474753
      0.474748
      0.474753
      0.474748
      0.474753
      0.474748
      0.474753
      0.474748
      0.474753
      0.474748
      0.474753
      0.474748
      0.474753
      0.474748
      0.474753
      0.474748
      0.474753
      0.474748
      0.474753
      0.474748
      0.474753
      0.474748
      0.474753
      0.474748
      0.474753
      0.421441
      0.421439
      0.421441
      0.421439
      0.421441
      0.421439
      0.421441
      0.421439
      0.421441
      0.421439
      0.421441
      0.421439
      0.421441
      0.421439
      0.421441
      0.421439
      0.421441
      0.421439
      0.421441
      0.421439
      0.421441
      0.421439
      0.421441
      0.421439
      0.421441
      0.421439
      0.421441
      0.421439
      0.421441
      0.421439
      0.421441
      0.421439
      0.421441
      0.421439
      0.421441
      0.421439
      0.421441
      0.421439
      0.421441
      0.421439
      0.421441
      0.421439
      0.421441
      0.421439
      0.421441
      0.421439
      0.421441
      0.421439
      0.421441
      0.421439
      0.421441
      0.421439
      0.421441
      0.421439
      0.421441
      0.421439
      0.421441
      0.421439
      0.421441
      0.371847
      0.371843
      0.371847
      0.371843
      0.371847
      0.371843
      0.371847
      0.371843
      0.371847
      0.371843
      0.371847
      0.371843
      0.371847
      0.371843
      0.371847
      0.371843
      0.371847
      0.371843
      0.371847
      0.371843
      0.371847
      0.371843
      0.371847
      0.371843
      0.371847
      0.371843
      0.371847
      0.371843
      0.371847
      0.371843
      0.371847
      0.371843
      0.371847
      0.371843
      0.371847
      0.371843
      0.371847
      0.371843
      0.371847
      0.371843
      0.371847
      0.371843
      0.371847
      0.371843
      0.371847
      0.371843
      0.371847
      0.371843
      0.371847
      0.371843
      0.371847
      0.371843
      0.371847
      0.371843
      0.371847
      0.371843
      0.371847
      0.371843
      0.371847
      0.326063
      0.326062
      0.326063
      0.326062
      0.326063
      0.326062
      0.326063
      0.326062
      0.326063
      0.326062
      0.326063
      0.326062
      0.326063
      0.326062
      0.326063
      0.326062
      0.326063
      0.326062
      0.326063
      0.326062
      0.326063
      0.326062
      0.326063
      0.326062
      0.326063
      0.326062
      0.326063
      0.326062
      0.326063
      0.326062
      0.326063
      0.326062
      0.326063
      0.326062
      0.326063
      0.326062
      0.326063
      0.326062
      0.326063
      0.326062
      0.326063
      0.326062
      0.326063
      0.326062
      0.326063
      0.326062
      0.326063
      0.326062
      0.326063
      0.326062
      0.326063
      0.326062
      0.326063
      0.326062
      0.326063
      0.326062
      0.326063
      0.326062
      0.326063
      0.284145
      0.284142
      0.284145
      0.284142
      0.284145
      0.284142
      0.284145
      0.284142
      0.284145
      0.284142
      0.284145
      0.284142
      0.284145
      0.284142
      0.284145
      0.284142
      0.284145
      0.284142
      0.284145
      0.284142
      0.284145
      0.284142
      0.284145
      0.284142
      0.284145
      0.284142
      0.284145
      0.284142
      0.284145
      0.284142
      0.284145
      0.284142
      0.284145
      0.284142
      0.284145
      0.284142
      0.284145
      0.284142
      0.284145
      0.284142
      0.284145
      0.284142
      0.284145
      0.284142
      0.284145
      0.284142
      0.284145
      0.284142
      0.284145
      0.284142
      0.284145
      0.284142
      0.284145
      0.284142
      0.284145
      0.284142
      0.284145
      0.284142
      0.284145
      0.246059
      0.246058
      0.246059
      0.246058
      0.246059
      0.246058
      0.246059
      0.246058
      0.246059
      0.246058
      0.246059
      0.246058
      0.246059
      0.246058
      0.246059
      0.246058
      0.246059
      0.246058
      0.246059
      0.246058
      0.246059
      0.246058
      0.246059
      0.246058
      0.246059
      0.246058
      0.246059
      0.246058
      0.246059
      0.246058
      0.246059
      0.246058
      0.246059
      0.246058
      0.246059
      0.246058
      0.246059
      0.246058
      0.246059
      0.246058
      0.246059
      0.246058
      0.246059
      0.246058
      0.246059
      0.246058
      0.246059
      0.246058
      0.246059
      0.246058
      0.246059
      0.246058
      0.246059
      0.246058
      0.246059
      0.246058
      0.246059
      0.246058
      0.246059
      0.211741
      0.211738
      0.211741
      0.211738
      0.211741
      0.211738
      0.211741
      0.211738
      0.211741
      0.211738
      0.211741
      0.211738
      0.211741
      0.211738
      0.211741
      0.211738
      0.211741
      0.211738
      0.211741
      0.211738
      0.211741
      0.211738
      0.211741
      0.211738
      0.211741
      0.211738
      0.211741
      0.211738
      0.211741
      0.211738
      0.211741
      0.211738
      0.211741
      0.211738
      0.211741
      0.211738
      0.211741
      0.211738
      0.211741
      0.211738
      0.211741
      0.211738
      0.211741
      0.211738
      0.211741
      0.211738
      0.211741
      0.211738
      0.211741
      0.211738
      0.211741
      0.211738
      0.211741
      0.211738
      0.211741
      0.211738
      0.211741
      0.211738
      0.211741
      0.181057
      0.181056
      0.181057
      0.181056
      0.181057
      0.181056
      0.181057
      0.181056
      0.181057
      0.181056
      0.181057
      0.181056
      0.181057
      0.181056
      0.181057
      0.181056
      0.181057
      0.181056
      0.181057
      0.181056
      0.181057
      0.181056
      0.181057
      0.181056
      0.181056
      0.181056
      0.181056
      0.181056
      0.181056
      0.181056
      0.181056
      0.181056
      0.181056
      0.181056
      0.181056
      0.181056
      0.181057
      0.181056
      0.181057
      0.181056
      0.181057
      0.181056
      0.181057
      0.181056
      0.181057
      0.181056
      0.181057
      0.181056
      0.181057
      0.181056
      0.181057
      0.181056
      0.181057
      0.181056
      0.181057
      0.181056
      0.181057
      0.181056
      0.181057
      0.153852
      0.153851
      0.153852
      0.153851
      0.153852
      0.153851
      0.153852
      0.153851
      0.153852
      0.153851
      0.153852
      0.153851
      0.153852
      0.153851
      0.153852
      0.153851
      0.153852
      0.153851
      0.153852
      0.153851
      0.153852
      0.153851
      0.153852
      0.153851
      0.153852
      0.153851
      0.153852
      0.153851
      0.153852
       0.15385
      0.153852
      0.153851
      0.153852
      0.153851
      0.153852
      0.153851
      0.153852
      0.153851
      0.153852
      0.153851
      0.153852
      0.153851
      0.153852
      0.153851
      0.153852
      0.153851
      0.153852
      0.153851
      0.153852
      0.153851
      0.153852
      0.153851
      0.153852
      0.153851
      0.153852
      0.153851
      0.153852
      0.153851
      0.153852
      0.129926
      0.129926
      0.129926
      0.129926
      0.129926
      0.129926
      0.129926
      0.129926
      0.129926
      0.129926
      0.129926
      0.129926
      0.129926
      0.129926
      0.129926
      0.129926
      0.129926
      0.129926
      0.129926
      0.129926
      0.129926
      0.129926
      0.129926
      0.129926
      0.129926
      0.129926
      0.129926
      0.129926
      0.129926
      0.129926
      0.129926
      0.129926
      0.129926
      0.129926
      0.129926
      0.129926
      0.129926
      0.129926
      0.129926
      0.129926
      0.129926
      0.129926
      0.129926
      0.129926
      0.129926
      0.129926
      0.129926
      0.129926
      0.129926
      0.129926
      0.129926
      0.129926
      0.129926
      0.129926
      0.129926
      0.129926
      0.129926
      0.129926
      0.129926
      0.109067
      0.109067
      0.109067
      0.109067
      0.109067
      0.109067
      0.109067
      0.109067
      0.109067
      0.109067
      0.109067
      0.109067
      0.109067
      0.109066
      0.109067
      0.109066
      0.109067
      0.109066
      0.109067
      0.109066
      0.109067
      0.109066
      0.109067
      0.109066
      0.109066
      0.109066
      0.109066
      0.109066
      0.109066
      0.109066
      0.109066
      0.109066
      0.109066
      0.109066
      0.109066
      0.109066
      0.109067
      0.109066
      0.109067
      0.109066
      0.109067
      0.109066
      0.109067
      0.109066
      0.109067
      0.109066
      0.109067
      0.109067
      0.109067
      0.109067
      0.109067
      0.109067
      0.109067
      0.109067
      0.109067
      0.109067
      0.109067
      0.109067
      0.109067
     0.0910407
     0.0910407
     0.0910407
     0.0910407
     0.0910407
     0.0910407
     0.0910407
     0.0910407
     0.0910407
     0.0910407
     0.0910407
     0.0910407
     0.0910406
     0.0910407
     0.0910406
     0.0910406
     0.0910406
     0.0910406
     0.0910405
     0.0910405
     0.0910404
     0.0910403
     0.0910402
     0.0910401
     0.0910399
     0.0910398
     0.0910397
     0.0910396
     0.0910395
     0.0910395
     0.0910395
     0.0910396
     0.0910397
     0.0910398
     0.0910399
     0.0910401
     0.0910402
     0.0910403
     0.0910404
     0.0910405
     0.0910405
     0.0910406
     0.0910406
     0.0910406
     0.0910406
     0.0910407
     0.0910406
     0.0910407
     0.0910407
     0.0910407
     0.0910407
     0.0910407
     0.0910407
     0.0910407
     0.0910407
     0.0910407
     0.0910407
     0.0910407
     0.0910407
     0.0756119
     0.0756125
     0.0756119
     0.0756125
     0.0756119
     0.0756125
     0.0756119
     0.0756125
     0.0756119
     0.0756125
     0.0756119
     0.0756125
     0.0756119
     0.0756124
     0.0756119
     0.0756124
     0.0756118
     0.0756123
     0.0756117
     0.0756122
     0.0756115
     0.0756119
     0.0756113
     0.0756116
     0.0756109
     0.0756112
     0.0756105
     0.0756109
     0.0756103
     0.0756108
     0.0756103
     0.0756109
     0.0756105
     0.0756112
     0.0756109
     0.0756116
     0.0756113
     0.0756119
     0.0756115
     0.0756122
     0.0756117
     0.0756123
     0.0756118
     0.0756124
     0.0756119
     0.0756124
     0.0756119
     0.0756125
     0.0756119
     0.0756125
     0.0756119
     0.0756125
     0.0756119
     0.0756125
     0.0756119
     0.0756125
     0.0756119
     0.0756125
     0.0756119
     0.0625474
     0.0625477
     0.0625474
     0.0625477
     0.0625474
     0.0625477
     0.0625474
     0.0625477
     0.0625474
     0.0625477
     0.0625474
     0.0625477
     0.0625474
     0.0625477
     0.0625474
     0.0625476
     0.0625473
     0.0625475
     0.0625471
     0.0625473
     0.0625469
      0.062547
     0.0625465
     0.0625466
      0.062546
      0.062546
     0.0625454
     0.0625455
      0.062545
     0.0625453
      0.062545
     0.0625455
     0.0625454
      0.062546
      0.062546
     0.0625466
     0.0625465
      0.062547
     0.0625469
     0.0625473
     0.0625471
     0.0625475
     0.0625473
     0.0625476
     0.0625474
     0.0625477
     0.0625474
     0.0625477
     0.0625474
     0.0625477
     0.0625474
     0.0625477
     0.0625474
     0.0625477
     0.0625474
     0.0625477
     0.0625474
     0.0625477
     0.0625474
     0.0516181
     0.0516194
     0.0516181
     0.0516194
     0.0516181
     0.0516193
     0.0516181
     0.0516193
     0.0516181
     0.0516193
     0.0516181
     0.0516193
     0.0516181
     0.0516193
     0.0516181
     0.0516192
      0.051618
     0.0516191
     0.0516178
     0.0516189
     0.0516175
     0.0516184
     0.0516169
     0.0516178
     0.0516162
     0.0516169
     0.0516153
     0.0516161
     0.0516146
     0.0516157
     0.0516146
     0.0516161
     0.0516153
     0.0516169
     0.0516162
     0.0516178
     0.0516169
     0.0516184
     0.0516175
     0.0516189
     0.0516178
     0.0516191
      0.051618
     0.0516192
     0.0516181
     0.0516193
     0.0516181
     0.0516193
     0.0516181
     0.0516193
     0.0516181
     0.0516193
     0.0516181
     0.0516193
     0.0516181
     0.0516194
     0.0516181
     0.0516194
     0.0516181
     0.0426164
     0.0426169
     0.0426164
     0.0426169
     0.0426164
     0.0426169
     0.0426164
     0.0426169
     0.0426164
     0.0426169
     0.0426164
     0.0426169
     0.0426164
     0.0426168
     0.0426163
     0.0426168
     0.0426162
     0.0426166
      0.042616
     0.0426163
     0.0426156
     0.0426158
     0.0426149
     0.0426149
     0.0426138
     0.0426136
     0.0426124
     0.0426123
     0.0426113
     0.0426116
     0.0426113
     0.0426123
     0.0426124
     0.0426136
     0.0426138
     0.0426149
     0.0426149
     0.0426158
     0.0426156
     0.0426163
      0.042616
     0.0426166
     0.0426162
     0.0426168
     0.0426163
     0.0426168
     0.0426164
     0.0426169
     0.0426164
     0.0426169
     0.0426164
     0.0426169
     0.0426164
     0.0426169
     0.0426164
     0.0426169
     0.0426164
     0.0426169
     0.0426164
     0.0353443
      0.035346
     0.0353443
      0.035346
     0.0353443
      0.035346
     0.0353443
      0.035346
     0.0353443
      0.035346
     0.0353443
     0.0353459
     0.0353443
     0.0353459
     0.0353442
     0.0353458
     0.0353441
     0.0353456
     0.0353438
     0.0353452
     0.0353433
     0.0353445
     0.0353423
     0.0353433
     0.0353408
     0.0353415
     0.0353387
     0.0353393
     0.0353369
     0.0353382
     0.0353369
     0.0353393
     0.0353387
     0.0353415
     0.0353408
     0.0353433
     0.0353423
     0.0353445
     0.0353433
     0.0353452
     0.0353438
     0.0353456
     0.0353441
     0.0353458
     0.0353442
     0.0353459
     0.0353443
     0.0353459
     0.0353443
      0.035346
     0.0353443
      0.035346
     0.0353443
      0.035346
     0.0353443
      0.035346
     0.0353443
      0.035346
     0.0353443
     0.0296388
     0.0296394
     0.0296388
     0.0296394
     0.0296388
     0.0296394
     0.0296388
     0.0296394
     0.0296388
     0.0296394
     0.0296388
     0.0296394
     0.0296387
     0.0296393
     0.0296387
     0.0296392
     0.0296385
      0.029639
     0.0296382
     0.0296385
     0.0296376
     0.0296377
     0.0296364
     0.0296361
     0.0296343
     0.0296334
     0.0296311
     0.0296299
     0.0296279
     0.0296279
     0.0296279
     0.0296299
     0.0296311
     0.0296334
     0.0296343
     0.0296361
     0.0296364
     0.0296377
     0.0296376
     0.0296385
     0.0296382
      0.029639
     0.0296385
     0.0296392
     0.0296387
     0.0296393
     0.0296387
     0.0296394
     0.0296388
     0.0296394
     0.0296388
     0.0296394
     0.0296388
     0.0296394
     0.0296388
     0.0296394
     0.0296388
     0.0296394
     0.0296388
     0.0253503
     0.0253522
     0.0253503
     0.0253522
     0.0253503
     0.0253522
     0.0253503
     0.0253522
     0.0253503
     0.0253522
     0.0253503
     0.0253522
     0.0253502
     0.0253521
     0.0253501
      0.025352
       0.02535
     0.0253518
     0.0253496
     0.0253513
     0.0253489
     0.0253502
     0.0253474
     0.0253482
     0.0253447
     0.0253445
     0.0253398
     0.0253388
     0.0253342
     0.0253348
     0.0253342
     0.0253388
     0.0253398
     0.0253445
     0.0253447
     0.0253482
     0.0253474
     0.0253502
     0.0253489
     0.0253513
     0.0253496
     0.0253518
       0.02535
      0.025352
     0.0253501
     0.0253521
     0.0253502
     0.0253522
     0.0253503
     0.0253522
     0.0253503
     0.0253522
     0.0253503
     0.0253522
     0.0253503
     0.0253522
     0.0253503
     0.0253522
     0.0253503
     0.0223729
     0.0223736
     0.0223729
     0.0223736
     0.0223729
     0.0223736
     0.0223729
     0.0223736
     0.0223729
     0.0223736
     0.0223729
     0.0223736
     0.0223729
     0.0223735
     0.0223728
     0.0223734
     0.0223726
     0.0223731
     0.0223722
     0.0223725
     0.0223714
     0.0223714
     0.0223697
      0.022369
     0.0223663
     0.0223641
     0.0223595
      0.022355
     0.0223485
     0.0223463
     0.0223485
      0.022355
     0.0223595
     0.0223641
     0.0223663
      0.022369
     0.0223697
     0.0223714
     0.0223714
     0.0223725
     0.0223722
     0.0223731
     0.0223726
     0.0223734
     0.0223728
     0.0223735
     0.0223729
     0.0223736
     0.0223729
     0.0223736
     0.0223729
     0.0223736
     0.0223729
     0.0223736
     0.0223729
     0.0223736
     0.0223729
     0.0223736
     0.0223729
     0.0206165
     0.0206186
     0.0206165
     0.0206186
     0.0206165
     0.0206186
     0.0206165
     0.0206186
     0.0206165
     0.0206186
     0.0206165
     0.0206186
     0.0206165
     0.0206185
     0.0206164
     0.0206184
     0.0206162
     0.0206181
     0.0206158
     0.0206175
     0.0206149
     0.0206162
      0.020613
     0.0206135
     0.0206091
     0.0206077
     0.0206004
     0.0205942
     0.0205791
     0.0205736
     0.0205791
     0.0205942
     0.0206004
     0.0206077
     0.0206091
     0.0206135
      0.020613
     0.0206162
     0.0206149
     0.0206175
     0.0206158
     0.0206181
     0.0206162
     0.0206184
     0.0206164
     0.0206185
     0.0206165
     0.0206186
     0.0206165
     0.0206186
     0.0206165
     0.0206186
     0.0206165
     0.0206186
     0.0206165
     0.0206186
     0.0206165
     0.0206186
     0.0206165
     0.0200394
     0.0200401
     0.0200394
     0.0200401
     0.0200394
     0.0200401
     0.0200394
     0.0200401
     0.0200394
     0.0200401
     0.0200394
     0.0200401
     0.0200393
       0.02004
     0.0200392
     0.0200399
      0.020039
     0.0200396
     0.0200386
     0.0200389
     0.0200377
     0.0200376
     0.0200358
     0.0200348
     0.0200317
     0.0200286
      0.020022
     0.0200128
     0.0199944
      0.019959
     0.0199944
     0.0200128
      0.020022
     0.0200286
     0.0200317
     0.0200348
     0.0200358
     0.0200376
     0.0200377
     0.0200389
     0.0200386
     0.0200396
      0.020039
     0.0200399
     0.0200392
       0.02004
     0.0200393
     0.0200401
     0.0200394
     0.0200401
     0.0200394
     0.0200401
     0.0200394
     0.0200401
     0.0200394
     0.0200401
     0.0200394
     0.0200401
     0.0200394
     0.0206165
     0.0206186
     0.0206165
     0.0206186
     0.0206165
     0.0206186
     0.0206165
     0.0206186
     0.0206165
     0.0206186
     0.0206165
     0.0206186
     0.0206165
     0.0206185
     0.0206164
     0.0206184
     0.0206162
     0.0206181
     0.0206158
     0.0206175
     0.0206149
     0.0206162
      0.020613
     0.0206135
     0.0206091
     0.0206077
     0.0206004
     0.0205942
     0.0205791
     0.0205736
     0.0205791
     0.0205942
     0.0206004
     0.0206077
     0.0206091
     0.0206135
      0.020613
     0.0206162
     0.0206149
     0.0206175
     0.0206158
     0.0206181
     0.0206162
     0.0206184
     0.0206164
     0.0206185
     0.0206165
     0.0206186
     0.0206165
     0.0206186
     0.0206165
     0.0206186
     0.0206165
     0.0206186
     0.0206165
     0.0206186
     0.0206165
     0.0206186
     0.0206165
     0.0223729
     0.0223736
     0.0223729
     0.0223736
     0.0223729
     0.0223736
     0.0223729
     0.0223736
     0.0223729
     0.0223736
     0.0223729
     0.0223736
     0.0223729
     0.0223735
     0.0223728
     0.0223734
     0.0223726
     0.0223731
     0.0223722
     0.0223725
     0.0223714
     0.0223714
     0.0223697
      0.022369
     0.0223663
     0.0223641
     0.0223595
      0.022355
     0.0223485
     0.0223463
     0.0223485
      0.022355
     0.0223595
     0.0223641
     0.0223663
      0.022369
     0.0223697
     0.0223714
     0.0223714
     0.0223725
     0.0223722
     0.0223731
     0.0223726
     0.0223734
     0.0223728
     0.0223735
     0.0223729
     0.0223736
     0.0223729
     0.0223736
     0.0223729
     0.0223736
     0.0223729
     0.0223736
     0.0223729
     0.0223736
     0.0223729
     0.0223736
     0.0223729
     0.0253503
     0.0253522
     0.0253503
     0.0253522
     0.0253503
     0.0253522
     0.0253503
     0.0253522
     0.0253503
     0.0253522
     0.0253503
     0.0253522
     0.0253502
     0.0253521
     0.0253501
      0.025352
       0.02535
     0.0253518
     0.0253496
     0.0253513
     0.0253489
     0.0253502
     0.0253474
     0.0253482
     0.0253447
     0.0253445
     0.0253398
     0.0253388
     0.0253342
     0.0253348
     0.0253342
     0.0253388
     0.0253398
     0.0253445
     0.0253447
     0.0253482
     0.0253474
     0.0253502
     0.0253489
     0.0253513
     0.0253496
     0.0253518
       0.02535
      0.025352
     0.0253501
     0.0253521
     0.0253502
     0.0253522
     0.0253503
     0.0253522
     0.0253503
     0.0253522
     0.0253503
     0.0253522
     0.0253503
     0.0253522
     0.0253503
     0.0253522
     0.0253503
     0.0296388
     0.0296394
     0.0296388
     0.0296394
     0.0296388
     0.0296394
     0.0296388
     0.0296394
     0.0296388
     0.0296394
     0.0296388
     0.0296394
     0.0296387
     0.0296393
     0.0296387
     0.0296392
     0.0296385
      0.029639
     0.0296382
     0.0296385
     0.0296376
     0.0296377
     0.0296364
     0.0296361
     0.0296343
     0.0296334
     0.0296311
     0.0296299
     0.0296279
     0.0296279
     0.0296279
     0.0296299
     0.0296311
     0.0296334
     0.0296343
     0.0296361
     0.0296364
     0.0296377
     0.0296376
     0.0296385
     0.0296382
      0.029639
     0.0296385
     0.0296392
     0.0296387
     0.0296393
     0.0296387
     0.0296394
     0.0296388
     0.0296394
     0.0296388
     0.0296394
     0.0296388
     0.0296394
     0.0296388
     0.0296394
     0.0296388
     0.0296394
     0.0296388
     0.0353443
      0.035346
     0.0353443
      0.035346
     0.0353443
      0.035346
     0.0353443
      0.035346
     0.0353443
      0.035346
     0.0353443
     0.0353459
     0.0353443
     0.0353459
     0.0353442
     0.0353458
     0.0353441
     0.0353456
     0.0353438
     0.0353452
     0.0353433
     0.0353445
     0.0353423
     0.0353433
     0.0353408
     0.0353415
     0.0353387
     0.0353393
     0.0353369
     0.0353382
     0.0353369
     0.0353393
     0.0353387
     0.0353415
     0.0353408
     0.0353433
     0.0353423
     0.0353445
     0.0353433
     0.0353452
     0.0353438
     0.0353456
     0.0353441
     0.0353458
     0.0353442
     0.0353459
     0.0353443
     0.0353459
     0.0353443
      0.035346
     0.0353443
      0.035346
     0.0353443
      0.035346
     0.0353443
      0.035346
     0.0353443
      0.035346
     0.0353443
     0.0426164
     0.0426169
     0.0426164
     0.0426169
     0.0426164
     0.0426169
     0.0426164
     0.0426169
     0.0426164
     0.0426169
     0.0426164
     0.0426169
     0.0426164
     0.0426168
     0.0426163
     0.0426168
     0.0426162
     0.0426166
      0.042616
     0.0426163
     0.0426156
     0.0426158
     0.0426149
     0.0426149
     0.0426138
     0.0426136
     0.0426124
     0.0426123
     0.0426113
     0.0426116
     0.0426113
     0.0426123
     0.0426124
     0.0426136
     0.0426138
     0.0426149
     0.0426149
     0.0426158
     0.0426156
     0.0426163
      0.042616
     0.0426166
     0.0426162
     0.0426168
     0.0426163
     0.0426168
     0.0426164
     0.0426169
     0.0426164
     0.0426169
     0.0426164
     0.0426169
     0.0426164
     0.0426169
     0.0426164
     0.0426169
     0.0426164
     0.0426169
     0.0426164
     0.0516181
     0.0516194
     0.0516181
     0.0516194
     0.0516181
     0.0516193
     0.0516181
     0.0516193
     0.0516181
     0.0516193
     0.0516181
     0.0516193
     0.0516181
     0.0516193
     0.0516181
     0.0516192
      0.051618
     0.0516191
     0.0516178
     0.0516189
     0.0516175
     0.0516184
     0.0516169
     0.0516178
     0.0516162
     0.0516169
     0.0516153
     0.0516161
     0.0516146
     0.0516157
     0.0516146
     0.0516161
     0.0516153
     0.0516169
     0.0516162
     0.0516178
     0.0516169
     0.0516184
     0.0516175
     0.0516189
     0.0516178
     0.0516191
      0.051618
     0.0516192
     0.0516181
     0.0516193
     0.0516181
     0.0516193
     0.0516181
     0.0516193
     0.0516181
     0.0516193
     0.0516181
     0.0516193
     0.0516181
     0.0516194
     0.0516181
     0.0516194
     0.0516181
     0.0625474
     0.0625477
     0.0625474
     0.0625477
     0.0625474
     0.0625477
     0.0625474
     0.0625477
     0.0625474
     0.0625477
     0.0625474
     0.0625477
     0.0625474
     0.0625477
     0.0625474
     0.0625476
     0.0625473
     0.0625475
     0.0625471
     0.0625473
     0.0625469
      0.062547
     0.0625465
     0.0625466
      0.062546
      0.062546
     0.0625454
     0.0625455
      0.062545
     0.0625453
      0.062545
     0.0625455
     0.0625454
      0.062546
      0.062546
     0.0625466
     0.0625465
      0.062547
     0.0625469
     0.0625473
     0.0625471
     0.0625475
     0.0625473
     0.0625476
     0.0625474
     0.0625477
     0.0625474
     0.0625477
     0.0625474
     0.0625477
     0.0625474
     0.0625477
     0.0625474
     0.0625477
     0.0625474
     0.0625477
     0.0625474
     0.0625477
     0.0625474
     0.0756119
     0.0756125
     0.0756119
     0.0756125
     0.0756119
     0.0756125
     0.0756119
     0.0756125
     0.0756119
     0.0756125
     0.0756119
     0.0756125
     0.0756119
     0.0756124
     0.0756119
     0.0756124
     0.0756118
     0.0756123
     0.0756117
     0.0756122
     0.0756115
     0.0756119
     0.0756113
     0.0756116
     0.0756109
     0.0756112
     0.0756105
     0.0756109
     0.0756103
     0.0756108
     0.0756103
     0.0756109
     0.0756105
     0.0756112
     0.0756109
     0.0756116
     0.0756113
     0.0756119
     0.0756115
     0.0756122
     0.0756117
     0.0756123
     0.0756118
     0.0756124
     0.0756119
     0.0756124
     0.0756119
     0.0756125
     0.0756119
     0.0756125
     0.0756119
     0.0756125
     0.0756119
     0.0756125
     0.0756119
     0.0756125
     0.0756119
     0.0756125
     0.0756119
     0.0910407
     0.0910407
     0.0910407
     0.0910407
     0.0910407
     0.0910407
     0.0910407
     0.0910407
     0.0910407
     0.0910407
     0.0910407
     0.0910407
     0.0910406
     0.0910407
     0.0910406
     0.0910406
     0.0910406
     0.0910406
     0.0910405
     0.0910405
     0.0910404
     0.0910403
     0.0910402
     0.0910401
     0.0910399
     0.0910398
     0.0910397
     0.0910396
     0.0910395
     0.0910395
     0.0910395
     0.0910396
     0.0910397
     0.0910398
     0.0910399
     0.0910401
     0.0910402
     0.0910403
     0.0910404
     0.0910405
     0.0910405
     0.0910406
     0.0910406
     0.0910406
     0.0910406
     0.0910407
     0.0910406
     0.0910407
     0.0910407
     0.0910407
     0.0910407
     0.0910407
     0.0910407
     0.0910407
     0.0910407
     0.0910407
     0.0910407
     0.0910407
     0.0910407
      0.109067
      0.109067
      0.109067
      0.109067
      0.109067
      0.109067
      0.109067
      0.109067
      0.109067
      0.109067
      0.109067
      0.109067
      0.109067
      0.109066
      0.109067
      0.109066
      0.109067
      0.109066
      0.109067
      0.109066
      0.109067
      0.109066
      0.109067
      0.109066
      0.109066
      0.109066
      0.109066
      0.109066
      0.109066
      0.109066
      0.109066
      0.109066
      0.109066
      0.109066
      0.109066
      0.109066
      0.109067
      0.109066
      0.109067
      0.109066
      0.109067
      0.109066
      0.109067
      0.109066
      0.109067
      0.109066
      0.109067
      0.109067
      0.109067
      0.109067
      0.109067
      0.109067
      0.109067
      0.109067
      0.109067
      0.109067
      0.109067
      0.109067
      0.109067
      0.129926
      0.129926
      0.129926
      0.129926
      0.129926
      0.129926
      0.129926
      0.129926
      0.129926
      0.129926
      0.129926
      0.129926
      0.129926
      0.129926
      0.129926
      0.129926
      0.129926
      0.129926
      0.129926
      0.129926
      0.129926
      0.129926
      0.129926
      0.129926
      0.129926
      0.129926
      0.129926
      0.129926
      0.129926
      0.129926
      0.129926
      0.129926
      0.129926
      0.129926
      0.129926
      0.129926
      0.129926
      0.129926
      0.129926
      0.129926
      0.129926
      0.129926
      0.129926
      0.129926
      0.129926
      0.129926
      0.129926
      0.129926
      0.129926
      0.129926
      0.129926
      0.129926
      0.129926
      0.129926
      0.129926
      0.129926
      0.129926
      0.129926
      0.129926
      0.153852
      0.153851
      0.153852
      0.153851
      0.153852
      0.153851
      0.153852
      0.153851
      0.153852
      0.153851
      0.153852
      0.153851
      0.153852
      0.153851
      0.153852
      0.153851
      0.153852
      0.153851
      0.153852
      0.153851
      0.153852
      0.153851
      0.153852
      0.153851
      0.153852
      0.153851
      0.153852
      0.153851
      0.153852
       0.15385
      0.153852
      0.153851
      0.153852
      0.153851
      0.153852
      0.153851
      0.153852
      0.153851
      0.153852
      0.153851
      0.153852
      0.153851
      0.153852
      0.153851
      0.153852
      0.153851
      0.153852
      0.153851
      0.153852
      0.153851
      0.153852
      0.153851
      0.153852
      0.153851
      0.153852
      0.153851
      0.153852
      0.153851
      0.153852
      0.181057
      0.181056
      0.181057
      0.181056
      0.181057
      0.181056
      0.181057
      0.181056
      0.181057
      0.181056
      0.181057
      0.181056
      0.181057
      0.181056
      0.181057
      0.181056
      0.181057
      0.181056
      0.181057
      0.181056
      0.181057
      0.181056
      0.181057
      0.181056
      0.181056
      0.181056
      0.181056
      0.181056
      0.181056
      0.181056
      0.181056
      0.181056
      0.181056
      0.181056
      0.181056
      0.181056
      0.181057
      0.181056
      0.181057
      0.181056
      0.181057
      0.181056
      0.181057
      0.181056
      0.181057
      0.181056
      0.181057
      0.181056
      0.181057
      0.181056
      0.181057
      0.181056
      0.181057
      0.181056
      0.181057
      0.181056
      0.181057
      0.181056
      0.181057
      0.211741
      0.211738
      0.211741
      0.211738
      0.211741
      0.211738
      0.211741
      0.211738
      0.211741
      0.211738
      0.211741
      0.211738
      0.211741
      0.211738
      0.211741
      0.211738
      0.211741
      0.211738
      0.211741
      0.211738
      0.211741
      0.211738
      0.211741
      0.211738
      0.211741
      0.211738
      0.211741
      0.211738
      0.211741
      0.211738
      0.211741
      0.211738
      0.211741
      0.211738
      0.211741
      0.211738
      0.211741
      0.211738
      0.211741
      0.211738
      0.211741
      0.211738
      0.211741
      0.211738
      0.211741
      0.211738
      0.211741
      0.211738
      0.211741
      0.211738
      0.211741
      0.211738
      0.211741
      0.211738
      0.211741
      0.211738
      0.211741
      0.211738
      0.211741
      0.246059
      0.246058
      0.246059
      0.246058
      0.246059
      0.246058
      0.246059
      0.246058
      0.246059
      0.246058
      0.246059
      0.246058
      0.246059
      0.246058
      0.246059
      0.246058
      0.246059
      0.246058
      0.246059
      0.246058
      0.246059
      0.246058
      0.246059
      0.246058
      0.246059
      0.246058
      0.246059
      0.246058
      0.246059
      0.246058
      0.246059
      0.246058
      0.246059
      0.246058
      0.246059
      0.246058
      0.246059
      0.246058
      0.246059
      0.246058
      0.246059
      0.246058
      0.246059
      0.246058
      0.246059
      0.246058
      0.246059
      0.246058
      0.246059
      0.246058
      0.246059
      0.246058
      0.246059
      0.246058
      0.246059
      0.246058
      0.246059
      0.246058
      0.246059
      0.284145
      0.284142
      0.284145
      0.284142
      0.284145
      0.284142
      0.284145
      0.284142
      0.284145
      0.284142
      0.284145
      0.284142
      0.284145
      0.284142
      0.284145
      0.284142
      0.284145
      0.284142
      0.284145
      0.284142
      0.284145
      0.284142
      0.284145
      0.284142
      0.284145
      0.284142
      0.284145
      0.284142
      0.284145
      0.284142
      0.284145
      0.284142
      0.284145
      0.284142
      0.284145
      0.284142
      0.284145
      0.284142
      0.284145
      0.284142
      0.284145
      0.284142
      0.284145
      0.284142
      0.284145
      0.284142
      0.284145
      0.284142
      0.284145
      0.284142
      0.284145
      0.284142
      0.284145
      0.284142
      0.284145
      0.284142
      0.284145
      0.284142
      0.284145
      0.326063
      0.326062
      0.326063
      0.326062
      0.326063
      0.326062
      0.326063
      0.326062
      0.326063
      0.326062
      0.326063
      0.326062
      0.326063
      0.326062
      0.326063
      0.326062
      0.326063
      0.326062
      0.326063
      0.326062
      0.326063
      0.326062
      0.326063
      0.326062
      0.326063
      0.326062
      0.326063
      0.326062
      0.326063
      0.326062
      0.326063
      0.326062
      0.326063
      0.326062
      0.326063
      0.326062
      0.326063
      0.326062
      0.326063
      0.326062
      0.326063
      0.326062
      0.326063
      0.326062
      0.326063
      0.326062
      0.326063
      0.326062
      0.326063
      0.326062
      0.326063
      0.326062
      0.326063
      0.326062
      0.326063
      0.326062
      0.326063
      0.326062
      0.326063
      0.371847
      0.371843
      0.371847
      0.371843
      0.371847
      0.371843
      0.371847
      0.371843
      0.371847
      0.371843
      0.371847
      0.371843
      0.371847
      0.371843
      0.371847
      0.371843
      0.371847
      0.371843
      0.371847
      0.371843
      0.371847
      0.371843
      0.371847
      0.371843
      0.371847
      0.371843
      0.371847
      0.371843
      0.371847
      0.371843
      0.371847
      0.371843
      0.371847
      0.371843
      0.371847
      0.371843
      0.371847
      0.371843
      0.371847
      0.371843
      0.371847
      0.371843
      0.371847
      0.371843
      0.371847
      0.371843
      0.371847
      0.371843
      0.371847
      0.371843
      0.371847
      0.371843
      0.371847
      0.371843
      0.371847
      0.371843
      0.371847
      0.371843
      0.371847
      0.421441
      0.421439
      0.421441
      0.421439
      0.421441
      0.421439
      0.421441
      0.421439
      0.421441
      0.421439
      0.421441
      0.421439
      0.421441
      0.421439
      0.421441
      0.421439
      0.421441
      0.421439
      0.421441
      0.421439
      0.421441
      0.421439
      0.421441
      0.421439
      0.421441
      0.421439
      0.421441
      0.421439
      0.421441
      0.421439
      0.421441
      0.421439
      0.421441
      0.421439
      0.421441
      0.421439
      0.421441
      0.421439
      0.421441
      0.421439
      0.421441
      0.421439
      0.421441
      0.421439
      0.421441
      0.421439
      0.421441
      0.421439
      0.421441
      0.421439
      0.421441
      0.421439
      0.421441
      0.421439
      0.421441
      0.421439
      0.421441
      0.421439
      0.421441
      0.474753
      0.474748
      0.474753
      0.474748
      0.474753
      0.474748
      0.474753
      0.474748
      0.474753
      0.474748
      0.474753
      0.474748
      0.474753
      0.474748
      0.474753
      0.474748
      0.474753
      0.474748
      0.474753
      0.474748
      0.474753
      0.474748
      0.474753
      0.474748
      0.474753
      0.474748
      0.474753
      0.474748
      0.474753
      0.474748
      0.474753
      0.474748
      0.474753
      0.474748
      0.474753
      0.474748
      0.474753
      0.474748
      0.474753
      0.474748
      0.474753
      0.474748
      0.474753
      0.474748
      0.474753
      0.474748
      0.474753
      0.474748
      0.474753
      0.474748
      0.474753
      0.474748
      0.474753
      0.474748
      0.474753
      0.474748
      0.474753
      0.474748
      0.474753
      0.531591
      0.531589
      0.531591
      0.531589
      0.531591
      0.531589
      0.531591
      0.531589
      0.531591
      0.531589
      0.531591
      0.531589
       0.53159
      0.531589
       0.53159
      0.531589
       0.53159
      0.531589
       0.53159
      0.531589
       0.53159
      0.531589
       0.53159
      0.531589
       0.53159
      0.531589
       0.53159
      0.531589
       0.53159
      0.531589
       0.53159
      0.531589
       0.53159
      0.531589
       0.53159
      0.531589
       0.53159
      0.531589
       0.53159
      0.531589
       0.53159
      0.531589
       0.53159
      0.531589
       0.53159
      0.531589
       0.53159
      0.531589
      0.531591
      0.531589
      0.531591
      0.531589
      0.531591
      0.531589
      0.531591
      0.531589
      0.531591
      0.531589
      0.531591
      0.591726
      0.591722
      0.591726
      0.591722
      0.591726
      0.591722
      0.591726
      0.591722
      0.591726
      0.591722
      0.591726
      0.591722
      0.591726
      0.591722
      0.591726
      0.591722
      0.591726
      0.591722
      0.591726
      0.591722
      0.591726
      0.591722
      0.591726
      0.591722
      0.591726
      0.591722
      0.591726
      0.591722
      0.591726
      0.591722
      0.591726
      0.591722
      0.591726
      0.591722
      0.591726
      0.591722
      0.591726
      0.591722
      0.591726
      0.591722
      0.591726
      0.591722
      0.591726
      0.591722
      0.591726
      0.591722
      0.591726
      0.591722
      0.591726
      0.591722
      0.591726
      0.591722
      0.591726
      0.591722
      0.591726
      0.591722
      0.591726
      0.591722
      0.591726
      0.654829
      0.654827
      0.654829
      0.654827
      0.654829
      0.654827
      0.654829
      0.654827
      0.654829
      0.654827
      0.654829
      0.654827
      0.654829
      0.654827
      0.654829
      0.654827
      0.654829
      0.654827
      0.654829
      0.654827
      0.654829
      0.654827
      0.654829
      0.654827
      0.654829
      0.654827
      0.654829
      0.654827
      0.654829
      0.654827
      0.654829
      0.654827
      0.654829
      0.654827
      0.654829
      0.654827
      0.654829
      0.654827
      0.654829
      0.654827
      0.654829
      0.654827
      0.654829
      0.654827
      0.654829
      0.654827
      0.654829
      0.654827
      0.654829
      0.654827
      0.654829
      0.654827
      0.654829
      0.654827
      0.654829
      0.654827
      0.654829
      0.654827
      0.654829
      0.720538
      0.720535
      0.720538
      0.720535
      0.720538
      0.720535
      0.720538
      0.720535
      0.720538
      0.720535
      0.720538
      0.720535
      0.720538
      0.720535
      0.720538
      0.720535
      0.720538
      0.720535
      0.720538
      0.720535
      0.720538
      0.720535
      0.720538
      0.720535
      0.720538
      0.720535
      0.720538
      0.720535
      0.720538
      0.720535
      0.720538
      0.720535
      0.720538
      0.720535
      0.720538
      0.720535
      0.720538
      0.720535
      0.720538
      0.720535
      0.720538
      0.720535
      0.720538
      0.720535
      0.720538
      0.720535
      0.720538
      0.720535
      0.720538
      0.720535
      0.720538
      0.720535
      0.720538
      0.720535
      0.720538
      0.720535
      0.720538
      0.720535
      0.720538
      0.788406
      0.788405
      0.788406
      0.788405
      0.788406
      0.788405
      0.788406
      0.788405
      0.788406
      0.788405
      0.788406
      0.788405
      0.788406
      0.788405
      0.788406
      0.788405
      0.788406
      0.788405
      0.788406
      0.788405
      0.788406
      0.788405
      0.788406
      0.788405
      0.788406
      0.788405
      0.788406
      0.788405
      0.788406
      0.788405
      0.788406
      0.788405
      0.788406
      0.788405
      0.788406
      0.788405
      0.788406
      0.788405
      0.788406
      0.788405
      0.788406
      0.788405
      0.788406
      0.788405
      0.788406
      0.788405
      0.788406
      0.788405
      0.788406
      0.788405
      0.788406
      0.788405
      0.788406
      0.788405
      0.788406
      0.788405
      0.788406
      0.788405
      0.788406
      0.857961
      0.857959
      0.857961
      0.857959
      0.857961
      0.857959
      0.857961
      0.857959
      0.857961
      0.857959
      0.857961
      0.857959
      0.857961
      0.857959
      0.857961
      0.857959
      0.857961
      0.857959
      0.857961
      0.857959
      0.857961
      0.857959
      0.857961
      0.857959
      0.857961
      0.857959
      0.857961
      0.857959
      0.857961
      0.857959
      0.857961
      0.857959
      0.857961
      0.857959
      0.857961
      0.857959
      0.857961
      0.857959
      0.857961
      0.857959
      0.857961
      0.857959
      0.857961
      0.857959
      0.857961
      0.857959
      0.857961
      0.857959
      0.857961
      0.857959
      0.857961
      0.857959
      0.857961
      0.857959
      0.857961
      0.857959
      0.857961
      0.857959
      0.857961
      0.928673
      0.928673
      0.928673
      0.928673
      0.928673
      0.928673
      0.928673
      0.928673
      0.928673
      0.928673
      0.928673
      0.928673
      0.928673
      0.928673
      0.928673
      0.928673
      0.928673
      0.928673
      0.928673
      0.928673
      0.928673
      0.928673
      0.928673
      0.928673
      0.928673
      0.928673
      0.928673
      0.928673
      0.928673
      0.928673
      0.928673
      0.928673
      0.928673
      0.928673
      0.928673
      0.928673
      0.928673
      0.928673
      0.928673
      0.928673
      0.928673
      0.928673
      0.928673
      0.928673
      0.928673
      0.928673
      0.928673
      0.928673
      0.928673
      0.928673
      0.928673
      0.928673
      0.928673
      0.928673
      0.928673
      0.928673
      0.928673
      0.928673
      0.928673
             1
             1
             1
             1
             1
             1
             1
             1
             1
             1
             1
             1
             1
             1
             1
             1
             1
             1
             1
             1
             1
             1
             1
             1
             1
             1
             1
             1
             1
             1
             1
             1
             1
             1
             1
             1
             1
             1
             1
             1
             1
             1
             1
             1
             1
             1
             1
             1
             1
             1
             1
             1
             1
             1
             1
             1
             1
             1
             1
