             1
             1
             1
             1
             1
             1
             1
             1
             1
             1
             1
             1
             1
             1
             1
             1
             1
             1
             1
             1
             1
             1
             1
             1
             1
             1
             1
             1
             1
             1
             1
             1
             1
             1
             1
             1
             1
             1
             1
             1
             1
             1
             1
             1
             1
             1
             1
             1
             1
             1
             1
             1
             1
             1
             1
             1
             1
             1
             1
       0.93093
      0.930929
       0.93093
      0.930929
       0.93093
      0.930929
       0.93093
      0.930929
       0.93093
      0.930929
       0.93093
      0.930929
       0.93093
      0.930929
       0.93093
      0.930929
       0.93093
      0.930929
       0.93093
      0.930929
       0.93093
      0.930929
       0.93093
      0.930929
       0.93093
      0.930929
       0.93093
      0.930929
       0.93093
      0.930929
       0.93093
      0.930929
       0.93093
      0.930929
       0.93093
      0.930929
       0.93093
      0.930929
       0.93093
      0.930929
       0.93093
      0.930929
       0.93093
      0.930929
       0.93093
      0.930929
       0.93093
      0.930929
       0.93093
      0.930929
       0.93093
      0.930929
       0.93093
      0.930929
       0.93093
      0.930929
       0.93093
      0.930929
       0.93093
      0.862421
       0.86242
      0.862421
       0.86242
      0.862421
       0.86242
      0.862421
       0.86242
      0.862421
       0.86242
      0.862421
       0.86242
      0.862421
       0.86242
      0.862421
       0.86242
      0.862421
       0.86242
      0.862421
       0.86242
      0.862421
       0.86242
      0.862421
       0.86242
      0.862421
       0.86242
      0.862421
       0.86242
      0.862421
       0.86242
      0.862421
       0.86242
      0.862421
       0.86242
      0.862421
       0.86242
      0.862421
       0.86242
      0.862421
       0.86242
      0.862421
       0.86242
      0.862421
       0.86242
      0.862421
       0.86242
      0.862421
       0.86242
      0.862421
       0.86242
      0.862421
       0.86242
      0.862421
       0.86242
      0.862421
       0.86242
      0.862421
       0.86242
      0.862421
      0.794968
      0.794967
      0.794968
      0.794967
      0.794968
      0.794967
      0.794968
      0.794967
      0.794968
      0.794967
      0.794968
      0.794967
      0.794968
      0.794967
      0.794968
      0.794967
      0.794968
      0.794967
      0.794968
      0.794967
      0.794968
      0.794967
      0.794968
      0.794967
      0.794968
      0.794967
      0.794968
      0.794967
      0.794968
      0.794967
      0.794968
      0.794967
      0.794968
      0.794967
      0.794968
      0.794967
      0.794968
      0.794967
      0.794968
      0.794967
      0.794968
      0.794967
      0.794968
      0.794967
      0.794968
      0.794967
      0.794968
      0.794967
      0.794968
      0.794967
      0.794968
      0.794967
      0.794968
      0.794967
      0.794968
      0.794967
      0.794968
      0.794967
      0.794968
      0.729052
      0.729049
      0.729052
      0.729049
      0.729052
      0.729049
      0.729052
      0.729049
      0.729052
      0.729049
      0.729052
      0.729049
      0.729052
      0.729049
      0.729052
      0.729049
      0.729052
      0.729049
      0.729052
      0.729049
      0.729052
      0.729049
      0.729052
      0.729049
      0.729052
      0.729049
      0.729052
      0.729049
      0.729052
      0.729049
      0.729052
      0.729049
      0.729052
      0.729049
      0.729052
      0.729049
      0.729052
      0.729049
      0.729052
      0.729049
      0.729052
      0.729049
      0.729052
      0.729049
      0.729052
      0.729049
      0.729052
      0.729049
      0.729052
      0.729049
      0.729052
      0.729049
      0.729052
      0.729049
      0.729052
      0.729049
      0.729052
      0.729049
      0.729052
      0.665107
      0.665106
      0.665107
      0.665106
      0.665107
      0.665106
      0.665107
      0.665106
      0.665107
      0.665106
      0.665107
      0.665106
      0.665107
      0.665106
      0.665107
      0.665106
      0.665107
      0.665106
      0.665107
      0.665106
      0.665107
      0.665106
      0.665107
      0.665106
      0.665107
      0.665106
      0.665107
      0.665106
      0.665107
      0.665106
      0.665107
      0.665106
      0.665107
      0.665106
      0.665107
      0.665106
      0.665107
      0.665106
      0.665107
      0.665106
      0.665107
      0.665106
      0.665107
      0.665106
      0.665107
      0.665106
      0.665107
      0.665106
      0.665107
      0.665106
      0.665107
      0.665106
      0.665107
      0.665106
      0.665107
      0.665106
      0.665107
      0.665106
      0.665107
      0.603543
       0.60354
      0.603543
       0.60354
      0.603543
       0.60354
      0.603543
       0.60354
      0.603543
       0.60354
      0.603543
       0.60354
      0.603543
       0.60354
      0.603543
       0.60354
      0.603543
       0.60354
      0.603543
       0.60354
      0.603543
       0.60354
      0.603543
       0.60354
      0.603543
       0.60354
      0.603543
       0.60354
      0.603543
       0.60354
      0.603543
       0.60354
      0.603543
       0.60354
      0.603543
       0.60354
      0.603543
       0.60354
      0.603543
       0.60354
      0.603543
       0.60354
      0.603543
       0.60354
      0.603543
       0.60354
      0.603543
       0.60354
      0.603543
       0.60354
      0.603543
       0.60354
      0.603543
       0.60354
      0.603543
       0.60354
      0.603543
       0.60354
      0.603543
      0.544701
        0.5447
      0.544701
        0.5447
      0.544701
        0.5447
      0.544701
        0.5447
      0.544701
        0.5447
      0.544701
        0.5447
      0.544701
        0.5447
      0.544701
        0.5447
      0.544701
        0.5447
      0.544701
        0.5447
      0.544701
        0.5447
      0.544701
        0.5447
      0.544701
        0.5447
      0.544701
        0.5447
      0.544701
        0.5447
      0.544701
        0.5447
      0.544701
        0.5447
      0.544701
        0.5447
      0.544701
        0.5447
      0.544701
        0.5447
      0.544701
        0.5447
      0.544701
        0.5447
      0.544701
        0.5447
      0.544701
        0.5447
      0.544701
        0.5447
      0.544701
        0.5447
      0.544701
        0.5447
      0.544701
        0.5447
      0.544701
        0.5447
      0.544701
       0.48889
      0.488886
       0.48889
      0.488886
       0.48889
      0.488886
       0.48889
      0.488886
       0.48889
      0.488886
       0.48889
      0.488886
       0.48889
      0.488886
       0.48889
      0.488886
       0.48889
      0.488886
       0.48889
      0.488886
       0.48889
      0.488886
       0.48889
      0.488886
       0.48889
      0.488886
       0.48889
      0.488886
       0.48889
      0.488886
       0.48889
      0.488886
       0.48889
      0.488886
       0.48889
      0.488886
       0.48889
      0.488886
       0.48889
      0.488886
       0.48889
      0.488886
       0.48889
      0.488886
       0.48889
      0.488886
       0.48889
      0.488886
       0.48889
      0.488886
       0.48889
      0.488886
       0.48889
      0.488886
       0.48889
      0.488886
       0.48889
      0.488886
       0.48889
      0.436333
      0.436332
      0.436333
      0.436332
      0.436333
      0.436332
      0.436333
      0.436332
      0.436333
      0.436332
      0.436333
      0.436332
      0.436333
      0.436332
      0.436333
      0.436332
      0.436333
      0.436332
      0.436333
      0.436332
      0.436333
      0.436332
      0.436333
      0.436332
      0.436333
      0.436332
      0.436333
      0.436332
      0.436333
      0.436332
      0.436333
      0.436332
      0.436333
      0.436332
      0.436333
      0.436332
      0.436333
      0.436332
      0.436333
      0.436332
      0.436333
      0.436332
      0.436333
      0.436332
      0.436333
      0.436332
      0.436333
      0.436332
      0.436333
      0.436332
      0.436333
      0.436332
      0.436333
      0.436332
      0.436333
      0.436332
      0.436333
      0.436332
      0.436333
      0.387223
      0.387219
      0.387223
      0.387219
      0.387223
      0.387219
      0.387223
      0.387219
      0.387223
      0.387219
      0.387223
      0.387219
      0.387223
      0.387219
      0.387223
      0.387219
      0.387223
      0.387219
      0.387223
      0.387219
      0.387223
      0.387219
      0.387223
      0.387219
      0.387223
      0.387219
      0.387223
      0.387219
      0.387223
      0.387219
      0.387223
      0.387219
      0.387223
      0.387219
      0.387223
      0.387219
      0.387223
      0.387219
      0.387223
      0.387219
      0.387223
      0.387219
      0.387223
      0.387219
      0.387223
      0.387219
      0.387223
      0.387219
      0.387223
      0.387219
      0.387223
      0.387219
      0.387223
      0.387219
      0.387223
      0.387219
      0.387223
      0.387219
      0.387223
      0.341661
       0.34166
      0.341661
       0.34166
      0.341661
       0.34166
      0.341661
       0.34166
      0.341661
       0.34166
      0.341661
       0.34166
      0.341661
       0.34166
      0.341661
       0.34166
      0.341661
       0.34166
      0.341661
       0.34166
      0.341661
       0.34166
      0.341661
       0.34166
      0.341661
       0.34166
      0.341661
       0.34166
      0.341661
       0.34166
      0.341661
       0.34166
      0.341661
       0.34166
      0.341661
       0.34166
      0.341661
       0.34166
      0.341661
       0.34166
      0.341661
       0.34166
      0.341661
       0.34166
      0.341661
       0.34166
      0.341661
       0.34166
      0.341661
       0.34166
      0.341661
       0.34166
      0.341661
       0.34166
      0.341661
       0.34166
      0.341661
       0.34166
      0.341661
      0.299719
      0.299716
      0.299719
      0.299716
      0.299719
      0.299716
      0.299719
      0.299716
      0.299719
      0.299716
      0.299719
      0.299716
      0.299719
      0.299716
      0.299719
      0.299716
      0.299719
      0.299716
      0.299719
      0.299716
      0.299719
      0.299716
      0.299719
      0.299716
      0.299719
      0.299716
      0.299719
      0.299716
      0.299719
      0.299716
      0.299719
      0.299716
      0.299719
      0.299716
      0.299719
      0.299716
      0.299719
      0.299716
      0.299719
      0.299716
      0.299719
      0.299716
      0.299719
      0.299716
      0.299719
      0.299716
      0.299719
      0.299716
      0.299719
      0.299716
      0.299719
      0.299716
      0.299719
      0.299716
      0.299719
      0.299716
      0.299719
      0.299716
      0.299719
      0.261387
      0.261386
      0.261387
      0.261386
      0.261387
      0.261386
      0.261387
      0.261386
      0.261387
      0.261386
      0.261387
      0.261386
      0.261387
      0.261386
      0.261387
      0.261386
      0.261387
      0.261386
      0.261387
      0.261386
      0.261387
      0.261386
      0.261387
      0.261386
      0.261387
      0.261386
      0.261387
      0.261386
      0.261387
      0.261386
      0.261387
      0.261386
      0.261387
      0.261386
      0.261387
      0.261386
      0.261387
      0.261386
      0.261387
      0.261386
      0.261387
      0.261386
      0.261387
      0.261386
      0.261387
      0.261386
      0.261387
      0.261386
      0.261387
      0.261386
      0.261387
      0.261386
      0.261387
      0.261386
      0.261387
      0.261386
      0.261387
      0.261386
      0.261387
      0.226628
      0.226626
      0.226628
      0.226626
      0.226628
      0.226626
      0.226628
      0.226626
      0.226628
      0.226626
      0.226628
      0.226626
      0.226628
      0.226626
      0.226628
      0.226626
      0.226628
      0.226626
      0.226628
      0.226626
      0.226628
      0.226626
      0.226628
      0.226626
      0.226628
      0.226626
      0.226628
      0.226626
      0.226628
      0.226626
      0.226628
      0.226626
      0.226628
      0.226626
      0.226628
      0.226626
      0.226628
      0.226626
      0.226628
      0.226626
      0.226628
      0.226626
      0.226628
      0.226626
      0.226628
      0.226626
      0.226628
      0.226626
      0.226628
      0.226626
      0.226628
      0.226626
      0.226628
      0.226626
      0.226628
      0.226626
      0.226628
      0.226626
      0.226628
      0.195341
       0.19534
      0.195341
       0.19534
      0.195341
       0.19534
      0.195341
       0.19534
      0.195341
       0.19534
      0.195341
       0.19534
      0.195341
       0.19534
      0.195341
       0.19534
      0.195341
       0.19534
       0.19534
       0.19534
       0.19534
       0.19534
       0.19534
       0.19534
       0.19534
       0.19534
       0.19534
       0.19534
       0.19534
       0.19534
       0.19534
       0.19534
       0.19534
       0.19534
       0.19534
       0.19534
       0.19534
       0.19534
       0.19534
       0.19534
       0.19534
       0.19534
      0.195341
       0.19534
      0.195341
       0.19534
      0.195341
       0.19534
      0.195341
       0.19534
      0.195341
       0.19534
      0.195341
       0.19534
      0.195341
       0.19534
      0.195341
       0.19534
      0.195341
      0.167402
      0.167401
      0.167402
      0.167401
      0.167402
      0.167401
      0.167402
      0.167401
      0.167402
      0.167401
      0.167402
      0.167401
      0.167402
      0.167401
      0.167402
      0.167401
      0.167402
      0.167401
      0.167402
      0.167401
      0.167402
      0.167401
      0.167402
      0.167401
      0.167402
      0.167401
      0.167402
        0.1674
      0.167402
        0.1674
      0.167402
        0.1674
      0.167402
      0.167401
      0.167402
      0.167401
      0.167402
      0.167401
      0.167402
      0.167401
      0.167402
      0.167401
      0.167402
      0.167401
      0.167402
      0.167401
      0.167402
      0.167401
      0.167402
      0.167401
      0.167402
      0.167401
      0.167402
      0.167401
      0.167402
      0.167401
      0.167402
      0.167401
      0.167402
      0.142647
      0.142647
      0.142647
      0.142647
      0.142647
      0.142647
      0.142647
      0.142647
      0.142647
      0.142647
      0.142647
      0.142647
      0.142647
      0.142647
      0.142647
      0.142647
      0.142647
      0.142647
      0.142647
      0.142646
      0.142647
      0.142646
      0.142647
      0.142646
      0.142646
      0.142646
      0.142646
      0.142646
      0.142646
      0.142646
      0.142646
      0.142646
      0.142646
      0.142646
      0.142646
      0.142646
      0.142647
      0.142646
      0.142647
      0.142646
      0.142647
      0.142647
      0.142647
      0.142647
      0.142647
      0.142647
      0.142647
      0.142647
      0.142647
      0.142647
      0.142647
      0.142647
      0.142647
      0.142647
      0.142647
      0.142647
      0.142647
      0.142647
      0.142647
      0.120896
      0.120895
      0.120896
      0.120895
      0.120896
      0.120895
      0.120896
      0.120895
      0.120896
      0.120895
      0.120896
      0.120895
      0.120896
      0.120895
      0.120896
      0.120895
      0.120896
      0.120895
      0.120896
      0.120895
      0.120895
      0.120895
      0.120895
      0.120895
      0.120895
      0.120894
      0.120895
      0.120894
      0.120895
      0.120894
      0.120895
      0.120894
      0.120895
      0.120894
      0.120895
      0.120895
      0.120895
      0.120895
      0.120895
      0.120895
      0.120896
      0.120895
      0.120896
      0.120895
      0.120896
      0.120895
      0.120896
      0.120895
      0.120896
      0.120895
      0.120896
      0.120895
      0.120896
      0.120895
      0.120896
      0.120895
      0.120896
      0.120895
      0.120896
      0.101948
      0.101948
      0.101948
      0.101948
      0.101948
      0.101948
      0.101948
      0.101948
      0.101948
      0.101948
      0.101948
      0.101948
      0.101948
      0.101948
      0.101948
      0.101948
      0.101948
      0.101948
      0.101948
      0.101947
      0.101947
      0.101947
      0.101947
      0.101947
      0.101947
      0.101946
      0.101946
      0.101946
      0.101946
      0.101946
      0.101946
      0.101946
      0.101946
      0.101946
      0.101947
      0.101947
      0.101947
      0.101947
      0.101947
      0.101947
      0.101948
      0.101948
      0.101948
      0.101948
      0.101948
      0.101948
      0.101948
      0.101948
      0.101948
      0.101948
      0.101948
      0.101948
      0.101948
      0.101948
      0.101948
      0.101948
      0.101948
      0.101948
      0.101948
      0.085598
     0.0855983
      0.085598
     0.0855983
      0.085598
     0.0855983
      0.085598
     0.0855983
      0.085598
     0.0855983
      0.085598
     0.0855983
     0.0855979
     0.0855983
     0.0855979
     0.0855982
     0.0855978
      0.085598
     0.0855976
     0.0855978
     0.0855973
     0.0855975
     0.0855969
      0.085597
     0.0855964
     0.0855965
     0.0855959
      0.085596
     0.0855955
     0.0855958
     0.0855955
      0.085596
     0.0855959
     0.0855965
     0.0855964
      0.085597
     0.0855969
     0.0855975
     0.0855973
     0.0855978
     0.0855976
      0.085598
     0.0855978
     0.0855982
     0.0855979
     0.0855983
     0.0855979
     0.0855983
      0.085598
     0.0855983
      0.085598
     0.0855983
      0.085598
     0.0855983
      0.085598
     0.0855983
      0.085598
     0.0855983
      0.085598
     0.0716397
     0.0716399
     0.0716397
     0.0716399
     0.0716397
     0.0716399
     0.0716396
     0.0716399
     0.0716396
     0.0716399
     0.0716396
     0.0716398
     0.0716396
     0.0716398
     0.0716395
     0.0716397
     0.0716394
     0.0716395
     0.0716392
     0.0716392
     0.0716388
     0.0716388
     0.0716383
     0.0716381
     0.0716375
     0.0716373
     0.0716367
     0.0716366
     0.0716361
     0.0716363
     0.0716361
     0.0716366
     0.0716367
     0.0716373
     0.0716375
     0.0716381
     0.0716383
     0.0716388
     0.0716388
     0.0716392
     0.0716392
     0.0716395
     0.0716394
     0.0716397
     0.0716395
     0.0716398
     0.0716396
     0.0716398
     0.0716396
     0.0716399
     0.0716396
     0.0716399
     0.0716396
     0.0716399
     0.0716397
     0.0716399
     0.0716397
     0.0716399
     0.0716397
     0.0598689
     0.0598699
     0.0598689
     0.0598699
     0.0598689
     0.0598699
     0.0598689
     0.0598699
     0.0598689
     0.0598699
     0.0598688
     0.0598698
     0.0598688
     0.0598698
     0.0598687
     0.0598697
     0.0598686
     0.0598695
     0.0598683
     0.0598691
     0.0598678
     0.0598685
     0.0598671
     0.0598675
      0.059866
     0.0598663
     0.0598647
     0.0598652
     0.0598638
     0.0598647
     0.0598638
     0.0598652
     0.0598647
     0.0598663
      0.059866
     0.0598675
     0.0598671
     0.0598685
     0.0598678
     0.0598691
     0.0598683
     0.0598695
     0.0598686
     0.0598697
     0.0598687
     0.0598698
     0.0598688
     0.0598698
     0.0598688
     0.0598699
     0.0598689
     0.0598699
     0.0598689
     0.0598699
     0.0598689
     0.0598699
     0.0598689
     0.0598699
     0.0598689
     0.0500982
     0.0500986
     0.0500982
     0.0500986
     0.0500982
     0.0500986
     0.0500982
     0.0500986
     0.0500981
     0.0500985
     0.0500981
     0.0500985
     0.0500981
     0.0500985
      0.050098
     0.0500983
     0.0500978
     0.0500981
     0.0500975
     0.0500976
     0.0500968
     0.0500968
     0.0500958
     0.0500955
     0.0500943
     0.0500938
     0.0500924
     0.0500919
     0.0500909
     0.0500911
     0.0500909
     0.0500919
     0.0500924
     0.0500938
     0.0500943
     0.0500955
     0.0500958
     0.0500968
     0.0500968
     0.0500976
     0.0500975
     0.0500981
     0.0500978
     0.0500983
      0.050098
     0.0500985
     0.0500981
     0.0500985
     0.0500981
     0.0500985
     0.0500981
     0.0500986
     0.0500982
     0.0500986
     0.0500982
     0.0500986
     0.0500982
     0.0500986
     0.0500982
     0.0421479
     0.0421494
     0.0421479
     0.0421494
     0.0421479
     0.0421494
     0.0421479
     0.0421494
     0.0421479
     0.0421494
     0.0421479
     0.0421494
     0.0421478
     0.0421493
     0.0421477
     0.0421491
     0.0421475
     0.0421488
     0.0421471
     0.0421483
     0.0421464
     0.0421473
      0.042145
     0.0421455
     0.0421429
      0.042143
       0.04214
     0.0421401
     0.0421376
     0.0421386
     0.0421376
     0.0421401
       0.04214
      0.042143
     0.0421429
     0.0421455
      0.042145
     0.0421473
     0.0421464
     0.0421483
     0.0421471
     0.0421488
     0.0421475
     0.0421491
     0.0421477
     0.0421493
     0.0421478
     0.0421494
     0.0421479
     0.0421494
     0.0421479
     0.0421494
     0.0421479
     0.0421494
     0.0421479
     0.0421494
     0.0421479
     0.0421494
     0.0421479
     0.0358689
     0.0358694
     0.0358689
     0.0358694
     0.0358689
     0.0358694
     0.0358689
     0.0358694
     0.0358688
     0.0358694
     0.0358688
     0.0358693
     0.0358688
     0.0358693
     0.0358686
     0.0358691
     0.0358684
     0.0358687
     0.0358679
     0.0358681
      0.035867
     0.0358668
     0.0358653
     0.0358646
     0.0358624
      0.035861
     0.0358581
     0.0358563
     0.0358539
     0.0358536
     0.0358539
     0.0358563
     0.0358581
      0.035861
     0.0358624
     0.0358646
     0.0358653
     0.0358668
      0.035867
     0.0358681
     0.0358679
     0.0358687
     0.0358684
     0.0358691
     0.0358686
     0.0358693
     0.0358688
     0.0358693
     0.0358688
     0.0358694
     0.0358688
     0.0358694
     0.0358689
     0.0358694
     0.0358689
     0.0358694
     0.0358689
     0.0358694
     0.0358689
     0.0311234
     0.0311252
     0.0311234
     0.0311252
     0.0311234
     0.0311251
     0.0311234
     0.0311251
     0.0311233
     0.0311251
     0.0311233
     0.0311251
     0.0311233
      0.031125
     0.0311231
     0.0311248
     0.0311228
     0.0311244
     0.0311223
     0.0311236
     0.0311212
     0.0311222
     0.0311192
     0.0311194
     0.0311154
     0.0311144
      0.031109
     0.0311069
     0.0311016
     0.0311016
     0.0311016
     0.0311069
      0.031109
     0.0311144
     0.0311154
     0.0311194
     0.0311192
     0.0311222
     0.0311212
     0.0311236
     0.0311223
     0.0311244
     0.0311228
     0.0311248
     0.0311231
      0.031125
     0.0311233
     0.0311251
     0.0311233
     0.0311251
     0.0311233
     0.0311251
     0.0311234
     0.0311251
     0.0311234
     0.0311252
     0.0311234
     0.0311252
     0.0311234
     0.0278135
     0.0278141
     0.0278135
     0.0278141
     0.0278135
     0.0278141
     0.0278135
     0.0278141
     0.0278135
     0.0278141
     0.0278134
      0.027814
     0.0278134
     0.0278139
     0.0278132
     0.0278137
     0.0278129
     0.0278133
     0.0278123
     0.0278125
     0.0278111
     0.0278108
     0.0278088
     0.0278075
     0.0278041
      0.027801
     0.0277952
     0.0277891
      0.027781
     0.0277778
      0.027781
     0.0277891
     0.0277952
      0.027801
     0.0278041
     0.0278075
     0.0278088
     0.0278108
     0.0278111
     0.0278125
     0.0278123
     0.0278133
     0.0278129
     0.0278137
     0.0278132
     0.0278139
     0.0278134
      0.027814
     0.0278134
     0.0278141
     0.0278135
     0.0278141
     0.0278135
     0.0278141
     0.0278135
     0.0278141
     0.0278135
     0.0278141
     0.0278135
     0.0258555
     0.0258574
     0.0258555
     0.0258574
     0.0258555
     0.0258574
     0.0258555
     0.0258574
     0.0258555
     0.0258574
     0.0258554
     0.0258573
     0.0258553
     0.0258572
     0.0258552
      0.025857
     0.0258549
     0.0258566
     0.0258543
     0.0258557
      0.025853
     0.0258539
     0.0258504
     0.0258502
     0.0258451
     0.0258424
     0.0258337
     0.0258249
     0.0258064
     0.0257986
     0.0258064
     0.0258249
     0.0258337
     0.0258424
     0.0258451
     0.0258502
     0.0258504
     0.0258539
      0.025853
     0.0258557
     0.0258543
     0.0258566
     0.0258549
      0.025857
     0.0258552
     0.0258572
     0.0258553
     0.0258573
     0.0258554
     0.0258574
     0.0258555
     0.0258574
     0.0258555
     0.0258574
     0.0258555
     0.0258574
     0.0258555
     0.0258574
     0.0258555
     0.0252106
     0.0252112
     0.0252106
     0.0252112
     0.0252106
     0.0252112
     0.0252106
     0.0252112
     0.0252106
     0.0252112
     0.0252105
     0.0252111
     0.0252105
      0.025211
     0.0252103
     0.0252108
       0.02521
     0.0252104
     0.0252094
     0.0252095
     0.0252081
     0.0252076
     0.0252054
     0.0252038
     0.0251998
     0.0251954
     0.0251871
     0.0251749
     0.0251517
     0.0251068
     0.0251517
     0.0251749
     0.0251871
     0.0251954
     0.0251998
     0.0252038
     0.0252054
     0.0252076
     0.0252081
     0.0252095
     0.0252094
     0.0252104
       0.02521
     0.0252108
     0.0252103
      0.025211
     0.0252105
     0.0252111
     0.0252105
     0.0252112
     0.0252106
     0.0252112
     0.0252106
     0.0252112
     0.0252106
     0.0252112
     0.0252106
     0.0252112
     0.0252106
     0.0258555
     0.0258574
     0.0258555
     0.0258574
     0.0258555
     0.0258574
     0.0258555
     0.0258574
     0.0258555
     0.0258574
     0.0258554
     0.0258573
     0.0258553
     0.0258572
     0.0258552
      0.025857
     0.0258549
     0.0258566
     0.0258543
     0.0258557
      0.025853
     0.0258539
     0.0258504
     0.0258502
     0.0258451
     0.0258424
     0.0258337
     0.0258249
     0.0258064
     0.0257986
     0.0258064
     0.0258249
     0.0258337
     0.0258424
     0.0258451
     0.0258502
     0.0258504
     0.0258539
      0.025853
     0.0258557
     0.0258543
     0.0258566
     0.0258549
      0.025857
     0.0258552
     0.0258572
     0.0258553
     0.0258573
     0.0258554
     0.0258574
     0.0258555
     0.0258574
     0.0258555
     0.0258574
     0.0258555
     0.0258574
     0.0258555
     0.0258574
     0.0258555
     0.0278135
     0.0278141
     0.0278135
     0.0278141
     0.0278135
     0.0278141
     0.0278135
     0.0278141
     0.0278135
     0.0278141
     0.0278134
      0.027814
     0.0278134
     0.0278139
     0.0278132
     0.0278137
     0.0278129
     0.0278133
     0.0278123
     0.0278125
     0.0278111
     0.0278108
     0.0278088
     0.0278075
     0.0278041
      0.027801
     0.0277952
     0.0277891
      0.027781
     0.0277778
      0.027781
     0.0277891
     0.0277952
      0.027801
     0.0278041
     0.0278075
     0.0278088
     0.0278108
     0.0278111
     0.0278125
     0.0278123
     0.0278133
     0.0278129
     0.0278137
     0.0278132
     0.0278139
     0.0278134
      0.027814
     0.0278134
     0.0278141
     0.0278135
     0.0278141
     0.0278135
     0.0278141
     0.0278135
     0.0278141
     0.0278135
     0.0278141
     0.0278135
     0.0311234
     0.0311252
     0.0311234
     0.0311252
     0.0311234
     0.0311251
     0.0311234
     0.0311251
     0.0311233
     0.0311251
     0.0311233
     0.0311251
     0.0311233
      0.031125
     0.0311231
     0.0311248
     0.0311228
     0.0311244
     0.0311223
     0.0311236
     0.0311212
     0.0311222
     0.0311192
     0.0311194
     0.0311154
     0.0311144
      0.031109
     0.0311069
     0.0311016
     0.0311016
     0.0311016
     0.0311069
      0.031109
     0.0311144
     0.0311154
     0.0311194
     0.0311192
     0.0311222
     0.0311212
     0.0311236
     0.0311223
     0.0311244
     0.0311228
     0.0311248
     0.0311231
      0.031125
     0.0311233
     0.0311251
     0.0311233
     0.0311251
     0.0311233
     0.0311251
     0.0311234
     0.0311251
     0.0311234
     0.0311252
     0.0311234
     0.0311252
     0.0311234
     0.0358689
     0.0358694
     0.0358689
     0.0358694
     0.0358689
     0.0358694
     0.0358689
     0.0358694
     0.0358688
     0.0358694
     0.0358688
     0.0358693
     0.0358688
     0.0358693
     0.0358686
     0.0358691
     0.0358684
     0.0358687
     0.0358679
     0.0358681
      0.035867
     0.0358668
     0.0358653
     0.0358646
     0.0358624
      0.035861
     0.0358581
     0.0358563
     0.0358539
     0.0358536
     0.0358539
     0.0358563
     0.0358581
      0.035861
     0.0358624
     0.0358646
     0.0358653
     0.0358668
      0.035867
     0.0358681
     0.0358679
     0.0358687
     0.0358684
     0.0358691
     0.0358686
     0.0358693
     0.0358688
     0.0358693
     0.0358688
     0.0358694
     0.0358688
     0.0358694
     0.0358689
     0.0358694
     0.0358689
     0.0358694
     0.0358689
     0.0358694
     0.0358689
     0.0421479
     0.0421494
     0.0421479
     0.0421494
     0.0421479
     0.0421494
     0.0421479
     0.0421494
     0.0421479
     0.0421494
     0.0421479
     0.0421494
     0.0421478
     0.0421493
     0.0421477
     0.0421491
     0.0421475
     0.0421488
     0.0421471
     0.0421483
     0.0421464
     0.0421473
      0.042145
     0.0421455
     0.0421429
      0.042143
       0.04214
     0.0421401
     0.0421376
     0.0421386
     0.0421376
     0.0421401
       0.04214
      0.042143
     0.0421429
     0.0421455
      0.042145
     0.0421473
     0.0421464
     0.0421483
     0.0421471
     0.0421488
     0.0421475
     0.0421491
     0.0421477
     0.0421493
     0.0421478
     0.0421494
     0.0421479
     0.0421494
     0.0421479
     0.0421494
     0.0421479
     0.0421494
     0.0421479
     0.0421494
     0.0421479
     0.0421494
     0.0421479
     0.0500982
     0.0500986
     0.0500982
     0.0500986
     0.0500982
     0.0500986
     0.0500982
     0.0500986
     0.0500981
     0.0500985
     0.0500981
     0.0500985
     0.0500981
     0.0500985
      0.050098
     0.0500983
     0.0500978
     0.0500981
     0.0500975
     0.0500976
     0.0500968
     0.0500968
     0.0500958
     0.0500955
     0.0500943
     0.0500938
     0.0500924
     0.0500919
     0.0500909
     0.0500911
     0.0500909
     0.0500919
     0.0500924
     0.0500938
     0.0500943
     0.0500955
     0.0500958
     0.0500968
     0.0500968
     0.0500976
     0.0500975
     0.0500981
     0.0500978
     0.0500983
      0.050098
     0.0500985
     0.0500981
     0.0500985
     0.0500981
     0.0500985
     0.0500981
     0.0500986
     0.0500982
     0.0500986
     0.0500982
     0.0500986
     0.0500982
     0.0500986
     0.0500982
     0.0598689
     0.0598699
     0.0598689
     0.0598699
     0.0598689
     0.0598699
     0.0598689
     0.0598699
     0.0598689
     0.0598699
     0.0598688
     0.0598698
     0.0598688
     0.0598698
     0.0598687
     0.0598697
     0.0598686
     0.0598695
     0.0598683
     0.0598691
     0.0598678
     0.0598685
     0.0598671
     0.0598675
      0.059866
     0.0598663
     0.0598647
     0.0598652
     0.0598638
     0.0598647
     0.0598638
     0.0598652
     0.0598647
     0.0598663
      0.059866
     0.0598675
     0.0598671
     0.0598685
     0.0598678
     0.0598691
     0.0598683
     0.0598695
     0.0598686
     0.0598697
     0.0598687
     0.0598698
     0.0598688
     0.0598698
     0.0598688
     0.0598699
     0.0598689
     0.0598699
     0.0598689
     0.0598699
     0.0598689
     0.0598699
     0.0598689
     0.0598699
     0.0598689
     0.0716397
     0.0716399
     0.0716397
     0.0716399
     0.0716397
     0.0716399
     0.0716396
     0.0716399
     0.0716396
     0.0716399
     0.0716396
     0.0716398
     0.0716396
     0.0716398
     0.0716395
     0.0716397
     0.0716394
     0.0716395
     0.0716392
     0.0716392
     0.0716388
     0.0716388
     0.0716383
     0.0716381
     0.0716375
     0.0716373
     0.0716367
     0.0716366
     0.0716361
     0.0716363
     0.0716361
     0.0716366
     0.0716367
     0.0716373
     0.0716375
     0.0716381
     0.0716383
     0.0716388
     0.0716388
     0.0716392
     0.0716392
     0.0716395
     0.0716394
     0.0716397
     0.0716395
     0.0716398
     0.0716396
     0.0716398
     0.0716396
     0.0716399
     0.0716396
     0.0716399
     0.0716396
     0.0716399
     0.0716397
     0.0716399
     0.0716397
     0.0716399
     0.0716397
      0.085598
     0.0855983
      0.085598
     0.0855983
      0.085598
     0.0855983
      0.085598
     0.0855983
      0.085598
     0.0855983
      0.085598
     0.0855983
     0.0855979
     0.0855983
     0.0855979
     0.0855982
     0.0855978
      0.085598
     0.0855976
     0.0855978
     0.0855973
     0.0855975
     0.0855969
      0.085597
     0.0855964
     0.0855965
     0.0855959
      0.085596
     0.0855955
     0.0855958
     0.0855955
      0.085596
     0.0855959
     0.0855965
     0.0855964
      0.085597
     0.0855969
     0.0855975
     0.0855973
     0.0855978
     0.0855976
      0.085598
     0.0855978
     0.0855982
     0.0855979
     0.0855983
     0.0855979
     0.0855983
      0.085598
     0.0855983
      0.085598
     0.0855983
      0.085598
     0.0855983
      0.085598
     0.0855983
      0.085598
     0.0855983
      0.085598
      0.101948
      0.101948
      0.101948
      0.101948
      0.101948
      0.101948
      0.101948
      0.101948
      0.101948
      0.101948
      0.101948
      0.101948
      0.101948
      0.101948
      0.101948
      0.101948
      0.101948
      0.101948
      0.101948
      0.101947
      0.101947
      0.101947
      0.101947
      0.101947
      0.101947
      0.101946
      0.101946
      0.101946
      0.101946
      0.101946
      0.101946
      0.101946
      0.101946
      0.101946
      0.101947
      0.101947
      0.101947
      0.101947
      0.101947
      0.101947
      0.101948
      0.101948
      0.101948
      0.101948
      0.101948
      0.101948
      0.101948
      0.101948
      0.101948
      0.101948
      0.101948
      0.101948
      0.101948
      0.101948
      0.101948
      0.101948
      0.101948
      0.101948
      0.101948
      0.120896
      0.120895
      0.120896
      0.120895
      0.120896
      0.120895
      0.120896
      0.120895
      0.120896
      0.120895
      0.120896
      0.120895
      0.120896
      0.120895
      0.120896
      0.120895
      0.120896
      0.120895
      0.120896
      0.120895
      0.120895
      0.120895
      0.120895
      0.120895
      0.120895
      0.120894
      0.120895
      0.120894
      0.120895
      0.120894
      0.120895
      0.120894
      0.120895
      0.120894
      0.120895
      0.120895
      0.120895
      0.120895
      0.120895
      0.120895
      0.120896
      0.120895
      0.120896
      0.120895
      0.120896
      0.120895
      0.120896
      0.120895
      0.120896
      0.120895
      0.120896
      0.120895
      0.120896
      0.120895
      0.120896
      0.120895
      0.120896
      0.120895
      0.120896
      0.142647
      0.142647
      0.142647
      0.142647
      0.142647
      0.142647
      0.142647
      0.142647
      0.142647
      0.142647
      0.142647
      0.142647
      0.142647
      0.142647
      0.142647
      0.142647
      0.142647
      0.142647
      0.142647
      0.142646
      0.142647
      0.142646
      0.142647
      0.142646
      0.142646
      0.142646
      0.142646
      0.142646
      0.142646
      0.142646
      0.142646
      0.142646
      0.142646
      0.142646
      0.142646
      0.142646
      0.142647
      0.142646
      0.142647
      0.142646
      0.142647
      0.142647
      0.142647
      0.142647
      0.142647
      0.142647
      0.142647
      0.142647
      0.142647
      0.142647
      0.142647
      0.142647
      0.142647
      0.142647
      0.142647
      0.142647
      0.142647
      0.142647
      0.142647
      0.167402
      0.167401
      0.167402
      0.167401
      0.167402
      0.167401
      0.167402
      0.167401
      0.167402
      0.167401
      0.167402
      0.167401
      0.167402
      0.167401
      0.167402
      0.167401
      0.167402
      0.167401
      0.167402
      0.167401
      0.167402
      0.167401
      0.167402
      0.167401
      0.167402
      0.167401
      0.167402
        0.1674
      0.167402
        0.1674
      0.167402
        0.1674
      0.167402
      0.167401
      0.167402
      0.167401
      0.167402
      0.167401
      0.167402
      0.167401
      0.167402
      0.167401
      0.167402
      0.167401
      0.167402
      0.167401
      0.167402
      0.167401
      0.167402
      0.167401
      0.167402
      0.167401
      0.167402
      0.167401
      0.167402
      0.167401
      0.167402
      0.167401
      0.167402
      0.195341
       0.19534
      0.195341
       0.19534
      0.195341
       0.19534
      0.195341
       0.19534
      0.195341
       0.19534
      0.195341
       0.19534
      0.195341
       0.19534
      0.195341
       0.19534
      0.195341
       0.19534
       0.19534
       0.19534
       0.19534
       0.19534
       0.19534
       0.19534
       0.19534
       0.19534
       0.19534
       0.19534
       0.19534
       0.19534
       0.19534
       0.19534
       0.19534
       0.19534
       0.19534
       0.19534
       0.19534
       0.19534
       0.19534
       0.19534
       0.19534
       0.19534
      0.195341
       0.19534
      0.195341
       0.19534
      0.195341
       0.19534
      0.195341
       0.19534
      0.195341
       0.19534
      0.195341
       0.19534
      0.195341
       0.19534
      0.195341
       0.19534
      0.195341
      0.226628
      0.226626
      0.226628
      0.226626
      0.226628
      0.226626
      0.226628
      0.226626
      0.226628
      0.226626
      0.226628
      0.226626
      0.226628
      0.226626
      0.226628
      0.226626
      0.226628
      0.226626
      0.226628
      0.226626
      0.226628
      0.226626
      0.226628
      0.226626
      0.226628
      0.226626
      0.226628
      0.226626
      0.226628
      0.226626
      0.226628
      0.226626
      0.226628
      0.226626
      0.226628
      0.226626
      0.226628
      0.226626
      0.226628
      0.226626
      0.226628
      0.226626
      0.226628
      0.226626
      0.226628
      0.226626
      0.226628
      0.226626
      0.226628
      0.226626
      0.226628
      0.226626
      0.226628
      0.226626
      0.226628
      0.226626
      0.226628
      0.226626
      0.226628
      0.261387
      0.261386
      0.261387
      0.261386
      0.261387
      0.261386
      0.261387
      0.261386
      0.261387
      0.261386
      0.261387
      0.261386
      0.261387
      0.261386
      0.261387
      0.261386
      0.261387
      0.261386
      0.261387
      0.261386
      0.261387
      0.261386
      0.261387
      0.261386
      0.261387
      0.261386
      0.261387
      0.261386
      0.261387
      0.261386
      0.261387
      0.261386
      0.261387
      0.261386
      0.261387
      0.261386
      0.261387
      0.261386
      0.261387
      0.261386
      0.261387
      0.261386
      0.261387
      0.261386
      0.261387
      0.261386
      0.261387
      0.261386
      0.261387
      0.261386
      0.261387
      0.261386
      0.261387
      0.261386
      0.261387
      0.261386
      0.261387
      0.261386
      0.261387
      0.299719
      0.299716
      0.299719
      0.299716
      0.299719
      0.299716
      0.299719
      0.299716
      0.299719
      0.299716
      0.299719
      0.299716
      0.299719
      0.299716
      0.299719
      0.299716
      0.299719
      0.299716
      0.299719
      0.299716
      0.299719
      0.299716
      0.299719
      0.299716
      0.299719
      0.299716
      0.299719
      0.299716
      0.299719
      0.299716
      0.299719
      0.299716
      0.299719
      0.299716
      0.299719
      0.299716
      0.299719
      0.299716
      0.299719
      0.299716
      0.299719
      0.299716
      0.299719
      0.299716
      0.299719
      0.299716
      0.299719
      0.299716
      0.299719
      0.299716
      0.299719
      0.299716
      0.299719
      0.299716
      0.299719
      0.299716
      0.299719
      0.299716
      0.299719
      0.341661
       0.34166
      0.341661
       0.34166
      0.341661
       0.34166
      0.341661
       0.34166
      0.341661
       0.34166
      0.341661
       0.34166
      0.341661
       0.34166
      0.341661
       0.34166
      0.341661
       0.34166
      0.341661
       0.34166
      0.341661
       0.34166
      0.341661
       0.34166
      0.341661
       0.34166
      0.341661
       0.34166
      0.341661
       0.34166
      0.341661
       0.34166
      0.341661
       0.34166
      0.341661
       0.34166
      0.341661
       0.34166
      0.341661
       0.34166
      0.341661
       0.34166
      0.341661
       0.34166
      0.341661
       0.34166
      0.341661
       0.34166
      0.341661
       0.34166
      0.341661
       0.34166
      0.341661
       0.34166
      0.341661
       0.34166
      0.341661
       0.34166
      0.341661
      0.387223
      0.387219
      0.387223
      0.387219
      0.387223
      0.387219
      0.387223
      0.387219
      0.387223
      0.387219
      0.387223
      0.387219
      0.387223
      0.387219
      0.387223
      0.387219
      0.387223
      0.387219
      0.387223
      0.387219
      0.387223
      0.387219
      0.387223
      0.387219
      0.387223
      0.387219
      0.387223
      0.387219
      0.387223
      0.387219
      0.387223
      0.387219
      0.387223
      0.387219
      0.387223
      0.387219
      0.387223
      0.387219
      0.387223
      0.387219
      0.387223
      0.387219
      0.387223
      0.387219
      0.387223
      0.387219
      0.387223
      0.387219
      0.387223
      0.387219
      0.387223
      0.387219
      0.387223
      0.387219
      0.387223
      0.387219
      0.387223
      0.387219
      0.387223
      0.436333
      0.436332
      0.436333
      0.436332
      0.436333
      0.436332
      0.436333
      0.436332
      0.436333
      0.436332
      0.436333
      0.436332
      0.436333
      0.436332
      0.436333
      0.436332
      0.436333
      0.436332
      0.436333
      0.436332
      0.436333
      0.436332
      0.436333
      0.436332
      0.436333
      0.436332
      0.436333
      0.436332
      0.436333
      0.436332
      0.436333
      0.436332
      0.436333
      0.436332
      0.436333
      0.436332
      0.436333
      0.436332
      0.436333
      0.436332
      0.436333
      0.436332
      0.436333
      0.436332
      0.436333
      0.436332
      0.436333
      0.436332
      0.436333
      0.436332
      0.436333
      0.436332
      0.436333
      0.436332
      0.436333
      0.436332
      0.436333
      0.436332
      0.436333
       0.48889
      0.488886
       0.48889
      0.488886
       0.48889
      0.488886
       0.48889
      0.488886
       0.48889
      0.488886
       0.48889
      0.488886
       0.48889
      0.488886
       0.48889
      0.488886
       0.48889
      0.488886
       0.48889
      0.488886
       0.48889
      0.488886
       0.48889
      0.488886
       0.48889
      0.488886
       0.48889
      0.488886
       0.48889
      0.488886
       0.48889
      0.488886
       0.48889
      0.488886
       0.48889
      0.488886
       0.48889
      0.488886
       0.48889
      0.488886
       0.48889
      0.488886
       0.48889
      0.488886
       0.48889
      0.488886
       0.48889
      0.488886
       0.48889
      0.488886
       0.48889
      0.488886
       0.48889
      0.488886
       0.48889
      0.488886
       0.48889
      0.488886
       0.48889
      0.544701
        0.5447
      0.544701
        0.5447
      0.544701
        0.5447
      0.544701
        0.5447
      0.544701
        0.5447
      0.544701
        0.5447
      0.544701
        0.5447
      0.544701
        0.5447
      0.544701
        0.5447
      0.544701
        0.5447
      0.544701
        0.5447
      0.544701
        0.5447
      0.544701
        0.5447
      0.544701
        0.5447
      0.544701
        0.5447
      0.544701
        0.5447
      0.544701
        0.5447
      0.544701
        0.5447
      0.544701
        0.5447
      0.544701
        0.5447
      0.544701
        0.5447
      0.544701
        0.5447
      0.544701
        0.5447
      0.544701
        0.5447
      0.544701
        0.5447
      0.544701
        0.5447
      0.544701
        0.5447
      0.544701
        0.5447
      0.544701
        0.5447
      0.544701
      0.603543
       0.60354
      0.603543
       0.60354
      0.603543
       0.60354
      0.603543
       0.60354
      0.603543
       0.60354
      0.603543
       0.60354
      0.603543
       0.60354
      0.603543
       0.60354
      0.603543
       0.60354
      0.603543
       0.60354
      0.603543
       0.60354
      0.603543
       0.60354
      0.603543
       0.60354
      0.603543
       0.60354
      0.603543
       0.60354
      0.603543
       0.60354
      0.603543
       0.60354
      0.603543
       0.60354
      0.603543
       0.60354
      0.603543
       0.60354
      0.603543
       0.60354
      0.603543
       0.60354
      0.603543
       0.60354
      0.603543
       0.60354
      0.603543
       0.60354
      0.603543
       0.60354
      0.603543
       0.60354
      0.603543
       0.60354
      0.603543
       0.60354
      0.603543
      0.665107
      0.665106
      0.665107
      0.665106
      0.665107
      0.665106
      0.665107
      0.665106
      0.665107
      0.665106
      0.665107
      0.665106
      0.665107
      0.665106
      0.665107
      0.665106
      0.665107
      0.665106
      0.665107
      0.665106
      0.665107
      0.665106
      0.665107
      0.665106
      0.665107
      0.665106
      0.665107
      0.665106
      0.665107
      0.665106
      0.665107
      0.665106
      0.665107
      0.665106
      0.665107
      0.665106
      0.665107
      0.665106
      0.665107
      0.665106
      0.665107
      0.665106
      0.665107
      0.665106
      0.665107
      0.665106
      0.665107
      0.665106
      0.665107
      0.665106
      0.665107
      0.665106
      0.665107
      0.665106
      0.665107
      0.665106
      0.665107
      0.665106
      0.665107
      0.729052
      0.729049
      0.729052
      0.729049
      0.729052
      0.729049
      0.729052
      0.729049
      0.729052
      0.729049
      0.729052
      0.729049
      0.729052
      0.729049
      0.729052
      0.729049
      0.729052
      0.729049
      0.729052
      0.729049
      0.729052
      0.729049
      0.729052
      0.729049
      0.729052
      0.729049
      0.729052
      0.729049
      0.729052
      0.729049
      0.729052
      0.729049
      0.729052
      0.729049
      0.729052
      0.729049
      0.729052
      0.729049
      0.729052
      0.729049
      0.729052
      0.729049
      0.729052
      0.729049
      0.729052
      0.729049
      0.729052
      0.729049
      0.729052
      0.729049
      0.729052
      0.729049
      0.729052
      0.729049
      0.729052
      0.729049
      0.729052
      0.729049
      0.729052
      0.794968
      0.794967
      0.794968
      0.794967
      0.794968
      0.794967
      0.794968
      0.794967
      0.794968
      0.794967
      0.794968
      0.794967
      0.794968
      0.794967
      0.794968
      0.794967
      0.794968
      0.794967
      0.794968
      0.794967
      0.794968
      0.794967
      0.794968
      0.794967
      0.794968
      0.794967
      0.794968
      0.794967
      0.794968
      0.794967
      0.794968
      0.794967
      0.794968
      0.794967
      0.794968
      0.794967
      0.794968
      0.794967
      0.794968
      0.794967
      0.794968
      0.794967
      0.794968
      0.794967
      0.794968
      0.794967
      0.794968
      0.794967
      0.794968
      0.794967
      0.794968
      0.794967
      0.794968
      0.794967
      0.794968
      0.794967
      0.794968
      0.794967
      0.794968
      0.862421
       0.86242
      0.862421
       0.86242
      0.862421
       0.86242
      0.862421
       0.86242
      0.862421
       0.86242
      0.862421
       0.86242
      0.862421
       0.86242
      0.862421
       0.86242
      0.862421
       0.86242
      0.862421
       0.86242
      0.862421
       0.86242
      0.862421
       0.86242
      0.862421
       0.86242
      0.862421
       0.86242
      0.862421
       0.86242
      0.862421
       0.86242
      0.862421
       0.86242
      0.862421
       0.86242
      0.862421
       0.86242
      0.862421
       0.86242
      0.862421
       0.86242
      0.862421
       0.86242
      0.862421
       0.86242
      0.862421
       0.86242
      0.862421
       0.86242
      0.862421
       0.86242
      0.862421
       0.86242
      0.862421
       0.86242
      0.862421
       0.86242
      0.862421
       0.93093
      0.930929
       0.93093
      0.930929
       0.93093
      0.930929
       0.93093
      0.930929
       0.93093
      0.930929
       0.93093
      0.930929
       0.93093
      0.930929
       0.93093
      0.930929
       0.93093
      0.930929
       0.93093
      0.930929
       0.93093
      0.930929
       0.93093
      0.930929
       0.93093
      0.930929
       0.93093
      0.930929
       0.93093
      0.930929
       0.93093
      0.930929
       0.93093
      0.930929
       0.93093
      0.930929
       0.93093
      0.930929
       0.93093
      0.930929
       0.93093
      0.930929
       0.93093
      0.930929
       0.93093
      0.930929
       0.93093
      0.930929
       0.93093
      0.930929
       0.93093
      0.930929
       0.93093
      0.930929
       0.93093
      0.930929
       0.93093
      0.930929
       0.93093
             1
             1
             1
             1
             1
             1
             1
             1
             1
             1
             1
             1
             1
             1
             1
             1
             1
             1
             1
             1
             1
             1
             1
             1
             1
             1
             1
             1
             1
             1
             1
             1
             1
             1
             1
             1
             1
             1
             1
             1
             1
             1
             1
             1
             1
             1
             1
             1
             1
             1
             1
             1
             1
             1
             1
             1
             1
             1
             1
