             1
             1
             1
             1
             1
             1
             1
             1
             1
             1
             1
             1
             1
             1
             1
             1
             1
             1
             1
             1
             1
             1
             1
             1
             1
             1
             1
             1
             1
             1
             1
             1
             1
             1
             1
             1
             1
             1
             1
             1
             1
             1
             1
             1
             1
             1
             1
             1
             1
             1
             1
             1
             1
             1
             1
             1
             1
             1
             1
       0.93198
       0.93198
       0.93198
       0.93198
       0.93198
       0.93198
       0.93198
       0.93198
       0.93198
       0.93198
       0.93198
       0.93198
       0.93198
       0.93198
       0.93198
       0.93198
       0.93198
       0.93198
       0.93198
       0.93198
       0.93198
       0.93198
       0.93198
       0.93198
       0.93198
       0.93198
       0.93198
       0.93198
       0.93198
       0.93198
       0.93198
       0.93198
       0.93198
       0.93198
       0.93198
       0.93198
       0.93198
       0.93198
       0.93198
       0.93198
       0.93198
       0.93198
       0.93198
       0.93198
       0.93198
       0.93198
       0.93198
       0.93198
       0.93198
       0.93198
       0.93198
       0.93198
       0.93198
       0.93198
       0.93198
       0.93198
       0.93198
       0.93198
       0.93198
      0.864498
      0.864497
      0.864498
      0.864497
      0.864498
      0.864497
      0.864498
      0.864497
      0.864498
      0.864497
      0.864498
      0.864497
      0.864498
      0.864497
      0.864498
      0.864497
      0.864498
      0.864497
      0.864498
      0.864497
      0.864498
      0.864497
      0.864498
      0.864497
      0.864498
      0.864497
      0.864498
      0.864497
      0.864498
      0.864497
      0.864498
      0.864497
      0.864498
      0.864497
      0.864498
      0.864497
      0.864498
      0.864497
      0.864498
      0.864497
      0.864498
      0.864497
      0.864498
      0.864497
      0.864498
      0.864497
      0.864498
      0.864497
      0.864498
      0.864497
      0.864498
      0.864497
      0.864498
      0.864497
      0.864498
      0.864497
      0.864498
      0.864497
      0.864498
      0.798027
      0.798026
      0.798027
      0.798026
      0.798027
      0.798026
      0.798027
      0.798026
      0.798027
      0.798026
      0.798027
      0.798026
      0.798027
      0.798026
      0.798027
      0.798026
      0.798027
      0.798026
      0.798027
      0.798026
      0.798027
      0.798026
      0.798027
      0.798026
      0.798027
      0.798026
      0.798027
      0.798026
      0.798027
      0.798026
      0.798027
      0.798026
      0.798027
      0.798026
      0.798027
      0.798026
      0.798027
      0.798026
      0.798027
      0.798026
      0.798027
      0.798026
      0.798027
      0.798026
      0.798027
      0.798026
      0.798027
      0.798026
      0.798027
      0.798026
      0.798027
      0.798026
      0.798027
      0.798026
      0.798027
      0.798026
      0.798027
      0.798026
      0.798027
      0.733026
      0.733024
      0.733026
      0.733024
      0.733026
      0.733024
      0.733026
      0.733024
      0.733026
      0.733024
      0.733026
      0.733024
      0.733026
      0.733024
      0.733026
      0.733024
      0.733026
      0.733024
      0.733026
      0.733024
      0.733026
      0.733024
      0.733026
      0.733024
      0.733026
      0.733024
      0.733026
      0.733024
      0.733026
      0.733024
      0.733026
      0.733024
      0.733026
      0.733024
      0.733026
      0.733024
      0.733026
      0.733024
      0.733026
      0.733024
      0.733026
      0.733024
      0.733026
      0.733024
      0.733026
      0.733024
      0.733026
      0.733024
      0.733026
      0.733024
      0.733026
      0.733024
      0.733026
      0.733024
      0.733026
      0.733024
      0.733026
      0.733024
      0.733026
      0.669912
      0.669911
      0.669912
      0.669911
      0.669912
      0.669911
      0.669912
      0.669911
      0.669912
      0.669911
      0.669912
      0.669911
      0.669912
      0.669911
      0.669912
      0.669911
      0.669912
      0.669911
      0.669912
      0.669911
      0.669912
      0.669911
      0.669912
      0.669911
      0.669912
      0.669911
      0.669912
      0.669911
      0.669912
      0.669911
      0.669912
      0.669911
      0.669912
      0.669911
      0.669912
      0.669911
      0.669912
      0.669911
      0.669912
      0.669911
      0.669912
      0.669911
      0.669912
      0.669911
      0.669912
      0.669911
      0.669912
      0.669911
      0.669912
      0.669911
      0.669912
      0.669911
      0.669912
      0.669911
      0.669912
      0.669911
      0.669912
      0.669911
      0.669912
       0.60908
      0.609077
       0.60908
      0.609077
       0.60908
      0.609077
       0.60908
      0.609077
       0.60908
      0.609077
       0.60908
      0.609077
       0.60908
      0.609077
       0.60908
      0.609077
       0.60908
      0.609077
       0.60908
      0.609077
       0.60908
      0.609077
       0.60908
      0.609077
       0.60908
      0.609077
       0.60908
      0.609077
       0.60908
      0.609077
       0.60908
      0.609077
       0.60908
      0.609077
       0.60908
      0.609077
       0.60908
      0.609077
       0.60908
      0.609077
       0.60908
      0.609077
       0.60908
      0.609077
       0.60908
      0.609077
       0.60908
      0.609077
       0.60908
      0.609077
       0.60908
      0.609077
       0.60908
      0.609077
       0.60908
      0.609077
       0.60908
      0.609077
       0.60908
      0.550858
      0.550857
      0.550858
      0.550857
      0.550858
      0.550857
      0.550858
      0.550857
      0.550858
      0.550857
      0.550858
      0.550857
      0.550858
      0.550857
      0.550858
      0.550857
      0.550858
      0.550857
      0.550858
      0.550857
      0.550858
      0.550857
      0.550858
      0.550857
      0.550858
      0.550857
      0.550858
      0.550857
      0.550858
      0.550857
      0.550858
      0.550857
      0.550858
      0.550857
      0.550858
      0.550857
      0.550858
      0.550857
      0.550858
      0.550857
      0.550858
      0.550857
      0.550858
      0.550857
      0.550858
      0.550857
      0.550858
      0.550857
      0.550858
      0.550857
      0.550858
      0.550857
      0.550858
      0.550857
      0.550858
      0.550857
      0.550858
      0.550857
      0.550858
      0.495548
      0.495545
      0.495548
      0.495545
      0.495548
      0.495545
      0.495548
      0.495545
      0.495548
      0.495545
      0.495548
      0.495545
      0.495548
      0.495545
      0.495548
      0.495545
      0.495548
      0.495544
      0.495548
      0.495544
      0.495548
      0.495544
      0.495548
      0.495544
      0.495548
      0.495544
      0.495548
      0.495544
      0.495548
      0.495544
      0.495548
      0.495544
      0.495548
      0.495544
      0.495548
      0.495544
      0.495548
      0.495544
      0.495548
      0.495544
      0.495548
      0.495544
      0.495548
      0.495545
      0.495548
      0.495545
      0.495548
      0.495545
      0.495548
      0.495545
      0.495548
      0.495545
      0.495548
      0.495545
      0.495548
      0.495545
      0.495548
      0.495545
      0.495548
      0.443369
      0.443368
      0.443369
      0.443368
      0.443369
      0.443368
      0.443369
      0.443368
      0.443369
      0.443368
      0.443369
      0.443368
      0.443369
      0.443368
      0.443369
      0.443368
      0.443369
      0.443368
      0.443369
      0.443368
      0.443369
      0.443368
      0.443369
      0.443368
      0.443369
      0.443368
      0.443369
      0.443368
      0.443369
      0.443368
      0.443369
      0.443368
      0.443369
      0.443368
      0.443369
      0.443368
      0.443369
      0.443368
      0.443369
      0.443368
      0.443369
      0.443368
      0.443369
      0.443368
      0.443369
      0.443368
      0.443369
      0.443368
      0.443369
      0.443368
      0.443369
      0.443368
      0.443369
      0.443368
      0.443369
      0.443368
      0.443369
      0.443368
      0.443369
      0.394514
       0.39451
      0.394514
       0.39451
      0.394514
       0.39451
      0.394514
       0.39451
      0.394514
       0.39451
      0.394514
       0.39451
      0.394514
       0.39451
      0.394514
       0.39451
      0.394514
       0.39451
      0.394514
       0.39451
      0.394514
       0.39451
      0.394514
       0.39451
      0.394513
       0.39451
      0.394513
       0.39451
      0.394513
       0.39451
      0.394513
       0.39451
      0.394513
       0.39451
      0.394513
       0.39451
      0.394514
       0.39451
      0.394514
       0.39451
      0.394514
       0.39451
      0.394514
       0.39451
      0.394514
       0.39451
      0.394514
       0.39451
      0.394514
       0.39451
      0.394514
       0.39451
      0.394514
       0.39451
      0.394514
       0.39451
      0.394514
       0.39451
      0.394514
      0.349086
      0.349085
      0.349086
      0.349085
      0.349086
      0.349085
      0.349086
      0.349085
      0.349086
      0.349085
      0.349086
      0.349085
      0.349086
      0.349085
      0.349086
      0.349085
      0.349086
      0.349085
      0.349086
      0.349085
      0.349086
      0.349085
      0.349086
      0.349085
      0.349086
      0.349085
      0.349086
      0.349085
      0.349086
      0.349085
      0.349086
      0.349085
      0.349086
      0.349085
      0.349086
      0.349085
      0.349086
      0.349085
      0.349086
      0.349085
      0.349086
      0.349085
      0.349086
      0.349085
      0.349086
      0.349085
      0.349086
      0.349085
      0.349086
      0.349085
      0.349086
      0.349085
      0.349086
      0.349085
      0.349086
      0.349085
      0.349086
      0.349085
      0.349086
      0.307166
      0.307163
      0.307166
      0.307163
      0.307166
      0.307163
      0.307166
      0.307163
      0.307166
      0.307163
      0.307166
      0.307163
      0.307166
      0.307163
      0.307166
      0.307163
      0.307166
      0.307163
      0.307166
      0.307163
      0.307166
      0.307163
      0.307166
      0.307163
      0.307166
      0.307163
      0.307166
      0.307162
      0.307166
      0.307162
      0.307166
      0.307162
      0.307166
      0.307163
      0.307166
      0.307163
      0.307166
      0.307163
      0.307166
      0.307163
      0.307166
      0.307163
      0.307166
      0.307163
      0.307166
      0.307163
      0.307166
      0.307163
      0.307166
      0.307163
      0.307166
      0.307163
      0.307166
      0.307163
      0.307166
      0.307163
      0.307166
      0.307163
      0.307166
      0.268751
       0.26875
      0.268751
       0.26875
      0.268751
       0.26875
      0.268751
       0.26875
      0.268751
       0.26875
      0.268751
       0.26875
      0.268751
       0.26875
      0.268751
       0.26875
      0.268751
       0.26875
      0.268751
       0.26875
      0.268751
       0.26875
      0.268751
       0.26875
      0.268751
       0.26875
      0.268751
       0.26875
      0.268751
       0.26875
      0.268751
       0.26875
      0.268751
       0.26875
      0.268751
       0.26875
      0.268751
       0.26875
      0.268751
       0.26875
      0.268751
       0.26875
      0.268751
       0.26875
      0.268751
       0.26875
      0.268751
       0.26875
      0.268751
       0.26875
      0.268751
       0.26875
      0.268751
       0.26875
      0.268751
       0.26875
      0.268751
       0.26875
      0.268751
      0.233818
      0.233816
      0.233818
      0.233816
      0.233818
      0.233816
      0.233818
      0.233816
      0.233818
      0.233816
      0.233818
      0.233816
      0.233818
      0.233816
      0.233818
      0.233816
      0.233818
      0.233816
      0.233818
      0.233816
      0.233818
      0.233816
      0.233818
      0.233816
      0.233818
      0.233816
      0.233818
      0.233816
      0.233818
      0.233816
      0.233818
      0.233816
      0.233818
      0.233816
      0.233818
      0.233816
      0.233818
      0.233816
      0.233818
      0.233816
      0.233818
      0.233816
      0.233818
      0.233816
      0.233818
      0.233816
      0.233818
      0.233816
      0.233818
      0.233816
      0.233818
      0.233816
      0.233818
      0.233816
      0.233818
      0.233816
      0.233818
      0.233816
      0.233818
      0.202279
      0.202278
      0.202279
      0.202278
      0.202279
      0.202278
      0.202279
      0.202278
      0.202279
      0.202278
      0.202279
      0.202278
      0.202279
      0.202278
      0.202279
      0.202278
      0.202279
      0.202278
      0.202278
      0.202278
      0.202278
      0.202278
      0.202278
      0.202278
      0.202278
      0.202278
      0.202278
      0.202277
      0.202278
      0.202277
      0.202278
      0.202277
      0.202278
      0.202278
      0.202278
      0.202278
      0.202278
      0.202278
      0.202278
      0.202278
      0.202278
      0.202278
      0.202279
      0.202278
      0.202279
      0.202278
      0.202279
      0.202278
      0.202279
      0.202278
      0.202279
      0.202278
      0.202279
      0.202278
      0.202279
      0.202278
      0.202279
      0.202278
      0.202279
      0.174025
      0.174023
      0.174025
      0.174023
      0.174025
      0.174023
      0.174025
      0.174023
      0.174025
      0.174023
      0.174025
      0.174023
      0.174025
      0.174023
      0.174025
      0.174023
      0.174025
      0.174023
      0.174025
      0.174023
      0.174024
      0.174023
      0.174024
      0.174023
      0.174024
      0.174023
      0.174024
      0.174023
      0.174024
      0.174023
      0.174024
      0.174023
      0.174024
      0.174023
      0.174024
      0.174023
      0.174024
      0.174023
      0.174024
      0.174023
      0.174025
      0.174023
      0.174025
      0.174023
      0.174025
      0.174023
      0.174025
      0.174023
      0.174025
      0.174023
      0.174025
      0.174023
      0.174025
      0.174023
      0.174025
      0.174023
      0.174025
      0.174023
      0.174025
      0.148905
      0.148905
      0.148905
      0.148905
      0.148905
      0.148905
      0.148905
      0.148905
      0.148905
      0.148905
      0.148905
      0.148905
      0.148905
      0.148905
      0.148905
      0.148905
      0.148905
      0.148905
      0.148905
      0.148905
      0.148905
      0.148905
      0.148905
      0.148904
      0.148905
      0.148904
      0.148904
      0.148904
      0.148904
      0.148904
      0.148904
      0.148904
      0.148904
      0.148904
      0.148905
      0.148904
      0.148905
      0.148905
      0.148905
      0.148905
      0.148905
      0.148905
      0.148905
      0.148905
      0.148905
      0.148905
      0.148905
      0.148905
      0.148905
      0.148905
      0.148905
      0.148905
      0.148905
      0.148905
      0.148905
      0.148905
      0.148905
      0.148905
      0.148905
      0.126757
      0.126757
      0.126757
      0.126757
      0.126757
      0.126757
      0.126757
      0.126757
      0.126757
      0.126757
      0.126757
      0.126757
      0.126757
      0.126757
      0.126757
      0.126757
      0.126757
      0.126757
      0.126757
      0.126757
      0.126757
      0.126756
      0.126757
      0.126756
      0.126756
      0.126756
      0.126756
      0.126756
      0.126756
      0.126755
      0.126756
      0.126756
      0.126756
      0.126756
      0.126756
      0.126756
      0.126757
      0.126756
      0.126757
      0.126757
      0.126757
      0.126757
      0.126757
      0.126757
      0.126757
      0.126757
      0.126757
      0.126757
      0.126757
      0.126757
      0.126757
      0.126757
      0.126757
      0.126757
      0.126757
      0.126757
      0.126757
      0.126757
      0.126757
      0.107395
      0.107395
      0.107395
      0.107395
      0.107395
      0.107395
      0.107395
      0.107395
      0.107395
      0.107395
      0.107395
      0.107395
      0.107395
      0.107395
      0.107395
      0.107395
      0.107395
      0.107395
      0.107394
      0.107394
      0.107394
      0.107394
      0.107394
      0.107394
      0.107393
      0.107393
      0.107393
      0.107393
      0.107393
      0.107393
      0.107393
      0.107393
      0.107393
      0.107393
      0.107393
      0.107394
      0.107394
      0.107394
      0.107394
      0.107394
      0.107394
      0.107395
      0.107395
      0.107395
      0.107395
      0.107395
      0.107395
      0.107395
      0.107395
      0.107395
      0.107395
      0.107395
      0.107395
      0.107395
      0.107395
      0.107395
      0.107395
      0.107395
      0.107395
     0.0906267
      0.090627
     0.0906267
      0.090627
     0.0906267
      0.090627
     0.0906267
      0.090627
     0.0906267
      0.090627
     0.0906267
     0.0906269
     0.0906267
     0.0906269
     0.0906266
     0.0906268
     0.0906265
     0.0906266
     0.0906263
     0.0906264
     0.0906259
     0.0906259
     0.0906254
     0.0906254
     0.0906248
     0.0906247
     0.0906242
     0.0906242
     0.0906238
     0.0906239
     0.0906238
     0.0906242
     0.0906242
     0.0906247
     0.0906248
     0.0906254
     0.0906254
     0.0906259
     0.0906259
     0.0906264
     0.0906263
     0.0906266
     0.0906265
     0.0906268
     0.0906266
     0.0906269
     0.0906267
     0.0906269
     0.0906267
      0.090627
     0.0906267
      0.090627
     0.0906267
      0.090627
     0.0906267
      0.090627
     0.0906267
      0.090627
     0.0906267
     0.0762593
     0.0762595
     0.0762593
     0.0762595
     0.0762593
     0.0762595
     0.0762593
     0.0762595
     0.0762593
     0.0762595
     0.0762593
     0.0762594
     0.0762592
     0.0762594
     0.0762591
     0.0762593
      0.076259
     0.0762591
     0.0762587
     0.0762587
     0.0762583
     0.0762582
     0.0762576
     0.0762574
     0.0762567
     0.0762564
     0.0762557
     0.0762555
     0.0762551
     0.0762552
     0.0762551
     0.0762555
     0.0762557
     0.0762564
     0.0762567
     0.0762574
     0.0762576
     0.0762582
     0.0762583
     0.0762587
     0.0762587
     0.0762591
      0.076259
     0.0762593
     0.0762591
     0.0762594
     0.0762592
     0.0762594
     0.0762593
     0.0762595
     0.0762593
     0.0762595
     0.0762593
     0.0762595
     0.0762593
     0.0762595
     0.0762593
     0.0762595
     0.0762593
     0.0641008
     0.0641017
     0.0641008
     0.0641017
     0.0641007
     0.0641017
     0.0641007
     0.0641016
     0.0641007
     0.0641016
     0.0641007
     0.0641016
     0.0641007
     0.0641015
     0.0641006
     0.0641014
     0.0641004
     0.0641011
        0.0641
     0.0641007
     0.0640995
     0.0640999
     0.0640985
     0.0640988
     0.0640973
     0.0640974
     0.0640958
     0.0640961
     0.0640948
     0.0640955
     0.0640948
     0.0640961
     0.0640958
     0.0640974
     0.0640973
     0.0640988
     0.0640985
     0.0640999
     0.0640995
     0.0641007
        0.0641
     0.0641011
     0.0641004
     0.0641014
     0.0641006
     0.0641015
     0.0641007
     0.0641016
     0.0641007
     0.0641016
     0.0641007
     0.0641016
     0.0641007
     0.0641017
     0.0641007
     0.0641017
     0.0641008
     0.0641017
     0.0641008
     0.0539735
     0.0539739
     0.0539735
     0.0539739
     0.0539735
     0.0539739
     0.0539735
     0.0539739
     0.0539735
     0.0539739
     0.0539735
     0.0539738
     0.0539734
     0.0539738
     0.0539733
     0.0539736
     0.0539731
     0.0539733
     0.0539727
     0.0539727
     0.0539719
     0.0539718
     0.0539707
     0.0539703
     0.0539689
     0.0539682
     0.0539667
     0.0539661
      0.053965
     0.0539651
      0.053965
     0.0539661
     0.0539667
     0.0539682
     0.0539689
     0.0539703
     0.0539707
     0.0539718
     0.0539719
     0.0539727
     0.0539727
     0.0539733
     0.0539731
     0.0539736
     0.0539733
     0.0539738
     0.0539734
     0.0539738
     0.0539735
     0.0539739
     0.0539735
     0.0539739
     0.0539735
     0.0539739
     0.0539735
     0.0539739
     0.0539735
     0.0539739
     0.0539735
     0.0457073
     0.0457087
     0.0457073
     0.0457087
     0.0457073
     0.0457087
     0.0457073
     0.0457087
     0.0457073
     0.0457087
     0.0457073
     0.0457086
     0.0457072
     0.0457086
     0.0457071
     0.0457084
     0.0457068
      0.045708
     0.0457063
     0.0457073
     0.0457054
     0.0457061
     0.0457039
     0.0457041
     0.0457014
     0.0457012
      0.045698
     0.0456978
     0.0456953
     0.0456962
     0.0456953
     0.0456978
      0.045698
     0.0457012
     0.0457014
     0.0457041
     0.0457039
     0.0457061
     0.0457054
     0.0457073
     0.0457063
      0.045708
     0.0457068
     0.0457084
     0.0457071
     0.0457086
     0.0457072
     0.0457086
     0.0457073
     0.0457087
     0.0457073
     0.0457087
     0.0457073
     0.0457087
     0.0457073
     0.0457087
     0.0457073
     0.0457087
     0.0457073
     0.0391598
     0.0391604
     0.0391598
     0.0391604
     0.0391598
     0.0391604
     0.0391598
     0.0391603
     0.0391598
     0.0391603
     0.0391598
     0.0391603
     0.0391597
     0.0391602
     0.0391596
     0.0391599
     0.0391593
     0.0391595
     0.0391587
     0.0391587
     0.0391576
     0.0391573
     0.0391556
     0.0391547
     0.0391523
     0.0391505
     0.0391473
     0.0391452
     0.0391425
     0.0391421
     0.0391425
     0.0391452
     0.0391473
     0.0391505
     0.0391523
     0.0391547
     0.0391556
     0.0391573
     0.0391576
     0.0391587
     0.0391587
     0.0391595
     0.0391593
     0.0391599
     0.0391596
     0.0391602
     0.0391597
     0.0391603
     0.0391598
     0.0391603
     0.0391598
     0.0391603
     0.0391598
     0.0391604
     0.0391598
     0.0391604
     0.0391598
     0.0391604
     0.0391598
     0.0341998
     0.0342015
     0.0341998
     0.0342015
     0.0341998
     0.0342015
     0.0341997
     0.0342014
     0.0341997
     0.0342014
     0.0341997
     0.0342014
     0.0341996
     0.0342012
     0.0341994
      0.034201
     0.0341991
     0.0342005
     0.0341985
     0.0341996
     0.0341972
     0.0341979
     0.0341948
     0.0341947
     0.0341905
     0.0341889
     0.0341831
     0.0341804
     0.0341747
     0.0341745
     0.0341747
     0.0341804
     0.0341831
     0.0341889
     0.0341905
     0.0341947
     0.0341948
     0.0341979
     0.0341972
     0.0341996
     0.0341985
     0.0342005
     0.0341991
      0.034201
     0.0341994
     0.0342012
     0.0341996
     0.0342014
     0.0341997
     0.0342014
     0.0341997
     0.0342014
     0.0341997
     0.0342015
     0.0341998
     0.0342015
     0.0341998
     0.0342015
     0.0341998
     0.0307333
     0.0307339
     0.0307333
     0.0307339
     0.0307333
     0.0307339
     0.0307333
     0.0307339
     0.0307333
     0.0307338
     0.0307332
     0.0307338
     0.0307331
     0.0307337
      0.030733
     0.0307334
     0.0307326
     0.0307329
     0.0307319
     0.0307319
     0.0307305
     0.0307299
     0.0307277
     0.0307261
     0.0307224
     0.0307187
     0.0307123
     0.0307053
     0.0306962
     0.0306926
     0.0306962
     0.0307053
     0.0307123
     0.0307187
     0.0307224
     0.0307261
     0.0307277
     0.0307299
     0.0307305
     0.0307319
     0.0307319
     0.0307329
     0.0307326
     0.0307334
      0.030733
     0.0307337
     0.0307331
     0.0307338
     0.0307332
     0.0307338
     0.0307333
     0.0307339
     0.0307333
     0.0307339
     0.0307333
     0.0307339
     0.0307333
     0.0307339
     0.0307333
     0.0286802
     0.0286821
     0.0286802
     0.0286821
     0.0286802
     0.0286821
     0.0286802
      0.028682
     0.0286802
      0.028682
     0.0286801
      0.028682
     0.0286801
     0.0286818
     0.0286799
     0.0286816
     0.0286795
      0.028681
     0.0286787
       0.02868
     0.0286772
     0.0286778
     0.0286742
     0.0286736
     0.0286681
     0.0286647
     0.0286552
      0.028645
     0.0286246
     0.0286155
     0.0286246
      0.028645
     0.0286552
     0.0286647
     0.0286681
     0.0286736
     0.0286742
     0.0286778
     0.0286772
       0.02868
     0.0286787
      0.028681
     0.0286795
     0.0286816
     0.0286799
     0.0286818
     0.0286801
      0.028682
     0.0286801
      0.028682
     0.0286802
      0.028682
     0.0286802
     0.0286821
     0.0286802
     0.0286821
     0.0286802
     0.0286821
     0.0286802
     0.0280033
     0.0280039
     0.0280033
     0.0280039
     0.0280033
     0.0280039
     0.0280033
     0.0280039
     0.0280033
     0.0280039
     0.0280033
     0.0280038
     0.0280032
     0.0280037
      0.028003
     0.0280034
     0.0280026
     0.0280029
     0.0280018
     0.0280018
     0.0280003
     0.0279996
     0.0279972
     0.0279952
     0.0279907
     0.0279857
     0.0279763
     0.0279626
     0.0279368
     0.0278867
     0.0279368
     0.0279626
     0.0279763
     0.0279857
     0.0279907
     0.0279952
     0.0279972
     0.0279996
     0.0280003
     0.0280018
     0.0280018
     0.0280029
     0.0280026
     0.0280034
      0.028003
     0.0280037
     0.0280032
     0.0280038
     0.0280033
     0.0280039
     0.0280033
     0.0280039
     0.0280033
     0.0280039
     0.0280033
     0.0280039
     0.0280033
     0.0280039
     0.0280033
     0.0286802
     0.0286821
     0.0286802
     0.0286821
     0.0286802
     0.0286821
     0.0286802
      0.028682
     0.0286802
      0.028682
     0.0286801
      0.028682
     0.0286801
     0.0286818
     0.0286799
     0.0286816
     0.0286795
      0.028681
     0.0286787
       0.02868
     0.0286772
     0.0286778
     0.0286742
     0.0286736
     0.0286681
     0.0286647
     0.0286552
      0.028645
     0.0286246
     0.0286155
     0.0286246
      0.028645
     0.0286552
     0.0286647
     0.0286681
     0.0286736
     0.0286742
     0.0286778
     0.0286772
       0.02868
     0.0286787
      0.028681
     0.0286795
     0.0286816
     0.0286799
     0.0286818
     0.0286801
      0.028682
     0.0286801
      0.028682
     0.0286802
      0.028682
     0.0286802
     0.0286821
     0.0286802
     0.0286821
     0.0286802
     0.0286821
     0.0286802
     0.0307333
     0.0307339
     0.0307333
     0.0307339
     0.0307333
     0.0307339
     0.0307333
     0.0307339
     0.0307333
     0.0307338
     0.0307332
     0.0307338
     0.0307331
     0.0307337
      0.030733
     0.0307334
     0.0307326
     0.0307329
     0.0307319
     0.0307319
     0.0307305
     0.0307299
     0.0307277
     0.0307261
     0.0307224
     0.0307187
     0.0307123
     0.0307053
     0.0306962
     0.0306926
     0.0306962
     0.0307053
     0.0307123
     0.0307187
     0.0307224
     0.0307261
     0.0307277
     0.0307299
     0.0307305
     0.0307319
     0.0307319
     0.0307329
     0.0307326
     0.0307334
      0.030733
     0.0307337
     0.0307331
     0.0307338
     0.0307332
     0.0307338
     0.0307333
     0.0307339
     0.0307333
     0.0307339
     0.0307333
     0.0307339
     0.0307333
     0.0307339
     0.0307333
     0.0341998
     0.0342015
     0.0341998
     0.0342015
     0.0341998
     0.0342015
     0.0341997
     0.0342014
     0.0341997
     0.0342014
     0.0341997
     0.0342014
     0.0341996
     0.0342012
     0.0341994
      0.034201
     0.0341991
     0.0342005
     0.0341985
     0.0341996
     0.0341972
     0.0341979
     0.0341948
     0.0341947
     0.0341905
     0.0341889
     0.0341831
     0.0341804
     0.0341747
     0.0341745
     0.0341747
     0.0341804
     0.0341831
     0.0341889
     0.0341905
     0.0341947
     0.0341948
     0.0341979
     0.0341972
     0.0341996
     0.0341985
     0.0342005
     0.0341991
      0.034201
     0.0341994
     0.0342012
     0.0341996
     0.0342014
     0.0341997
     0.0342014
     0.0341997
     0.0342014
     0.0341997
     0.0342015
     0.0341998
     0.0342015
     0.0341998
     0.0342015
     0.0341998
     0.0391598
     0.0391604
     0.0391598
     0.0391604
     0.0391598
     0.0391604
     0.0391598
     0.0391603
     0.0391598
     0.0391603
     0.0391598
     0.0391603
     0.0391597
     0.0391602
     0.0391596
     0.0391599
     0.0391593
     0.0391595
     0.0391587
     0.0391587
     0.0391576
     0.0391573
     0.0391556
     0.0391547
     0.0391523
     0.0391505
     0.0391473
     0.0391452
     0.0391425
     0.0391421
     0.0391425
     0.0391452
     0.0391473
     0.0391505
     0.0391523
     0.0391547
     0.0391556
     0.0391573
     0.0391576
     0.0391587
     0.0391587
     0.0391595
     0.0391593
     0.0391599
     0.0391596
     0.0391602
     0.0391597
     0.0391603
     0.0391598
     0.0391603
     0.0391598
     0.0391603
     0.0391598
     0.0391604
     0.0391598
     0.0391604
     0.0391598
     0.0391604
     0.0391598
     0.0457073
     0.0457087
     0.0457073
     0.0457087
     0.0457073
     0.0457087
     0.0457073
     0.0457087
     0.0457073
     0.0457087
     0.0457073
     0.0457086
     0.0457072
     0.0457086
     0.0457071
     0.0457084
     0.0457068
      0.045708
     0.0457063
     0.0457073
     0.0457054
     0.0457061
     0.0457039
     0.0457041
     0.0457014
     0.0457012
      0.045698
     0.0456978
     0.0456953
     0.0456962
     0.0456953
     0.0456978
      0.045698
     0.0457012
     0.0457014
     0.0457041
     0.0457039
     0.0457061
     0.0457054
     0.0457073
     0.0457063
      0.045708
     0.0457068
     0.0457084
     0.0457071
     0.0457086
     0.0457072
     0.0457086
     0.0457073
     0.0457087
     0.0457073
     0.0457087
     0.0457073
     0.0457087
     0.0457073
     0.0457087
     0.0457073
     0.0457087
     0.0457073
     0.0539735
     0.0539739
     0.0539735
     0.0539739
     0.0539735
     0.0539739
     0.0539735
     0.0539739
     0.0539735
     0.0539739
     0.0539735
     0.0539738
     0.0539734
     0.0539738
     0.0539733
     0.0539736
     0.0539731
     0.0539733
     0.0539727
     0.0539727
     0.0539719
     0.0539718
     0.0539707
     0.0539703
     0.0539689
     0.0539682
     0.0539667
     0.0539661
      0.053965
     0.0539651
      0.053965
     0.0539661
     0.0539667
     0.0539682
     0.0539689
     0.0539703
     0.0539707
     0.0539718
     0.0539719
     0.0539727
     0.0539727
     0.0539733
     0.0539731
     0.0539736
     0.0539733
     0.0539738
     0.0539734
     0.0539738
     0.0539735
     0.0539739
     0.0539735
     0.0539739
     0.0539735
     0.0539739
     0.0539735
     0.0539739
     0.0539735
     0.0539739
     0.0539735
     0.0641008
     0.0641017
     0.0641008
     0.0641017
     0.0641007
     0.0641017
     0.0641007
     0.0641016
     0.0641007
     0.0641016
     0.0641007
     0.0641016
     0.0641007
     0.0641015
     0.0641006
     0.0641014
     0.0641004
     0.0641011
        0.0641
     0.0641007
     0.0640995
     0.0640999
     0.0640985
     0.0640988
     0.0640973
     0.0640974
     0.0640958
     0.0640961
     0.0640948
     0.0640955
     0.0640948
     0.0640961
     0.0640958
     0.0640974
     0.0640973
     0.0640988
     0.0640985
     0.0640999
     0.0640995
     0.0641007
        0.0641
     0.0641011
     0.0641004
     0.0641014
     0.0641006
     0.0641015
     0.0641007
     0.0641016
     0.0641007
     0.0641016
     0.0641007
     0.0641016
     0.0641007
     0.0641017
     0.0641007
     0.0641017
     0.0641008
     0.0641017
     0.0641008
     0.0762593
     0.0762595
     0.0762593
     0.0762595
     0.0762593
     0.0762595
     0.0762593
     0.0762595
     0.0762593
     0.0762595
     0.0762593
     0.0762594
     0.0762592
     0.0762594
     0.0762591
     0.0762593
      0.076259
     0.0762591
     0.0762587
     0.0762587
     0.0762583
     0.0762582
     0.0762576
     0.0762574
     0.0762567
     0.0762564
     0.0762557
     0.0762555
     0.0762551
     0.0762552
     0.0762551
     0.0762555
     0.0762557
     0.0762564
     0.0762567
     0.0762574
     0.0762576
     0.0762582
     0.0762583
     0.0762587
     0.0762587
     0.0762591
      0.076259
     0.0762593
     0.0762591
     0.0762594
     0.0762592
     0.0762594
     0.0762593
     0.0762595
     0.0762593
     0.0762595
     0.0762593
     0.0762595
     0.0762593
     0.0762595
     0.0762593
     0.0762595
     0.0762593
     0.0906267
      0.090627
     0.0906267
      0.090627
     0.0906267
      0.090627
     0.0906267
      0.090627
     0.0906267
      0.090627
     0.0906267
     0.0906269
     0.0906267
     0.0906269
     0.0906266
     0.0906268
     0.0906265
     0.0906266
     0.0906263
     0.0906264
     0.0906259
     0.0906259
     0.0906254
     0.0906254
     0.0906248
     0.0906247
     0.0906242
     0.0906242
     0.0906238
     0.0906239
     0.0906238
     0.0906242
     0.0906242
     0.0906247
     0.0906248
     0.0906254
     0.0906254
     0.0906259
     0.0906259
     0.0906264
     0.0906263
     0.0906266
     0.0906265
     0.0906268
     0.0906266
     0.0906269
     0.0906267
     0.0906269
     0.0906267
      0.090627
     0.0906267
      0.090627
     0.0906267
      0.090627
     0.0906267
      0.090627
     0.0906267
      0.090627
     0.0906267
      0.107395
      0.107395
      0.107395
      0.107395
      0.107395
      0.107395
      0.107395
      0.107395
      0.107395
      0.107395
      0.107395
      0.107395
      0.107395
      0.107395
      0.107395
      0.107395
      0.107395
      0.107395
      0.107394
      0.107394
      0.107394
      0.107394
      0.107394
      0.107394
      0.107393
      0.107393
      0.107393
      0.107393
      0.107393
      0.107393
      0.107393
      0.107393
      0.107393
      0.107393
      0.107393
      0.107394
      0.107394
      0.107394
      0.107394
      0.107394
      0.107394
      0.107395
      0.107395
      0.107395
      0.107395
      0.107395
      0.107395
      0.107395
      0.107395
      0.107395
      0.107395
      0.107395
      0.107395
      0.107395
      0.107395
      0.107395
      0.107395
      0.107395
      0.107395
      0.126757
      0.126757
      0.126757
      0.126757
      0.126757
      0.126757
      0.126757
      0.126757
      0.126757
      0.126757
      0.126757
      0.126757
      0.126757
      0.126757
      0.126757
      0.126757
      0.126757
      0.126757
      0.126757
      0.126757
      0.126757
      0.126756
      0.126757
      0.126756
      0.126756
      0.126756
      0.126756
      0.126756
      0.126756
      0.126755
      0.126756
      0.126756
      0.126756
      0.126756
      0.126756
      0.126756
      0.126757
      0.126756
      0.126757
      0.126757
      0.126757
      0.126757
      0.126757
      0.126757
      0.126757
      0.126757
      0.126757
      0.126757
      0.126757
      0.126757
      0.126757
      0.126757
      0.126757
      0.126757
      0.126757
      0.126757
      0.126757
      0.126757
      0.126757
      0.148905
      0.148905
      0.148905
      0.148905
      0.148905
      0.148905
      0.148905
      0.148905
      0.148905
      0.148905
      0.148905
      0.148905
      0.148905
      0.148905
      0.148905
      0.148905
      0.148905
      0.148905
      0.148905
      0.148905
      0.148905
      0.148905
      0.148905
      0.148904
      0.148905
      0.148904
      0.148904
      0.148904
      0.148904
      0.148904
      0.148904
      0.148904
      0.148904
      0.148904
      0.148905
      0.148904
      0.148905
      0.148905
      0.148905
      0.148905
      0.148905
      0.148905
      0.148905
      0.148905
      0.148905
      0.148905
      0.148905
      0.148905
      0.148905
      0.148905
      0.148905
      0.148905
      0.148905
      0.148905
      0.148905
      0.148905
      0.148905
      0.148905
      0.148905
      0.174025
      0.174023
      0.174025
      0.174023
      0.174025
      0.174023
      0.174025
      0.174023
      0.174025
      0.174023
      0.174025
      0.174023
      0.174025
      0.174023
      0.174025
      0.174023
      0.174025
      0.174023
      0.174025
      0.174023
      0.174024
      0.174023
      0.174024
      0.174023
      0.174024
      0.174023
      0.174024
      0.174023
      0.174024
      0.174023
      0.174024
      0.174023
      0.174024
      0.174023
      0.174024
      0.174023
      0.174024
      0.174023
      0.174024
      0.174023
      0.174025
      0.174023
      0.174025
      0.174023
      0.174025
      0.174023
      0.174025
      0.174023
      0.174025
      0.174023
      0.174025
      0.174023
      0.174025
      0.174023
      0.174025
      0.174023
      0.174025
      0.174023
      0.174025
      0.202279
      0.202278
      0.202279
      0.202278
      0.202279
      0.202278
      0.202279
      0.202278
      0.202279
      0.202278
      0.202279
      0.202278
      0.202279
      0.202278
      0.202279
      0.202278
      0.202279
      0.202278
      0.202278
      0.202278
      0.202278
      0.202278
      0.202278
      0.202278
      0.202278
      0.202278
      0.202278
      0.202277
      0.202278
      0.202277
      0.202278
      0.202277
      0.202278
      0.202278
      0.202278
      0.202278
      0.202278
      0.202278
      0.202278
      0.202278
      0.202278
      0.202278
      0.202279
      0.202278
      0.202279
      0.202278
      0.202279
      0.202278
      0.202279
      0.202278
      0.202279
      0.202278
      0.202279
      0.202278
      0.202279
      0.202278
      0.202279
      0.202278
      0.202279
      0.233818
      0.233816
      0.233818
      0.233816
      0.233818
      0.233816
      0.233818
      0.233816
      0.233818
      0.233816
      0.233818
      0.233816
      0.233818
      0.233816
      0.233818
      0.233816
      0.233818
      0.233816
      0.233818
      0.233816
      0.233818
      0.233816
      0.233818
      0.233816
      0.233818
      0.233816
      0.233818
      0.233816
      0.233818
      0.233816
      0.233818
      0.233816
      0.233818
      0.233816
      0.233818
      0.233816
      0.233818
      0.233816
      0.233818
      0.233816
      0.233818
      0.233816
      0.233818
      0.233816
      0.233818
      0.233816
      0.233818
      0.233816
      0.233818
      0.233816
      0.233818
      0.233816
      0.233818
      0.233816
      0.233818
      0.233816
      0.233818
      0.233816
      0.233818
      0.268751
       0.26875
      0.268751
       0.26875
      0.268751
       0.26875
      0.268751
       0.26875
      0.268751
       0.26875
      0.268751
       0.26875
      0.268751
       0.26875
      0.268751
       0.26875
      0.268751
       0.26875
      0.268751
       0.26875
      0.268751
       0.26875
      0.268751
       0.26875
      0.268751
       0.26875
      0.268751
       0.26875
      0.268751
       0.26875
      0.268751
       0.26875
      0.268751
       0.26875
      0.268751
       0.26875
      0.268751
       0.26875
      0.268751
       0.26875
      0.268751
       0.26875
      0.268751
       0.26875
      0.268751
       0.26875
      0.268751
       0.26875
      0.268751
       0.26875
      0.268751
       0.26875
      0.268751
       0.26875
      0.268751
       0.26875
      0.268751
       0.26875
      0.268751
      0.307166
      0.307163
      0.307166
      0.307163
      0.307166
      0.307163
      0.307166
      0.307163
      0.307166
      0.307163
      0.307166
      0.307163
      0.307166
      0.307163
      0.307166
      0.307163
      0.307166
      0.307163
      0.307166
      0.307163
      0.307166
      0.307163
      0.307166
      0.307163
      0.307166
      0.307163
      0.307166
      0.307162
      0.307166
      0.307162
      0.307166
      0.307162
      0.307166
      0.307163
      0.307166
      0.307163
      0.307166
      0.307163
      0.307166
      0.307163
      0.307166
      0.307163
      0.307166
      0.307163
      0.307166
      0.307163
      0.307166
      0.307163
      0.307166
      0.307163
      0.307166
      0.307163
      0.307166
      0.307163
      0.307166
      0.307163
      0.307166
      0.307163
      0.307166
      0.349086
      0.349085
      0.349086
      0.349085
      0.349086
      0.349085
      0.349086
      0.349085
      0.349086
      0.349085
      0.349086
      0.349085
      0.349086
      0.349085
      0.349086
      0.349085
      0.349086
      0.349085
      0.349086
      0.349085
      0.349086
      0.349085
      0.349086
      0.349085
      0.349086
      0.349085
      0.349086
      0.349085
      0.349086
      0.349085
      0.349086
      0.349085
      0.349086
      0.349085
      0.349086
      0.349085
      0.349086
      0.349085
      0.349086
      0.349085
      0.349086
      0.349085
      0.349086
      0.349085
      0.349086
      0.349085
      0.349086
      0.349085
      0.349086
      0.349085
      0.349086
      0.349085
      0.349086
      0.349085
      0.349086
      0.349085
      0.349086
      0.349085
      0.349086
      0.394514
       0.39451
      0.394514
       0.39451
      0.394514
       0.39451
      0.394514
       0.39451
      0.394514
       0.39451
      0.394514
       0.39451
      0.394514
       0.39451
      0.394514
       0.39451
      0.394514
       0.39451
      0.394514
       0.39451
      0.394514
       0.39451
      0.394514
       0.39451
      0.394513
       0.39451
      0.394513
       0.39451
      0.394513
       0.39451
      0.394513
       0.39451
      0.394513
       0.39451
      0.394513
       0.39451
      0.394514
       0.39451
      0.394514
       0.39451
      0.394514
       0.39451
      0.394514
       0.39451
      0.394514
       0.39451
      0.394514
       0.39451
      0.394514
       0.39451
      0.394514
       0.39451
      0.394514
       0.39451
      0.394514
       0.39451
      0.394514
       0.39451
      0.394514
      0.443369
      0.443368
      0.443369
      0.443368
      0.443369
      0.443368
      0.443369
      0.443368
      0.443369
      0.443368
      0.443369
      0.443368
      0.443369
      0.443368
      0.443369
      0.443368
      0.443369
      0.443368
      0.443369
      0.443368
      0.443369
      0.443368
      0.443369
      0.443368
      0.443369
      0.443368
      0.443369
      0.443368
      0.443369
      0.443368
      0.443369
      0.443368
      0.443369
      0.443368
      0.443369
      0.443368
      0.443369
      0.443368
      0.443369
      0.443368
      0.443369
      0.443368
      0.443369
      0.443368
      0.443369
      0.443368
      0.443369
      0.443368
      0.443369
      0.443368
      0.443369
      0.443368
      0.443369
      0.443368
      0.443369
      0.443368
      0.443369
      0.443368
      0.443369
      0.495548
      0.495545
      0.495548
      0.495545
      0.495548
      0.495545
      0.495548
      0.495545
      0.495548
      0.495545
      0.495548
      0.495545
      0.495548
      0.495545
      0.495548
      0.495545
      0.495548
      0.495544
      0.495548
      0.495544
      0.495548
      0.495544
      0.495548
      0.495544
      0.495548
      0.495544
      0.495548
      0.495544
      0.495548
      0.495544
      0.495548
      0.495544
      0.495548
      0.495544
      0.495548
      0.495544
      0.495548
      0.495544
      0.495548
      0.495544
      0.495548
      0.495544
      0.495548
      0.495545
      0.495548
      0.495545
      0.495548
      0.495545
      0.495548
      0.495545
      0.495548
      0.495545
      0.495548
      0.495545
      0.495548
      0.495545
      0.495548
      0.495545
      0.495548
      0.550858
      0.550857
      0.550858
      0.550857
      0.550858
      0.550857
      0.550858
      0.550857
      0.550858
      0.550857
      0.550858
      0.550857
      0.550858
      0.550857
      0.550858
      0.550857
      0.550858
      0.550857
      0.550858
      0.550857
      0.550858
      0.550857
      0.550858
      0.550857
      0.550858
      0.550857
      0.550858
      0.550857
      0.550858
      0.550857
      0.550858
      0.550857
      0.550858
      0.550857
      0.550858
      0.550857
      0.550858
      0.550857
      0.550858
      0.550857
      0.550858
      0.550857
      0.550858
      0.550857
      0.550858
      0.550857
      0.550858
      0.550857
      0.550858
      0.550857
      0.550858
      0.550857
      0.550858
      0.550857
      0.550858
      0.550857
      0.550858
      0.550857
      0.550858
       0.60908
      0.609077
       0.60908
      0.609077
       0.60908
      0.609077
       0.60908
      0.609077
       0.60908
      0.609077
       0.60908
      0.609077
       0.60908
      0.609077
       0.60908
      0.609077
       0.60908
      0.609077
       0.60908
      0.609077
       0.60908
      0.609077
       0.60908
      0.609077
       0.60908
      0.609077
       0.60908
      0.609077
       0.60908
      0.609077
       0.60908
      0.609077
       0.60908
      0.609077
       0.60908
      0.609077
       0.60908
      0.609077
       0.60908
      0.609077
       0.60908
      0.609077
       0.60908
      0.609077
       0.60908
      0.609077
       0.60908
      0.609077
       0.60908
      0.609077
       0.60908
      0.609077
       0.60908
      0.609077
       0.60908
      0.609077
       0.60908
      0.609077
       0.60908
      0.669912
      0.669911
      0.669912
      0.669911
      0.669912
      0.669911
      0.669912
      0.669911
      0.669912
      0.669911
      0.669912
      0.669911
      0.669912
      0.669911
      0.669912
      0.669911
      0.669912
      0.669911
      0.669912
      0.669911
      0.669912
      0.669911
      0.669912
      0.669911
      0.669912
      0.669911
      0.669912
      0.669911
      0.669912
      0.669911
      0.669912
      0.669911
      0.669912
      0.669911
      0.669912
      0.669911
      0.669912
      0.669911
      0.669912
      0.669911
      0.669912
      0.669911
      0.669912
      0.669911
      0.669912
      0.669911
      0.669912
      0.669911
      0.669912
      0.669911
      0.669912
      0.669911
      0.669912
      0.669911
      0.669912
      0.669911
      0.669912
      0.669911
      0.669912
      0.733026
      0.733024
      0.733026
      0.733024
      0.733026
      0.733024
      0.733026
      0.733024
      0.733026
      0.733024
      0.733026
      0.733024
      0.733026
      0.733024
      0.733026
      0.733024
      0.733026
      0.733024
      0.733026
      0.733024
      0.733026
      0.733024
      0.733026
      0.733024
      0.733026
      0.733024
      0.733026
      0.733024
      0.733026
      0.733024
      0.733026
      0.733024
      0.733026
      0.733024
      0.733026
      0.733024
      0.733026
      0.733024
      0.733026
      0.733024
      0.733026
      0.733024
      0.733026
      0.733024
      0.733026
      0.733024
      0.733026
      0.733024
      0.733026
      0.733024
      0.733026
      0.733024
      0.733026
      0.733024
      0.733026
      0.733024
      0.733026
      0.733024
      0.733026
      0.798027
      0.798026
      0.798027
      0.798026
      0.798027
      0.798026
      0.798027
      0.798026
      0.798027
      0.798026
      0.798027
      0.798026
      0.798027
      0.798026
      0.798027
      0.798026
      0.798027
      0.798026
      0.798027
      0.798026
      0.798027
      0.798026
      0.798027
      0.798026
      0.798027
      0.798026
      0.798027
      0.798026
      0.798027
      0.798026
      0.798027
      0.798026
      0.798027
      0.798026
      0.798027
      0.798026
      0.798027
      0.798026
      0.798027
      0.798026
      0.798027
      0.798026
      0.798027
      0.798026
      0.798027
      0.798026
      0.798027
      0.798026
      0.798027
      0.798026
      0.798027
      0.798026
      0.798027
      0.798026
      0.798027
      0.798026
      0.798027
      0.798026
      0.798027
      0.864498
      0.864497
      0.864498
      0.864497
      0.864498
      0.864497
      0.864498
      0.864497
      0.864498
      0.864497
      0.864498
      0.864497
      0.864498
      0.864497
      0.864498
      0.864497
      0.864498
      0.864497
      0.864498
      0.864497
      0.864498
      0.864497
      0.864498
      0.864497
      0.864498
      0.864497
      0.864498
      0.864497
      0.864498
      0.864497
      0.864498
      0.864497
      0.864498
      0.864497
      0.864498
      0.864497
      0.864498
      0.864497
      0.864498
      0.864497
      0.864498
      0.864497
      0.864498
      0.864497
      0.864498
      0.864497
      0.864498
      0.864497
      0.864498
      0.864497
      0.864498
      0.864497
      0.864498
      0.864497
      0.864498
      0.864497
      0.864498
      0.864497
      0.864498
       0.93198
       0.93198
       0.93198
       0.93198
       0.93198
       0.93198
       0.93198
       0.93198
       0.93198
       0.93198
       0.93198
       0.93198
       0.93198
       0.93198
       0.93198
       0.93198
       0.93198
       0.93198
       0.93198
       0.93198
       0.93198
       0.93198
       0.93198
       0.93198
       0.93198
       0.93198
       0.93198
       0.93198
       0.93198
       0.93198
       0.93198
       0.93198
       0.93198
       0.93198
       0.93198
       0.93198
       0.93198
       0.93198
       0.93198
       0.93198
       0.93198
       0.93198
       0.93198
       0.93198
       0.93198
       0.93198
       0.93198
       0.93198
       0.93198
       0.93198
       0.93198
       0.93198
       0.93198
       0.93198
       0.93198
       0.93198
       0.93198
       0.93198
       0.93198
             1
             1
             1
             1
             1
             1
             1
             1
             1
             1
             1
             1
             1
             1
             1
             1
             1
             1
             1
             1
             1
             1
             1
             1
             1
             1
             1
             1
             1
             1
             1
             1
             1
             1
             1
             1
             1
             1
             1
             1
             1
             1
             1
             1
             1
             1
             1
             1
             1
             1
             1
             1
             1
             1
             1
             1
             1
             1
             1
