             1
             1
             1
             1
             1
             1
             1
             1
             1
             1
             1
             1
             1
             1
             1
             1
             1
             1
             1
             1
             1
             1
             1
             1
             1
             1
             1
             1
             1
             1
             1
             1
             1
             1
             1
             1
             1
             1
             1
             1
             1
             1
             1
             1
             1
             1
             1
             1
             1
             1
             1
             1
             1
             1
             1
             1
             1
             1
             1
      0.932983
      0.932983
      0.932983
      0.932983
      0.932983
      0.932983
      0.932983
      0.932983
      0.932983
      0.932983
      0.932983
      0.932983
      0.932983
      0.932983
      0.932983
      0.932983
      0.932983
      0.932983
      0.932983
      0.932983
      0.932983
      0.932983
      0.932983
      0.932983
      0.932983
      0.932983
      0.932983
      0.932983
      0.932983
      0.932983
      0.932983
      0.932983
      0.932983
      0.932983
      0.932983
      0.932983
      0.932983
      0.932983
      0.932983
      0.932983
      0.932983
      0.932983
      0.932983
      0.932983
      0.932983
      0.932983
      0.932983
      0.932983
      0.932983
      0.932983
      0.932983
      0.932983
      0.932983
      0.932983
      0.932983
      0.932983
      0.932983
      0.932983
      0.932983
      0.866484
      0.866482
      0.866484
      0.866482
      0.866484
      0.866482
      0.866484
      0.866482
      0.866484
      0.866482
      0.866484
      0.866482
      0.866484
      0.866482
      0.866484
      0.866482
      0.866484
      0.866482
      0.866484
      0.866482
      0.866484
      0.866482
      0.866484
      0.866482
      0.866484
      0.866482
      0.866484
      0.866482
      0.866484
      0.866482
      0.866484
      0.866482
      0.866484
      0.866482
      0.866484
      0.866482
      0.866484
      0.866482
      0.866484
      0.866482
      0.866484
      0.866482
      0.866484
      0.866482
      0.866484
      0.866482
      0.866484
      0.866482
      0.866484
      0.866482
      0.866484
      0.866482
      0.866484
      0.866482
      0.866484
      0.866482
      0.866484
      0.866482
      0.866484
      0.800952
      0.800951
      0.800952
      0.800951
      0.800952
      0.800951
      0.800952
      0.800951
      0.800952
      0.800951
      0.800952
      0.800951
      0.800952
      0.800951
      0.800952
      0.800951
      0.800952
      0.800951
      0.800952
      0.800951
      0.800952
      0.800951
      0.800952
      0.800951
      0.800952
      0.800951
      0.800952
      0.800951
      0.800952
      0.800951
      0.800952
      0.800951
      0.800952
      0.800951
      0.800952
      0.800951
      0.800952
      0.800951
      0.800952
      0.800951
      0.800952
      0.800951
      0.800952
      0.800951
      0.800952
      0.800951
      0.800952
      0.800951
      0.800952
      0.800951
      0.800952
      0.800951
      0.800952
      0.800951
      0.800952
      0.800951
      0.800952
      0.800951
      0.800952
       0.73683
      0.736827
       0.73683
      0.736827
       0.73683
      0.736827
       0.73683
      0.736827
       0.73683
      0.736827
       0.73683
      0.736827
       0.73683
      0.736827
       0.73683
      0.736827
       0.73683
      0.736827
       0.73683
      0.736827
       0.73683
      0.736827
       0.73683
      0.736827
       0.73683
      0.736827
       0.73683
      0.736827
       0.73683
      0.736827
       0.73683
      0.736827
       0.73683
      0.736827
       0.73683
      0.736827
       0.73683
      0.736827
       0.73683
      0.736827
       0.73683
      0.736827
       0.73683
      0.736827
       0.73683
      0.736827
       0.73683
      0.736827
       0.73683
      0.736827
       0.73683
      0.736827
       0.73683
      0.736827
       0.73683
      0.736827
       0.73683
      0.736827
       0.73683
      0.674516
      0.674515
      0.674516
      0.674515
      0.674516
      0.674515
      0.674516
      0.674515
      0.674516
      0.674515
      0.674516
      0.674515
      0.674516
      0.674515
      0.674516
      0.674515
      0.674516
      0.674515
      0.674516
      0.674515
      0.674516
      0.674515
      0.674516
      0.674515
      0.674516
      0.674515
      0.674516
      0.674515
      0.674516
      0.674515
      0.674516
      0.674515
      0.674516
      0.674515
      0.674516
      0.674515
      0.674516
      0.674515
      0.674516
      0.674515
      0.674516
      0.674515
      0.674516
      0.674515
      0.674516
      0.674515
      0.674516
      0.674515
      0.674516
      0.674515
      0.674516
      0.674515
      0.674516
      0.674515
      0.674516
      0.674515
      0.674516
      0.674515
      0.674516
      0.614391
      0.614388
      0.614391
      0.614388
      0.614391
      0.614388
      0.614391
      0.614388
      0.614391
      0.614388
      0.614391
      0.614388
      0.614391
      0.614388
      0.614391
      0.614388
      0.614391
      0.614388
      0.614391
      0.614388
      0.614391
      0.614388
      0.614391
      0.614388
      0.614391
      0.614388
      0.614391
      0.614388
      0.614391
      0.614388
      0.614391
      0.614388
      0.614391
      0.614388
      0.614391
      0.614388
      0.614391
      0.614388
      0.614391
      0.614388
      0.614391
      0.614388
      0.614391
      0.614388
      0.614391
      0.614388
      0.614391
      0.614388
      0.614391
      0.614388
      0.614391
      0.614388
      0.614391
      0.614388
      0.614391
      0.614388
      0.614391
      0.614388
      0.614391
      0.556774
      0.556772
      0.556774
      0.556772
      0.556774
      0.556772
      0.556774
      0.556772
      0.556774
      0.556772
      0.556774
      0.556772
      0.556774
      0.556772
      0.556774
      0.556772
      0.556774
      0.556772
      0.556774
      0.556772
      0.556774
      0.556772
      0.556774
      0.556772
      0.556774
      0.556772
      0.556773
      0.556772
      0.556773
      0.556772
      0.556773
      0.556772
      0.556773
      0.556772
      0.556774
      0.556772
      0.556774
      0.556772
      0.556774
      0.556772
      0.556774
      0.556772
      0.556774
      0.556772
      0.556774
      0.556772
      0.556774
      0.556772
      0.556774
      0.556772
      0.556774
      0.556772
      0.556774
      0.556772
      0.556774
      0.556772
      0.556774
      0.556772
      0.556774
      0.501956
      0.501952
      0.501956
      0.501952
      0.501956
      0.501952
      0.501956
      0.501952
      0.501956
      0.501952
      0.501956
      0.501952
      0.501956
      0.501952
      0.501956
      0.501952
      0.501956
      0.501952
      0.501956
      0.501952
      0.501956
      0.501952
      0.501956
      0.501952
      0.501956
      0.501952
      0.501956
      0.501952
      0.501956
      0.501952
      0.501956
      0.501952
      0.501956
      0.501952
      0.501956
      0.501952
      0.501956
      0.501952
      0.501956
      0.501952
      0.501956
      0.501952
      0.501956
      0.501952
      0.501956
      0.501952
      0.501956
      0.501952
      0.501956
      0.501952
      0.501956
      0.501952
      0.501956
      0.501952
      0.501956
      0.501952
      0.501956
      0.501952
      0.501956
      0.450154
      0.450153
      0.450154
      0.450153
      0.450154
      0.450153
      0.450154
      0.450153
      0.450154
      0.450153
      0.450154
      0.450153
      0.450154
      0.450153
      0.450154
      0.450153
      0.450154
      0.450153
      0.450154
      0.450153
      0.450154
      0.450153
      0.450154
      0.450153
      0.450154
      0.450153
      0.450154
      0.450153
      0.450154
      0.450153
      0.450154
      0.450153
      0.450154
      0.450153
      0.450154
      0.450153
      0.450154
      0.450153
      0.450154
      0.450153
      0.450154
      0.450153
      0.450154
      0.450153
      0.450154
      0.450153
      0.450154
      0.450153
      0.450154
      0.450153
      0.450154
      0.450153
      0.450154
      0.450153
      0.450154
      0.450153
      0.450154
      0.450153
      0.450154
      0.401559
      0.401556
      0.401559
      0.401556
      0.401559
      0.401556
      0.401559
      0.401556
      0.401559
      0.401556
      0.401559
      0.401556
      0.401559
      0.401556
      0.401559
      0.401556
      0.401559
      0.401556
      0.401559
      0.401556
      0.401559
      0.401556
      0.401559
      0.401556
      0.401559
      0.401556
      0.401559
      0.401556
      0.401559
      0.401556
      0.401559
      0.401556
      0.401559
      0.401556
      0.401559
      0.401556
      0.401559
      0.401556
      0.401559
      0.401556
      0.401559
      0.401556
      0.401559
      0.401556
      0.401559
      0.401556
      0.401559
      0.401556
      0.401559
      0.401556
      0.401559
      0.401556
      0.401559
      0.401556
      0.401559
      0.401556
      0.401559
      0.401556
      0.401559
       0.35628
      0.356279
       0.35628
      0.356279
       0.35628
      0.356279
       0.35628
      0.356279
       0.35628
      0.356279
       0.35628
      0.356279
       0.35628
      0.356279
       0.35628
      0.356279
       0.35628
      0.356279
       0.35628
      0.356279
       0.35628
      0.356279
       0.35628
      0.356279
       0.35628
      0.356279
       0.35628
      0.356279
       0.35628
      0.356279
       0.35628
      0.356279
       0.35628
      0.356279
       0.35628
      0.356279
       0.35628
      0.356279
       0.35628
      0.356279
       0.35628
      0.356279
       0.35628
      0.356279
       0.35628
      0.356279
       0.35628
      0.356279
       0.35628
      0.356279
       0.35628
      0.356279
       0.35628
      0.356279
       0.35628
      0.356279
       0.35628
      0.356279
       0.35628
      0.314399
      0.314396
      0.314399
      0.314396
      0.314399
      0.314396
      0.314399
      0.314396
      0.314399
      0.314396
      0.314399
      0.314396
      0.314399
      0.314396
      0.314399
      0.314396
      0.314399
      0.314396
      0.314399
      0.314396
      0.314399
      0.314396
      0.314399
      0.314396
      0.314399
      0.314396
      0.314399
      0.314396
      0.314399
      0.314396
      0.314399
      0.314396
      0.314399
      0.314396
      0.314399
      0.314396
      0.314399
      0.314396
      0.314399
      0.314396
      0.314399
      0.314396
      0.314399
      0.314396
      0.314399
      0.314396
      0.314399
      0.314396
      0.314399
      0.314396
      0.314399
      0.314396
      0.314399
      0.314396
      0.314399
      0.314396
      0.314399
      0.314396
      0.314399
      0.275926
      0.275925
      0.275926
      0.275925
      0.275926
      0.275925
      0.275926
      0.275925
      0.275926
      0.275925
      0.275926
      0.275925
      0.275926
      0.275925
      0.275926
      0.275925
      0.275926
      0.275925
      0.275926
      0.275925
      0.275926
      0.275925
      0.275926
      0.275925
      0.275926
      0.275925
      0.275926
      0.275925
      0.275926
      0.275925
      0.275926
      0.275925
      0.275926
      0.275925
      0.275926
      0.275925
      0.275926
      0.275925
      0.275926
      0.275925
      0.275926
      0.275925
      0.275926
      0.275925
      0.275926
      0.275925
      0.275926
      0.275925
      0.275926
      0.275925
      0.275926
      0.275925
      0.275926
      0.275925
      0.275926
      0.275925
      0.275926
      0.275925
      0.275926
      0.240846
      0.240844
      0.240846
      0.240844
      0.240846
      0.240844
      0.240846
      0.240844
      0.240846
      0.240844
      0.240846
      0.240844
      0.240846
      0.240844
      0.240846
      0.240844
      0.240846
      0.240844
      0.240846
      0.240844
      0.240846
      0.240844
      0.240846
      0.240844
      0.240846
      0.240844
      0.240846
      0.240844
      0.240846
      0.240844
      0.240846
      0.240844
      0.240846
      0.240844
      0.240846
      0.240844
      0.240846
      0.240844
      0.240846
      0.240844
      0.240846
      0.240844
      0.240846
      0.240844
      0.240846
      0.240844
      0.240846
      0.240844
      0.240846
      0.240844
      0.240846
      0.240844
      0.240846
      0.240844
      0.240846
      0.240844
      0.240846
      0.240844
      0.240846
      0.209084
      0.209083
      0.209084
      0.209083
      0.209084
      0.209083
      0.209084
      0.209083
      0.209084
      0.209083
      0.209084
      0.209083
      0.209084
      0.209083
      0.209084
      0.209083
      0.209084
      0.209083
      0.209084
      0.209083
      0.209084
      0.209083
      0.209084
      0.209083
      0.209083
      0.209083
      0.209083
      0.209083
      0.209083
      0.209083
      0.209083
      0.209083
      0.209083
      0.209083
      0.209083
      0.209083
      0.209084
      0.209083
      0.209084
      0.209083
      0.209084
      0.209083
      0.209084
      0.209083
      0.209084
      0.209083
      0.209084
      0.209083
      0.209084
      0.209083
      0.209084
      0.209083
      0.209084
      0.209083
      0.209084
      0.209083
      0.209084
      0.209083
      0.209084
      0.180545
      0.180544
      0.180545
      0.180544
      0.180545
      0.180544
      0.180545
      0.180544
      0.180545
      0.180544
      0.180545
      0.180544
      0.180545
      0.180544
      0.180545
      0.180544
      0.180545
      0.180544
      0.180545
      0.180544
      0.180545
      0.180543
      0.180545
      0.180543
      0.180545
      0.180543
      0.180544
      0.180543
      0.180544
      0.180543
      0.180544
      0.180543
      0.180544
      0.180543
      0.180545
      0.180543
      0.180545
      0.180543
      0.180545
      0.180544
      0.180545
      0.180544
      0.180545
      0.180544
      0.180545
      0.180544
      0.180545
      0.180544
      0.180545
      0.180544
      0.180545
      0.180544
      0.180545
      0.180544
      0.180545
      0.180544
      0.180545
      0.180544
      0.180545
      0.155093
      0.155093
      0.155093
      0.155093
      0.155093
      0.155093
      0.155093
      0.155093
      0.155093
      0.155093
      0.155093
      0.155093
      0.155093
      0.155093
      0.155093
      0.155093
      0.155093
      0.155093
      0.155093
      0.155092
      0.155093
      0.155092
      0.155092
      0.155092
      0.155092
      0.155092
      0.155092
      0.155092
      0.155092
      0.155092
      0.155092
      0.155092
      0.155092
      0.155092
      0.155092
      0.155092
      0.155092
      0.155092
      0.155093
      0.155092
      0.155093
      0.155093
      0.155093
      0.155093
      0.155093
      0.155093
      0.155093
      0.155093
      0.155093
      0.155093
      0.155093
      0.155093
      0.155093
      0.155093
      0.155093
      0.155093
      0.155093
      0.155093
      0.155093
      0.132579
      0.132579
      0.132579
      0.132579
      0.132579
      0.132579
      0.132579
      0.132579
      0.132579
      0.132579
      0.132579
      0.132578
      0.132579
      0.132578
      0.132579
      0.132578
      0.132579
      0.132578
      0.132579
      0.132578
      0.132579
      0.132578
      0.132578
      0.132577
      0.132578
      0.132577
      0.132578
      0.132577
      0.132577
      0.132577
      0.132577
      0.132577
      0.132578
      0.132577
      0.132578
      0.132577
      0.132578
      0.132578
      0.132579
      0.132578
      0.132579
      0.132578
      0.132579
      0.132578
      0.132579
      0.132578
      0.132579
      0.132578
      0.132579
      0.132579
      0.132579
      0.132579
      0.132579
      0.132579
      0.132579
      0.132579
      0.132579
      0.132579
      0.132579
      0.112831
      0.112831
      0.112831
      0.112831
      0.112831
      0.112831
      0.112831
      0.112831
      0.112831
      0.112831
      0.112831
      0.112831
      0.112831
      0.112831
      0.112831
      0.112831
      0.112831
       0.11283
       0.11283
       0.11283
       0.11283
       0.11283
       0.11283
      0.112829
      0.112829
      0.112829
      0.112829
      0.112828
      0.112828
      0.112828
      0.112828
      0.112828
      0.112829
      0.112829
      0.112829
      0.112829
       0.11283
       0.11283
       0.11283
       0.11283
       0.11283
       0.11283
      0.112831
      0.112831
      0.112831
      0.112831
      0.112831
      0.112831
      0.112831
      0.112831
      0.112831
      0.112831
      0.112831
      0.112831
      0.112831
      0.112831
      0.112831
      0.112831
      0.112831
     0.0956715
     0.0956717
     0.0956715
     0.0956717
     0.0956715
     0.0956717
     0.0956715
     0.0956717
     0.0956715
     0.0956717
     0.0956715
     0.0956716
     0.0956714
     0.0956716
     0.0956713
     0.0956715
     0.0956712
     0.0956713
     0.0956709
     0.0956709
     0.0956705
     0.0956704
     0.0956699
     0.0956698
     0.0956692
      0.095669
     0.0956685
     0.0956683
      0.095668
     0.0956681
      0.095668
     0.0956683
     0.0956685
      0.095669
     0.0956692
     0.0956698
     0.0956699
     0.0956704
     0.0956705
     0.0956709
     0.0956709
     0.0956713
     0.0956712
     0.0956715
     0.0956713
     0.0956716
     0.0956714
     0.0956716
     0.0956715
     0.0956717
     0.0956715
     0.0956717
     0.0956715
     0.0956717
     0.0956715
     0.0956717
     0.0956715
     0.0956717
     0.0956715
     0.0809195
     0.0809197
     0.0809195
     0.0809196
     0.0809195
     0.0809196
     0.0809195
     0.0809196
     0.0809195
     0.0809196
     0.0809194
     0.0809196
     0.0809194
     0.0809195
     0.0809193
     0.0809194
     0.0809191
     0.0809191
     0.0809188
     0.0809187
     0.0809182
      0.080918
     0.0809174
     0.0809171
     0.0809164
      0.080916
     0.0809153
      0.080915
     0.0809145
     0.0809146
     0.0809145
      0.080915
     0.0809153
      0.080916
     0.0809164
     0.0809171
     0.0809174
      0.080918
     0.0809182
     0.0809187
     0.0809188
     0.0809191
     0.0809191
     0.0809194
     0.0809193
     0.0809195
     0.0809194
     0.0809196
     0.0809194
     0.0809196
     0.0809195
     0.0809196
     0.0809195
     0.0809196
     0.0809195
     0.0809196
     0.0809195
     0.0809197
     0.0809195
     0.0683948
     0.0683956
     0.0683948
     0.0683956
     0.0683948
     0.0683956
     0.0683948
     0.0683956
     0.0683947
     0.0683955
     0.0683947
     0.0683955
     0.0683946
     0.0683954
     0.0683945
     0.0683952
     0.0683943
     0.0683949
     0.0683939
     0.0683944
     0.0683932
     0.0683935
     0.0683921
     0.0683922
     0.0683906
     0.0683906
      0.068389
     0.0683891
     0.0683878
     0.0683884
     0.0683878
     0.0683891
      0.068389
     0.0683906
     0.0683906
     0.0683922
     0.0683921
     0.0683935
     0.0683932
     0.0683944
     0.0683939
     0.0683949
     0.0683943
     0.0683952
     0.0683945
     0.0683954
     0.0683946
     0.0683955
     0.0683947
     0.0683955
     0.0683947
     0.0683956
     0.0683948
     0.0683956
     0.0683948
     0.0683956
     0.0683948
     0.0683956
     0.0683948
     0.0579297
       0.05793
     0.0579297
       0.05793
     0.0579297
       0.05793
     0.0579297
       0.05793
     0.0579297
       0.05793
     0.0579296
     0.0579299
     0.0579295
     0.0579298
     0.0579294
     0.0579296
     0.0579291
     0.0579293
     0.0579286
     0.0579286
     0.0579278
     0.0579275
     0.0579263
     0.0579257
     0.0579243
     0.0579234
     0.0579217
      0.057921
     0.0579198
     0.0579198
     0.0579198
      0.057921
     0.0579217
     0.0579234
     0.0579243
     0.0579257
     0.0579263
     0.0579275
     0.0579278
     0.0579286
     0.0579286
     0.0579293
     0.0579291
     0.0579296
     0.0579294
     0.0579298
     0.0579295
     0.0579299
     0.0579296
       0.05793
     0.0579297
       0.05793
     0.0579297
       0.05793
     0.0579297
       0.05793
     0.0579297
       0.05793
     0.0579297
     0.0493631
     0.0493644
     0.0493631
     0.0493644
     0.0493631
     0.0493644
     0.0493631
     0.0493644
     0.0493631
     0.0493644
     0.0493631
     0.0493643
      0.049363
     0.0493642
     0.0493628
      0.049364
     0.0493625
     0.0493635
     0.0493619
     0.0493627
     0.0493608
     0.0493613
      0.049359
      0.049359
     0.0493561
     0.0493556
     0.0493523
     0.0493518
     0.0493492
     0.0493499
     0.0493492
     0.0493518
     0.0493523
     0.0493556
     0.0493561
      0.049359
      0.049359
     0.0493613
     0.0493608
     0.0493627
     0.0493619
     0.0493635
     0.0493625
      0.049364
     0.0493628
     0.0493642
      0.049363
     0.0493643
     0.0493631
     0.0493644
     0.0493631
     0.0493644
     0.0493631
     0.0493644
     0.0493631
     0.0493644
     0.0493631
     0.0493644
     0.0493631
     0.0425598
     0.0425603
     0.0425598
     0.0425603
     0.0425598
     0.0425603
     0.0425598
     0.0425603
     0.0425598
     0.0425602
     0.0425597
     0.0425602
     0.0425596
       0.04256
     0.0425594
     0.0425598
     0.0425591
     0.0425593
     0.0425584
     0.0425583
     0.0425571
     0.0425566
     0.0425548
     0.0425536
      0.042551
     0.0425488
     0.0425453
     0.0425428
     0.0425399
     0.0425393
     0.0425399
     0.0425428
     0.0425453
     0.0425488
      0.042551
     0.0425536
     0.0425548
     0.0425566
     0.0425571
     0.0425583
     0.0425584
     0.0425593
     0.0425591
     0.0425598
     0.0425594
       0.04256
     0.0425596
     0.0425602
     0.0425597
     0.0425602
     0.0425598
     0.0425603
     0.0425598
     0.0425603
     0.0425598
     0.0425603
     0.0425598
     0.0425603
     0.0425598
     0.0373948
     0.0373964
     0.0373948
     0.0373964
     0.0373948
     0.0373964
     0.0373948
     0.0373964
     0.0373947
     0.0373963
     0.0373947
     0.0373963
     0.0373946
     0.0373961
     0.0373944
     0.0373958
      0.037394
     0.0373953
     0.0373932
     0.0373942
     0.0373917
     0.0373922
      0.037389
     0.0373884
      0.037384
     0.0373819
     0.0373756
     0.0373723
     0.0373662
     0.0373657
     0.0373662
     0.0373723
     0.0373756
     0.0373819
      0.037384
     0.0373884
      0.037389
     0.0373922
     0.0373917
     0.0373942
     0.0373932
     0.0373953
      0.037394
     0.0373958
     0.0373944
     0.0373961
     0.0373946
     0.0373963
     0.0373947
     0.0373963
     0.0373947
     0.0373964
     0.0373948
     0.0373964
     0.0373948
     0.0373964
     0.0373948
     0.0373964
     0.0373948
     0.0337785
     0.0337791
     0.0337785
     0.0337791
     0.0337785
     0.0337791
     0.0337785
     0.0337791
     0.0337785
      0.033779
     0.0337784
      0.033779
     0.0337783
     0.0337788
     0.0337781
     0.0337785
     0.0337777
     0.0337779
     0.0337768
     0.0337767
     0.0337752
     0.0337744
      0.033772
       0.03377
     0.0337659
     0.0337616
     0.0337545
     0.0337465
     0.0337365
     0.0337324
     0.0337365
     0.0337465
     0.0337545
     0.0337616
     0.0337659
       0.03377
      0.033772
     0.0337744
     0.0337752
     0.0337767
     0.0337768
     0.0337779
     0.0337777
     0.0337785
     0.0337781
     0.0337788
     0.0337783
      0.033779
     0.0337784
      0.033779
     0.0337785
     0.0337791
     0.0337785
     0.0337791
     0.0337785
     0.0337791
     0.0337785
     0.0337791
     0.0337785
     0.0316344
     0.0316362
     0.0316344
     0.0316362
     0.0316344
     0.0316362
     0.0316344
     0.0316362
     0.0316344
     0.0316361
     0.0316343
      0.031636
     0.0316342
     0.0316359
      0.031634
     0.0316356
     0.0316335
     0.0316349
     0.0316326
     0.0316337
     0.0316309
     0.0316312
     0.0316274
     0.0316263
     0.0316205
     0.0316163
     0.0316059
     0.0315942
     0.0315718
     0.0315615
     0.0315718
     0.0315942
     0.0316059
     0.0316163
     0.0316205
     0.0316263
     0.0316274
     0.0316312
     0.0316309
     0.0316337
     0.0316326
     0.0316349
     0.0316335
     0.0316356
      0.031634
     0.0316359
     0.0316342
      0.031636
     0.0316343
     0.0316361
     0.0316344
     0.0316362
     0.0316344
     0.0316362
     0.0316344
     0.0316362
     0.0316344
     0.0316362
     0.0316344
     0.0309269
     0.0309275
     0.0309269
     0.0309275
     0.0309269
     0.0309274
     0.0309268
     0.0309274
     0.0309268
     0.0309274
     0.0309268
     0.0309273
     0.0309267
     0.0309272
     0.0309264
     0.0309268
      0.030926
     0.0309262
     0.0309251
     0.0309249
     0.0309233
     0.0309224
     0.0309197
     0.0309173
     0.0309123
     0.0309065
     0.0308961
     0.0308808
     0.0308521
     0.0307965
     0.0308521
     0.0308808
     0.0308961
     0.0309065
     0.0309123
     0.0309173
     0.0309197
     0.0309224
     0.0309233
     0.0309249
     0.0309251
     0.0309262
      0.030926
     0.0309268
     0.0309264
     0.0309272
     0.0309267
     0.0309273
     0.0309268
     0.0309274
     0.0309268
     0.0309274
     0.0309268
     0.0309274
     0.0309269
     0.0309275
     0.0309269
     0.0309275
     0.0309269
     0.0316344
     0.0316362
     0.0316344
     0.0316362
     0.0316344
     0.0316362
     0.0316344
     0.0316362
     0.0316344
     0.0316361
     0.0316343
      0.031636
     0.0316342
     0.0316359
      0.031634
     0.0316356
     0.0316335
     0.0316349
     0.0316326
     0.0316337
     0.0316309
     0.0316312
     0.0316274
     0.0316263
     0.0316205
     0.0316163
     0.0316059
     0.0315942
     0.0315718
     0.0315615
     0.0315718
     0.0315942
     0.0316059
     0.0316163
     0.0316205
     0.0316263
     0.0316274
     0.0316312
     0.0316309
     0.0316337
     0.0316326
     0.0316349
     0.0316335
     0.0316356
      0.031634
     0.0316359
     0.0316342
      0.031636
     0.0316343
     0.0316361
     0.0316344
     0.0316362
     0.0316344
     0.0316362
     0.0316344
     0.0316362
     0.0316344
     0.0316362
     0.0316344
     0.0337785
     0.0337791
     0.0337785
     0.0337791
     0.0337785
     0.0337791
     0.0337785
     0.0337791
     0.0337785
      0.033779
     0.0337784
      0.033779
     0.0337783
     0.0337788
     0.0337781
     0.0337785
     0.0337777
     0.0337779
     0.0337768
     0.0337767
     0.0337752
     0.0337744
      0.033772
       0.03377
     0.0337659
     0.0337616
     0.0337545
     0.0337465
     0.0337365
     0.0337324
     0.0337365
     0.0337465
     0.0337545
     0.0337616
     0.0337659
       0.03377
      0.033772
     0.0337744
     0.0337752
     0.0337767
     0.0337768
     0.0337779
     0.0337777
     0.0337785
     0.0337781
     0.0337788
     0.0337783
      0.033779
     0.0337784
      0.033779
     0.0337785
     0.0337791
     0.0337785
     0.0337791
     0.0337785
     0.0337791
     0.0337785
     0.0337791
     0.0337785
     0.0373948
     0.0373964
     0.0373948
     0.0373964
     0.0373948
     0.0373964
     0.0373948
     0.0373964
     0.0373947
     0.0373963
     0.0373947
     0.0373963
     0.0373946
     0.0373961
     0.0373944
     0.0373958
      0.037394
     0.0373953
     0.0373932
     0.0373942
     0.0373917
     0.0373922
      0.037389
     0.0373884
      0.037384
     0.0373819
     0.0373756
     0.0373723
     0.0373662
     0.0373657
     0.0373662
     0.0373723
     0.0373756
     0.0373819
      0.037384
     0.0373884
      0.037389
     0.0373922
     0.0373917
     0.0373942
     0.0373932
     0.0373953
      0.037394
     0.0373958
     0.0373944
     0.0373961
     0.0373946
     0.0373963
     0.0373947
     0.0373963
     0.0373947
     0.0373964
     0.0373948
     0.0373964
     0.0373948
     0.0373964
     0.0373948
     0.0373964
     0.0373948
     0.0425598
     0.0425603
     0.0425598
     0.0425603
     0.0425598
     0.0425603
     0.0425598
     0.0425603
     0.0425598
     0.0425602
     0.0425597
     0.0425602
     0.0425596
       0.04256
     0.0425594
     0.0425598
     0.0425591
     0.0425593
     0.0425584
     0.0425583
     0.0425571
     0.0425566
     0.0425548
     0.0425536
      0.042551
     0.0425488
     0.0425453
     0.0425428
     0.0425399
     0.0425393
     0.0425399
     0.0425428
     0.0425453
     0.0425488
      0.042551
     0.0425536
     0.0425548
     0.0425566
     0.0425571
     0.0425583
     0.0425584
     0.0425593
     0.0425591
     0.0425598
     0.0425594
       0.04256
     0.0425596
     0.0425602
     0.0425597
     0.0425602
     0.0425598
     0.0425603
     0.0425598
     0.0425603
     0.0425598
     0.0425603
     0.0425598
     0.0425603
     0.0425598
     0.0493631
     0.0493644
     0.0493631
     0.0493644
     0.0493631
     0.0493644
     0.0493631
     0.0493644
     0.0493631
     0.0493644
     0.0493631
     0.0493643
      0.049363
     0.0493642
     0.0493628
      0.049364
     0.0493625
     0.0493635
     0.0493619
     0.0493627
     0.0493608
     0.0493613
      0.049359
      0.049359
     0.0493561
     0.0493556
     0.0493523
     0.0493518
     0.0493492
     0.0493499
     0.0493492
     0.0493518
     0.0493523
     0.0493556
     0.0493561
      0.049359
      0.049359
     0.0493613
     0.0493608
     0.0493627
     0.0493619
     0.0493635
     0.0493625
      0.049364
     0.0493628
     0.0493642
      0.049363
     0.0493643
     0.0493631
     0.0493644
     0.0493631
     0.0493644
     0.0493631
     0.0493644
     0.0493631
     0.0493644
     0.0493631
     0.0493644
     0.0493631
     0.0579297
       0.05793
     0.0579297
       0.05793
     0.0579297
       0.05793
     0.0579297
       0.05793
     0.0579297
       0.05793
     0.0579296
     0.0579299
     0.0579295
     0.0579298
     0.0579294
     0.0579296
     0.0579291
     0.0579293
     0.0579286
     0.0579286
     0.0579278
     0.0579275
     0.0579263
     0.0579257
     0.0579243
     0.0579234
     0.0579217
      0.057921
     0.0579198
     0.0579198
     0.0579198
      0.057921
     0.0579217
     0.0579234
     0.0579243
     0.0579257
     0.0579263
     0.0579275
     0.0579278
     0.0579286
     0.0579286
     0.0579293
     0.0579291
     0.0579296
     0.0579294
     0.0579298
     0.0579295
     0.0579299
     0.0579296
       0.05793
     0.0579297
       0.05793
     0.0579297
       0.05793
     0.0579297
       0.05793
     0.0579297
       0.05793
     0.0579297
     0.0683948
     0.0683956
     0.0683948
     0.0683956
     0.0683948
     0.0683956
     0.0683948
     0.0683956
     0.0683947
     0.0683955
     0.0683947
     0.0683955
     0.0683946
     0.0683954
     0.0683945
     0.0683952
     0.0683943
     0.0683949
     0.0683939
     0.0683944
     0.0683932
     0.0683935
     0.0683921
     0.0683922
     0.0683906
     0.0683906
      0.068389
     0.0683891
     0.0683878
     0.0683884
     0.0683878
     0.0683891
      0.068389
     0.0683906
     0.0683906
     0.0683922
     0.0683921
     0.0683935
     0.0683932
     0.0683944
     0.0683939
     0.0683949
     0.0683943
     0.0683952
     0.0683945
     0.0683954
     0.0683946
     0.0683955
     0.0683947
     0.0683955
     0.0683947
     0.0683956
     0.0683948
     0.0683956
     0.0683948
     0.0683956
     0.0683948
     0.0683956
     0.0683948
     0.0809195
     0.0809197
     0.0809195
     0.0809196
     0.0809195
     0.0809196
     0.0809195
     0.0809196
     0.0809195
     0.0809196
     0.0809194
     0.0809196
     0.0809194
     0.0809195
     0.0809193
     0.0809194
     0.0809191
     0.0809191
     0.0809188
     0.0809187
     0.0809182
      0.080918
     0.0809174
     0.0809171
     0.0809164
      0.080916
     0.0809153
      0.080915
     0.0809145
     0.0809146
     0.0809145
      0.080915
     0.0809153
      0.080916
     0.0809164
     0.0809171
     0.0809174
      0.080918
     0.0809182
     0.0809187
     0.0809188
     0.0809191
     0.0809191
     0.0809194
     0.0809193
     0.0809195
     0.0809194
     0.0809196
     0.0809194
     0.0809196
     0.0809195
     0.0809196
     0.0809195
     0.0809196
     0.0809195
     0.0809196
     0.0809195
     0.0809197
     0.0809195
     0.0956715
     0.0956717
     0.0956715
     0.0956717
     0.0956715
     0.0956717
     0.0956715
     0.0956717
     0.0956715
     0.0956717
     0.0956715
     0.0956716
     0.0956714
     0.0956716
     0.0956713
     0.0956715
     0.0956712
     0.0956713
     0.0956709
     0.0956709
     0.0956705
     0.0956704
     0.0956699
     0.0956698
     0.0956692
      0.095669
     0.0956685
     0.0956683
      0.095668
     0.0956681
      0.095668
     0.0956683
     0.0956685
      0.095669
     0.0956692
     0.0956698
     0.0956699
     0.0956704
     0.0956705
     0.0956709
     0.0956709
     0.0956713
     0.0956712
     0.0956715
     0.0956713
     0.0956716
     0.0956714
     0.0956716
     0.0956715
     0.0956717
     0.0956715
     0.0956717
     0.0956715
     0.0956717
     0.0956715
     0.0956717
     0.0956715
     0.0956717
     0.0956715
      0.112831
      0.112831
      0.112831
      0.112831
      0.112831
      0.112831
      0.112831
      0.112831
      0.112831
      0.112831
      0.112831
      0.112831
      0.112831
      0.112831
      0.112831
      0.112831
      0.112831
       0.11283
       0.11283
       0.11283
       0.11283
       0.11283
       0.11283
      0.112829
      0.112829
      0.112829
      0.112829
      0.112828
      0.112828
      0.112828
      0.112828
      0.112828
      0.112829
      0.112829
      0.112829
      0.112829
       0.11283
       0.11283
       0.11283
       0.11283
       0.11283
       0.11283
      0.112831
      0.112831
      0.112831
      0.112831
      0.112831
      0.112831
      0.112831
      0.112831
      0.112831
      0.112831
      0.112831
      0.112831
      0.112831
      0.112831
      0.112831
      0.112831
      0.112831
      0.132579
      0.132579
      0.132579
      0.132579
      0.132579
      0.132579
      0.132579
      0.132579
      0.132579
      0.132579
      0.132579
      0.132578
      0.132579
      0.132578
      0.132579
      0.132578
      0.132579
      0.132578
      0.132579
      0.132578
      0.132579
      0.132578
      0.132578
      0.132577
      0.132578
      0.132577
      0.132578
      0.132577
      0.132577
      0.132577
      0.132577
      0.132577
      0.132578
      0.132577
      0.132578
      0.132577
      0.132578
      0.132578
      0.132579
      0.132578
      0.132579
      0.132578
      0.132579
      0.132578
      0.132579
      0.132578
      0.132579
      0.132578
      0.132579
      0.132579
      0.132579
      0.132579
      0.132579
      0.132579
      0.132579
      0.132579
      0.132579
      0.132579
      0.132579
      0.155093
      0.155093
      0.155093
      0.155093
      0.155093
      0.155093
      0.155093
      0.155093
      0.155093
      0.155093
      0.155093
      0.155093
      0.155093
      0.155093
      0.155093
      0.155093
      0.155093
      0.155093
      0.155093
      0.155092
      0.155093
      0.155092
      0.155092
      0.155092
      0.155092
      0.155092
      0.155092
      0.155092
      0.155092
      0.155092
      0.155092
      0.155092
      0.155092
      0.155092
      0.155092
      0.155092
      0.155092
      0.155092
      0.155093
      0.155092
      0.155093
      0.155093
      0.155093
      0.155093
      0.155093
      0.155093
      0.155093
      0.155093
      0.155093
      0.155093
      0.155093
      0.155093
      0.155093
      0.155093
      0.155093
      0.155093
      0.155093
      0.155093
      0.155093
      0.180545
      0.180544
      0.180545
      0.180544
      0.180545
      0.180544
      0.180545
      0.180544
      0.180545
      0.180544
      0.180545
      0.180544
      0.180545
      0.180544
      0.180545
      0.180544
      0.180545
      0.180544
      0.180545
      0.180544
      0.180545
      0.180543
      0.180545
      0.180543
      0.180545
      0.180543
      0.180544
      0.180543
      0.180544
      0.180543
      0.180544
      0.180543
      0.180544
      0.180543
      0.180545
      0.180543
      0.180545
      0.180543
      0.180545
      0.180544
      0.180545
      0.180544
      0.180545
      0.180544
      0.180545
      0.180544
      0.180545
      0.180544
      0.180545
      0.180544
      0.180545
      0.180544
      0.180545
      0.180544
      0.180545
      0.180544
      0.180545
      0.180544
      0.180545
      0.209084
      0.209083
      0.209084
      0.209083
      0.209084
      0.209083
      0.209084
      0.209083
      0.209084
      0.209083
      0.209084
      0.209083
      0.209084
      0.209083
      0.209084
      0.209083
      0.209084
      0.209083
      0.209084
      0.209083
      0.209084
      0.209083
      0.209084
      0.209083
      0.209083
      0.209083
      0.209083
      0.209083
      0.209083
      0.209083
      0.209083
      0.209083
      0.209083
      0.209083
      0.209083
      0.209083
      0.209084
      0.209083
      0.209084
      0.209083
      0.209084
      0.209083
      0.209084
      0.209083
      0.209084
      0.209083
      0.209084
      0.209083
      0.209084
      0.209083
      0.209084
      0.209083
      0.209084
      0.209083
      0.209084
      0.209083
      0.209084
      0.209083
      0.209084
      0.240846
      0.240844
      0.240846
      0.240844
      0.240846
      0.240844
      0.240846
      0.240844
      0.240846
      0.240844
      0.240846
      0.240844
      0.240846
      0.240844
      0.240846
      0.240844
      0.240846
      0.240844
      0.240846
      0.240844
      0.240846
      0.240844
      0.240846
      0.240844
      0.240846
      0.240844
      0.240846
      0.240844
      0.240846
      0.240844
      0.240846
      0.240844
      0.240846
      0.240844
      0.240846
      0.240844
      0.240846
      0.240844
      0.240846
      0.240844
      0.240846
      0.240844
      0.240846
      0.240844
      0.240846
      0.240844
      0.240846
      0.240844
      0.240846
      0.240844
      0.240846
      0.240844
      0.240846
      0.240844
      0.240846
      0.240844
      0.240846
      0.240844
      0.240846
      0.275926
      0.275925
      0.275926
      0.275925
      0.275926
      0.275925
      0.275926
      0.275925
      0.275926
      0.275925
      0.275926
      0.275925
      0.275926
      0.275925
      0.275926
      0.275925
      0.275926
      0.275925
      0.275926
      0.275925
      0.275926
      0.275925
      0.275926
      0.275925
      0.275926
      0.275925
      0.275926
      0.275925
      0.275926
      0.275925
      0.275926
      0.275925
      0.275926
      0.275925
      0.275926
      0.275925
      0.275926
      0.275925
      0.275926
      0.275925
      0.275926
      0.275925
      0.275926
      0.275925
      0.275926
      0.275925
      0.275926
      0.275925
      0.275926
      0.275925
      0.275926
      0.275925
      0.275926
      0.275925
      0.275926
      0.275925
      0.275926
      0.275925
      0.275926
      0.314399
      0.314396
      0.314399
      0.314396
      0.314399
      0.314396
      0.314399
      0.314396
      0.314399
      0.314396
      0.314399
      0.314396
      0.314399
      0.314396
      0.314399
      0.314396
      0.314399
      0.314396
      0.314399
      0.314396
      0.314399
      0.314396
      0.314399
      0.314396
      0.314399
      0.314396
      0.314399
      0.314396
      0.314399
      0.314396
      0.314399
      0.314396
      0.314399
      0.314396
      0.314399
      0.314396
      0.314399
      0.314396
      0.314399
      0.314396
      0.314399
      0.314396
      0.314399
      0.314396
      0.314399
      0.314396
      0.314399
      0.314396
      0.314399
      0.314396
      0.314399
      0.314396
      0.314399
      0.314396
      0.314399
      0.314396
      0.314399
      0.314396
      0.314399
       0.35628
      0.356279
       0.35628
      0.356279
       0.35628
      0.356279
       0.35628
      0.356279
       0.35628
      0.356279
       0.35628
      0.356279
       0.35628
      0.356279
       0.35628
      0.356279
       0.35628
      0.356279
       0.35628
      0.356279
       0.35628
      0.356279
       0.35628
      0.356279
       0.35628
      0.356279
       0.35628
      0.356279
       0.35628
      0.356279
       0.35628
      0.356279
       0.35628
      0.356279
       0.35628
      0.356279
       0.35628
      0.356279
       0.35628
      0.356279
       0.35628
      0.356279
       0.35628
      0.356279
       0.35628
      0.356279
       0.35628
      0.356279
       0.35628
      0.356279
       0.35628
      0.356279
       0.35628
      0.356279
       0.35628
      0.356279
       0.35628
      0.356279
       0.35628
      0.401559
      0.401556
      0.401559
      0.401556
      0.401559
      0.401556
      0.401559
      0.401556
      0.401559
      0.401556
      0.401559
      0.401556
      0.401559
      0.401556
      0.401559
      0.401556
      0.401559
      0.401556
      0.401559
      0.401556
      0.401559
      0.401556
      0.401559
      0.401556
      0.401559
      0.401556
      0.401559
      0.401556
      0.401559
      0.401556
      0.401559
      0.401556
      0.401559
      0.401556
      0.401559
      0.401556
      0.401559
      0.401556
      0.401559
      0.401556
      0.401559
      0.401556
      0.401559
      0.401556
      0.401559
      0.401556
      0.401559
      0.401556
      0.401559
      0.401556
      0.401559
      0.401556
      0.401559
      0.401556
      0.401559
      0.401556
      0.401559
      0.401556
      0.401559
      0.450154
      0.450153
      0.450154
      0.450153
      0.450154
      0.450153
      0.450154
      0.450153
      0.450154
      0.450153
      0.450154
      0.450153
      0.450154
      0.450153
      0.450154
      0.450153
      0.450154
      0.450153
      0.450154
      0.450153
      0.450154
      0.450153
      0.450154
      0.450153
      0.450154
      0.450153
      0.450154
      0.450153
      0.450154
      0.450153
      0.450154
      0.450153
      0.450154
      0.450153
      0.450154
      0.450153
      0.450154
      0.450153
      0.450154
      0.450153
      0.450154
      0.450153
      0.450154
      0.450153
      0.450154
      0.450153
      0.450154
      0.450153
      0.450154
      0.450153
      0.450154
      0.450153
      0.450154
      0.450153
      0.450154
      0.450153
      0.450154
      0.450153
      0.450154
      0.501956
      0.501952
      0.501956
      0.501952
      0.501956
      0.501952
      0.501956
      0.501952
      0.501956
      0.501952
      0.501956
      0.501952
      0.501956
      0.501952
      0.501956
      0.501952
      0.501956
      0.501952
      0.501956
      0.501952
      0.501956
      0.501952
      0.501956
      0.501952
      0.501956
      0.501952
      0.501956
      0.501952
      0.501956
      0.501952
      0.501956
      0.501952
      0.501956
      0.501952
      0.501956
      0.501952
      0.501956
      0.501952
      0.501956
      0.501952
      0.501956
      0.501952
      0.501956
      0.501952
      0.501956
      0.501952
      0.501956
      0.501952
      0.501956
      0.501952
      0.501956
      0.501952
      0.501956
      0.501952
      0.501956
      0.501952
      0.501956
      0.501952
      0.501956
      0.556774
      0.556772
      0.556774
      0.556772
      0.556774
      0.556772
      0.556774
      0.556772
      0.556774
      0.556772
      0.556774
      0.556772
      0.556774
      0.556772
      0.556774
      0.556772
      0.556774
      0.556772
      0.556774
      0.556772
      0.556774
      0.556772
      0.556774
      0.556772
      0.556774
      0.556772
      0.556773
      0.556772
      0.556773
      0.556772
      0.556773
      0.556772
      0.556773
      0.556772
      0.556774
      0.556772
      0.556774
      0.556772
      0.556774
      0.556772
      0.556774
      0.556772
      0.556774
      0.556772
      0.556774
      0.556772
      0.556774
      0.556772
      0.556774
      0.556772
      0.556774
      0.556772
      0.556774
      0.556772
      0.556774
      0.556772
      0.556774
      0.556772
      0.556774
      0.614391
      0.614388
      0.614391
      0.614388
      0.614391
      0.614388
      0.614391
      0.614388
      0.614391
      0.614388
      0.614391
      0.614388
      0.614391
      0.614388
      0.614391
      0.614388
      0.614391
      0.614388
      0.614391
      0.614388
      0.614391
      0.614388
      0.614391
      0.614388
      0.614391
      0.614388
      0.614391
      0.614388
      0.614391
      0.614388
      0.614391
      0.614388
      0.614391
      0.614388
      0.614391
      0.614388
      0.614391
      0.614388
      0.614391
      0.614388
      0.614391
      0.614388
      0.614391
      0.614388
      0.614391
      0.614388
      0.614391
      0.614388
      0.614391
      0.614388
      0.614391
      0.614388
      0.614391
      0.614388
      0.614391
      0.614388
      0.614391
      0.614388
      0.614391
      0.674516
      0.674515
      0.674516
      0.674515
      0.674516
      0.674515
      0.674516
      0.674515
      0.674516
      0.674515
      0.674516
      0.674515
      0.674516
      0.674515
      0.674516
      0.674515
      0.674516
      0.674515
      0.674516
      0.674515
      0.674516
      0.674515
      0.674516
      0.674515
      0.674516
      0.674515
      0.674516
      0.674515
      0.674516
      0.674515
      0.674516
      0.674515
      0.674516
      0.674515
      0.674516
      0.674515
      0.674516
      0.674515
      0.674516
      0.674515
      0.674516
      0.674515
      0.674516
      0.674515
      0.674516
      0.674515
      0.674516
      0.674515
      0.674516
      0.674515
      0.674516
      0.674515
      0.674516
      0.674515
      0.674516
      0.674515
      0.674516
      0.674515
      0.674516
       0.73683
      0.736827
       0.73683
      0.736827
       0.73683
      0.736827
       0.73683
      0.736827
       0.73683
      0.736827
       0.73683
      0.736827
       0.73683
      0.736827
       0.73683
      0.736827
       0.73683
      0.736827
       0.73683
      0.736827
       0.73683
      0.736827
       0.73683
      0.736827
       0.73683
      0.736827
       0.73683
      0.736827
       0.73683
      0.736827
       0.73683
      0.736827
       0.73683
      0.736827
       0.73683
      0.736827
       0.73683
      0.736827
       0.73683
      0.736827
       0.73683
      0.736827
       0.73683
      0.736827
       0.73683
      0.736827
       0.73683
      0.736827
       0.73683
      0.736827
       0.73683
      0.736827
       0.73683
      0.736827
       0.73683
      0.736827
       0.73683
      0.736827
       0.73683
      0.800952
      0.800951
      0.800952
      0.800951
      0.800952
      0.800951
      0.800952
      0.800951
      0.800952
      0.800951
      0.800952
      0.800951
      0.800952
      0.800951
      0.800952
      0.800951
      0.800952
      0.800951
      0.800952
      0.800951
      0.800952
      0.800951
      0.800952
      0.800951
      0.800952
      0.800951
      0.800952
      0.800951
      0.800952
      0.800951
      0.800952
      0.800951
      0.800952
      0.800951
      0.800952
      0.800951
      0.800952
      0.800951
      0.800952
      0.800951
      0.800952
      0.800951
      0.800952
      0.800951
      0.800952
      0.800951
      0.800952
      0.800951
      0.800952
      0.800951
      0.800952
      0.800951
      0.800952
      0.800951
      0.800952
      0.800951
      0.800952
      0.800951
      0.800952
      0.866484
      0.866482
      0.866484
      0.866482
      0.866484
      0.866482
      0.866484
      0.866482
      0.866484
      0.866482
      0.866484
      0.866482
      0.866484
      0.866482
      0.866484
      0.866482
      0.866484
      0.866482
      0.866484
      0.866482
      0.866484
      0.866482
      0.866484
      0.866482
      0.866484
      0.866482
      0.866484
      0.866482
      0.866484
      0.866482
      0.866484
      0.866482
      0.866484
      0.866482
      0.866484
      0.866482
      0.866484
      0.866482
      0.866484
      0.866482
      0.866484
      0.866482
      0.866484
      0.866482
      0.866484
      0.866482
      0.866484
      0.866482
      0.866484
      0.866482
      0.866484
      0.866482
      0.866484
      0.866482
      0.866484
      0.866482
      0.866484
      0.866482
      0.866484
      0.932983
      0.932983
      0.932983
      0.932983
      0.932983
      0.932983
      0.932983
      0.932983
      0.932983
      0.932983
      0.932983
      0.932983
      0.932983
      0.932983
      0.932983
      0.932983
      0.932983
      0.932983
      0.932983
      0.932983
      0.932983
      0.932983
      0.932983
      0.932983
      0.932983
      0.932983
      0.932983
      0.932983
      0.932983
      0.932983
      0.932983
      0.932983
      0.932983
      0.932983
      0.932983
      0.932983
      0.932983
      0.932983
      0.932983
      0.932983
      0.932983
      0.932983
      0.932983
      0.932983
      0.932983
      0.932983
      0.932983
      0.932983
      0.932983
      0.932983
      0.932983
      0.932983
      0.932983
      0.932983
      0.932983
      0.932983
      0.932983
      0.932983
      0.932983
             1
             1
             1
             1
             1
             1
             1
             1
             1
             1
             1
             1
             1
             1
             1
             1
             1
             1
             1
             1
             1
             1
             1
             1
             1
             1
             1
             1
             1
             1
             1
             1
             1
             1
             1
             1
             1
             1
             1
             1
             1
             1
             1
             1
             1
             1
             1
             1
             1
             1
             1
             1
             1
             1
             1
             1
             1
             1
             1
