             1
             1
             1
             1
             1
             1
             1
             1
             1
             1
             1
             1
             1
             1
             1
             1
             1
             1
             1
             1
             1
             1
             1
             1
             1
             1
             1
             1
             1
             1
             1
             1
             1
             1
             1
             1
             1
             1
             1
             1
             1
             1
             1
             1
             1
             1
             1
             1
             1
             1
             1
             1
             1
             1
             1
             1
             1
             1
             1
      0.933943
      0.933943
      0.933943
      0.933943
      0.933943
      0.933943
      0.933943
      0.933943
      0.933943
      0.933943
      0.933943
      0.933943
      0.933943
      0.933943
      0.933943
      0.933943
      0.933943
      0.933943
      0.933943
      0.933943
      0.933943
      0.933943
      0.933943
      0.933943
      0.933943
      0.933943
      0.933943
      0.933943
      0.933943
      0.933943
      0.933943
      0.933943
      0.933943
      0.933943
      0.933943
      0.933943
      0.933943
      0.933943
      0.933943
      0.933943
      0.933943
      0.933943
      0.933943
      0.933943
      0.933943
      0.933943
      0.933943
      0.933943
      0.933943
      0.933943
      0.933943
      0.933943
      0.933943
      0.933943
      0.933943
      0.933943
      0.933943
      0.933943
      0.933943
      0.868384
      0.868382
      0.868384
      0.868382
      0.868384
      0.868382
      0.868384
      0.868382
      0.868384
      0.868382
      0.868384
      0.868382
      0.868384
      0.868382
      0.868384
      0.868382
      0.868384
      0.868382
      0.868384
      0.868382
      0.868384
      0.868382
      0.868384
      0.868382
      0.868384
      0.868382
      0.868384
      0.868382
      0.868384
      0.868382
      0.868384
      0.868382
      0.868384
      0.868382
      0.868384
      0.868382
      0.868384
      0.868382
      0.868384
      0.868382
      0.868384
      0.868382
      0.868384
      0.868382
      0.868384
      0.868382
      0.868384
      0.868382
      0.868384
      0.868382
      0.868384
      0.868382
      0.868384
      0.868382
      0.868384
      0.868382
      0.868384
      0.868382
      0.868384
      0.803753
      0.803753
      0.803753
      0.803753
      0.803753
      0.803753
      0.803753
      0.803753
      0.803753
      0.803753
      0.803753
      0.803753
      0.803753
      0.803753
      0.803753
      0.803753
      0.803753
      0.803753
      0.803753
      0.803753
      0.803753
      0.803753
      0.803753
      0.803753
      0.803753
      0.803753
      0.803753
      0.803753
      0.803753
      0.803753
      0.803753
      0.803753
      0.803753
      0.803753
      0.803753
      0.803753
      0.803753
      0.803753
      0.803753
      0.803753
      0.803753
      0.803753
      0.803753
      0.803753
      0.803753
      0.803753
      0.803753
      0.803753
      0.803753
      0.803753
      0.803753
      0.803753
      0.803753
      0.803753
      0.803753
      0.803753
      0.803753
      0.803753
      0.803753
      0.740475
      0.740473
      0.740475
      0.740473
      0.740475
      0.740473
      0.740475
      0.740473
      0.740475
      0.740473
      0.740475
      0.740473
      0.740475
      0.740473
      0.740475
      0.740473
      0.740475
      0.740473
      0.740475
      0.740473
      0.740475
      0.740473
      0.740475
      0.740473
      0.740475
      0.740473
      0.740475
      0.740473
      0.740475
      0.740473
      0.740475
      0.740473
      0.740475
      0.740473
      0.740475
      0.740473
      0.740475
      0.740473
      0.740475
      0.740473
      0.740475
      0.740473
      0.740475
      0.740473
      0.740475
      0.740473
      0.740475
      0.740473
      0.740475
      0.740473
      0.740475
      0.740473
      0.740475
      0.740473
      0.740475
      0.740473
      0.740475
      0.740473
      0.740475
      0.678932
      0.678931
      0.678932
      0.678931
      0.678932
      0.678931
      0.678932
      0.678931
      0.678932
      0.678931
      0.678932
      0.678931
      0.678932
      0.678931
      0.678932
      0.678931
      0.678932
      0.678931
      0.678932
      0.678931
      0.678932
      0.678931
      0.678932
      0.678931
      0.678932
      0.678931
      0.678932
      0.678931
      0.678932
      0.678931
      0.678932
      0.678931
      0.678932
      0.678931
      0.678932
      0.678931
      0.678932
      0.678931
      0.678932
      0.678931
      0.678932
      0.678931
      0.678932
      0.678931
      0.678932
      0.678931
      0.678932
      0.678931
      0.678932
      0.678931
      0.678932
      0.678931
      0.678932
      0.678931
      0.678932
      0.678931
      0.678932
      0.678931
      0.678932
      0.619492
      0.619489
      0.619492
      0.619489
      0.619492
      0.619489
      0.619492
      0.619489
      0.619492
      0.619489
      0.619492
      0.619489
      0.619492
      0.619489
      0.619492
      0.619489
      0.619492
      0.619489
      0.619492
      0.619489
      0.619492
      0.619489
      0.619492
      0.619489
      0.619492
      0.619489
      0.619492
      0.619489
      0.619492
      0.619489
      0.619492
      0.619489
      0.619492
      0.619489
      0.619492
      0.619489
      0.619492
      0.619489
      0.619492
      0.619489
      0.619492
      0.619489
      0.619492
      0.619489
      0.619492
      0.619489
      0.619492
      0.619489
      0.619492
      0.619489
      0.619492
      0.619489
      0.619492
      0.619489
      0.619492
      0.619489
      0.619492
      0.619489
      0.619492
      0.562463
      0.562462
      0.562463
      0.562462
      0.562463
      0.562462
      0.562463
      0.562462
      0.562463
      0.562462
      0.562463
      0.562462
      0.562463
      0.562462
      0.562463
      0.562462
      0.562463
      0.562462
      0.562463
      0.562462
      0.562463
      0.562462
      0.562463
      0.562462
      0.562463
      0.562462
      0.562463
      0.562462
      0.562463
      0.562462
      0.562463
      0.562462
      0.562463
      0.562462
      0.562463
      0.562462
      0.562463
      0.562462
      0.562463
      0.562462
      0.562463
      0.562462
      0.562463
      0.562462
      0.562463
      0.562462
      0.562463
      0.562462
      0.562463
      0.562462
      0.562463
      0.562462
      0.562463
      0.562462
      0.562463
      0.562462
      0.562463
      0.562462
      0.562463
      0.508128
      0.508125
      0.508128
      0.508125
      0.508128
      0.508125
      0.508128
      0.508125
      0.508128
      0.508125
      0.508128
      0.508125
      0.508128
      0.508125
      0.508128
      0.508125
      0.508128
      0.508125
      0.508128
      0.508125
      0.508128
      0.508125
      0.508128
      0.508125
      0.508128
      0.508125
      0.508128
      0.508125
      0.508128
      0.508125
      0.508128
      0.508125
      0.508128
      0.508125
      0.508128
      0.508125
      0.508128
      0.508125
      0.508128
      0.508125
      0.508128
      0.508125
      0.508128
      0.508125
      0.508128
      0.508125
      0.508128
      0.508125
      0.508128
      0.508125
      0.508128
      0.508125
      0.508128
      0.508125
      0.508128
      0.508125
      0.508128
      0.508125
      0.508128
      0.456703
      0.456701
      0.456703
      0.456701
      0.456703
      0.456701
      0.456703
      0.456701
      0.456703
      0.456701
      0.456702
      0.456701
      0.456702
      0.456701
      0.456702
      0.456701
      0.456702
      0.456701
      0.456702
      0.456701
      0.456702
      0.456701
      0.456702
      0.456701
      0.456702
      0.456701
      0.456702
      0.456701
      0.456702
      0.456701
      0.456702
      0.456701
      0.456702
      0.456701
      0.456702
      0.456701
      0.456702
      0.456701
      0.456702
      0.456701
      0.456702
      0.456701
      0.456702
      0.456701
      0.456702
      0.456701
      0.456702
      0.456701
      0.456702
      0.456701
      0.456703
      0.456701
      0.456703
      0.456701
      0.456703
      0.456701
      0.456703
      0.456701
      0.456703
      0.408373
       0.40837
      0.408373
       0.40837
      0.408373
       0.40837
      0.408373
       0.40837
      0.408373
       0.40837
      0.408373
       0.40837
      0.408373
       0.40837
      0.408373
       0.40837
      0.408373
       0.40837
      0.408373
       0.40837
      0.408373
       0.40837
      0.408373
       0.40837
      0.408373
       0.40837
      0.408373
       0.40837
      0.408373
       0.40837
      0.408373
       0.40837
      0.408373
       0.40837
      0.408373
       0.40837
      0.408373
       0.40837
      0.408373
       0.40837
      0.408373
       0.40837
      0.408373
       0.40837
      0.408373
       0.40837
      0.408373
       0.40837
      0.408373
       0.40837
      0.408373
       0.40837
      0.408373
       0.40837
      0.408373
       0.40837
      0.408373
       0.40837
      0.408373
      0.363253
      0.363252
      0.363253
      0.363252
      0.363253
      0.363252
      0.363253
      0.363252
      0.363253
      0.363252
      0.363253
      0.363252
      0.363253
      0.363252
      0.363253
      0.363252
      0.363253
      0.363252
      0.363253
      0.363252
      0.363253
      0.363252
      0.363253
      0.363252
      0.363253
      0.363252
      0.363253
      0.363252
      0.363253
      0.363252
      0.363253
      0.363252
      0.363253
      0.363252
      0.363253
      0.363252
      0.363253
      0.363252
      0.363253
      0.363252
      0.363253
      0.363252
      0.363253
      0.363252
      0.363253
      0.363252
      0.363253
      0.363252
      0.363253
      0.363252
      0.363253
      0.363252
      0.363253
      0.363252
      0.363253
      0.363252
      0.363253
      0.363252
      0.363253
      0.321429
      0.321427
      0.321429
      0.321427
      0.321429
      0.321427
      0.321429
      0.321427
      0.321429
      0.321427
      0.321429
      0.321427
      0.321429
      0.321427
      0.321429
      0.321427
      0.321429
      0.321427
      0.321429
      0.321426
      0.321429
      0.321426
      0.321429
      0.321426
      0.321429
      0.321426
      0.321429
      0.321426
      0.321429
      0.321426
      0.321429
      0.321426
      0.321429
      0.321426
      0.321429
      0.321426
      0.321429
      0.321426
      0.321429
      0.321426
      0.321429
      0.321427
      0.321429
      0.321427
      0.321429
      0.321427
      0.321429
      0.321427
      0.321429
      0.321427
      0.321429
      0.321427
      0.321429
      0.321427
      0.321429
      0.321427
      0.321429
      0.321427
      0.321429
      0.282919
      0.282918
      0.282919
      0.282918
      0.282919
      0.282918
      0.282919
      0.282918
      0.282919
      0.282918
      0.282919
      0.282918
      0.282919
      0.282918
      0.282919
      0.282918
      0.282919
      0.282918
      0.282919
      0.282918
      0.282919
      0.282918
      0.282919
      0.282918
      0.282919
      0.282918
      0.282919
      0.282918
      0.282919
      0.282918
      0.282919
      0.282918
      0.282919
      0.282918
      0.282919
      0.282918
      0.282919
      0.282918
      0.282919
      0.282918
      0.282919
      0.282918
      0.282919
      0.282918
      0.282919
      0.282918
      0.282919
      0.282918
      0.282919
      0.282918
      0.282919
      0.282918
      0.282919
      0.282918
      0.282919
      0.282918
      0.282919
      0.282918
      0.282919
      0.247717
      0.247715
      0.247717
      0.247715
      0.247717
      0.247715
      0.247717
      0.247715
      0.247717
      0.247715
      0.247717
      0.247715
      0.247717
      0.247715
      0.247717
      0.247715
      0.247717
      0.247715
      0.247717
      0.247715
      0.247717
      0.247715
      0.247717
      0.247715
      0.247717
      0.247715
      0.247717
      0.247715
      0.247717
      0.247715
      0.247717
      0.247715
      0.247717
      0.247715
      0.247717
      0.247715
      0.247717
      0.247715
      0.247717
      0.247715
      0.247717
      0.247715
      0.247717
      0.247715
      0.247717
      0.247715
      0.247717
      0.247715
      0.247717
      0.247715
      0.247717
      0.247715
      0.247717
      0.247715
      0.247717
      0.247715
      0.247717
      0.247715
      0.247717
       0.21576
      0.215759
       0.21576
      0.215759
       0.21576
      0.215759
       0.21576
      0.215759
       0.21576
      0.215759
       0.21576
      0.215759
       0.21576
      0.215759
       0.21576
      0.215759
      0.215759
      0.215759
      0.215759
      0.215759
      0.215759
      0.215759
      0.215759
      0.215758
      0.215759
      0.215758
      0.215759
      0.215758
      0.215759
      0.215758
      0.215759
      0.215758
      0.215759
      0.215758
      0.215759
      0.215758
      0.215759
      0.215759
      0.215759
      0.215759
      0.215759
      0.215759
      0.215759
      0.215759
       0.21576
      0.215759
       0.21576
      0.215759
       0.21576
      0.215759
       0.21576
      0.215759
       0.21576
      0.215759
       0.21576
      0.215759
       0.21576
      0.215759
       0.21576
      0.186965
      0.186963
      0.186965
      0.186963
      0.186965
      0.186963
      0.186965
      0.186963
      0.186965
      0.186963
      0.186965
      0.186963
      0.186965
      0.186963
      0.186965
      0.186963
      0.186965
      0.186963
      0.186965
      0.186963
      0.186964
      0.186963
      0.186964
      0.186963
      0.186964
      0.186963
      0.186964
      0.186962
      0.186964
      0.186962
      0.186964
      0.186962
      0.186964
      0.186963
      0.186964
      0.186963
      0.186964
      0.186963
      0.186964
      0.186963
      0.186965
      0.186963
      0.186965
      0.186963
      0.186965
      0.186963
      0.186965
      0.186963
      0.186965
      0.186963
      0.186965
      0.186963
      0.186965
      0.186963
      0.186965
      0.186963
      0.186965
      0.186963
      0.186965
      0.161209
      0.161209
      0.161209
      0.161209
      0.161209
      0.161209
      0.161209
      0.161209
      0.161209
      0.161209
      0.161209
      0.161209
      0.161209
      0.161209
      0.161209
      0.161209
      0.161209
      0.161209
      0.161209
      0.161209
      0.161209
      0.161208
      0.161209
      0.161208
      0.161208
      0.161208
      0.161208
      0.161208
      0.161208
      0.161207
      0.161208
      0.161208
      0.161208
      0.161208
      0.161208
      0.161208
      0.161209
      0.161208
      0.161209
      0.161209
      0.161209
      0.161209
      0.161209
      0.161209
      0.161209
      0.161209
      0.161209
      0.161209
      0.161209
      0.161209
      0.161209
      0.161209
      0.161209
      0.161209
      0.161209
      0.161209
      0.161209
      0.161209
      0.161209
      0.138358
      0.138357
      0.138358
      0.138357
      0.138358
      0.138357
      0.138358
      0.138357
      0.138358
      0.138357
      0.138358
      0.138357
      0.138358
      0.138357
      0.138358
      0.138357
      0.138358
      0.138357
      0.138358
      0.138357
      0.138357
      0.138357
      0.138357
      0.138356
      0.138357
      0.138356
      0.138356
      0.138355
      0.138356
      0.138355
      0.138356
      0.138355
      0.138356
      0.138356
      0.138357
      0.138356
      0.138357
      0.138357
      0.138357
      0.138357
      0.138358
      0.138357
      0.138358
      0.138357
      0.138358
      0.138357
      0.138358
      0.138357
      0.138358
      0.138357
      0.138358
      0.138357
      0.138358
      0.138357
      0.138358
      0.138357
      0.138358
      0.138357
      0.138358
      0.118252
      0.118252
      0.118252
      0.118252
      0.118252
      0.118252
      0.118252
      0.118252
      0.118252
      0.118252
      0.118252
      0.118252
      0.118252
      0.118252
      0.118252
      0.118252
      0.118252
      0.118252
      0.118251
      0.118251
      0.118251
      0.118251
      0.118251
       0.11825
       0.11825
       0.11825
      0.118249
      0.118249
      0.118249
      0.118249
      0.118249
      0.118249
      0.118249
       0.11825
       0.11825
       0.11825
      0.118251
      0.118251
      0.118251
      0.118251
      0.118251
      0.118252
      0.118252
      0.118252
      0.118252
      0.118252
      0.118252
      0.118252
      0.118252
      0.118252
      0.118252
      0.118252
      0.118252
      0.118252
      0.118252
      0.118252
      0.118252
      0.118252
      0.118252
      0.100727
      0.100728
      0.100727
      0.100728
      0.100727
      0.100728
      0.100727
      0.100727
      0.100727
      0.100727
      0.100727
      0.100727
      0.100727
      0.100727
      0.100727
      0.100727
      0.100727
      0.100727
      0.100727
      0.100727
      0.100726
      0.100726
      0.100726
      0.100725
      0.100725
      0.100724
      0.100724
      0.100724
      0.100723
      0.100723
      0.100723
      0.100724
      0.100724
      0.100724
      0.100725
      0.100725
      0.100726
      0.100726
      0.100726
      0.100727
      0.100727
      0.100727
      0.100727
      0.100727
      0.100727
      0.100727
      0.100727
      0.100727
      0.100727
      0.100727
      0.100727
      0.100727
      0.100727
      0.100728
      0.100727
      0.100728
      0.100727
      0.100728
      0.100727
     0.0856145
     0.0856147
     0.0856145
     0.0856147
     0.0856145
     0.0856147
     0.0856145
     0.0856147
     0.0856145
     0.0856146
     0.0856145
     0.0856146
     0.0856144
     0.0856145
     0.0856143
     0.0856143
     0.0856141
      0.085614
     0.0856137
     0.0856135
      0.085613
     0.0856127
     0.0856121
     0.0856117
     0.0856109
     0.0856104
     0.0856096
     0.0856092
     0.0856087
     0.0856087
     0.0856087
     0.0856092
     0.0856096
     0.0856104
     0.0856109
     0.0856117
     0.0856121
     0.0856127
      0.085613
     0.0856135
     0.0856137
      0.085614
     0.0856141
     0.0856143
     0.0856143
     0.0856145
     0.0856144
     0.0856146
     0.0856145
     0.0856146
     0.0856145
     0.0856147
     0.0856145
     0.0856147
     0.0856145
     0.0856147
     0.0856145
     0.0856147
     0.0856145
     0.0727449
     0.0727456
     0.0727449
     0.0727456
     0.0727449
     0.0727456
     0.0727449
     0.0727456
     0.0727449
     0.0727456
     0.0727448
     0.0727455
     0.0727447
     0.0727454
     0.0727446
     0.0727452
     0.0727443
     0.0727448
     0.0727438
     0.0727442
      0.072743
     0.0727432
     0.0727417
     0.0727417
       0.07274
     0.0727398
     0.0727381
      0.072738
     0.0727367
     0.0727373
     0.0727367
      0.072738
     0.0727381
     0.0727398
       0.07274
     0.0727417
     0.0727417
     0.0727432
      0.072743
     0.0727442
     0.0727438
     0.0727448
     0.0727443
     0.0727452
     0.0727446
     0.0727454
     0.0727447
     0.0727455
     0.0727448
     0.0727456
     0.0727449
     0.0727456
     0.0727449
     0.0727456
     0.0727449
     0.0727456
     0.0727449
     0.0727456
     0.0727449
     0.0619604
     0.0619608
     0.0619604
     0.0619608
     0.0619604
     0.0619608
     0.0619604
     0.0619607
     0.0619604
     0.0619607
     0.0619603
     0.0619606
     0.0619603
     0.0619605
     0.0619601
     0.0619603
     0.0619597
     0.0619598
     0.0619592
      0.061959
     0.0619581
     0.0619577
     0.0619565
     0.0619557
     0.0619541
      0.061953
     0.0619512
     0.0619502
      0.061949
      0.061949
      0.061949
     0.0619502
     0.0619512
      0.061953
     0.0619541
     0.0619557
     0.0619565
     0.0619577
     0.0619581
      0.061959
     0.0619592
     0.0619598
     0.0619597
     0.0619603
     0.0619601
     0.0619605
     0.0619603
     0.0619606
     0.0619603
     0.0619607
     0.0619604
     0.0619607
     0.0619604
     0.0619608
     0.0619604
     0.0619608
     0.0619604
     0.0619608
     0.0619604
     0.0531091
     0.0531103
     0.0531091
     0.0531103
     0.0531091
     0.0531103
     0.0531091
     0.0531103
      0.053109
     0.0531102
      0.053109
     0.0531102
     0.0531089
       0.05311
     0.0531087
     0.0531097
     0.0531083
     0.0531092
     0.0531076
     0.0531083
     0.0531063
     0.0531066
     0.0531042
      0.053104
     0.0531009
     0.0531001
     0.0530966
     0.0530958
     0.0530931
     0.0530937
     0.0530931
     0.0530958
     0.0530966
     0.0531001
     0.0531009
      0.053104
     0.0531042
     0.0531066
     0.0531063
     0.0531083
     0.0531076
     0.0531092
     0.0531083
     0.0531097
     0.0531087
       0.05311
     0.0531089
     0.0531102
      0.053109
     0.0531102
      0.053109
     0.0531103
     0.0531091
     0.0531103
     0.0531091
     0.0531103
     0.0531091
     0.0531103
     0.0531091
     0.0460626
     0.0460631
     0.0460626
     0.0460631
     0.0460626
      0.046063
     0.0460626
      0.046063
     0.0460626
      0.046063
     0.0460625
     0.0460629
     0.0460624
     0.0460627
     0.0460622
     0.0460624
     0.0460617
     0.0460618
     0.0460609
     0.0460607
     0.0460594
     0.0460587
     0.0460568
     0.0460553
     0.0460524
     0.0460499
      0.046046
     0.0460431
     0.0460399
     0.0460392
     0.0460399
     0.0460431
      0.046046
     0.0460499
     0.0460524
     0.0460553
     0.0460568
     0.0460587
     0.0460594
     0.0460607
     0.0460609
     0.0460618
     0.0460617
     0.0460624
     0.0460622
     0.0460627
     0.0460624
     0.0460629
     0.0460625
      0.046063
     0.0460626
      0.046063
     0.0460626
      0.046063
     0.0460626
     0.0460631
     0.0460626
     0.0460631
     0.0460626
     0.0407024
     0.0407039
     0.0407024
     0.0407039
     0.0407024
     0.0407039
     0.0407024
     0.0407039
     0.0407024
     0.0407039
     0.0407023
     0.0407038
     0.0407022
     0.0407036
     0.0407019
     0.0407033
     0.0407014
     0.0407026
     0.0407005
     0.0407013
     0.0406988
      0.040699
     0.0406956
     0.0406947
       0.04069
     0.0406873
     0.0406806
     0.0406766
     0.0406701
     0.0406692
     0.0406701
     0.0406766
     0.0406806
     0.0406873
       0.04069
     0.0406947
     0.0406956
      0.040699
     0.0406988
     0.0407013
     0.0407005
     0.0407026
     0.0407014
     0.0407033
     0.0407019
     0.0407036
     0.0407022
     0.0407038
     0.0407023
     0.0407039
     0.0407024
     0.0407039
     0.0407024
     0.0407039
     0.0407024
     0.0407039
     0.0407024
     0.0407039
     0.0407024
     0.0369433
     0.0369438
     0.0369433
     0.0369438
     0.0369433
     0.0369438
     0.0369433
     0.0369438
     0.0369433
     0.0369438
     0.0369432
     0.0369437
     0.0369431
     0.0369435
     0.0369428
     0.0369431
     0.0369423
     0.0369424
     0.0369413
      0.036941
     0.0369394
     0.0369384
     0.0369357
     0.0369333
     0.0369288
     0.0369239
      0.036916
     0.0369071
      0.036896
     0.0368914
      0.036896
     0.0369071
      0.036916
     0.0369239
     0.0369288
     0.0369333
     0.0369357
     0.0369384
     0.0369394
      0.036941
     0.0369413
     0.0369424
     0.0369423
     0.0369431
     0.0369428
     0.0369435
     0.0369431
     0.0369437
     0.0369432
     0.0369438
     0.0369433
     0.0369438
     0.0369433
     0.0369438
     0.0369433
     0.0369438
     0.0369433
     0.0369438
     0.0369433
     0.0347123
      0.034714
     0.0347123
      0.034714
     0.0347123
      0.034714
     0.0347123
      0.034714
     0.0347123
     0.0347139
     0.0347122
     0.0347138
      0.034712
     0.0347136
     0.0347118
     0.0347132
     0.0347112
     0.0347125
     0.0347102
      0.034711
     0.0347081
     0.0347082
     0.0347042
     0.0347026
     0.0346963
     0.0346913
       0.03468
     0.0346667
     0.0346423
     0.0346306
     0.0346423
     0.0346667
       0.03468
     0.0346913
     0.0346963
     0.0347026
     0.0347042
     0.0347082
     0.0347081
      0.034711
     0.0347102
     0.0347125
     0.0347112
     0.0347132
     0.0347118
     0.0347136
      0.034712
     0.0347138
     0.0347122
     0.0347139
     0.0347123
      0.034714
     0.0347123
      0.034714
     0.0347123
      0.034714
     0.0347123
      0.034714
     0.0347123
     0.0339755
      0.033976
     0.0339755
      0.033976
     0.0339754
      0.033976
     0.0339754
      0.033976
     0.0339754
     0.0339759
     0.0339753
     0.0339758
     0.0339752
     0.0339756
     0.0339749
     0.0339753
     0.0339744
     0.0339745
     0.0339733
      0.033973
     0.0339712
     0.0339701
     0.0339671
     0.0339643
     0.0339588
     0.0339522
     0.0339407
     0.0339236
     0.0338921
     0.0338307
     0.0338921
     0.0339236
     0.0339407
     0.0339522
     0.0339588
     0.0339643
     0.0339671
     0.0339701
     0.0339712
      0.033973
     0.0339733
     0.0339745
     0.0339744
     0.0339753
     0.0339749
     0.0339756
     0.0339752
     0.0339758
     0.0339753
     0.0339759
     0.0339754
      0.033976
     0.0339754
      0.033976
     0.0339754
      0.033976
     0.0339755
      0.033976
     0.0339755
     0.0347123
      0.034714
     0.0347123
      0.034714
     0.0347123
      0.034714
     0.0347123
      0.034714
     0.0347123
     0.0347139
     0.0347122
     0.0347138
      0.034712
     0.0347136
     0.0347118
     0.0347132
     0.0347112
     0.0347125
     0.0347102
      0.034711
     0.0347081
     0.0347082
     0.0347042
     0.0347026
     0.0346963
     0.0346913
       0.03468
     0.0346667
     0.0346423
     0.0346306
     0.0346423
     0.0346667
       0.03468
     0.0346913
     0.0346963
     0.0347026
     0.0347042
     0.0347082
     0.0347081
      0.034711
     0.0347102
     0.0347125
     0.0347112
     0.0347132
     0.0347118
     0.0347136
      0.034712
     0.0347138
     0.0347122
     0.0347139
     0.0347123
      0.034714
     0.0347123
      0.034714
     0.0347123
      0.034714
     0.0347123
      0.034714
     0.0347123
     0.0369433
     0.0369438
     0.0369433
     0.0369438
     0.0369433
     0.0369438
     0.0369433
     0.0369438
     0.0369433
     0.0369438
     0.0369432
     0.0369437
     0.0369431
     0.0369435
     0.0369428
     0.0369431
     0.0369423
     0.0369424
     0.0369413
      0.036941
     0.0369394
     0.0369384
     0.0369357
     0.0369333
     0.0369288
     0.0369239
      0.036916
     0.0369071
      0.036896
     0.0368914
      0.036896
     0.0369071
      0.036916
     0.0369239
     0.0369288
     0.0369333
     0.0369357
     0.0369384
     0.0369394
      0.036941
     0.0369413
     0.0369424
     0.0369423
     0.0369431
     0.0369428
     0.0369435
     0.0369431
     0.0369437
     0.0369432
     0.0369438
     0.0369433
     0.0369438
     0.0369433
     0.0369438
     0.0369433
     0.0369438
     0.0369433
     0.0369438
     0.0369433
     0.0407024
     0.0407039
     0.0407024
     0.0407039
     0.0407024
     0.0407039
     0.0407024
     0.0407039
     0.0407024
     0.0407039
     0.0407023
     0.0407038
     0.0407022
     0.0407036
     0.0407019
     0.0407033
     0.0407014
     0.0407026
     0.0407005
     0.0407013
     0.0406988
      0.040699
     0.0406956
     0.0406947
       0.04069
     0.0406873
     0.0406806
     0.0406766
     0.0406701
     0.0406692
     0.0406701
     0.0406766
     0.0406806
     0.0406873
       0.04069
     0.0406947
     0.0406956
      0.040699
     0.0406988
     0.0407013
     0.0407005
     0.0407026
     0.0407014
     0.0407033
     0.0407019
     0.0407036
     0.0407022
     0.0407038
     0.0407023
     0.0407039
     0.0407024
     0.0407039
     0.0407024
     0.0407039
     0.0407024
     0.0407039
     0.0407024
     0.0407039
     0.0407024
     0.0460626
     0.0460631
     0.0460626
     0.0460631
     0.0460626
      0.046063
     0.0460626
      0.046063
     0.0460626
      0.046063
     0.0460625
     0.0460629
     0.0460624
     0.0460627
     0.0460622
     0.0460624
     0.0460617
     0.0460618
     0.0460609
     0.0460607
     0.0460594
     0.0460587
     0.0460568
     0.0460553
     0.0460524
     0.0460499
      0.046046
     0.0460431
     0.0460399
     0.0460392
     0.0460399
     0.0460431
      0.046046
     0.0460499
     0.0460524
     0.0460553
     0.0460568
     0.0460587
     0.0460594
     0.0460607
     0.0460609
     0.0460618
     0.0460617
     0.0460624
     0.0460622
     0.0460627
     0.0460624
     0.0460629
     0.0460625
      0.046063
     0.0460626
      0.046063
     0.0460626
      0.046063
     0.0460626
     0.0460631
     0.0460626
     0.0460631
     0.0460626
     0.0531091
     0.0531103
     0.0531091
     0.0531103
     0.0531091
     0.0531103
     0.0531091
     0.0531103
      0.053109
     0.0531102
      0.053109
     0.0531102
     0.0531089
       0.05311
     0.0531087
     0.0531097
     0.0531083
     0.0531092
     0.0531076
     0.0531083
     0.0531063
     0.0531066
     0.0531042
      0.053104
     0.0531009
     0.0531001
     0.0530966
     0.0530958
     0.0530931
     0.0530937
     0.0530931
     0.0530958
     0.0530966
     0.0531001
     0.0531009
      0.053104
     0.0531042
     0.0531066
     0.0531063
     0.0531083
     0.0531076
     0.0531092
     0.0531083
     0.0531097
     0.0531087
       0.05311
     0.0531089
     0.0531102
      0.053109
     0.0531102
      0.053109
     0.0531103
     0.0531091
     0.0531103
     0.0531091
     0.0531103
     0.0531091
     0.0531103
     0.0531091
     0.0619604
     0.0619608
     0.0619604
     0.0619608
     0.0619604
     0.0619608
     0.0619604
     0.0619607
     0.0619604
     0.0619607
     0.0619603
     0.0619606
     0.0619603
     0.0619605
     0.0619601
     0.0619603
     0.0619597
     0.0619598
     0.0619592
      0.061959
     0.0619581
     0.0619577
     0.0619565
     0.0619557
     0.0619541
      0.061953
     0.0619512
     0.0619502
      0.061949
      0.061949
      0.061949
     0.0619502
     0.0619512
      0.061953
     0.0619541
     0.0619557
     0.0619565
     0.0619577
     0.0619581
      0.061959
     0.0619592
     0.0619598
     0.0619597
     0.0619603
     0.0619601
     0.0619605
     0.0619603
     0.0619606
     0.0619603
     0.0619607
     0.0619604
     0.0619607
     0.0619604
     0.0619608
     0.0619604
     0.0619608
     0.0619604
     0.0619608
     0.0619604
     0.0727449
     0.0727456
     0.0727449
     0.0727456
     0.0727449
     0.0727456
     0.0727449
     0.0727456
     0.0727449
     0.0727456
     0.0727448
     0.0727455
     0.0727447
     0.0727454
     0.0727446
     0.0727452
     0.0727443
     0.0727448
     0.0727438
     0.0727442
      0.072743
     0.0727432
     0.0727417
     0.0727417
       0.07274
     0.0727398
     0.0727381
      0.072738
     0.0727367
     0.0727373
     0.0727367
      0.072738
     0.0727381
     0.0727398
       0.07274
     0.0727417
     0.0727417
     0.0727432
      0.072743
     0.0727442
     0.0727438
     0.0727448
     0.0727443
     0.0727452
     0.0727446
     0.0727454
     0.0727447
     0.0727455
     0.0727448
     0.0727456
     0.0727449
     0.0727456
     0.0727449
     0.0727456
     0.0727449
     0.0727456
     0.0727449
     0.0727456
     0.0727449
     0.0856145
     0.0856147
     0.0856145
     0.0856147
     0.0856145
     0.0856147
     0.0856145
     0.0856147
     0.0856145
     0.0856146
     0.0856145
     0.0856146
     0.0856144
     0.0856145
     0.0856143
     0.0856143
     0.0856141
      0.085614
     0.0856137
     0.0856135
      0.085613
     0.0856127
     0.0856121
     0.0856117
     0.0856109
     0.0856104
     0.0856096
     0.0856092
     0.0856087
     0.0856087
     0.0856087
     0.0856092
     0.0856096
     0.0856104
     0.0856109
     0.0856117
     0.0856121
     0.0856127
      0.085613
     0.0856135
     0.0856137
      0.085614
     0.0856141
     0.0856143
     0.0856143
     0.0856145
     0.0856144
     0.0856146
     0.0856145
     0.0856146
     0.0856145
     0.0856147
     0.0856145
     0.0856147
     0.0856145
     0.0856147
     0.0856145
     0.0856147
     0.0856145
      0.100727
      0.100728
      0.100727
      0.100728
      0.100727
      0.100728
      0.100727
      0.100727
      0.100727
      0.100727
      0.100727
      0.100727
      0.100727
      0.100727
      0.100727
      0.100727
      0.100727
      0.100727
      0.100727
      0.100727
      0.100726
      0.100726
      0.100726
      0.100725
      0.100725
      0.100724
      0.100724
      0.100724
      0.100723
      0.100723
      0.100723
      0.100724
      0.100724
      0.100724
      0.100725
      0.100725
      0.100726
      0.100726
      0.100726
      0.100727
      0.100727
      0.100727
      0.100727
      0.100727
      0.100727
      0.100727
      0.100727
      0.100727
      0.100727
      0.100727
      0.100727
      0.100727
      0.100727
      0.100728
      0.100727
      0.100728
      0.100727
      0.100728
      0.100727
      0.118252
      0.118252
      0.118252
      0.118252
      0.118252
      0.118252
      0.118252
      0.118252
      0.118252
      0.118252
      0.118252
      0.118252
      0.118252
      0.118252
      0.118252
      0.118252
      0.118252
      0.118252
      0.118251
      0.118251
      0.118251
      0.118251
      0.118251
       0.11825
       0.11825
       0.11825
      0.118249
      0.118249
      0.118249
      0.118249
      0.118249
      0.118249
      0.118249
       0.11825
       0.11825
       0.11825
      0.118251
      0.118251
      0.118251
      0.118251
      0.118251
      0.118252
      0.118252
      0.118252
      0.118252
      0.118252
      0.118252
      0.118252
      0.118252
      0.118252
      0.118252
      0.118252
      0.118252
      0.118252
      0.118252
      0.118252
      0.118252
      0.118252
      0.118252
      0.138358
      0.138357
      0.138358
      0.138357
      0.138358
      0.138357
      0.138358
      0.138357
      0.138358
      0.138357
      0.138358
      0.138357
      0.138358
      0.138357
      0.138358
      0.138357
      0.138358
      0.138357
      0.138358
      0.138357
      0.138357
      0.138357
      0.138357
      0.138356
      0.138357
      0.138356
      0.138356
      0.138355
      0.138356
      0.138355
      0.138356
      0.138355
      0.138356
      0.138356
      0.138357
      0.138356
      0.138357
      0.138357
      0.138357
      0.138357
      0.138358
      0.138357
      0.138358
      0.138357
      0.138358
      0.138357
      0.138358
      0.138357
      0.138358
      0.138357
      0.138358
      0.138357
      0.138358
      0.138357
      0.138358
      0.138357
      0.138358
      0.138357
      0.138358
      0.161209
      0.161209
      0.161209
      0.161209
      0.161209
      0.161209
      0.161209
      0.161209
      0.161209
      0.161209
      0.161209
      0.161209
      0.161209
      0.161209
      0.161209
      0.161209
      0.161209
      0.161209
      0.161209
      0.161209
      0.161209
      0.161208
      0.161209
      0.161208
      0.161208
      0.161208
      0.161208
      0.161208
      0.161208
      0.161207
      0.161208
      0.161208
      0.161208
      0.161208
      0.161208
      0.161208
      0.161209
      0.161208
      0.161209
      0.161209
      0.161209
      0.161209
      0.161209
      0.161209
      0.161209
      0.161209
      0.161209
      0.161209
      0.161209
      0.161209
      0.161209
      0.161209
      0.161209
      0.161209
      0.161209
      0.161209
      0.161209
      0.161209
      0.161209
      0.186965
      0.186963
      0.186965
      0.186963
      0.186965
      0.186963
      0.186965
      0.186963
      0.186965
      0.186963
      0.186965
      0.186963
      0.186965
      0.186963
      0.186965
      0.186963
      0.186965
      0.186963
      0.186965
      0.186963
      0.186964
      0.186963
      0.186964
      0.186963
      0.186964
      0.186963
      0.186964
      0.186962
      0.186964
      0.186962
      0.186964
      0.186962
      0.186964
      0.186963
      0.186964
      0.186963
      0.186964
      0.186963
      0.186964
      0.186963
      0.186965
      0.186963
      0.186965
      0.186963
      0.186965
      0.186963
      0.186965
      0.186963
      0.186965
      0.186963
      0.186965
      0.186963
      0.186965
      0.186963
      0.186965
      0.186963
      0.186965
      0.186963
      0.186965
       0.21576
      0.215759
       0.21576
      0.215759
       0.21576
      0.215759
       0.21576
      0.215759
       0.21576
      0.215759
       0.21576
      0.215759
       0.21576
      0.215759
       0.21576
      0.215759
      0.215759
      0.215759
      0.215759
      0.215759
      0.215759
      0.215759
      0.215759
      0.215758
      0.215759
      0.215758
      0.215759
      0.215758
      0.215759
      0.215758
      0.215759
      0.215758
      0.215759
      0.215758
      0.215759
      0.215758
      0.215759
      0.215759
      0.215759
      0.215759
      0.215759
      0.215759
      0.215759
      0.215759
       0.21576
      0.215759
       0.21576
      0.215759
       0.21576
      0.215759
       0.21576
      0.215759
       0.21576
      0.215759
       0.21576
      0.215759
       0.21576
      0.215759
       0.21576
      0.247717
      0.247715
      0.247717
      0.247715
      0.247717
      0.247715
      0.247717
      0.247715
      0.247717
      0.247715
      0.247717
      0.247715
      0.247717
      0.247715
      0.247717
      0.247715
      0.247717
      0.247715
      0.247717
      0.247715
      0.247717
      0.247715
      0.247717
      0.247715
      0.247717
      0.247715
      0.247717
      0.247715
      0.247717
      0.247715
      0.247717
      0.247715
      0.247717
      0.247715
      0.247717
      0.247715
      0.247717
      0.247715
      0.247717
      0.247715
      0.247717
      0.247715
      0.247717
      0.247715
      0.247717
      0.247715
      0.247717
      0.247715
      0.247717
      0.247715
      0.247717
      0.247715
      0.247717
      0.247715
      0.247717
      0.247715
      0.247717
      0.247715
      0.247717
      0.282919
      0.282918
      0.282919
      0.282918
      0.282919
      0.282918
      0.282919
      0.282918
      0.282919
      0.282918
      0.282919
      0.282918
      0.282919
      0.282918
      0.282919
      0.282918
      0.282919
      0.282918
      0.282919
      0.282918
      0.282919
      0.282918
      0.282919
      0.282918
      0.282919
      0.282918
      0.282919
      0.282918
      0.282919
      0.282918
      0.282919
      0.282918
      0.282919
      0.282918
      0.282919
      0.282918
      0.282919
      0.282918
      0.282919
      0.282918
      0.282919
      0.282918
      0.282919
      0.282918
      0.282919
      0.282918
      0.282919
      0.282918
      0.282919
      0.282918
      0.282919
      0.282918
      0.282919
      0.282918
      0.282919
      0.282918
      0.282919
      0.282918
      0.282919
      0.321429
      0.321427
      0.321429
      0.321427
      0.321429
      0.321427
      0.321429
      0.321427
      0.321429
      0.321427
      0.321429
      0.321427
      0.321429
      0.321427
      0.321429
      0.321427
      0.321429
      0.321427
      0.321429
      0.321426
      0.321429
      0.321426
      0.321429
      0.321426
      0.321429
      0.321426
      0.321429
      0.321426
      0.321429
      0.321426
      0.321429
      0.321426
      0.321429
      0.321426
      0.321429
      0.321426
      0.321429
      0.321426
      0.321429
      0.321426
      0.321429
      0.321427
      0.321429
      0.321427
      0.321429
      0.321427
      0.321429
      0.321427
      0.321429
      0.321427
      0.321429
      0.321427
      0.321429
      0.321427
      0.321429
      0.321427
      0.321429
      0.321427
      0.321429
      0.363253
      0.363252
      0.363253
      0.363252
      0.363253
      0.363252
      0.363253
      0.363252
      0.363253
      0.363252
      0.363253
      0.363252
      0.363253
      0.363252
      0.363253
      0.363252
      0.363253
      0.363252
      0.363253
      0.363252
      0.363253
      0.363252
      0.363253
      0.363252
      0.363253
      0.363252
      0.363253
      0.363252
      0.363253
      0.363252
      0.363253
      0.363252
      0.363253
      0.363252
      0.363253
      0.363252
      0.363253
      0.363252
      0.363253
      0.363252
      0.363253
      0.363252
      0.363253
      0.363252
      0.363253
      0.363252
      0.363253
      0.363252
      0.363253
      0.363252
      0.363253
      0.363252
      0.363253
      0.363252
      0.363253
      0.363252
      0.363253
      0.363252
      0.363253
      0.408373
       0.40837
      0.408373
       0.40837
      0.408373
       0.40837
      0.408373
       0.40837
      0.408373
       0.40837
      0.408373
       0.40837
      0.408373
       0.40837
      0.408373
       0.40837
      0.408373
       0.40837
      0.408373
       0.40837
      0.408373
       0.40837
      0.408373
       0.40837
      0.408373
       0.40837
      0.408373
       0.40837
      0.408373
       0.40837
      0.408373
       0.40837
      0.408373
       0.40837
      0.408373
       0.40837
      0.408373
       0.40837
      0.408373
       0.40837
      0.408373
       0.40837
      0.408373
       0.40837
      0.408373
       0.40837
      0.408373
       0.40837
      0.408373
       0.40837
      0.408373
       0.40837
      0.408373
       0.40837
      0.408373
       0.40837
      0.408373
       0.40837
      0.408373
      0.456703
      0.456701
      0.456703
      0.456701
      0.456703
      0.456701
      0.456703
      0.456701
      0.456703
      0.456701
      0.456702
      0.456701
      0.456702
      0.456701
      0.456702
      0.456701
      0.456702
      0.456701
      0.456702
      0.456701
      0.456702
      0.456701
      0.456702
      0.456701
      0.456702
      0.456701
      0.456702
      0.456701
      0.456702
      0.456701
      0.456702
      0.456701
      0.456702
      0.456701
      0.456702
      0.456701
      0.456702
      0.456701
      0.456702
      0.456701
      0.456702
      0.456701
      0.456702
      0.456701
      0.456702
      0.456701
      0.456702
      0.456701
      0.456702
      0.456701
      0.456703
      0.456701
      0.456703
      0.456701
      0.456703
      0.456701
      0.456703
      0.456701
      0.456703
      0.508128
      0.508125
      0.508128
      0.508125
      0.508128
      0.508125
      0.508128
      0.508125
      0.508128
      0.508125
      0.508128
      0.508125
      0.508128
      0.508125
      0.508128
      0.508125
      0.508128
      0.508125
      0.508128
      0.508125
      0.508128
      0.508125
      0.508128
      0.508125
      0.508128
      0.508125
      0.508128
      0.508125
      0.508128
      0.508125
      0.508128
      0.508125
      0.508128
      0.508125
      0.508128
      0.508125
      0.508128
      0.508125
      0.508128
      0.508125
      0.508128
      0.508125
      0.508128
      0.508125
      0.508128
      0.508125
      0.508128
      0.508125
      0.508128
      0.508125
      0.508128
      0.508125
      0.508128
      0.508125
      0.508128
      0.508125
      0.508128
      0.508125
      0.508128
      0.562463
      0.562462
      0.562463
      0.562462
      0.562463
      0.562462
      0.562463
      0.562462
      0.562463
      0.562462
      0.562463
      0.562462
      0.562463
      0.562462
      0.562463
      0.562462
      0.562463
      0.562462
      0.562463
      0.562462
      0.562463
      0.562462
      0.562463
      0.562462
      0.562463
      0.562462
      0.562463
      0.562462
      0.562463
      0.562462
      0.562463
      0.562462
      0.562463
      0.562462
      0.562463
      0.562462
      0.562463
      0.562462
      0.562463
      0.562462
      0.562463
      0.562462
      0.562463
      0.562462
      0.562463
      0.562462
      0.562463
      0.562462
      0.562463
      0.562462
      0.562463
      0.562462
      0.562463
      0.562462
      0.562463
      0.562462
      0.562463
      0.562462
      0.562463
      0.619492
      0.619489
      0.619492
      0.619489
      0.619492
      0.619489
      0.619492
      0.619489
      0.619492
      0.619489
      0.619492
      0.619489
      0.619492
      0.619489
      0.619492
      0.619489
      0.619492
      0.619489
      0.619492
      0.619489
      0.619492
      0.619489
      0.619492
      0.619489
      0.619492
      0.619489
      0.619492
      0.619489
      0.619492
      0.619489
      0.619492
      0.619489
      0.619492
      0.619489
      0.619492
      0.619489
      0.619492
      0.619489
      0.619492
      0.619489
      0.619492
      0.619489
      0.619492
      0.619489
      0.619492
      0.619489
      0.619492
      0.619489
      0.619492
      0.619489
      0.619492
      0.619489
      0.619492
      0.619489
      0.619492
      0.619489
      0.619492
      0.619489
      0.619492
      0.678932
      0.678931
      0.678932
      0.678931
      0.678932
      0.678931
      0.678932
      0.678931
      0.678932
      0.678931
      0.678932
      0.678931
      0.678932
      0.678931
      0.678932
      0.678931
      0.678932
      0.678931
      0.678932
      0.678931
      0.678932
      0.678931
      0.678932
      0.678931
      0.678932
      0.678931
      0.678932
      0.678931
      0.678932
      0.678931
      0.678932
      0.678931
      0.678932
      0.678931
      0.678932
      0.678931
      0.678932
      0.678931
      0.678932
      0.678931
      0.678932
      0.678931
      0.678932
      0.678931
      0.678932
      0.678931
      0.678932
      0.678931
      0.678932
      0.678931
      0.678932
      0.678931
      0.678932
      0.678931
      0.678932
      0.678931
      0.678932
      0.678931
      0.678932
      0.740475
      0.740473
      0.740475
      0.740473
      0.740475
      0.740473
      0.740475
      0.740473
      0.740475
      0.740473
      0.740475
      0.740473
      0.740475
      0.740473
      0.740475
      0.740473
      0.740475
      0.740473
      0.740475
      0.740473
      0.740475
      0.740473
      0.740475
      0.740473
      0.740475
      0.740473
      0.740475
      0.740473
      0.740475
      0.740473
      0.740475
      0.740473
      0.740475
      0.740473
      0.740475
      0.740473
      0.740475
      0.740473
      0.740475
      0.740473
      0.740475
      0.740473
      0.740475
      0.740473
      0.740475
      0.740473
      0.740475
      0.740473
      0.740475
      0.740473
      0.740475
      0.740473
      0.740475
      0.740473
      0.740475
      0.740473
      0.740475
      0.740473
      0.740475
      0.803753
      0.803753
      0.803753
      0.803753
      0.803753
      0.803753
      0.803753
      0.803753
      0.803753
      0.803753
      0.803753
      0.803753
      0.803753
      0.803753
      0.803753
      0.803753
      0.803753
      0.803753
      0.803753
      0.803753
      0.803753
      0.803753
      0.803753
      0.803753
      0.803753
      0.803753
      0.803753
      0.803753
      0.803753
      0.803753
      0.803753
      0.803753
      0.803753
      0.803753
      0.803753
      0.803753
      0.803753
      0.803753
      0.803753
      0.803753
      0.803753
      0.803753
      0.803753
      0.803753
      0.803753
      0.803753
      0.803753
      0.803753
      0.803753
      0.803753
      0.803753
      0.803753
      0.803753
      0.803753
      0.803753
      0.803753
      0.803753
      0.803753
      0.803753
      0.868384
      0.868382
      0.868384
      0.868382
      0.868384
      0.868382
      0.868384
      0.868382
      0.868384
      0.868382
      0.868384
      0.868382
      0.868384
      0.868382
      0.868384
      0.868382
      0.868384
      0.868382
      0.868384
      0.868382
      0.868384
      0.868382
      0.868384
      0.868382
      0.868384
      0.868382
      0.868384
      0.868382
      0.868384
      0.868382
      0.868384
      0.868382
      0.868384
      0.868382
      0.868384
      0.868382
      0.868384
      0.868382
      0.868384
      0.868382
      0.868384
      0.868382
      0.868384
      0.868382
      0.868384
      0.868382
      0.868384
      0.868382
      0.868384
      0.868382
      0.868384
      0.868382
      0.868384
      0.868382
      0.868384
      0.868382
      0.868384
      0.868382
      0.868384
      0.933943
      0.933943
      0.933943
      0.933943
      0.933943
      0.933943
      0.933943
      0.933943
      0.933943
      0.933943
      0.933943
      0.933943
      0.933943
      0.933943
      0.933943
      0.933943
      0.933943
      0.933943
      0.933943
      0.933943
      0.933943
      0.933943
      0.933943
      0.933943
      0.933943
      0.933943
      0.933943
      0.933943
      0.933943
      0.933943
      0.933943
      0.933943
      0.933943
      0.933943
      0.933943
      0.933943
      0.933943
      0.933943
      0.933943
      0.933943
      0.933943
      0.933943
      0.933943
      0.933943
      0.933943
      0.933943
      0.933943
      0.933943
      0.933943
      0.933943
      0.933943
      0.933943
      0.933943
      0.933943
      0.933943
      0.933943
      0.933943
      0.933943
      0.933943
             1
             1
             1
             1
             1
             1
             1
             1
             1
             1
             1
             1
             1
             1
             1
             1
             1
             1
             1
             1
             1
             1
             1
             1
             1
             1
             1
             1
             1
             1
             1
             1
             1
             1
             1
             1
             1
             1
             1
             1
             1
             1
             1
             1
             1
             1
             1
             1
             1
             1
             1
             1
             1
             1
             1
             1
             1
             1
             1
