             1
             1
             1
             1
             1
             1
             1
             1
             1
             1
             1
             1
             1
             1
             1
             1
             1
             1
             1
             1
             1
             1
             1
             1
             1
             1
             1
             1
             1
             1
             1
             1
             1
             1
             1
             1
             1
             1
             1
             1
             1
             1
             1
             1
             1
             1
             1
             1
             1
             1
             1
             1
             1
             1
             1
             1
             1
             1
             1
      0.936592
      0.936592
      0.936592
      0.936592
      0.936592
      0.936592
      0.936592
      0.936592
      0.936592
      0.936592
      0.936592
      0.936592
      0.936592
      0.936592
      0.936592
      0.936592
      0.936592
      0.936592
      0.936592
      0.936592
      0.936592
      0.936592
      0.936592
      0.936592
      0.936592
      0.936592
      0.936592
      0.936592
      0.936592
      0.936592
      0.936592
      0.936592
      0.936592
      0.936592
      0.936592
      0.936592
      0.936592
      0.936592
      0.936592
      0.936592
      0.936592
      0.936592
      0.936592
      0.936592
      0.936592
      0.936592
      0.936592
      0.936592
      0.936592
      0.936592
      0.936592
      0.936592
      0.936592
      0.936592
      0.936592
      0.936592
      0.936592
      0.936592
      0.936592
       0.87363
      0.873629
       0.87363
      0.873629
       0.87363
      0.873629
       0.87363
      0.873629
       0.87363
      0.873629
       0.87363
      0.873629
       0.87363
      0.873629
       0.87363
      0.873629
       0.87363
      0.873629
       0.87363
      0.873629
       0.87363
      0.873629
       0.87363
      0.873629
       0.87363
      0.873629
       0.87363
      0.873629
       0.87363
      0.873629
       0.87363
      0.873629
       0.87363
      0.873629
       0.87363
      0.873629
       0.87363
      0.873629
       0.87363
      0.873629
       0.87363
      0.873629
       0.87363
      0.873629
       0.87363
      0.873629
       0.87363
      0.873629
       0.87363
      0.873629
       0.87363
      0.873629
       0.87363
      0.873629
       0.87363
      0.873629
       0.87363
      0.873629
       0.87363
      0.811495
      0.811494
      0.811495
      0.811494
      0.811495
      0.811494
      0.811495
      0.811494
      0.811495
      0.811494
      0.811495
      0.811494
      0.811495
      0.811494
      0.811495
      0.811494
      0.811495
      0.811494
      0.811495
      0.811494
      0.811495
      0.811494
      0.811495
      0.811494
      0.811495
      0.811494
      0.811495
      0.811494
      0.811495
      0.811494
      0.811495
      0.811494
      0.811495
      0.811494
      0.811495
      0.811494
      0.811495
      0.811494
      0.811495
      0.811494
      0.811495
      0.811494
      0.811495
      0.811494
      0.811495
      0.811494
      0.811495
      0.811494
      0.811495
      0.811494
      0.811495
      0.811494
      0.811495
      0.811494
      0.811495
      0.811494
      0.811495
      0.811494
      0.811495
      0.750562
       0.75056
      0.750562
       0.75056
      0.750562
       0.75056
      0.750562
       0.75056
      0.750562
       0.75056
      0.750562
       0.75056
      0.750562
       0.75056
      0.750562
       0.75056
      0.750562
       0.75056
      0.750562
       0.75056
      0.750562
       0.75056
      0.750562
       0.75056
      0.750562
       0.75056
      0.750562
       0.75056
      0.750562
       0.75056
      0.750562
       0.75056
      0.750562
       0.75056
      0.750562
       0.75056
      0.750562
       0.75056
      0.750562
       0.75056
      0.750562
       0.75056
      0.750562
       0.75056
      0.750562
       0.75056
      0.750562
       0.75056
      0.750562
       0.75056
      0.750562
       0.75056
      0.750562
       0.75056
      0.750562
       0.75056
      0.750562
       0.75056
      0.750562
      0.691175
      0.691175
      0.691175
      0.691175
      0.691175
      0.691175
      0.691175
      0.691175
      0.691175
      0.691175
      0.691175
      0.691175
      0.691175
      0.691175
      0.691175
      0.691175
      0.691175
      0.691175
      0.691175
      0.691175
      0.691175
      0.691175
      0.691175
      0.691175
      0.691175
      0.691175
      0.691175
      0.691175
      0.691175
      0.691175
      0.691175
      0.691175
      0.691175
      0.691175
      0.691175
      0.691175
      0.691175
      0.691175
      0.691175
      0.691175
      0.691175
      0.691175
      0.691175
      0.691175
      0.691175
      0.691175
      0.691175
      0.691175
      0.691175
      0.691175
      0.691175
      0.691175
      0.691175
      0.691175
      0.691175
      0.691175
      0.691175
      0.691175
      0.691175
      0.633664
      0.633662
      0.633664
      0.633662
      0.633664
      0.633662
      0.633664
      0.633662
      0.633664
      0.633662
      0.633664
      0.633662
      0.633664
      0.633662
      0.633664
      0.633662
      0.633664
      0.633662
      0.633664
      0.633662
      0.633664
      0.633662
      0.633664
      0.633662
      0.633664
      0.633662
      0.633664
      0.633662
      0.633664
      0.633662
      0.633664
      0.633662
      0.633664
      0.633662
      0.633664
      0.633662
      0.633664
      0.633662
      0.633664
      0.633662
      0.633664
      0.633662
      0.633664
      0.633662
      0.633664
      0.633662
      0.633664
      0.633662
      0.633664
      0.633662
      0.633664
      0.633662
      0.633664
      0.633662
      0.633664
      0.633662
      0.633664
      0.633662
      0.633664
       0.57831
      0.578309
       0.57831
      0.578309
       0.57831
      0.578309
       0.57831
      0.578309
       0.57831
      0.578309
       0.57831
      0.578309
       0.57831
      0.578309
       0.57831
      0.578309
       0.57831
      0.578309
       0.57831
      0.578309
      0.578309
      0.578309
      0.578309
      0.578309
      0.578309
      0.578309
      0.578309
      0.578309
      0.578309
      0.578309
      0.578309
      0.578309
      0.578309
      0.578309
      0.578309
      0.578309
      0.578309
      0.578309
      0.578309
      0.578309
       0.57831
      0.578309
       0.57831
      0.578309
       0.57831
      0.578309
       0.57831
      0.578309
       0.57831
      0.578309
       0.57831
      0.578309
       0.57831
      0.578309
       0.57831
      0.578309
       0.57831
      0.578309
       0.57831
      0.525374
      0.525371
      0.525374
      0.525371
      0.525374
      0.525371
      0.525374
      0.525371
      0.525374
      0.525371
      0.525374
      0.525371
      0.525373
      0.525371
      0.525373
      0.525371
      0.525373
      0.525371
      0.525373
      0.525371
      0.525373
      0.525371
      0.525373
      0.525371
      0.525373
      0.525371
      0.525373
      0.525371
      0.525373
      0.525371
      0.525373
      0.525371
      0.525373
      0.525371
      0.525373
      0.525371
      0.525373
      0.525371
      0.525373
      0.525371
      0.525373
      0.525371
      0.525373
      0.525371
      0.525373
      0.525371
      0.525373
      0.525371
      0.525374
      0.525371
      0.525374
      0.525371
      0.525374
      0.525371
      0.525374
      0.525371
      0.525374
      0.525371
      0.525374
      0.475059
      0.475058
      0.475059
      0.475058
      0.475059
      0.475058
      0.475059
      0.475058
      0.475059
      0.475058
      0.475059
      0.475058
      0.475059
      0.475058
      0.475059
      0.475058
      0.475059
      0.475058
      0.475059
      0.475058
      0.475059
      0.475058
      0.475059
      0.475058
      0.475059
      0.475058
      0.475059
      0.475058
      0.475059
      0.475058
      0.475059
      0.475058
      0.475059
      0.475058
      0.475059
      0.475058
      0.475059
      0.475058
      0.475059
      0.475058
      0.475059
      0.475058
      0.475059
      0.475058
      0.475059
      0.475058
      0.475059
      0.475058
      0.475059
      0.475058
      0.475059
      0.475058
      0.475059
      0.475058
      0.475059
      0.475058
      0.475059
      0.475058
      0.475059
      0.427548
      0.427546
      0.427548
      0.427546
      0.427548
      0.427546
      0.427548
      0.427546
      0.427548
      0.427546
      0.427548
      0.427546
      0.427548
      0.427546
      0.427548
      0.427546
      0.427548
      0.427546
      0.427548
      0.427546
      0.427548
      0.427546
      0.427548
      0.427546
      0.427548
      0.427546
      0.427548
      0.427546
      0.427548
      0.427546
      0.427548
      0.427546
      0.427548
      0.427546
      0.427548
      0.427546
      0.427548
      0.427546
      0.427548
      0.427546
      0.427548
      0.427546
      0.427548
      0.427546
      0.427548
      0.427546
      0.427548
      0.427546
      0.427548
      0.427546
      0.427548
      0.427546
      0.427548
      0.427546
      0.427548
      0.427546
      0.427548
      0.427546
      0.427548
       0.38296
      0.382959
       0.38296
      0.382959
       0.38296
      0.382959
       0.38296
      0.382959
       0.38296
      0.382959
       0.38296
      0.382959
       0.38296
      0.382959
       0.38296
      0.382959
       0.38296
      0.382959
       0.38296
      0.382959
       0.38296
      0.382959
       0.38296
      0.382959
       0.38296
      0.382959
       0.38296
      0.382959
       0.38296
      0.382959
       0.38296
      0.382959
       0.38296
      0.382959
       0.38296
      0.382959
       0.38296
      0.382959
       0.38296
      0.382959
       0.38296
      0.382959
       0.38296
      0.382959
       0.38296
      0.382959
       0.38296
      0.382959
       0.38296
      0.382959
       0.38296
      0.382959
       0.38296
      0.382959
       0.38296
      0.382959
       0.38296
      0.382959
       0.38296
      0.341391
      0.341389
      0.341391
      0.341389
      0.341391
      0.341389
      0.341391
      0.341389
      0.341391
      0.341389
      0.341391
      0.341389
      0.341391
      0.341389
      0.341391
      0.341388
      0.341391
      0.341388
      0.341391
      0.341388
      0.341391
      0.341388
      0.341391
      0.341388
      0.341391
      0.341388
       0.34139
      0.341388
       0.34139
      0.341388
       0.34139
      0.341388
       0.34139
      0.341388
      0.341391
      0.341388
      0.341391
      0.341388
      0.341391
      0.341388
      0.341391
      0.341388
      0.341391
      0.341388
      0.341391
      0.341389
      0.341391
      0.341389
      0.341391
      0.341389
      0.341391
      0.341389
      0.341391
      0.341389
      0.341391
      0.341389
      0.341391
      0.341389
      0.341391
      0.302878
      0.302878
      0.302878
      0.302878
      0.302878
      0.302878
      0.302878
      0.302878
      0.302878
      0.302878
      0.302878
      0.302878
      0.302878
      0.302878
      0.302878
      0.302877
      0.302878
      0.302877
      0.302878
      0.302877
      0.302878
      0.302877
      0.302878
      0.302877
      0.302878
      0.302877
      0.302878
      0.302877
      0.302878
      0.302877
      0.302878
      0.302877
      0.302878
      0.302877
      0.302878
      0.302877
      0.302878
      0.302877
      0.302878
      0.302877
      0.302878
      0.302877
      0.302878
      0.302877
      0.302878
      0.302878
      0.302878
      0.302878
      0.302878
      0.302878
      0.302878
      0.302878
      0.302878
      0.302878
      0.302878
      0.302878
      0.302878
      0.302878
      0.302878
       0.26744
      0.267438
       0.26744
      0.267438
       0.26744
      0.267438
       0.26744
      0.267438
       0.26744
      0.267438
       0.26744
      0.267438
       0.26744
      0.267438
       0.26744
      0.267438
       0.26744
      0.267438
      0.267439
      0.267437
      0.267439
      0.267437
      0.267439
      0.267437
      0.267439
      0.267437
      0.267439
      0.267437
      0.267439
      0.267437
      0.267439
      0.267437
      0.267439
      0.267437
      0.267439
      0.267437
      0.267439
      0.267437
      0.267439
      0.267437
      0.267439
      0.267438
       0.26744
      0.267438
       0.26744
      0.267438
       0.26744
      0.267438
       0.26744
      0.267438
       0.26744
      0.267438
       0.26744
      0.267438
       0.26744
      0.267438
       0.26744
      0.267438
       0.26744
      0.235041
       0.23504
      0.235041
       0.23504
      0.235041
       0.23504
      0.235041
       0.23504
      0.235041
       0.23504
      0.235041
       0.23504
      0.235041
       0.23504
      0.235041
       0.23504
      0.235041
       0.23504
      0.235041
       0.23504
       0.23504
       0.23504
       0.23504
       0.23504
       0.23504
      0.235039
       0.23504
      0.235039
       0.23504
      0.235039
       0.23504
      0.235039
       0.23504
      0.235039
       0.23504
       0.23504
       0.23504
       0.23504
       0.23504
       0.23504
      0.235041
       0.23504
      0.235041
       0.23504
      0.235041
       0.23504
      0.235041
       0.23504
      0.235041
       0.23504
      0.235041
       0.23504
      0.235041
       0.23504
      0.235041
       0.23504
      0.235041
       0.23504
      0.235041
      0.205632
      0.205631
      0.205632
      0.205631
      0.205632
      0.205631
      0.205632
      0.205631
      0.205632
      0.205631
      0.205632
      0.205631
      0.205632
      0.205631
      0.205632
      0.205631
      0.205632
      0.205631
      0.205632
       0.20563
      0.205632
       0.20563
      0.205631
       0.20563
      0.205631
       0.20563
      0.205631
      0.205629
      0.205631
      0.205629
      0.205631
      0.205629
      0.205631
       0.20563
      0.205631
       0.20563
      0.205631
       0.20563
      0.205632
       0.20563
      0.205632
      0.205631
      0.205632
      0.205631
      0.205632
      0.205631
      0.205632
      0.205631
      0.205632
      0.205631
      0.205632
      0.205631
      0.205632
      0.205631
      0.205632
      0.205631
      0.205632
      0.205631
      0.205632
      0.179125
      0.179125
      0.179125
      0.179125
      0.179125
      0.179125
      0.179125
      0.179125
      0.179125
      0.179125
      0.179125
      0.179125
      0.179125
      0.179125
      0.179125
      0.179125
      0.179125
      0.179124
      0.179125
      0.179124
      0.179124
      0.179124
      0.179124
      0.179123
      0.179123
      0.179123
      0.179123
      0.179123
      0.179123
      0.179122
      0.179123
      0.179123
      0.179123
      0.179123
      0.179123
      0.179123
      0.179124
      0.179124
      0.179124
      0.179124
      0.179125
      0.179124
      0.179125
      0.179125
      0.179125
      0.179125
      0.179125
      0.179125
      0.179125
      0.179125
      0.179125
      0.179125
      0.179125
      0.179125
      0.179125
      0.179125
      0.179125
      0.179125
      0.179125
      0.155421
       0.15542
      0.155421
       0.15542
      0.155421
       0.15542
      0.155421
       0.15542
      0.155421
       0.15542
       0.15542
       0.15542
       0.15542
       0.15542
       0.15542
       0.15542
       0.15542
      0.155419
       0.15542
      0.155419
      0.155419
      0.155418
      0.155419
      0.155418
      0.155418
      0.155417
      0.155417
      0.155417
      0.155417
      0.155416
      0.155417
      0.155417
      0.155417
      0.155417
      0.155418
      0.155418
      0.155419
      0.155418
      0.155419
      0.155419
       0.15542
      0.155419
       0.15542
       0.15542
       0.15542
       0.15542
       0.15542
       0.15542
       0.15542
       0.15542
      0.155421
       0.15542
      0.155421
       0.15542
      0.155421
       0.15542
      0.155421
       0.15542
      0.155421
      0.134395
      0.134395
      0.134395
      0.134395
      0.134395
      0.134395
      0.134395
      0.134395
      0.134395
      0.134395
      0.134395
      0.134395
      0.134395
      0.134395
      0.134395
      0.134395
      0.134394
      0.134394
      0.134394
      0.134394
      0.134394
      0.134393
      0.134393
      0.134392
      0.134392
      0.134391
      0.134391
       0.13439
       0.13439
       0.13439
       0.13439
       0.13439
      0.134391
      0.134391
      0.134392
      0.134392
      0.134393
      0.134393
      0.134394
      0.134394
      0.134394
      0.134394
      0.134394
      0.134395
      0.134395
      0.134395
      0.134395
      0.134395
      0.134395
      0.134395
      0.134395
      0.134395
      0.134395
      0.134395
      0.134395
      0.134395
      0.134395
      0.134395
      0.134395
      0.115921
      0.115921
      0.115921
      0.115921
      0.115921
      0.115921
      0.115921
      0.115921
      0.115921
       0.11592
       0.11592
       0.11592
       0.11592
       0.11592
       0.11592
       0.11592
       0.11592
       0.11592
      0.115919
      0.115919
      0.115919
      0.115918
      0.115918
      0.115917
      0.115916
      0.115915
      0.115915
      0.115914
      0.115914
      0.115914
      0.115914
      0.115914
      0.115915
      0.115915
      0.115916
      0.115917
      0.115918
      0.115918
      0.115919
      0.115919
      0.115919
       0.11592
       0.11592
       0.11592
       0.11592
       0.11592
       0.11592
       0.11592
       0.11592
       0.11592
      0.115921
      0.115921
      0.115921
      0.115921
      0.115921
      0.115921
      0.115921
      0.115921
      0.115921
     0.0998605
     0.0998606
     0.0998605
     0.0998606
     0.0998605
     0.0998606
     0.0998605
     0.0998606
     0.0998605
     0.0998605
     0.0998604
     0.0998604
     0.0998603
     0.0998603
       0.09986
       0.09986
     0.0998597
     0.0998595
      0.099859
     0.0998586
      0.099858
     0.0998574
     0.0998566
     0.0998558
     0.0998547
     0.0998539
     0.0998528
     0.0998522
     0.0998516
     0.0998515
     0.0998516
     0.0998522
     0.0998528
     0.0998539
     0.0998547
     0.0998558
     0.0998566
     0.0998574
      0.099858
     0.0998586
      0.099859
     0.0998595
     0.0998597
       0.09986
       0.09986
     0.0998603
     0.0998603
     0.0998604
     0.0998604
     0.0998605
     0.0998605
     0.0998606
     0.0998605
     0.0998606
     0.0998605
     0.0998606
     0.0998605
     0.0998606
     0.0998605
     0.0860782
     0.0860787
     0.0860782
     0.0860787
     0.0860782
     0.0860787
     0.0860781
     0.0860786
     0.0860781
     0.0860786
      0.086078
     0.0860785
     0.0860779
     0.0860783
     0.0860776
     0.0860779
     0.0860771
     0.0860773
     0.0860763
     0.0860763
     0.0860751
     0.0860747
     0.0860732
     0.0860725
     0.0860706
     0.0860697
     0.0860678
     0.0860672
     0.0860659
     0.0860661
     0.0860659
     0.0860672
     0.0860678
     0.0860697
     0.0860706
     0.0860725
     0.0860732
     0.0860747
     0.0860751
     0.0860763
     0.0860763
     0.0860773
     0.0860771
     0.0860779
     0.0860776
     0.0860783
     0.0860779
     0.0860785
      0.086078
     0.0860786
     0.0860781
     0.0860786
     0.0860781
     0.0860787
     0.0860782
     0.0860787
     0.0860782
     0.0860787
     0.0860782
     0.0744431
     0.0744433
     0.0744431
     0.0744433
     0.0744431
     0.0744433
      0.074443
     0.0744433
      0.074443
     0.0744432
     0.0744429
     0.0744431
     0.0744427
     0.0744429
     0.0744424
     0.0744424
     0.0744419
     0.0744417
     0.0744409
     0.0744405
     0.0744393
     0.0744385
     0.0744369
     0.0744355
     0.0744334
     0.0744316
     0.0744293
     0.0744277
     0.0744262
      0.074426
     0.0744262
     0.0744277
     0.0744293
     0.0744316
     0.0744334
     0.0744355
     0.0744369
     0.0744385
     0.0744393
     0.0744405
     0.0744409
     0.0744417
     0.0744419
     0.0744424
     0.0744424
     0.0744429
     0.0744427
     0.0744431
     0.0744429
     0.0744432
      0.074443
     0.0744433
      0.074443
     0.0744433
     0.0744431
     0.0744433
     0.0744431
     0.0744433
     0.0744431
     0.0648291
     0.0648301
     0.0648291
     0.0648301
     0.0648291
     0.0648301
     0.0648291
       0.06483
      0.064829
       0.06483
     0.0648289
     0.0648298
     0.0648287
     0.0648296
     0.0648284
     0.0648291
     0.0648277
     0.0648282
     0.0648266
     0.0648268
     0.0648247
     0.0648243
     0.0648216
     0.0648204
     0.0648168
     0.0648149
     0.0648108
     0.0648089
     0.0648059
      0.064806
     0.0648059
     0.0648089
     0.0648108
     0.0648149
     0.0648168
     0.0648204
     0.0648216
     0.0648243
     0.0648247
     0.0648268
     0.0648266
     0.0648282
     0.0648277
     0.0648291
     0.0648284
     0.0648296
     0.0648287
     0.0648298
     0.0648289
       0.06483
      0.064829
       0.06483
     0.0648291
     0.0648301
     0.0648291
     0.0648301
     0.0648291
     0.0648301
     0.0648291
     0.0571286
      0.057129
     0.0571286
     0.0571289
     0.0571286
     0.0571289
     0.0571285
     0.0571289
     0.0571285
     0.0571288
     0.0571284
     0.0571287
     0.0571282
     0.0571284
     0.0571278
     0.0571278
     0.0571271
     0.0571269
     0.0571258
     0.0571252
     0.0571235
     0.0571222
     0.0571196
     0.0571172
     0.0571134
     0.0571096
     0.0571045
     0.0571003
     0.0570962
     0.0570951
     0.0570962
     0.0571003
     0.0571045
     0.0571096
     0.0571134
     0.0571172
     0.0571196
     0.0571222
     0.0571235
     0.0571252
     0.0571258
     0.0571269
     0.0571271
     0.0571278
     0.0571278
     0.0571284
     0.0571282
     0.0571287
     0.0571284
     0.0571288
     0.0571285
     0.0571289
     0.0571285
     0.0571289
     0.0571286
     0.0571289
     0.0571286
      0.057129
     0.0571286
     0.0512416
     0.0512429
     0.0512416
     0.0512429
     0.0512416
     0.0512429
     0.0512416
     0.0512428
     0.0512415
     0.0512428
     0.0512414
     0.0512426
     0.0512412
     0.0512423
     0.0512408
     0.0512417
       0.05124
     0.0512406
     0.0512385
     0.0512387
     0.0512359
     0.0512352
     0.0512313
     0.0512291
     0.0512233
     0.0512189
     0.0512105
     0.0512043
     0.0511963
     0.0511944
     0.0511963
     0.0512043
     0.0512105
     0.0512189
     0.0512233
     0.0512291
     0.0512313
     0.0512352
     0.0512359
     0.0512387
     0.0512385
     0.0512406
       0.05124
     0.0512417
     0.0512408
     0.0512423
     0.0512412
     0.0512426
     0.0512414
     0.0512428
     0.0512415
     0.0512428
     0.0512416
     0.0512429
     0.0512416
     0.0512429
     0.0512416
     0.0512429
     0.0512416
     0.0470959
     0.0470964
     0.0470959
     0.0470963
     0.0470959
     0.0470963
     0.0470959
     0.0470963
     0.0470958
     0.0470962
     0.0470957
      0.047096
     0.0470954
     0.0470957
      0.047095
     0.0470951
     0.0470941
     0.0470939
     0.0470926
     0.0470918
     0.0470897
     0.0470879
     0.0470844
     0.0470808
     0.0470747
     0.0470677
     0.0470573
     0.0470451
     0.0470308
     0.0470244
     0.0470308
     0.0470451
     0.0470573
     0.0470677
     0.0470747
     0.0470808
     0.0470844
     0.0470879
     0.0470897
     0.0470918
     0.0470926
     0.0470939
     0.0470941
     0.0470951
      0.047095
     0.0470957
     0.0470954
      0.047096
     0.0470957
     0.0470962
     0.0470958
     0.0470963
     0.0470959
     0.0470963
     0.0470959
     0.0470963
     0.0470959
     0.0470964
     0.0470959
     0.0446294
     0.0446308
     0.0446294
     0.0446308
     0.0446293
     0.0446308
     0.0446293
     0.0446307
     0.0446292
     0.0446306
     0.0446291
     0.0446305
     0.0446289
     0.0446301
     0.0446284
     0.0446295
     0.0446275
     0.0446283
     0.0446259
      0.044626
     0.0446228
     0.0446218
     0.0446171
     0.0446139
     0.0446061
     0.0445984
     0.0445841
     0.0445657
     0.0445344
     0.0445184
     0.0445344
     0.0445657
     0.0445841
     0.0445984
     0.0446061
     0.0446139
     0.0446171
     0.0446218
     0.0446228
      0.044626
     0.0446259
     0.0446283
     0.0446275
     0.0446295
     0.0446284
     0.0446301
     0.0446289
     0.0446305
     0.0446291
     0.0446306
     0.0446292
     0.0446307
     0.0446293
     0.0446308
     0.0446293
     0.0446308
     0.0446294
     0.0446308
     0.0446294
      0.043813
     0.0438135
      0.043813
     0.0438135
      0.043813
     0.0438134
     0.0438129
     0.0438134
     0.0438129
     0.0438133
     0.0438128
     0.0438131
     0.0438125
     0.0438128
      0.043812
     0.0438121
     0.0438112
     0.0438109
     0.0438095
     0.0438086
     0.0438063
     0.0438043
     0.0438004
     0.0437961
     0.0437889
     0.0437796
     0.0437645
     0.0437416
     0.0437006
     0.0436209
     0.0437006
     0.0437416
     0.0437645
     0.0437796
     0.0437889
     0.0437961
     0.0438004
     0.0438043
     0.0438063
     0.0438086
     0.0438095
     0.0438109
     0.0438112
     0.0438121
      0.043812
     0.0438128
     0.0438125
     0.0438131
     0.0438128
     0.0438133
     0.0438129
     0.0438134
     0.0438129
     0.0438134
      0.043813
     0.0438135
      0.043813
     0.0438135
      0.043813
     0.0446294
     0.0446308
     0.0446294
     0.0446308
     0.0446293
     0.0446308
     0.0446293
     0.0446307
     0.0446292
     0.0446306
     0.0446291
     0.0446305
     0.0446289
     0.0446301
     0.0446284
     0.0446295
     0.0446275
     0.0446283
     0.0446259
      0.044626
     0.0446228
     0.0446218
     0.0446171
     0.0446139
     0.0446061
     0.0445984
     0.0445841
     0.0445657
     0.0445344
     0.0445184
     0.0445344
     0.0445657
     0.0445841
     0.0445984
     0.0446061
     0.0446139
     0.0446171
     0.0446218
     0.0446228
      0.044626
     0.0446259
     0.0446283
     0.0446275
     0.0446295
     0.0446284
     0.0446301
     0.0446289
     0.0446305
     0.0446291
     0.0446306
     0.0446292
     0.0446307
     0.0446293
     0.0446308
     0.0446293
     0.0446308
     0.0446294
     0.0446308
     0.0446294
     0.0470959
     0.0470964
     0.0470959
     0.0470963
     0.0470959
     0.0470963
     0.0470959
     0.0470963
     0.0470958
     0.0470962
     0.0470957
      0.047096
     0.0470954
     0.0470957
      0.047095
     0.0470951
     0.0470941
     0.0470939
     0.0470926
     0.0470918
     0.0470897
     0.0470879
     0.0470844
     0.0470808
     0.0470747
     0.0470677
     0.0470573
     0.0470451
     0.0470308
     0.0470244
     0.0470308
     0.0470451
     0.0470573
     0.0470677
     0.0470747
     0.0470808
     0.0470844
     0.0470879
     0.0470897
     0.0470918
     0.0470926
     0.0470939
     0.0470941
     0.0470951
      0.047095
     0.0470957
     0.0470954
      0.047096
     0.0470957
     0.0470962
     0.0470958
     0.0470963
     0.0470959
     0.0470963
     0.0470959
     0.0470963
     0.0470959
     0.0470964
     0.0470959
     0.0512416
     0.0512429
     0.0512416
     0.0512429
     0.0512416
     0.0512429
     0.0512416
     0.0512428
     0.0512415
     0.0512428
     0.0512414
     0.0512426
     0.0512412
     0.0512423
     0.0512408
     0.0512417
       0.05124
     0.0512406
     0.0512385
     0.0512387
     0.0512359
     0.0512352
     0.0512313
     0.0512291
     0.0512233
     0.0512189
     0.0512105
     0.0512043
     0.0511963
     0.0511944
     0.0511963
     0.0512043
     0.0512105
     0.0512189
     0.0512233
     0.0512291
     0.0512313
     0.0512352
     0.0512359
     0.0512387
     0.0512385
     0.0512406
       0.05124
     0.0512417
     0.0512408
     0.0512423
     0.0512412
     0.0512426
     0.0512414
     0.0512428
     0.0512415
     0.0512428
     0.0512416
     0.0512429
     0.0512416
     0.0512429
     0.0512416
     0.0512429
     0.0512416
     0.0571286
      0.057129
     0.0571286
     0.0571289
     0.0571286
     0.0571289
     0.0571285
     0.0571289
     0.0571285
     0.0571288
     0.0571284
     0.0571287
     0.0571282
     0.0571284
     0.0571278
     0.0571278
     0.0571271
     0.0571269
     0.0571258
     0.0571252
     0.0571235
     0.0571222
     0.0571196
     0.0571172
     0.0571134
     0.0571096
     0.0571045
     0.0571003
     0.0570962
     0.0570951
     0.0570962
     0.0571003
     0.0571045
     0.0571096
     0.0571134
     0.0571172
     0.0571196
     0.0571222
     0.0571235
     0.0571252
     0.0571258
     0.0571269
     0.0571271
     0.0571278
     0.0571278
     0.0571284
     0.0571282
     0.0571287
     0.0571284
     0.0571288
     0.0571285
     0.0571289
     0.0571285
     0.0571289
     0.0571286
     0.0571289
     0.0571286
      0.057129
     0.0571286
     0.0648291
     0.0648301
     0.0648291
     0.0648301
     0.0648291
     0.0648301
     0.0648291
       0.06483
      0.064829
       0.06483
     0.0648289
     0.0648298
     0.0648287
     0.0648296
     0.0648284
     0.0648291
     0.0648277
     0.0648282
     0.0648266
     0.0648268
     0.0648247
     0.0648243
     0.0648216
     0.0648204
     0.0648168
     0.0648149
     0.0648108
     0.0648089
     0.0648059
      0.064806
     0.0648059
     0.0648089
     0.0648108
     0.0648149
     0.0648168
     0.0648204
     0.0648216
     0.0648243
     0.0648247
     0.0648268
     0.0648266
     0.0648282
     0.0648277
     0.0648291
     0.0648284
     0.0648296
     0.0648287
     0.0648298
     0.0648289
       0.06483
      0.064829
       0.06483
     0.0648291
     0.0648301
     0.0648291
     0.0648301
     0.0648291
     0.0648301
     0.0648291
     0.0744431
     0.0744433
     0.0744431
     0.0744433
     0.0744431
     0.0744433
      0.074443
     0.0744433
      0.074443
     0.0744432
     0.0744429
     0.0744431
     0.0744427
     0.0744429
     0.0744424
     0.0744424
     0.0744419
     0.0744417
     0.0744409
     0.0744405
     0.0744393
     0.0744385
     0.0744369
     0.0744355
     0.0744334
     0.0744316
     0.0744293
     0.0744277
     0.0744262
      0.074426
     0.0744262
     0.0744277
     0.0744293
     0.0744316
     0.0744334
     0.0744355
     0.0744369
     0.0744385
     0.0744393
     0.0744405
     0.0744409
     0.0744417
     0.0744419
     0.0744424
     0.0744424
     0.0744429
     0.0744427
     0.0744431
     0.0744429
     0.0744432
      0.074443
     0.0744433
      0.074443
     0.0744433
     0.0744431
     0.0744433
     0.0744431
     0.0744433
     0.0744431
     0.0860782
     0.0860787
     0.0860782
     0.0860787
     0.0860782
     0.0860787
     0.0860781
     0.0860786
     0.0860781
     0.0860786
      0.086078
     0.0860785
     0.0860779
     0.0860783
     0.0860776
     0.0860779
     0.0860771
     0.0860773
     0.0860763
     0.0860763
     0.0860751
     0.0860747
     0.0860732
     0.0860725
     0.0860706
     0.0860697
     0.0860678
     0.0860672
     0.0860659
     0.0860661
     0.0860659
     0.0860672
     0.0860678
     0.0860697
     0.0860706
     0.0860725
     0.0860732
     0.0860747
     0.0860751
     0.0860763
     0.0860763
     0.0860773
     0.0860771
     0.0860779
     0.0860776
     0.0860783
     0.0860779
     0.0860785
      0.086078
     0.0860786
     0.0860781
     0.0860786
     0.0860781
     0.0860787
     0.0860782
     0.0860787
     0.0860782
     0.0860787
     0.0860782
     0.0998605
     0.0998606
     0.0998605
     0.0998606
     0.0998605
     0.0998606
     0.0998605
     0.0998606
     0.0998605
     0.0998605
     0.0998604
     0.0998604
     0.0998603
     0.0998603
       0.09986
       0.09986
     0.0998597
     0.0998595
      0.099859
     0.0998586
      0.099858
     0.0998574
     0.0998566
     0.0998558
     0.0998547
     0.0998539
     0.0998528
     0.0998522
     0.0998516
     0.0998515
     0.0998516
     0.0998522
     0.0998528
     0.0998539
     0.0998547
     0.0998558
     0.0998566
     0.0998574
      0.099858
     0.0998586
      0.099859
     0.0998595
     0.0998597
       0.09986
       0.09986
     0.0998603
     0.0998603
     0.0998604
     0.0998604
     0.0998605
     0.0998605
     0.0998606
     0.0998605
     0.0998606
     0.0998605
     0.0998606
     0.0998605
     0.0998606
     0.0998605
      0.115921
      0.115921
      0.115921
      0.115921
      0.115921
      0.115921
      0.115921
      0.115921
      0.115921
       0.11592
       0.11592
       0.11592
       0.11592
       0.11592
       0.11592
       0.11592
       0.11592
       0.11592
      0.115919
      0.115919
      0.115919
      0.115918
      0.115918
      0.115917
      0.115916
      0.115915
      0.115915
      0.115914
      0.115914
      0.115914
      0.115914
      0.115914
      0.115915
      0.115915
      0.115916
      0.115917
      0.115918
      0.115918
      0.115919
      0.115919
      0.115919
       0.11592
       0.11592
       0.11592
       0.11592
       0.11592
       0.11592
       0.11592
       0.11592
       0.11592
      0.115921
      0.115921
      0.115921
      0.115921
      0.115921
      0.115921
      0.115921
      0.115921
      0.115921
      0.134395
      0.134395
      0.134395
      0.134395
      0.134395
      0.134395
      0.134395
      0.134395
      0.134395
      0.134395
      0.134395
      0.134395
      0.134395
      0.134395
      0.134395
      0.134395
      0.134394
      0.134394
      0.134394
      0.134394
      0.134394
      0.134393
      0.134393
      0.134392
      0.134392
      0.134391
      0.134391
       0.13439
       0.13439
       0.13439
       0.13439
       0.13439
      0.134391
      0.134391
      0.134392
      0.134392
      0.134393
      0.134393
      0.134394
      0.134394
      0.134394
      0.134394
      0.134394
      0.134395
      0.134395
      0.134395
      0.134395
      0.134395
      0.134395
      0.134395
      0.134395
      0.134395
      0.134395
      0.134395
      0.134395
      0.134395
      0.134395
      0.134395
      0.134395
      0.155421
       0.15542
      0.155421
       0.15542
      0.155421
       0.15542
      0.155421
       0.15542
      0.155421
       0.15542
       0.15542
       0.15542
       0.15542
       0.15542
       0.15542
       0.15542
       0.15542
      0.155419
       0.15542
      0.155419
      0.155419
      0.155418
      0.155419
      0.155418
      0.155418
      0.155417
      0.155417
      0.155417
      0.155417
      0.155416
      0.155417
      0.155417
      0.155417
      0.155417
      0.155418
      0.155418
      0.155419
      0.155418
      0.155419
      0.155419
       0.15542
      0.155419
       0.15542
       0.15542
       0.15542
       0.15542
       0.15542
       0.15542
       0.15542
       0.15542
      0.155421
       0.15542
      0.155421
       0.15542
      0.155421
       0.15542
      0.155421
       0.15542
      0.155421
      0.179125
      0.179125
      0.179125
      0.179125
      0.179125
      0.179125
      0.179125
      0.179125
      0.179125
      0.179125
      0.179125
      0.179125
      0.179125
      0.179125
      0.179125
      0.179125
      0.179125
      0.179124
      0.179125
      0.179124
      0.179124
      0.179124
      0.179124
      0.179123
      0.179123
      0.179123
      0.179123
      0.179123
      0.179123
      0.179122
      0.179123
      0.179123
      0.179123
      0.179123
      0.179123
      0.179123
      0.179124
      0.179124
      0.179124
      0.179124
      0.179125
      0.179124
      0.179125
      0.179125
      0.179125
      0.179125
      0.179125
      0.179125
      0.179125
      0.179125
      0.179125
      0.179125
      0.179125
      0.179125
      0.179125
      0.179125
      0.179125
      0.179125
      0.179125
      0.205632
      0.205631
      0.205632
      0.205631
      0.205632
      0.205631
      0.205632
      0.205631
      0.205632
      0.205631
      0.205632
      0.205631
      0.205632
      0.205631
      0.205632
      0.205631
      0.205632
      0.205631
      0.205632
       0.20563
      0.205632
       0.20563
      0.205631
       0.20563
      0.205631
       0.20563
      0.205631
      0.205629
      0.205631
      0.205629
      0.205631
      0.205629
      0.205631
       0.20563
      0.205631
       0.20563
      0.205631
       0.20563
      0.205632
       0.20563
      0.205632
      0.205631
      0.205632
      0.205631
      0.205632
      0.205631
      0.205632
      0.205631
      0.205632
      0.205631
      0.205632
      0.205631
      0.205632
      0.205631
      0.205632
      0.205631
      0.205632
      0.205631
      0.205632
      0.235041
       0.23504
      0.235041
       0.23504
      0.235041
       0.23504
      0.235041
       0.23504
      0.235041
       0.23504
      0.235041
       0.23504
      0.235041
       0.23504
      0.235041
       0.23504
      0.235041
       0.23504
      0.235041
       0.23504
       0.23504
       0.23504
       0.23504
       0.23504
       0.23504
      0.235039
       0.23504
      0.235039
       0.23504
      0.235039
       0.23504
      0.235039
       0.23504
      0.235039
       0.23504
       0.23504
       0.23504
       0.23504
       0.23504
       0.23504
      0.235041
       0.23504
      0.235041
       0.23504
      0.235041
       0.23504
      0.235041
       0.23504
      0.235041
       0.23504
      0.235041
       0.23504
      0.235041
       0.23504
      0.235041
       0.23504
      0.235041
       0.23504
      0.235041
       0.26744
      0.267438
       0.26744
      0.267438
       0.26744
      0.267438
       0.26744
      0.267438
       0.26744
      0.267438
       0.26744
      0.267438
       0.26744
      0.267438
       0.26744
      0.267438
       0.26744
      0.267438
      0.267439
      0.267437
      0.267439
      0.267437
      0.267439
      0.267437
      0.267439
      0.267437
      0.267439
      0.267437
      0.267439
      0.267437
      0.267439
      0.267437
      0.267439
      0.267437
      0.267439
      0.267437
      0.267439
      0.267437
      0.267439
      0.267437
      0.267439
      0.267438
       0.26744
      0.267438
       0.26744
      0.267438
       0.26744
      0.267438
       0.26744
      0.267438
       0.26744
      0.267438
       0.26744
      0.267438
       0.26744
      0.267438
       0.26744
      0.267438
       0.26744
      0.302878
      0.302878
      0.302878
      0.302878
      0.302878
      0.302878
      0.302878
      0.302878
      0.302878
      0.302878
      0.302878
      0.302878
      0.302878
      0.302878
      0.302878
      0.302877
      0.302878
      0.302877
      0.302878
      0.302877
      0.302878
      0.302877
      0.302878
      0.302877
      0.302878
      0.302877
      0.302878
      0.302877
      0.302878
      0.302877
      0.302878
      0.302877
      0.302878
      0.302877
      0.302878
      0.302877
      0.302878
      0.302877
      0.302878
      0.302877
      0.302878
      0.302877
      0.302878
      0.302877
      0.302878
      0.302878
      0.302878
      0.302878
      0.302878
      0.302878
      0.302878
      0.302878
      0.302878
      0.302878
      0.302878
      0.302878
      0.302878
      0.302878
      0.302878
      0.341391
      0.341389
      0.341391
      0.341389
      0.341391
      0.341389
      0.341391
      0.341389
      0.341391
      0.341389
      0.341391
      0.341389
      0.341391
      0.341389
      0.341391
      0.341388
      0.341391
      0.341388
      0.341391
      0.341388
      0.341391
      0.341388
      0.341391
      0.341388
      0.341391
      0.341388
       0.34139
      0.341388
       0.34139
      0.341388
       0.34139
      0.341388
       0.34139
      0.341388
      0.341391
      0.341388
      0.341391
      0.341388
      0.341391
      0.341388
      0.341391
      0.341388
      0.341391
      0.341388
      0.341391
      0.341389
      0.341391
      0.341389
      0.341391
      0.341389
      0.341391
      0.341389
      0.341391
      0.341389
      0.341391
      0.341389
      0.341391
      0.341389
      0.341391
       0.38296
      0.382959
       0.38296
      0.382959
       0.38296
      0.382959
       0.38296
      0.382959
       0.38296
      0.382959
       0.38296
      0.382959
       0.38296
      0.382959
       0.38296
      0.382959
       0.38296
      0.382959
       0.38296
      0.382959
       0.38296
      0.382959
       0.38296
      0.382959
       0.38296
      0.382959
       0.38296
      0.382959
       0.38296
      0.382959
       0.38296
      0.382959
       0.38296
      0.382959
       0.38296
      0.382959
       0.38296
      0.382959
       0.38296
      0.382959
       0.38296
      0.382959
       0.38296
      0.382959
       0.38296
      0.382959
       0.38296
      0.382959
       0.38296
      0.382959
       0.38296
      0.382959
       0.38296
      0.382959
       0.38296
      0.382959
       0.38296
      0.382959
       0.38296
      0.427548
      0.427546
      0.427548
      0.427546
      0.427548
      0.427546
      0.427548
      0.427546
      0.427548
      0.427546
      0.427548
      0.427546
      0.427548
      0.427546
      0.427548
      0.427546
      0.427548
      0.427546
      0.427548
      0.427546
      0.427548
      0.427546
      0.427548
      0.427546
      0.427548
      0.427546
      0.427548
      0.427546
      0.427548
      0.427546
      0.427548
      0.427546
      0.427548
      0.427546
      0.427548
      0.427546
      0.427548
      0.427546
      0.427548
      0.427546
      0.427548
      0.427546
      0.427548
      0.427546
      0.427548
      0.427546
      0.427548
      0.427546
      0.427548
      0.427546
      0.427548
      0.427546
      0.427548
      0.427546
      0.427548
      0.427546
      0.427548
      0.427546
      0.427548
      0.475059
      0.475058
      0.475059
      0.475058
      0.475059
      0.475058
      0.475059
      0.475058
      0.475059
      0.475058
      0.475059
      0.475058
      0.475059
      0.475058
      0.475059
      0.475058
      0.475059
      0.475058
      0.475059
      0.475058
      0.475059
      0.475058
      0.475059
      0.475058
      0.475059
      0.475058
      0.475059
      0.475058
      0.475059
      0.475058
      0.475059
      0.475058
      0.475059
      0.475058
      0.475059
      0.475058
      0.475059
      0.475058
      0.475059
      0.475058
      0.475059
      0.475058
      0.475059
      0.475058
      0.475059
      0.475058
      0.475059
      0.475058
      0.475059
      0.475058
      0.475059
      0.475058
      0.475059
      0.475058
      0.475059
      0.475058
      0.475059
      0.475058
      0.475059
      0.525374
      0.525371
      0.525374
      0.525371
      0.525374
      0.525371
      0.525374
      0.525371
      0.525374
      0.525371
      0.525374
      0.525371
      0.525373
      0.525371
      0.525373
      0.525371
      0.525373
      0.525371
      0.525373
      0.525371
      0.525373
      0.525371
      0.525373
      0.525371
      0.525373
      0.525371
      0.525373
      0.525371
      0.525373
      0.525371
      0.525373
      0.525371
      0.525373
      0.525371
      0.525373
      0.525371
      0.525373
      0.525371
      0.525373
      0.525371
      0.525373
      0.525371
      0.525373
      0.525371
      0.525373
      0.525371
      0.525373
      0.525371
      0.525374
      0.525371
      0.525374
      0.525371
      0.525374
      0.525371
      0.525374
      0.525371
      0.525374
      0.525371
      0.525374
       0.57831
      0.578309
       0.57831
      0.578309
       0.57831
      0.578309
       0.57831
      0.578309
       0.57831
      0.578309
       0.57831
      0.578309
       0.57831
      0.578309
       0.57831
      0.578309
       0.57831
      0.578309
       0.57831
      0.578309
      0.578309
      0.578309
      0.578309
      0.578309
      0.578309
      0.578309
      0.578309
      0.578309
      0.578309
      0.578309
      0.578309
      0.578309
      0.578309
      0.578309
      0.578309
      0.578309
      0.578309
      0.578309
      0.578309
      0.578309
       0.57831
      0.578309
       0.57831
      0.578309
       0.57831
      0.578309
       0.57831
      0.578309
       0.57831
      0.578309
       0.57831
      0.578309
       0.57831
      0.578309
       0.57831
      0.578309
       0.57831
      0.578309
       0.57831
      0.633664
      0.633662
      0.633664
      0.633662
      0.633664
      0.633662
      0.633664
      0.633662
      0.633664
      0.633662
      0.633664
      0.633662
      0.633664
      0.633662
      0.633664
      0.633662
      0.633664
      0.633662
      0.633664
      0.633662
      0.633664
      0.633662
      0.633664
      0.633662
      0.633664
      0.633662
      0.633664
      0.633662
      0.633664
      0.633662
      0.633664
      0.633662
      0.633664
      0.633662
      0.633664
      0.633662
      0.633664
      0.633662
      0.633664
      0.633662
      0.633664
      0.633662
      0.633664
      0.633662
      0.633664
      0.633662
      0.633664
      0.633662
      0.633664
      0.633662
      0.633664
      0.633662
      0.633664
      0.633662
      0.633664
      0.633662
      0.633664
      0.633662
      0.633664
      0.691175
      0.691175
      0.691175
      0.691175
      0.691175
      0.691175
      0.691175
      0.691175
      0.691175
      0.691175
      0.691175
      0.691175
      0.691175
      0.691175
      0.691175
      0.691175
      0.691175
      0.691175
      0.691175
      0.691175
      0.691175
      0.691175
      0.691175
      0.691175
      0.691175
      0.691175
      0.691175
      0.691175
      0.691175
      0.691175
      0.691175
      0.691175
      0.691175
      0.691175
      0.691175
      0.691175
      0.691175
      0.691175
      0.691175
      0.691175
      0.691175
      0.691175
      0.691175
      0.691175
      0.691175
      0.691175
      0.691175
      0.691175
      0.691175
      0.691175
      0.691175
      0.691175
      0.691175
      0.691175
      0.691175
      0.691175
      0.691175
      0.691175
      0.691175
      0.750562
       0.75056
      0.750562
       0.75056
      0.750562
       0.75056
      0.750562
       0.75056
      0.750562
       0.75056
      0.750562
       0.75056
      0.750562
       0.75056
      0.750562
       0.75056
      0.750562
       0.75056
      0.750562
       0.75056
      0.750562
       0.75056
      0.750562
       0.75056
      0.750562
       0.75056
      0.750562
       0.75056
      0.750562
       0.75056
      0.750562
       0.75056
      0.750562
       0.75056
      0.750562
       0.75056
      0.750562
       0.75056
      0.750562
       0.75056
      0.750562
       0.75056
      0.750562
       0.75056
      0.750562
       0.75056
      0.750562
       0.75056
      0.750562
       0.75056
      0.750562
       0.75056
      0.750562
       0.75056
      0.750562
       0.75056
      0.750562
       0.75056
      0.750562
      0.811495
      0.811494
      0.811495
      0.811494
      0.811495
      0.811494
      0.811495
      0.811494
      0.811495
      0.811494
      0.811495
      0.811494
      0.811495
      0.811494
      0.811495
      0.811494
      0.811495
      0.811494
      0.811495
      0.811494
      0.811495
      0.811494
      0.811495
      0.811494
      0.811495
      0.811494
      0.811495
      0.811494
      0.811495
      0.811494
      0.811495
      0.811494
      0.811495
      0.811494
      0.811495
      0.811494
      0.811495
      0.811494
      0.811495
      0.811494
      0.811495
      0.811494
      0.811495
      0.811494
      0.811495
      0.811494
      0.811495
      0.811494
      0.811495
      0.811494
      0.811495
      0.811494
      0.811495
      0.811494
      0.811495
      0.811494
      0.811495
      0.811494
      0.811495
       0.87363
      0.873629
       0.87363
      0.873629
       0.87363
      0.873629
       0.87363
      0.873629
       0.87363
      0.873629
       0.87363
      0.873629
       0.87363
      0.873629
       0.87363
      0.873629
       0.87363
      0.873629
       0.87363
      0.873629
       0.87363
      0.873629
       0.87363
      0.873629
       0.87363
      0.873629
       0.87363
      0.873629
       0.87363
      0.873629
       0.87363
      0.873629
       0.87363
      0.873629
       0.87363
      0.873629
       0.87363
      0.873629
       0.87363
      0.873629
       0.87363
      0.873629
       0.87363
      0.873629
       0.87363
      0.873629
       0.87363
      0.873629
       0.87363
      0.873629
       0.87363
      0.873629
       0.87363
      0.873629
       0.87363
      0.873629
       0.87363
      0.873629
       0.87363
      0.936592
      0.936592
      0.936592
      0.936592
      0.936592
      0.936592
      0.936592
      0.936592
      0.936592
      0.936592
      0.936592
      0.936592
      0.936592
      0.936592
      0.936592
      0.936592
      0.936592
      0.936592
      0.936592
      0.936592
      0.936592
      0.936592
      0.936592
      0.936592
      0.936592
      0.936592
      0.936592
      0.936592
      0.936592
      0.936592
      0.936592
      0.936592
      0.936592
      0.936592
      0.936592
      0.936592
      0.936592
      0.936592
      0.936592
      0.936592
      0.936592
      0.936592
      0.936592
      0.936592
      0.936592
      0.936592
      0.936592
      0.936592
      0.936592
      0.936592
      0.936592
      0.936592
      0.936592
      0.936592
      0.936592
      0.936592
      0.936592
      0.936592
      0.936592
             1
             1
             1
             1
             1
             1
             1
             1
             1
             1
             1
             1
             1
             1
             1
             1
             1
             1
             1
             1
             1
             1
             1
             1
             1
             1
             1
             1
             1
             1
             1
             1
             1
             1
             1
             1
             1
             1
             1
             1
             1
             1
             1
             1
             1
             1
             1
             1
             1
             1
             1
             1
             1
             1
             1
             1
             1
             1
             1
