             1
             1
             1
             1
             1
             1
             1
             1
             1
             1
             1
             1
             1
             1
             1
             1
             1
             1
             1
             1
             1
             1
             1
             1
             1
             1
             1
             1
             1
             1
             1
             1
             1
             1
             1
             1
             1
             1
             1
             1
             1
             1
             1
             1
             1
             1
             1
             1
             1
             1
             1
             1
             1
             1
             1
             1
             1
             1
             1
      0.938191
      0.938191
      0.938191
      0.938191
      0.938191
      0.938191
      0.938191
      0.938191
      0.938191
      0.938191
      0.938191
      0.938191
      0.938191
      0.938191
      0.938191
      0.938191
      0.938191
      0.938191
      0.938191
      0.938191
      0.938191
      0.938191
      0.938191
      0.938191
      0.938191
      0.938191
      0.938191
      0.938191
      0.938191
      0.938191
      0.938191
      0.938191
      0.938191
      0.938191
      0.938191
      0.938191
      0.938191
      0.938191
      0.938191
      0.938191
      0.938191
      0.938191
      0.938191
      0.938191
      0.938191
      0.938191
      0.938191
      0.938191
      0.938191
      0.938191
      0.938191
      0.938191
      0.938191
      0.938191
      0.938191
      0.938191
      0.938191
      0.938191
      0.938191
      0.876797
      0.876796
      0.876797
      0.876796
      0.876797
      0.876796
      0.876797
      0.876796
      0.876797
      0.876796
      0.876797
      0.876796
      0.876797
      0.876796
      0.876797
      0.876796
      0.876797
      0.876796
      0.876797
      0.876796
      0.876797
      0.876796
      0.876797
      0.876796
      0.876797
      0.876796
      0.876797
      0.876796
      0.876797
      0.876796
      0.876797
      0.876796
      0.876797
      0.876796
      0.876797
      0.876796
      0.876797
      0.876796
      0.876797
      0.876796
      0.876797
      0.876796
      0.876797
      0.876796
      0.876797
      0.876796
      0.876797
      0.876796
      0.876797
      0.876796
      0.876797
      0.876796
      0.876797
      0.876796
      0.876797
      0.876796
      0.876797
      0.876796
      0.876797
      0.816174
      0.816174
      0.816174
      0.816174
      0.816174
      0.816174
      0.816174
      0.816174
      0.816174
      0.816174
      0.816174
      0.816174
      0.816174
      0.816174
      0.816174
      0.816174
      0.816174
      0.816174
      0.816174
      0.816173
      0.816174
      0.816173
      0.816174
      0.816173
      0.816174
      0.816173
      0.816174
      0.816173
      0.816174
      0.816173
      0.816174
      0.816173
      0.816174
      0.816173
      0.816174
      0.816173
      0.816174
      0.816173
      0.816174
      0.816173
      0.816174
      0.816174
      0.816174
      0.816174
      0.816174
      0.816174
      0.816174
      0.816174
      0.816174
      0.816174
      0.816174
      0.816174
      0.816174
      0.816174
      0.816174
      0.816174
      0.816174
      0.816174
      0.816174
      0.756669
      0.756668
      0.756669
      0.756668
      0.756669
      0.756668
      0.756669
      0.756668
      0.756669
      0.756668
      0.756669
      0.756668
      0.756669
      0.756668
      0.756669
      0.756668
      0.756669
      0.756668
      0.756669
      0.756668
      0.756669
      0.756668
      0.756669
      0.756668
      0.756669
      0.756668
      0.756669
      0.756668
      0.756669
      0.756668
      0.756669
      0.756668
      0.756669
      0.756668
      0.756669
      0.756668
      0.756669
      0.756668
      0.756669
      0.756668
      0.756669
      0.756668
      0.756669
      0.756668
      0.756669
      0.756668
      0.756669
      0.756668
      0.756669
      0.756668
      0.756669
      0.756668
      0.756669
      0.756668
      0.756669
      0.756668
      0.756669
      0.756668
      0.756669
      0.698603
      0.698602
      0.698603
      0.698602
      0.698603
      0.698602
      0.698603
      0.698602
      0.698603
      0.698602
      0.698603
      0.698602
      0.698603
      0.698602
      0.698603
      0.698602
      0.698603
      0.698602
      0.698603
      0.698602
      0.698603
      0.698602
      0.698603
      0.698602
      0.698603
      0.698602
      0.698603
      0.698602
      0.698603
      0.698602
      0.698603
      0.698602
      0.698603
      0.698602
      0.698603
      0.698602
      0.698603
      0.698602
      0.698603
      0.698602
      0.698603
      0.698602
      0.698603
      0.698602
      0.698603
      0.698602
      0.698603
      0.698602
      0.698603
      0.698602
      0.698603
      0.698602
      0.698603
      0.698602
      0.698603
      0.698602
      0.698603
      0.698602
      0.698603
      0.642284
      0.642282
      0.642284
      0.642282
      0.642284
      0.642282
      0.642284
      0.642282
      0.642284
      0.642282
      0.642284
      0.642282
      0.642284
      0.642282
      0.642284
      0.642282
      0.642284
      0.642282
      0.642284
      0.642282
      0.642284
      0.642282
      0.642284
      0.642282
      0.642284
      0.642282
      0.642284
      0.642282
      0.642284
      0.642282
      0.642284
      0.642282
      0.642284
      0.642282
      0.642284
      0.642282
      0.642284
      0.642282
      0.642284
      0.642282
      0.642284
      0.642282
      0.642284
      0.642282
      0.642284
      0.642282
      0.642284
      0.642282
      0.642284
      0.642282
      0.642284
      0.642282
      0.642284
      0.642282
      0.642284
      0.642282
      0.642284
      0.642282
      0.642284
      0.587976
      0.587975
      0.587976
      0.587975
      0.587976
      0.587975
      0.587976
      0.587975
      0.587976
      0.587975
      0.587976
      0.587975
      0.587976
      0.587975
      0.587976
      0.587975
      0.587976
      0.587975
      0.587976
      0.587975
      0.587976
      0.587975
      0.587976
      0.587975
      0.587976
      0.587975
      0.587976
      0.587975
      0.587976
      0.587975
      0.587976
      0.587975
      0.587976
      0.587975
      0.587976
      0.587975
      0.587976
      0.587975
      0.587976
      0.587975
      0.587976
      0.587975
      0.587976
      0.587975
      0.587976
      0.587975
      0.587976
      0.587975
      0.587976
      0.587975
      0.587976
      0.587975
      0.587976
      0.587975
      0.587976
      0.587975
      0.587976
      0.587975
      0.587976
       0.53593
      0.535927
       0.53593
      0.535927
       0.53593
      0.535927
       0.53593
      0.535927
       0.53593
      0.535927
       0.53593
      0.535927
       0.53593
      0.535927
       0.53593
      0.535927
       0.53593
      0.535927
       0.53593
      0.535927
       0.53593
      0.535927
       0.53593
      0.535927
      0.535929
      0.535927
      0.535929
      0.535927
      0.535929
      0.535927
      0.535929
      0.535927
      0.535929
      0.535927
      0.535929
      0.535927
       0.53593
      0.535927
       0.53593
      0.535927
       0.53593
      0.535927
       0.53593
      0.535927
       0.53593
      0.535927
       0.53593
      0.535927
       0.53593
      0.535927
       0.53593
      0.535927
       0.53593
      0.535927
       0.53593
      0.535927
       0.53593
      0.535927
       0.53593
       0.48634
      0.486339
       0.48634
      0.486339
       0.48634
      0.486339
       0.48634
      0.486339
       0.48634
      0.486339
       0.48634
      0.486339
       0.48634
      0.486339
       0.48634
      0.486339
       0.48634
      0.486339
       0.48634
      0.486339
       0.48634
      0.486339
       0.48634
      0.486339
       0.48634
      0.486339
       0.48634
      0.486339
       0.48634
      0.486339
       0.48634
      0.486339
       0.48634
      0.486339
       0.48634
      0.486339
       0.48634
      0.486339
       0.48634
      0.486339
       0.48634
      0.486339
       0.48634
      0.486339
       0.48634
      0.486339
       0.48634
      0.486339
       0.48634
      0.486339
       0.48634
      0.486339
       0.48634
      0.486339
       0.48634
      0.486339
       0.48634
      0.486339
       0.48634
      0.439385
      0.439383
      0.439385
      0.439383
      0.439385
      0.439383
      0.439385
      0.439383
      0.439385
      0.439383
      0.439385
      0.439383
      0.439385
      0.439382
      0.439385
      0.439382
      0.439385
      0.439382
      0.439385
      0.439382
      0.439385
      0.439382
      0.439385
      0.439382
      0.439385
      0.439382
      0.439385
      0.439382
      0.439385
      0.439382
      0.439385
      0.439382
      0.439385
      0.439382
      0.439385
      0.439382
      0.439385
      0.439382
      0.439385
      0.439382
      0.439385
      0.439382
      0.439385
      0.439382
      0.439385
      0.439382
      0.439385
      0.439383
      0.439385
      0.439383
      0.439385
      0.439383
      0.439385
      0.439383
      0.439385
      0.439383
      0.439385
      0.439383
      0.439385
      0.395185
      0.395184
      0.395185
      0.395184
      0.395185
      0.395184
      0.395185
      0.395184
      0.395185
      0.395184
      0.395185
      0.395184
      0.395185
      0.395184
      0.395185
      0.395184
      0.395185
      0.395184
      0.395185
      0.395184
      0.395185
      0.395184
      0.395185
      0.395184
      0.395185
      0.395184
      0.395185
      0.395184
      0.395185
      0.395184
      0.395185
      0.395184
      0.395185
      0.395184
      0.395185
      0.395184
      0.395185
      0.395184
      0.395185
      0.395184
      0.395185
      0.395184
      0.395185
      0.395184
      0.395185
      0.395184
      0.395185
      0.395184
      0.395185
      0.395184
      0.395185
      0.395184
      0.395185
      0.395184
      0.395185
      0.395184
      0.395185
      0.395184
      0.395185
      0.353842
       0.35384
      0.353842
       0.35384
      0.353842
       0.35384
      0.353842
       0.35384
      0.353842
       0.35384
      0.353842
       0.35384
      0.353842
       0.35384
      0.353842
       0.35384
      0.353842
       0.35384
      0.353842
       0.35384
      0.353842
       0.35384
      0.353842
       0.35384
      0.353842
      0.353839
      0.353842
      0.353839
      0.353842
      0.353839
      0.353842
      0.353839
      0.353842
      0.353839
      0.353842
       0.35384
      0.353842
       0.35384
      0.353842
       0.35384
      0.353842
       0.35384
      0.353842
       0.35384
      0.353842
       0.35384
      0.353842
       0.35384
      0.353842
       0.35384
      0.353842
       0.35384
      0.353842
       0.35384
      0.353842
       0.35384
      0.353842
       0.35384
      0.353842
      0.315403
      0.315403
      0.315403
      0.315403
      0.315403
      0.315403
      0.315403
      0.315403
      0.315403
      0.315403
      0.315403
      0.315403
      0.315403
      0.315403
      0.315403
      0.315403
      0.315403
      0.315403
      0.315403
      0.315402
      0.315403
      0.315402
      0.315403
      0.315402
      0.315403
      0.315402
      0.315403
      0.315402
      0.315402
      0.315402
      0.315402
      0.315402
      0.315403
      0.315402
      0.315403
      0.315402
      0.315403
      0.315402
      0.315403
      0.315402
      0.315403
      0.315403
      0.315403
      0.315403
      0.315403
      0.315403
      0.315403
      0.315403
      0.315403
      0.315403
      0.315403
      0.315403
      0.315403
      0.315403
      0.315403
      0.315403
      0.315403
      0.315403
      0.315403
      0.279898
      0.279897
      0.279898
      0.279897
      0.279898
      0.279897
      0.279898
      0.279897
      0.279898
      0.279897
      0.279898
      0.279897
      0.279898
      0.279896
      0.279898
      0.279896
      0.279898
      0.279896
      0.279898
      0.279896
      0.279898
      0.279896
      0.279898
      0.279896
      0.279897
      0.279895
      0.279897
      0.279895
      0.279897
      0.279895
      0.279897
      0.279895
      0.279897
      0.279895
      0.279897
      0.279896
      0.279898
      0.279896
      0.279898
      0.279896
      0.279898
      0.279896
      0.279898
      0.279896
      0.279898
      0.279896
      0.279898
      0.279897
      0.279898
      0.279897
      0.279898
      0.279897
      0.279898
      0.279897
      0.279898
      0.279897
      0.279898
      0.279897
      0.279898
      0.247309
      0.247309
      0.247309
      0.247309
      0.247309
      0.247309
      0.247309
      0.247308
      0.247309
      0.247308
      0.247309
      0.247308
      0.247309
      0.247308
      0.247309
      0.247308
      0.247309
      0.247308
      0.247308
      0.247308
      0.247308
      0.247308
      0.247308
      0.247307
      0.247308
      0.247307
      0.247307
      0.247307
      0.247307
      0.247307
      0.247307
      0.247307
      0.247307
      0.247307
      0.247308
      0.247307
      0.247308
      0.247308
      0.247308
      0.247308
      0.247308
      0.247308
      0.247309
      0.247308
      0.247309
      0.247308
      0.247309
      0.247308
      0.247309
      0.247308
      0.247309
      0.247308
      0.247309
      0.247309
      0.247309
      0.247309
      0.247309
      0.247309
      0.247309
      0.217603
      0.217602
      0.217603
      0.217602
      0.217603
      0.217602
      0.217603
      0.217602
      0.217603
      0.217602
      0.217603
      0.217602
      0.217603
      0.217602
      0.217603
      0.217601
      0.217603
      0.217601
      0.217602
      0.217601
      0.217602
      0.217601
      0.217602
        0.2176
      0.217601
        0.2176
      0.217601
      0.217599
      0.217601
      0.217599
      0.217601
      0.217599
      0.217601
        0.2176
      0.217601
        0.2176
      0.217602
      0.217601
      0.217602
      0.217601
      0.217602
      0.217601
      0.217603
      0.217601
      0.217603
      0.217602
      0.217603
      0.217602
      0.217603
      0.217602
      0.217603
      0.217602
      0.217603
      0.217602
      0.217603
      0.217602
      0.217603
      0.217602
      0.217603
      0.190712
      0.190711
      0.190712
      0.190711
      0.190712
      0.190711
      0.190712
      0.190711
      0.190712
      0.190711
      0.190712
      0.190711
      0.190712
      0.190711
      0.190711
      0.190711
      0.190711
      0.190711
      0.190711
       0.19071
       0.19071
       0.19071
       0.19071
      0.190709
      0.190709
      0.190709
      0.190709
      0.190708
      0.190708
      0.190708
      0.190708
      0.190708
      0.190709
      0.190709
      0.190709
      0.190709
       0.19071
       0.19071
       0.19071
       0.19071
      0.190711
      0.190711
      0.190711
      0.190711
      0.190711
      0.190711
      0.190712
      0.190711
      0.190712
      0.190711
      0.190712
      0.190711
      0.190712
      0.190711
      0.190712
      0.190711
      0.190712
      0.190711
      0.190712
      0.166556
      0.166555
      0.166556
      0.166555
      0.166556
      0.166555
      0.166556
      0.166555
      0.166556
      0.166555
      0.166556
      0.166555
      0.166556
      0.166555
      0.166556
      0.166555
      0.166555
      0.166555
      0.166555
      0.166554
      0.166554
      0.166553
      0.166554
      0.166552
      0.166553
      0.166552
      0.166552
      0.166551
      0.166551
      0.166551
      0.166551
      0.166551
      0.166552
      0.166552
      0.166553
      0.166552
      0.166554
      0.166553
      0.166554
      0.166554
      0.166555
      0.166555
      0.166555
      0.166555
      0.166556
      0.166555
      0.166556
      0.166555
      0.166556
      0.166555
      0.166556
      0.166555
      0.166556
      0.166555
      0.166556
      0.166555
      0.166556
      0.166555
      0.166556
      0.145034
      0.145034
      0.145034
      0.145034
      0.145034
      0.145034
      0.145034
      0.145034
      0.145034
      0.145034
      0.145034
      0.145034
      0.145034
      0.145033
      0.145033
      0.145033
      0.145033
      0.145033
      0.145033
      0.145032
      0.145032
      0.145031
      0.145031
       0.14503
       0.14503
      0.145029
      0.145028
      0.145028
      0.145028
      0.145027
      0.145028
      0.145028
      0.145028
      0.145029
       0.14503
       0.14503
      0.145031
      0.145031
      0.145032
      0.145032
      0.145033
      0.145033
      0.145033
      0.145033
      0.145033
      0.145033
      0.145034
      0.145034
      0.145034
      0.145034
      0.145034
      0.145034
      0.145034
      0.145034
      0.145034
      0.145034
      0.145034
      0.145034
      0.145034
      0.126038
      0.126038
      0.126038
      0.126038
      0.126038
      0.126038
      0.126038
      0.126038
      0.126038
      0.126038
      0.126038
      0.126037
      0.126037
      0.126037
      0.126037
      0.126037
      0.126037
      0.126036
      0.126036
      0.126035
      0.126035
      0.126034
      0.126034
      0.126033
      0.126032
      0.126031
       0.12603
       0.12603
      0.126029
      0.126029
      0.126029
       0.12603
       0.12603
      0.126031
      0.126032
      0.126033
      0.126034
      0.126034
      0.126035
      0.126035
      0.126036
      0.126036
      0.126037
      0.126037
      0.126037
      0.126037
      0.126037
      0.126037
      0.126038
      0.126038
      0.126038
      0.126038
      0.126038
      0.126038
      0.126038
      0.126038
      0.126038
      0.126038
      0.126038
      0.109451
      0.109451
      0.109451
      0.109451
      0.109451
      0.109451
      0.109451
      0.109451
      0.109451
      0.109451
      0.109451
      0.109451
       0.10945
       0.10945
       0.10945
       0.10945
       0.10945
      0.109449
      0.109449
      0.109448
      0.109447
      0.109447
      0.109446
      0.109445
      0.109443
      0.109442
      0.109441
       0.10944
      0.109439
      0.109439
      0.109439
       0.10944
      0.109441
      0.109442
      0.109443
      0.109445
      0.109446
      0.109447
      0.109447
      0.109448
      0.109449
      0.109449
       0.10945
       0.10945
       0.10945
       0.10945
       0.10945
      0.109451
      0.109451
      0.109451
      0.109451
      0.109451
      0.109451
      0.109451
      0.109451
      0.109451
      0.109451
      0.109451
      0.109451
     0.0951556
      0.095156
     0.0951556
      0.095156
     0.0951556
      0.095156
     0.0951555
     0.0951559
     0.0951555
     0.0951558
     0.0951553
     0.0951557
     0.0951551
     0.0951554
     0.0951548
     0.0951549
     0.0951541
     0.0951541
     0.0951531
     0.0951528
     0.0951514
     0.0951507
      0.095149
     0.0951479
     0.0951458
     0.0951445
     0.0951424
     0.0951413
       0.09514
       0.09514
       0.09514
     0.0951413
     0.0951424
     0.0951445
     0.0951458
     0.0951479
      0.095149
     0.0951507
     0.0951514
     0.0951528
     0.0951531
     0.0951541
     0.0951541
     0.0951549
     0.0951548
     0.0951554
     0.0951551
     0.0951557
     0.0951553
     0.0951558
     0.0951555
     0.0951559
     0.0951555
      0.095156
     0.0951556
      0.095156
     0.0951556
      0.095156
     0.0951556
     0.0830385
     0.0830387
     0.0830385
     0.0830387
     0.0830385
     0.0830387
     0.0830385
     0.0830386
     0.0830384
     0.0830385
     0.0830383
     0.0830384
      0.083038
      0.083038
     0.0830376
     0.0830375
     0.0830368
     0.0830365
     0.0830356
     0.0830349
     0.0830336
     0.0830324
     0.0830304
     0.0830286
     0.0830261
     0.0830238
      0.083021
      0.083019
     0.0830173
     0.0830169
     0.0830173
      0.083019
      0.083021
     0.0830238
     0.0830261
     0.0830286
     0.0830304
     0.0830324
     0.0830336
     0.0830349
     0.0830356
     0.0830365
     0.0830368
     0.0830375
     0.0830376
      0.083038
      0.083038
     0.0830384
     0.0830383
     0.0830385
     0.0830384
     0.0830386
     0.0830385
     0.0830387
     0.0830385
     0.0830387
     0.0830385
     0.0830387
     0.0830385
     0.0729895
     0.0729904
     0.0729895
     0.0729904
     0.0729895
     0.0729903
     0.0729895
     0.0729903
     0.0729894
     0.0729902
     0.0729893
       0.07299
      0.072989
     0.0729896
     0.0729885
      0.072989
     0.0729877
     0.0729879
     0.0729862
     0.0729859
     0.0729837
     0.0729828
     0.0729798
     0.0729779
     0.0729739
     0.0729712
     0.0729665
     0.0729639
     0.0729606
     0.0729604
     0.0729606
     0.0729639
     0.0729665
     0.0729712
     0.0729739
     0.0729779
     0.0729798
     0.0729828
     0.0729837
     0.0729859
     0.0729862
     0.0729879
     0.0729877
      0.072989
     0.0729885
     0.0729896
      0.072989
       0.07299
     0.0729893
     0.0729902
     0.0729894
     0.0729903
     0.0729895
     0.0729903
     0.0729895
     0.0729904
     0.0729895
     0.0729904
     0.0729895
     0.0649139
     0.0649142
     0.0649139
     0.0649142
     0.0649139
     0.0649142
     0.0649138
     0.0649141
     0.0649138
      0.064914
     0.0649136
     0.0649138
     0.0649133
     0.0649134
     0.0649128
     0.0649127
     0.0649118
     0.0649114
     0.0649101
     0.0649092
     0.0649072
     0.0649054
     0.0649024
     0.0648993
     0.0648947
       0.06489
      0.064884
     0.0648788
      0.064874
     0.0648725
      0.064874
     0.0648788
      0.064884
       0.06489
     0.0648947
     0.0648993
     0.0649024
     0.0649054
     0.0649072
     0.0649092
     0.0649101
     0.0649114
     0.0649118
     0.0649127
     0.0649128
     0.0649134
     0.0649133
     0.0649138
     0.0649136
      0.064914
     0.0649138
     0.0649141
     0.0649138
     0.0649142
     0.0649139
     0.0649142
     0.0649139
     0.0649142
     0.0649139
     0.0587236
     0.0587247
     0.0587236
     0.0587247
     0.0587236
     0.0587247
     0.0587235
     0.0587246
     0.0587234
     0.0587245
     0.0587233
     0.0587243
     0.0587229
     0.0587238
     0.0587224
     0.0587231
     0.0587213
     0.0587217
     0.0587195
     0.0587192
     0.0587161
     0.0587148
     0.0587104
     0.0587072
     0.0587006
     0.0586948
     0.0586851
     0.0586774
     0.0586683
     0.0586656
     0.0586683
     0.0586774
     0.0586851
     0.0586948
     0.0587006
     0.0587072
     0.0587104
     0.0587148
     0.0587161
     0.0587192
     0.0587195
     0.0587217
     0.0587213
     0.0587231
     0.0587224
     0.0587238
     0.0587229
     0.0587243
     0.0587233
     0.0587245
     0.0587234
     0.0587246
     0.0587235
     0.0587247
     0.0587236
     0.0587247
     0.0587236
     0.0587247
     0.0587236
     0.0543545
     0.0543549
     0.0543545
     0.0543549
     0.0543545
     0.0543549
     0.0543544
     0.0543548
     0.0543543
     0.0543547
     0.0543542
     0.0543544
     0.0543538
      0.054354
     0.0543532
     0.0543532
     0.0543521
     0.0543516
     0.0543501
     0.0543489
     0.0543464
      0.054344
     0.0543399
     0.0543352
     0.0543281
     0.0543194
     0.0543072
     0.0542926
     0.0542759
     0.0542682
     0.0542759
     0.0542926
     0.0543072
     0.0543194
     0.0543281
     0.0543352
     0.0543399
      0.054344
     0.0543464
     0.0543489
     0.0543501
     0.0543516
     0.0543521
     0.0543532
     0.0543532
      0.054354
     0.0543538
     0.0543544
     0.0543542
     0.0543547
     0.0543543
     0.0543548
     0.0543544
     0.0543549
     0.0543545
     0.0543549
     0.0543545
     0.0543549
     0.0543545
     0.0517516
     0.0517529
     0.0517516
     0.0517529
     0.0517516
     0.0517529
     0.0517516
     0.0517528
     0.0517515
     0.0517527
     0.0517513
     0.0517524
     0.0517509
      0.051752
     0.0517503
     0.0517511
     0.0517491
     0.0517495
      0.051747
     0.0517466
     0.0517431
     0.0517414
      0.051736
     0.0517317
     0.0517227
      0.051713
     0.0516964
     0.0516743
      0.051638
     0.0516189
      0.051638
     0.0516743
     0.0516964
      0.051713
     0.0517227
     0.0517317
      0.051736
     0.0517414
     0.0517431
     0.0517466
      0.051747
     0.0517495
     0.0517491
     0.0517511
     0.0517503
      0.051752
     0.0517509
     0.0517524
     0.0517513
     0.0517527
     0.0517515
     0.0517528
     0.0517516
     0.0517529
     0.0517516
     0.0517529
     0.0517516
     0.0517529
     0.0517516
     0.0508892
     0.0508896
     0.0508892
     0.0508896
     0.0508892
     0.0508896
     0.0508891
     0.0508895
      0.050889
     0.0508894
     0.0508888
     0.0508891
     0.0508885
     0.0508886
     0.0508878
     0.0508878
     0.0508867
     0.0508862
     0.0508845
     0.0508832
     0.0508805
     0.0508779
     0.0508732
     0.0508678
     0.0508592
     0.0508479
     0.0508301
     0.0508029
     0.0507552
     0.0506621
     0.0507552
     0.0508029
     0.0508301
     0.0508479
     0.0508592
     0.0508678
     0.0508732
     0.0508779
     0.0508805
     0.0508832
     0.0508845
     0.0508862
     0.0508867
     0.0508878
     0.0508878
     0.0508886
     0.0508885
     0.0508891
     0.0508888
     0.0508894
      0.050889
     0.0508895
     0.0508891
     0.0508896
     0.0508892
     0.0508896
     0.0508892
     0.0508896
     0.0508892
     0.0517516
     0.0517529
     0.0517516
     0.0517529
     0.0517516
     0.0517529
     0.0517516
     0.0517528
     0.0517515
     0.0517527
     0.0517513
     0.0517524
     0.0517509
      0.051752
     0.0517503
     0.0517511
     0.0517491
     0.0517495
      0.051747
     0.0517466
     0.0517431
     0.0517414
      0.051736
     0.0517317
     0.0517227
      0.051713
     0.0516964
     0.0516743
      0.051638
     0.0516189
      0.051638
     0.0516743
     0.0516964
      0.051713
     0.0517227
     0.0517317
      0.051736
     0.0517414
     0.0517431
     0.0517466
      0.051747
     0.0517495
     0.0517491
     0.0517511
     0.0517503
      0.051752
     0.0517509
     0.0517524
     0.0517513
     0.0517527
     0.0517515
     0.0517528
     0.0517516
     0.0517529
     0.0517516
     0.0517529
     0.0517516
     0.0517529
     0.0517516
     0.0543545
     0.0543549
     0.0543545
     0.0543549
     0.0543545
     0.0543549
     0.0543544
     0.0543548
     0.0543543
     0.0543547
     0.0543542
     0.0543544
     0.0543538
      0.054354
     0.0543532
     0.0543532
     0.0543521
     0.0543516
     0.0543501
     0.0543489
     0.0543464
      0.054344
     0.0543399
     0.0543352
     0.0543281
     0.0543194
     0.0543072
     0.0542926
     0.0542759
     0.0542682
     0.0542759
     0.0542926
     0.0543072
     0.0543194
     0.0543281
     0.0543352
     0.0543399
      0.054344
     0.0543464
     0.0543489
     0.0543501
     0.0543516
     0.0543521
     0.0543532
     0.0543532
      0.054354
     0.0543538
     0.0543544
     0.0543542
     0.0543547
     0.0543543
     0.0543548
     0.0543544
     0.0543549
     0.0543545
     0.0543549
     0.0543545
     0.0543549
     0.0543545
     0.0587236
     0.0587247
     0.0587236
     0.0587247
     0.0587236
     0.0587247
     0.0587235
     0.0587246
     0.0587234
     0.0587245
     0.0587233
     0.0587243
     0.0587229
     0.0587238
     0.0587224
     0.0587231
     0.0587213
     0.0587217
     0.0587195
     0.0587192
     0.0587161
     0.0587148
     0.0587104
     0.0587072
     0.0587006
     0.0586948
     0.0586851
     0.0586774
     0.0586683
     0.0586656
     0.0586683
     0.0586774
     0.0586851
     0.0586948
     0.0587006
     0.0587072
     0.0587104
     0.0587148
     0.0587161
     0.0587192
     0.0587195
     0.0587217
     0.0587213
     0.0587231
     0.0587224
     0.0587238
     0.0587229
     0.0587243
     0.0587233
     0.0587245
     0.0587234
     0.0587246
     0.0587235
     0.0587247
     0.0587236
     0.0587247
     0.0587236
     0.0587247
     0.0587236
     0.0649139
     0.0649142
     0.0649139
     0.0649142
     0.0649139
     0.0649142
     0.0649138
     0.0649141
     0.0649138
      0.064914
     0.0649136
     0.0649138
     0.0649133
     0.0649134
     0.0649128
     0.0649127
     0.0649118
     0.0649114
     0.0649101
     0.0649092
     0.0649072
     0.0649054
     0.0649024
     0.0648993
     0.0648947
       0.06489
      0.064884
     0.0648788
      0.064874
     0.0648725
      0.064874
     0.0648788
      0.064884
       0.06489
     0.0648947
     0.0648993
     0.0649024
     0.0649054
     0.0649072
     0.0649092
     0.0649101
     0.0649114
     0.0649118
     0.0649127
     0.0649128
     0.0649134
     0.0649133
     0.0649138
     0.0649136
      0.064914
     0.0649138
     0.0649141
     0.0649138
     0.0649142
     0.0649139
     0.0649142
     0.0649139
     0.0649142
     0.0649139
     0.0729895
     0.0729904
     0.0729895
     0.0729904
     0.0729895
     0.0729903
     0.0729895
     0.0729903
     0.0729894
     0.0729902
     0.0729893
       0.07299
      0.072989
     0.0729896
     0.0729885
      0.072989
     0.0729877
     0.0729879
     0.0729862
     0.0729859
     0.0729837
     0.0729828
     0.0729798
     0.0729779
     0.0729739
     0.0729712
     0.0729665
     0.0729639
     0.0729606
     0.0729604
     0.0729606
     0.0729639
     0.0729665
     0.0729712
     0.0729739
     0.0729779
     0.0729798
     0.0729828
     0.0729837
     0.0729859
     0.0729862
     0.0729879
     0.0729877
      0.072989
     0.0729885
     0.0729896
      0.072989
       0.07299
     0.0729893
     0.0729902
     0.0729894
     0.0729903
     0.0729895
     0.0729903
     0.0729895
     0.0729904
     0.0729895
     0.0729904
     0.0729895
     0.0830385
     0.0830387
     0.0830385
     0.0830387
     0.0830385
     0.0830387
     0.0830385
     0.0830386
     0.0830384
     0.0830385
     0.0830383
     0.0830384
      0.083038
      0.083038
     0.0830376
     0.0830375
     0.0830368
     0.0830365
     0.0830356
     0.0830349
     0.0830336
     0.0830324
     0.0830304
     0.0830286
     0.0830261
     0.0830238
      0.083021
      0.083019
     0.0830173
     0.0830169
     0.0830173
      0.083019
      0.083021
     0.0830238
     0.0830261
     0.0830286
     0.0830304
     0.0830324
     0.0830336
     0.0830349
     0.0830356
     0.0830365
     0.0830368
     0.0830375
     0.0830376
      0.083038
      0.083038
     0.0830384
     0.0830383
     0.0830385
     0.0830384
     0.0830386
     0.0830385
     0.0830387
     0.0830385
     0.0830387
     0.0830385
     0.0830387
     0.0830385
     0.0951556
      0.095156
     0.0951556
      0.095156
     0.0951556
      0.095156
     0.0951555
     0.0951559
     0.0951555
     0.0951558
     0.0951553
     0.0951557
     0.0951551
     0.0951554
     0.0951548
     0.0951549
     0.0951541
     0.0951541
     0.0951531
     0.0951528
     0.0951514
     0.0951507
      0.095149
     0.0951479
     0.0951458
     0.0951445
     0.0951424
     0.0951413
       0.09514
       0.09514
       0.09514
     0.0951413
     0.0951424
     0.0951445
     0.0951458
     0.0951479
      0.095149
     0.0951507
     0.0951514
     0.0951528
     0.0951531
     0.0951541
     0.0951541
     0.0951549
     0.0951548
     0.0951554
     0.0951551
     0.0951557
     0.0951553
     0.0951558
     0.0951555
     0.0951559
     0.0951555
      0.095156
     0.0951556
      0.095156
     0.0951556
      0.095156
     0.0951556
      0.109451
      0.109451
      0.109451
      0.109451
      0.109451
      0.109451
      0.109451
      0.109451
      0.109451
      0.109451
      0.109451
      0.109451
       0.10945
       0.10945
       0.10945
       0.10945
       0.10945
      0.109449
      0.109449
      0.109448
      0.109447
      0.109447
      0.109446
      0.109445
      0.109443
      0.109442
      0.109441
       0.10944
      0.109439
      0.109439
      0.109439
       0.10944
      0.109441
      0.109442
      0.109443
      0.109445
      0.109446
      0.109447
      0.109447
      0.109448
      0.109449
      0.109449
       0.10945
       0.10945
       0.10945
       0.10945
       0.10945
      0.109451
      0.109451
      0.109451
      0.109451
      0.109451
      0.109451
      0.109451
      0.109451
      0.109451
      0.109451
      0.109451
      0.109451
      0.126038
      0.126038
      0.126038
      0.126038
      0.126038
      0.126038
      0.126038
      0.126038
      0.126038
      0.126038
      0.126038
      0.126037
      0.126037
      0.126037
      0.126037
      0.126037
      0.126037
      0.126036
      0.126036
      0.126035
      0.126035
      0.126034
      0.126034
      0.126033
      0.126032
      0.126031
       0.12603
       0.12603
      0.126029
      0.126029
      0.126029
       0.12603
       0.12603
      0.126031
      0.126032
      0.126033
      0.126034
      0.126034
      0.126035
      0.126035
      0.126036
      0.126036
      0.126037
      0.126037
      0.126037
      0.126037
      0.126037
      0.126037
      0.126038
      0.126038
      0.126038
      0.126038
      0.126038
      0.126038
      0.126038
      0.126038
      0.126038
      0.126038
      0.126038
      0.145034
      0.145034
      0.145034
      0.145034
      0.145034
      0.145034
      0.145034
      0.145034
      0.145034
      0.145034
      0.145034
      0.145034
      0.145034
      0.145033
      0.145033
      0.145033
      0.145033
      0.145033
      0.145033
      0.145032
      0.145032
      0.145031
      0.145031
       0.14503
       0.14503
      0.145029
      0.145028
      0.145028
      0.145028
      0.145027
      0.145028
      0.145028
      0.145028
      0.145029
       0.14503
       0.14503
      0.145031
      0.145031
      0.145032
      0.145032
      0.145033
      0.145033
      0.145033
      0.145033
      0.145033
      0.145033
      0.145034
      0.145034
      0.145034
      0.145034
      0.145034
      0.145034
      0.145034
      0.145034
      0.145034
      0.145034
      0.145034
      0.145034
      0.145034
      0.166556
      0.166555
      0.166556
      0.166555
      0.166556
      0.166555
      0.166556
      0.166555
      0.166556
      0.166555
      0.166556
      0.166555
      0.166556
      0.166555
      0.166556
      0.166555
      0.166555
      0.166555
      0.166555
      0.166554
      0.166554
      0.166553
      0.166554
      0.166552
      0.166553
      0.166552
      0.166552
      0.166551
      0.166551
      0.166551
      0.166551
      0.166551
      0.166552
      0.166552
      0.166553
      0.166552
      0.166554
      0.166553
      0.166554
      0.166554
      0.166555
      0.166555
      0.166555
      0.166555
      0.166556
      0.166555
      0.166556
      0.166555
      0.166556
      0.166555
      0.166556
      0.166555
      0.166556
      0.166555
      0.166556
      0.166555
      0.166556
      0.166555
      0.166556
      0.190712
      0.190711
      0.190712
      0.190711
      0.190712
      0.190711
      0.190712
      0.190711
      0.190712
      0.190711
      0.190712
      0.190711
      0.190712
      0.190711
      0.190711
      0.190711
      0.190711
      0.190711
      0.190711
       0.19071
       0.19071
       0.19071
       0.19071
      0.190709
      0.190709
      0.190709
      0.190709
      0.190708
      0.190708
      0.190708
      0.190708
      0.190708
      0.190709
      0.190709
      0.190709
      0.190709
       0.19071
       0.19071
       0.19071
       0.19071
      0.190711
      0.190711
      0.190711
      0.190711
      0.190711
      0.190711
      0.190712
      0.190711
      0.190712
      0.190711
      0.190712
      0.190711
      0.190712
      0.190711
      0.190712
      0.190711
      0.190712
      0.190711
      0.190712
      0.217603
      0.217602
      0.217603
      0.217602
      0.217603
      0.217602
      0.217603
      0.217602
      0.217603
      0.217602
      0.217603
      0.217602
      0.217603
      0.217602
      0.217603
      0.217601
      0.217603
      0.217601
      0.217602
      0.217601
      0.217602
      0.217601
      0.217602
        0.2176
      0.217601
        0.2176
      0.217601
      0.217599
      0.217601
      0.217599
      0.217601
      0.217599
      0.217601
        0.2176
      0.217601
        0.2176
      0.217602
      0.217601
      0.217602
      0.217601
      0.217602
      0.217601
      0.217603
      0.217601
      0.217603
      0.217602
      0.217603
      0.217602
      0.217603
      0.217602
      0.217603
      0.217602
      0.217603
      0.217602
      0.217603
      0.217602
      0.217603
      0.217602
      0.217603
      0.247309
      0.247309
      0.247309
      0.247309
      0.247309
      0.247309
      0.247309
      0.247308
      0.247309
      0.247308
      0.247309
      0.247308
      0.247309
      0.247308
      0.247309
      0.247308
      0.247309
      0.247308
      0.247308
      0.247308
      0.247308
      0.247308
      0.247308
      0.247307
      0.247308
      0.247307
      0.247307
      0.247307
      0.247307
      0.247307
      0.247307
      0.247307
      0.247307
      0.247307
      0.247308
      0.247307
      0.247308
      0.247308
      0.247308
      0.247308
      0.247308
      0.247308
      0.247309
      0.247308
      0.247309
      0.247308
      0.247309
      0.247308
      0.247309
      0.247308
      0.247309
      0.247308
      0.247309
      0.247309
      0.247309
      0.247309
      0.247309
      0.247309
      0.247309
      0.279898
      0.279897
      0.279898
      0.279897
      0.279898
      0.279897
      0.279898
      0.279897
      0.279898
      0.279897
      0.279898
      0.279897
      0.279898
      0.279896
      0.279898
      0.279896
      0.279898
      0.279896
      0.279898
      0.279896
      0.279898
      0.279896
      0.279898
      0.279896
      0.279897
      0.279895
      0.279897
      0.279895
      0.279897
      0.279895
      0.279897
      0.279895
      0.279897
      0.279895
      0.279897
      0.279896
      0.279898
      0.279896
      0.279898
      0.279896
      0.279898
      0.279896
      0.279898
      0.279896
      0.279898
      0.279896
      0.279898
      0.279897
      0.279898
      0.279897
      0.279898
      0.279897
      0.279898
      0.279897
      0.279898
      0.279897
      0.279898
      0.279897
      0.279898
      0.315403
      0.315403
      0.315403
      0.315403
      0.315403
      0.315403
      0.315403
      0.315403
      0.315403
      0.315403
      0.315403
      0.315403
      0.315403
      0.315403
      0.315403
      0.315403
      0.315403
      0.315403
      0.315403
      0.315402
      0.315403
      0.315402
      0.315403
      0.315402
      0.315403
      0.315402
      0.315403
      0.315402
      0.315402
      0.315402
      0.315402
      0.315402
      0.315403
      0.315402
      0.315403
      0.315402
      0.315403
      0.315402
      0.315403
      0.315402
      0.315403
      0.315403
      0.315403
      0.315403
      0.315403
      0.315403
      0.315403
      0.315403
      0.315403
      0.315403
      0.315403
      0.315403
      0.315403
      0.315403
      0.315403
      0.315403
      0.315403
      0.315403
      0.315403
      0.353842
       0.35384
      0.353842
       0.35384
      0.353842
       0.35384
      0.353842
       0.35384
      0.353842
       0.35384
      0.353842
       0.35384
      0.353842
       0.35384
      0.353842
       0.35384
      0.353842
       0.35384
      0.353842
       0.35384
      0.353842
       0.35384
      0.353842
       0.35384
      0.353842
      0.353839
      0.353842
      0.353839
      0.353842
      0.353839
      0.353842
      0.353839
      0.353842
      0.353839
      0.353842
       0.35384
      0.353842
       0.35384
      0.353842
       0.35384
      0.353842
       0.35384
      0.353842
       0.35384
      0.353842
       0.35384
      0.353842
       0.35384
      0.353842
       0.35384
      0.353842
       0.35384
      0.353842
       0.35384
      0.353842
       0.35384
      0.353842
       0.35384
      0.353842
      0.395185
      0.395184
      0.395185
      0.395184
      0.395185
      0.395184
      0.395185
      0.395184
      0.395185
      0.395184
      0.395185
      0.395184
      0.395185
      0.395184
      0.395185
      0.395184
      0.395185
      0.395184
      0.395185
      0.395184
      0.395185
      0.395184
      0.395185
      0.395184
      0.395185
      0.395184
      0.395185
      0.395184
      0.395185
      0.395184
      0.395185
      0.395184
      0.395185
      0.395184
      0.395185
      0.395184
      0.395185
      0.395184
      0.395185
      0.395184
      0.395185
      0.395184
      0.395185
      0.395184
      0.395185
      0.395184
      0.395185
      0.395184
      0.395185
      0.395184
      0.395185
      0.395184
      0.395185
      0.395184
      0.395185
      0.395184
      0.395185
      0.395184
      0.395185
      0.439385
      0.439383
      0.439385
      0.439383
      0.439385
      0.439383
      0.439385
      0.439383
      0.439385
      0.439383
      0.439385
      0.439383
      0.439385
      0.439382
      0.439385
      0.439382
      0.439385
      0.439382
      0.439385
      0.439382
      0.439385
      0.439382
      0.439385
      0.439382
      0.439385
      0.439382
      0.439385
      0.439382
      0.439385
      0.439382
      0.439385
      0.439382
      0.439385
      0.439382
      0.439385
      0.439382
      0.439385
      0.439382
      0.439385
      0.439382
      0.439385
      0.439382
      0.439385
      0.439382
      0.439385
      0.439382
      0.439385
      0.439383
      0.439385
      0.439383
      0.439385
      0.439383
      0.439385
      0.439383
      0.439385
      0.439383
      0.439385
      0.439383
      0.439385
       0.48634
      0.486339
       0.48634
      0.486339
       0.48634
      0.486339
       0.48634
      0.486339
       0.48634
      0.486339
       0.48634
      0.486339
       0.48634
      0.486339
       0.48634
      0.486339
       0.48634
      0.486339
       0.48634
      0.486339
       0.48634
      0.486339
       0.48634
      0.486339
       0.48634
      0.486339
       0.48634
      0.486339
       0.48634
      0.486339
       0.48634
      0.486339
       0.48634
      0.486339
       0.48634
      0.486339
       0.48634
      0.486339
       0.48634
      0.486339
       0.48634
      0.486339
       0.48634
      0.486339
       0.48634
      0.486339
       0.48634
      0.486339
       0.48634
      0.486339
       0.48634
      0.486339
       0.48634
      0.486339
       0.48634
      0.486339
       0.48634
      0.486339
       0.48634
       0.53593
      0.535927
       0.53593
      0.535927
       0.53593
      0.535927
       0.53593
      0.535927
       0.53593
      0.535927
       0.53593
      0.535927
       0.53593
      0.535927
       0.53593
      0.535927
       0.53593
      0.535927
       0.53593
      0.535927
       0.53593
      0.535927
       0.53593
      0.535927
      0.535929
      0.535927
      0.535929
      0.535927
      0.535929
      0.535927
      0.535929
      0.535927
      0.535929
      0.535927
      0.535929
      0.535927
       0.53593
      0.535927
       0.53593
      0.535927
       0.53593
      0.535927
       0.53593
      0.535927
       0.53593
      0.535927
       0.53593
      0.535927
       0.53593
      0.535927
       0.53593
      0.535927
       0.53593
      0.535927
       0.53593
      0.535927
       0.53593
      0.535927
       0.53593
      0.587976
      0.587975
      0.587976
      0.587975
      0.587976
      0.587975
      0.587976
      0.587975
      0.587976
      0.587975
      0.587976
      0.587975
      0.587976
      0.587975
      0.587976
      0.587975
      0.587976
      0.587975
      0.587976
      0.587975
      0.587976
      0.587975
      0.587976
      0.587975
      0.587976
      0.587975
      0.587976
      0.587975
      0.587976
      0.587975
      0.587976
      0.587975
      0.587976
      0.587975
      0.587976
      0.587975
      0.587976
      0.587975
      0.587976
      0.587975
      0.587976
      0.587975
      0.587976
      0.587975
      0.587976
      0.587975
      0.587976
      0.587975
      0.587976
      0.587975
      0.587976
      0.587975
      0.587976
      0.587975
      0.587976
      0.587975
      0.587976
      0.587975
      0.587976
      0.642284
      0.642282
      0.642284
      0.642282
      0.642284
      0.642282
      0.642284
      0.642282
      0.642284
      0.642282
      0.642284
      0.642282
      0.642284
      0.642282
      0.642284
      0.642282
      0.642284
      0.642282
      0.642284
      0.642282
      0.642284
      0.642282
      0.642284
      0.642282
      0.642284
      0.642282
      0.642284
      0.642282
      0.642284
      0.642282
      0.642284
      0.642282
      0.642284
      0.642282
      0.642284
      0.642282
      0.642284
      0.642282
      0.642284
      0.642282
      0.642284
      0.642282
      0.642284
      0.642282
      0.642284
      0.642282
      0.642284
      0.642282
      0.642284
      0.642282
      0.642284
      0.642282
      0.642284
      0.642282
      0.642284
      0.642282
      0.642284
      0.642282
      0.642284
      0.698603
      0.698602
      0.698603
      0.698602
      0.698603
      0.698602
      0.698603
      0.698602
      0.698603
      0.698602
      0.698603
      0.698602
      0.698603
      0.698602
      0.698603
      0.698602
      0.698603
      0.698602
      0.698603
      0.698602
      0.698603
      0.698602
      0.698603
      0.698602
      0.698603
      0.698602
      0.698603
      0.698602
      0.698603
      0.698602
      0.698603
      0.698602
      0.698603
      0.698602
      0.698603
      0.698602
      0.698603
      0.698602
      0.698603
      0.698602
      0.698603
      0.698602
      0.698603
      0.698602
      0.698603
      0.698602
      0.698603
      0.698602
      0.698603
      0.698602
      0.698603
      0.698602
      0.698603
      0.698602
      0.698603
      0.698602
      0.698603
      0.698602
      0.698603
      0.756669
      0.756668
      0.756669
      0.756668
      0.756669
      0.756668
      0.756669
      0.756668
      0.756669
      0.756668
      0.756669
      0.756668
      0.756669
      0.756668
      0.756669
      0.756668
      0.756669
      0.756668
      0.756669
      0.756668
      0.756669
      0.756668
      0.756669
      0.756668
      0.756669
      0.756668
      0.756669
      0.756668
      0.756669
      0.756668
      0.756669
      0.756668
      0.756669
      0.756668
      0.756669
      0.756668
      0.756669
      0.756668
      0.756669
      0.756668
      0.756669
      0.756668
      0.756669
      0.756668
      0.756669
      0.756668
      0.756669
      0.756668
      0.756669
      0.756668
      0.756669
      0.756668
      0.756669
      0.756668
      0.756669
      0.756668
      0.756669
      0.756668
      0.756669
      0.816174
      0.816174
      0.816174
      0.816174
      0.816174
      0.816174
      0.816174
      0.816174
      0.816174
      0.816174
      0.816174
      0.816174
      0.816174
      0.816174
      0.816174
      0.816174
      0.816174
      0.816174
      0.816174
      0.816173
      0.816174
      0.816173
      0.816174
      0.816173
      0.816174
      0.816173
      0.816174
      0.816173
      0.816174
      0.816173
      0.816174
      0.816173
      0.816174
      0.816173
      0.816174
      0.816173
      0.816174
      0.816173
      0.816174
      0.816173
      0.816174
      0.816174
      0.816174
      0.816174
      0.816174
      0.816174
      0.816174
      0.816174
      0.816174
      0.816174
      0.816174
      0.816174
      0.816174
      0.816174
      0.816174
      0.816174
      0.816174
      0.816174
      0.816174
      0.876797
      0.876796
      0.876797
      0.876796
      0.876797
      0.876796
      0.876797
      0.876796
      0.876797
      0.876796
      0.876797
      0.876796
      0.876797
      0.876796
      0.876797
      0.876796
      0.876797
      0.876796
      0.876797
      0.876796
      0.876797
      0.876796
      0.876797
      0.876796
      0.876797
      0.876796
      0.876797
      0.876796
      0.876797
      0.876796
      0.876797
      0.876796
      0.876797
      0.876796
      0.876797
      0.876796
      0.876797
      0.876796
      0.876797
      0.876796
      0.876797
      0.876796
      0.876797
      0.876796
      0.876797
      0.876796
      0.876797
      0.876796
      0.876797
      0.876796
      0.876797
      0.876796
      0.876797
      0.876796
      0.876797
      0.876796
      0.876797
      0.876796
      0.876797
      0.938191
      0.938191
      0.938191
      0.938191
      0.938191
      0.938191
      0.938191
      0.938191
      0.938191
      0.938191
      0.938191
      0.938191
      0.938191
      0.938191
      0.938191
      0.938191
      0.938191
      0.938191
      0.938191
      0.938191
      0.938191
      0.938191
      0.938191
      0.938191
      0.938191
      0.938191
      0.938191
      0.938191
      0.938191
      0.938191
      0.938191
      0.938191
      0.938191
      0.938191
      0.938191
      0.938191
      0.938191
      0.938191
      0.938191
      0.938191
      0.938191
      0.938191
      0.938191
      0.938191
      0.938191
      0.938191
      0.938191
      0.938191
      0.938191
      0.938191
      0.938191
      0.938191
      0.938191
      0.938191
      0.938191
      0.938191
      0.938191
      0.938191
      0.938191
             1
             1
             1
             1
             1
             1
             1
             1
             1
             1
             1
             1
             1
             1
             1
             1
             1
             1
             1
             1
             1
             1
             1
             1
             1
             1
             1
             1
             1
             1
             1
             1
             1
             1
             1
             1
             1
             1
             1
             1
             1
             1
             1
             1
             1
             1
             1
             1
             1
             1
             1
             1
             1
             1
             1
             1
             1
             1
             1
