             1
             1
             1
             1
             1
             1
             1
             1
             1
             1
             1
             1
             1
             1
             1
             1
             1
             1
             1
             1
             1
             1
             1
             1
             1
             1
             1
             1
             1
             1
             1
             1
             1
             1
             1
             1
             1
             1
             1
             1
             1
             1
             1
             1
             1
             1
             1
             1
             1
             1
             1
             1
             1
             1
             1
             1
             1
             1
             1
      0.939674
      0.939674
      0.939674
      0.939674
      0.939674
      0.939674
      0.939674
      0.939674
      0.939674
      0.939674
      0.939674
      0.939674
      0.939674
      0.939674
      0.939674
      0.939674
      0.939674
      0.939674
      0.939674
      0.939674
      0.939674
      0.939674
      0.939674
      0.939674
      0.939674
      0.939674
      0.939674
      0.939674
      0.939674
      0.939674
      0.939674
      0.939674
      0.939674
      0.939674
      0.939674
      0.939674
      0.939674
      0.939674
      0.939674
      0.939674
      0.939674
      0.939674
      0.939674
      0.939674
      0.939674
      0.939674
      0.939674
      0.939674
      0.939674
      0.939674
      0.939674
      0.939674
      0.939674
      0.939674
      0.939674
      0.939674
      0.939674
      0.939674
      0.939674
      0.879738
      0.879738
      0.879738
      0.879738
      0.879738
      0.879738
      0.879738
      0.879738
      0.879738
      0.879738
      0.879738
      0.879738
      0.879738
      0.879738
      0.879738
      0.879738
      0.879738
      0.879738
      0.879738
      0.879738
      0.879738
      0.879738
      0.879738
      0.879738
      0.879738
      0.879738
      0.879738
      0.879738
      0.879738
      0.879738
      0.879738
      0.879738
      0.879738
      0.879738
      0.879738
      0.879738
      0.879738
      0.879738
      0.879738
      0.879738
      0.879738
      0.879738
      0.879738
      0.879738
      0.879738
      0.879738
      0.879738
      0.879738
      0.879738
      0.879738
      0.879738
      0.879738
      0.879738
      0.879738
      0.879738
      0.879738
      0.879738
      0.879738
      0.879738
      0.820523
      0.820522
      0.820523
      0.820522
      0.820523
      0.820522
      0.820523
      0.820522
      0.820523
      0.820522
      0.820523
      0.820522
      0.820523
      0.820522
      0.820523
      0.820522
      0.820523
      0.820522
      0.820523
      0.820522
      0.820523
      0.820522
      0.820523
      0.820522
      0.820523
      0.820522
      0.820523
      0.820522
      0.820523
      0.820522
      0.820523
      0.820522
      0.820523
      0.820522
      0.820523
      0.820522
      0.820523
      0.820522
      0.820523
      0.820522
      0.820523
      0.820522
      0.820523
      0.820522
      0.820523
      0.820522
      0.820523
      0.820522
      0.820523
      0.820522
      0.820523
      0.820522
      0.820523
      0.820522
      0.820523
      0.820522
      0.820523
      0.820522
      0.820523
      0.762351
       0.76235
      0.762351
       0.76235
      0.762351
       0.76235
      0.762351
       0.76235
      0.762351
       0.76235
      0.762351
       0.76235
      0.762351
       0.76235
      0.762351
       0.76235
      0.762351
       0.76235
      0.762351
       0.76235
      0.762351
       0.76235
      0.762351
       0.76235
      0.762351
       0.76235
      0.762351
       0.76235
      0.762351
       0.76235
      0.762351
       0.76235
      0.762351
       0.76235
      0.762351
       0.76235
      0.762351
       0.76235
      0.762351
       0.76235
      0.762351
       0.76235
      0.762351
       0.76235
      0.762351
       0.76235
      0.762351
       0.76235
      0.762351
       0.76235
      0.762351
       0.76235
      0.762351
       0.76235
      0.762351
       0.76235
      0.762351
       0.76235
      0.762351
      0.705524
      0.705523
      0.705524
      0.705523
      0.705524
      0.705523
      0.705524
      0.705523
      0.705524
      0.705523
      0.705524
      0.705523
      0.705524
      0.705523
      0.705524
      0.705523
      0.705524
      0.705523
      0.705524
      0.705523
      0.705524
      0.705523
      0.705524
      0.705523
      0.705524
      0.705523
      0.705524
      0.705523
      0.705524
      0.705523
      0.705524
      0.705523
      0.705524
      0.705523
      0.705524
      0.705523
      0.705524
      0.705523
      0.705524
      0.705523
      0.705524
      0.705523
      0.705524
      0.705523
      0.705524
      0.705523
      0.705524
      0.705523
      0.705524
      0.705523
      0.705524
      0.705523
      0.705524
      0.705523
      0.705524
      0.705523
      0.705524
      0.705523
      0.705524
       0.65033
      0.650328
       0.65033
      0.650328
       0.65033
      0.650328
       0.65033
      0.650328
       0.65033
      0.650328
       0.65033
      0.650328
       0.65033
      0.650328
       0.65033
      0.650328
      0.650329
      0.650328
      0.650329
      0.650328
      0.650329
      0.650328
      0.650329
      0.650328
      0.650329
      0.650328
      0.650329
      0.650328
      0.650329
      0.650328
      0.650329
      0.650328
      0.650329
      0.650328
      0.650329
      0.650328
      0.650329
      0.650328
      0.650329
      0.650328
      0.650329
      0.650328
      0.650329
      0.650328
       0.65033
      0.650328
       0.65033
      0.650328
       0.65033
      0.650328
       0.65033
      0.650328
       0.65033
      0.650328
       0.65033
      0.650328
       0.65033
      0.650328
       0.65033
      0.597019
      0.597019
      0.597019
      0.597019
      0.597019
      0.597019
      0.597019
      0.597019
      0.597019
      0.597019
      0.597019
      0.597019
      0.597019
      0.597018
      0.597019
      0.597018
      0.597019
      0.597018
      0.597019
      0.597018
      0.597019
      0.597018
      0.597019
      0.597018
      0.597019
      0.597018
      0.597019
      0.597018
      0.597019
      0.597018
      0.597019
      0.597018
      0.597019
      0.597018
      0.597019
      0.597018
      0.597019
      0.597018
      0.597019
      0.597018
      0.597019
      0.597018
      0.597019
      0.597018
      0.597019
      0.597018
      0.597019
      0.597019
      0.597019
      0.597019
      0.597019
      0.597019
      0.597019
      0.597019
      0.597019
      0.597019
      0.597019
      0.597019
      0.597019
      0.545829
      0.545827
      0.545829
      0.545827
      0.545829
      0.545827
      0.545829
      0.545827
      0.545829
      0.545827
      0.545829
      0.545827
      0.545829
      0.545827
      0.545829
      0.545827
      0.545829
      0.545827
      0.545829
      0.545827
      0.545829
      0.545827
      0.545829
      0.545827
      0.545829
      0.545827
      0.545829
      0.545827
      0.545829
      0.545827
      0.545829
      0.545827
      0.545829
      0.545827
      0.545829
      0.545827
      0.545829
      0.545827
      0.545829
      0.545827
      0.545829
      0.545827
      0.545829
      0.545827
      0.545829
      0.545827
      0.545829
      0.545827
      0.545829
      0.545827
      0.545829
      0.545827
      0.545829
      0.545827
      0.545829
      0.545827
      0.545829
      0.545827
      0.545829
       0.49695
      0.496949
       0.49695
      0.496949
       0.49695
      0.496949
       0.49695
      0.496949
       0.49695
      0.496949
       0.49695
      0.496949
       0.49695
      0.496949
       0.49695
      0.496949
       0.49695
      0.496949
      0.496949
      0.496949
      0.496949
      0.496949
      0.496949
      0.496949
      0.496949
      0.496949
      0.496949
      0.496949
      0.496949
      0.496949
      0.496949
      0.496949
      0.496949
      0.496949
      0.496949
      0.496949
      0.496949
      0.496949
      0.496949
      0.496949
      0.496949
      0.496949
       0.49695
      0.496949
       0.49695
      0.496949
       0.49695
      0.496949
       0.49695
      0.496949
       0.49695
      0.496949
       0.49695
      0.496949
       0.49695
      0.496949
       0.49695
      0.496949
       0.49695
      0.450553
      0.450551
      0.450553
      0.450551
      0.450553
      0.450551
      0.450553
      0.450551
      0.450553
      0.450551
      0.450553
      0.450551
      0.450553
      0.450551
      0.450553
      0.450551
      0.450553
      0.450551
      0.450553
      0.450551
      0.450553
       0.45055
      0.450553
       0.45055
      0.450552
       0.45055
      0.450552
       0.45055
      0.450552
       0.45055
      0.450552
       0.45055
      0.450552
       0.45055
      0.450552
       0.45055
      0.450553
       0.45055
      0.450553
      0.450551
      0.450553
      0.450551
      0.450553
      0.450551
      0.450553
      0.450551
      0.450553
      0.450551
      0.450553
      0.450551
      0.450553
      0.450551
      0.450553
      0.450551
      0.450553
      0.450551
      0.450553
      0.450551
      0.450553
      0.406761
      0.406761
      0.406761
      0.406761
      0.406761
      0.406761
      0.406761
      0.406761
      0.406761
      0.406761
      0.406761
      0.406761
      0.406761
       0.40676
      0.406761
       0.40676
      0.406761
       0.40676
      0.406761
       0.40676
      0.406761
       0.40676
      0.406761
       0.40676
      0.406761
       0.40676
      0.406761
       0.40676
      0.406761
       0.40676
      0.406761
       0.40676
      0.406761
       0.40676
      0.406761
       0.40676
      0.406761
       0.40676
      0.406761
       0.40676
      0.406761
       0.40676
      0.406761
       0.40676
      0.406761
       0.40676
      0.406761
      0.406761
      0.406761
      0.406761
      0.406761
      0.406761
      0.406761
      0.406761
      0.406761
      0.406761
      0.406761
      0.406761
      0.406761
       0.36568
      0.365678
       0.36568
      0.365678
       0.36568
      0.365678
       0.36568
      0.365678
       0.36568
      0.365678
       0.36568
      0.365678
       0.36568
      0.365678
      0.365679
      0.365677
      0.365679
      0.365677
      0.365679
      0.365677
      0.365679
      0.365677
      0.365679
      0.365677
      0.365679
      0.365677
      0.365679
      0.365677
      0.365679
      0.365677
      0.365679
      0.365677
      0.365679
      0.365677
      0.365679
      0.365677
      0.365679
      0.365677
      0.365679
      0.365677
      0.365679
      0.365677
      0.365679
      0.365677
      0.365679
      0.365678
       0.36568
      0.365678
       0.36568
      0.365678
       0.36568
      0.365678
       0.36568
      0.365678
       0.36568
      0.365678
       0.36568
      0.365678
       0.36568
      0.327363
      0.327363
      0.327363
      0.327363
      0.327363
      0.327363
      0.327363
      0.327363
      0.327363
      0.327363
      0.327363
      0.327363
      0.327363
      0.327363
      0.327363
      0.327363
      0.327363
      0.327362
      0.327363
      0.327362
      0.327363
      0.327362
      0.327363
      0.327362
      0.327362
      0.327362
      0.327362
      0.327362
      0.327362
      0.327361
      0.327362
      0.327362
      0.327362
      0.327362
      0.327362
      0.327362
      0.327363
      0.327362
      0.327363
      0.327362
      0.327363
      0.327362
      0.327363
      0.327363
      0.327363
      0.327363
      0.327363
      0.327363
      0.327363
      0.327363
      0.327363
      0.327363
      0.327363
      0.327363
      0.327363
      0.327363
      0.327363
      0.327363
      0.327363
      0.291852
      0.291851
      0.291852
      0.291851
      0.291852
      0.291851
      0.291852
       0.29185
      0.291852
       0.29185
      0.291852
       0.29185
      0.291852
       0.29185
      0.291852
       0.29185
      0.291852
       0.29185
      0.291852
       0.29185
      0.291851
       0.29185
      0.291851
      0.291849
      0.291851
      0.291849
       0.29185
      0.291849
       0.29185
      0.291849
       0.29185
      0.291849
       0.29185
      0.291849
      0.291851
      0.291849
      0.291851
       0.29185
      0.291851
       0.29185
      0.291852
       0.29185
      0.291852
       0.29185
      0.291852
       0.29185
      0.291852
       0.29185
      0.291852
       0.29185
      0.291852
       0.29185
      0.291852
      0.291851
      0.291852
      0.291851
      0.291852
      0.291851
      0.291852
      0.259142
      0.259141
      0.259142
      0.259141
      0.259142
      0.259141
      0.259142
      0.259141
      0.259142
      0.259141
      0.259142
      0.259141
      0.259142
      0.259141
      0.259141
      0.259141
      0.259141
      0.259141
      0.259141
       0.25914
      0.259141
       0.25914
       0.25914
       0.25914
       0.25914
      0.259139
      0.259139
      0.259139
      0.259139
      0.259139
      0.259139
      0.259139
      0.259139
      0.259139
       0.25914
       0.25914
       0.25914
       0.25914
      0.259141
       0.25914
      0.259141
      0.259141
      0.259141
      0.259141
      0.259141
      0.259141
      0.259142
      0.259141
      0.259142
      0.259141
      0.259142
      0.259141
      0.259142
      0.259141
      0.259142
      0.259141
      0.259142
      0.259141
      0.259142
      0.229215
      0.229214
      0.229215
      0.229214
      0.229215
      0.229214
      0.229215
      0.229214
      0.229215
      0.229214
      0.229215
      0.229213
      0.229215
      0.229213
      0.229214
      0.229213
      0.229214
      0.229213
      0.229214
      0.229212
      0.229213
      0.229212
      0.229213
      0.229211
      0.229212
      0.229211
      0.229212
       0.22921
      0.229211
       0.22921
      0.229211
       0.22921
      0.229212
      0.229211
      0.229212
      0.229211
      0.229213
      0.229212
      0.229213
      0.229212
      0.229214
      0.229213
      0.229214
      0.229213
      0.229214
      0.229213
      0.229215
      0.229213
      0.229215
      0.229214
      0.229215
      0.229214
      0.229215
      0.229214
      0.229215
      0.229214
      0.229215
      0.229214
      0.229215
       0.20202
       0.20202
       0.20202
       0.20202
       0.20202
       0.20202
       0.20202
       0.20202
       0.20202
      0.202019
       0.20202
      0.202019
       0.20202
      0.202019
      0.202019
      0.202019
      0.202019
      0.202019
      0.202019
      0.202018
      0.202018
      0.202017
      0.202017
      0.202017
      0.202017
      0.202016
      0.202016
      0.202015
      0.202015
      0.202015
      0.202015
      0.202015
      0.202016
      0.202016
      0.202017
      0.202017
      0.202017
      0.202017
      0.202018
      0.202018
      0.202019
      0.202019
      0.202019
      0.202019
      0.202019
      0.202019
       0.20202
      0.202019
       0.20202
      0.202019
       0.20202
       0.20202
       0.20202
       0.20202
       0.20202
       0.20202
       0.20202
       0.20202
       0.20202
      0.177496
      0.177495
      0.177496
      0.177495
      0.177496
      0.177495
      0.177496
      0.177495
      0.177496
      0.177495
      0.177496
      0.177495
      0.177496
      0.177495
      0.177495
      0.177495
      0.177495
      0.177494
      0.177494
      0.177493
      0.177494
      0.177492
      0.177493
      0.177491
      0.177492
       0.17749
      0.177491
       0.17749
       0.17749
      0.177489
       0.17749
       0.17749
      0.177491
       0.17749
      0.177492
      0.177491
      0.177493
      0.177492
      0.177494
      0.177493
      0.177494
      0.177494
      0.177495
      0.177495
      0.177495
      0.177495
      0.177496
      0.177495
      0.177496
      0.177495
      0.177496
      0.177495
      0.177496
      0.177495
      0.177496
      0.177495
      0.177496
      0.177495
      0.177496
       0.15556
      0.155559
       0.15556
      0.155559
       0.15556
      0.155559
       0.15556
      0.155559
      0.155559
      0.155559
      0.155559
      0.155559
      0.155559
      0.155559
      0.155559
      0.155559
      0.155558
      0.155558
      0.155558
      0.155557
      0.155557
      0.155556
      0.155555
      0.155554
      0.155554
      0.155553
      0.155552
      0.155552
      0.155551
      0.155551
      0.155551
      0.155552
      0.155552
      0.155553
      0.155554
      0.155554
      0.155555
      0.155556
      0.155557
      0.155557
      0.155558
      0.155558
      0.155558
      0.155559
      0.155559
      0.155559
      0.155559
      0.155559
      0.155559
      0.155559
      0.155559
      0.155559
       0.15556
      0.155559
       0.15556
      0.155559
       0.15556
      0.155559
       0.15556
      0.136122
      0.136122
      0.136122
      0.136122
      0.136122
      0.136122
      0.136122
      0.136122
      0.136122
      0.136121
      0.136122
      0.136121
      0.136121
      0.136121
      0.136121
      0.136121
       0.13612
       0.13612
      0.136119
      0.136119
      0.136118
      0.136117
      0.136116
      0.136115
      0.136114
      0.136113
      0.136112
      0.136111
      0.136111
      0.136111
      0.136111
      0.136111
      0.136112
      0.136113
      0.136114
      0.136115
      0.136116
      0.136117
      0.136118
      0.136119
      0.136119
       0.13612
       0.13612
      0.136121
      0.136121
      0.136121
      0.136121
      0.136121
      0.136122
      0.136121
      0.136122
      0.136122
      0.136122
      0.136122
      0.136122
      0.136122
      0.136122
      0.136122
      0.136122
      0.119084
      0.119084
      0.119084
      0.119084
      0.119084
      0.119084
      0.119084
      0.119084
      0.119084
      0.119084
      0.119084
      0.119084
      0.119083
      0.119083
      0.119083
      0.119083
      0.119082
      0.119082
      0.119081
       0.11908
      0.119079
      0.119078
      0.119077
      0.119076
      0.119074
      0.119073
      0.119071
       0.11907
      0.119069
      0.119069
      0.119069
       0.11907
      0.119071
      0.119073
      0.119074
      0.119076
      0.119077
      0.119078
      0.119079
       0.11908
      0.119081
      0.119082
      0.119082
      0.119083
      0.119083
      0.119083
      0.119083
      0.119084
      0.119084
      0.119084
      0.119084
      0.119084
      0.119084
      0.119084
      0.119084
      0.119084
      0.119084
      0.119084
      0.119084
      0.104346
      0.104346
      0.104346
      0.104346
      0.104346
      0.104346
      0.104346
      0.104346
      0.104346
      0.104346
      0.104346
      0.104346
      0.104345
      0.104345
      0.104345
      0.104345
      0.104344
      0.104344
      0.104343
      0.104342
       0.10434
      0.104339
      0.104337
      0.104336
      0.104334
      0.104332
      0.104329
      0.104328
      0.104326
      0.104326
      0.104326
      0.104328
      0.104329
      0.104332
      0.104334
      0.104336
      0.104337
      0.104339
       0.10434
      0.104342
      0.104343
      0.104344
      0.104344
      0.104345
      0.104345
      0.104345
      0.104345
      0.104346
      0.104346
      0.104346
      0.104346
      0.104346
      0.104346
      0.104346
      0.104346
      0.104346
      0.104346
      0.104346
      0.104346
       0.09181
     0.0918101
       0.09181
     0.0918101
     0.0918099
     0.0918101
     0.0918099
       0.09181
     0.0918098
     0.0918099
     0.0918096
     0.0918096
     0.0918093
     0.0918092
     0.0918087
     0.0918085
     0.0918077
     0.0918072
     0.0918061
     0.0918052
     0.0918035
      0.091802
     0.0917997
     0.0917973
     0.0917943
     0.0917915
     0.0917883
     0.0917858
     0.0917837
     0.0917832
     0.0917837
     0.0917858
     0.0917883
     0.0917915
     0.0917943
     0.0917973
     0.0917997
      0.091802
     0.0918035
     0.0918052
     0.0918061
     0.0918072
     0.0918077
     0.0918085
     0.0918087
     0.0918092
     0.0918093
     0.0918096
     0.0918096
     0.0918099
     0.0918098
       0.09181
     0.0918099
     0.0918101
     0.0918099
     0.0918101
       0.09181
     0.0918101
       0.09181
     0.0813809
     0.0813817
     0.0813809
     0.0813816
     0.0813809
     0.0813816
     0.0813809
     0.0813815
     0.0813807
     0.0813814
     0.0813805
     0.0813811
     0.0813802
     0.0813806
     0.0813795
     0.0813798
     0.0813784
     0.0813783
     0.0813765
     0.0813759
     0.0813734
      0.081372
     0.0813686
      0.081366
     0.0813614
     0.0813579
     0.0813526
     0.0813492
     0.0813456
      0.081345
     0.0813456
     0.0813492
     0.0813526
     0.0813579
     0.0813614
      0.081366
     0.0813686
      0.081372
     0.0813734
     0.0813759
     0.0813765
     0.0813783
     0.0813784
     0.0813798
     0.0813795
     0.0813806
     0.0813802
     0.0813811
     0.0813805
     0.0813814
     0.0813807
     0.0813815
     0.0813809
     0.0813816
     0.0813809
     0.0813816
     0.0813809
     0.0813817
     0.0813809
     0.0729762
     0.0729765
     0.0729762
     0.0729765
     0.0729762
     0.0729764
     0.0729761
     0.0729763
      0.072976
     0.0729762
     0.0729758
     0.0729759
     0.0729754
     0.0729754
     0.0729747
     0.0729744
     0.0729734
     0.0729728
     0.0729713
       0.07297
     0.0729677
     0.0729653
     0.0729617
     0.0729578
     0.0729524
     0.0729467
     0.0729397
     0.0729334
     0.0729279
     0.0729261
     0.0729279
     0.0729334
     0.0729397
     0.0729467
     0.0729524
     0.0729578
     0.0729617
     0.0729653
     0.0729677
       0.07297
     0.0729713
     0.0729728
     0.0729734
     0.0729744
     0.0729747
     0.0729754
     0.0729754
     0.0729759
     0.0729758
     0.0729762
      0.072976
     0.0729763
     0.0729761
     0.0729764
     0.0729762
     0.0729765
     0.0729762
     0.0729765
     0.0729762
     0.0665189
     0.0665199
     0.0665189
     0.0665199
     0.0665188
     0.0665198
     0.0665188
     0.0665197
     0.0665187
     0.0665195
     0.0665184
     0.0665192
      0.066518
     0.0665187
     0.0665172
     0.0665176
     0.0665159
     0.0665158
     0.0665135
     0.0665127
     0.0665094
     0.0665073
     0.0665023
     0.0664982
     0.0664906
     0.0664833
     0.0664723
     0.0664629
     0.0664526
     0.0664492
     0.0664526
     0.0664629
     0.0664723
     0.0664833
     0.0664906
     0.0664982
     0.0665023
     0.0665073
     0.0665094
     0.0665127
     0.0665135
     0.0665158
     0.0665159
     0.0665176
     0.0665172
     0.0665187
      0.066518
     0.0665192
     0.0665184
     0.0665195
     0.0665187
     0.0665197
     0.0665188
     0.0665198
     0.0665188
     0.0665199
     0.0665189
     0.0665199
     0.0665189
     0.0619527
     0.0619531
     0.0619527
     0.0619531
     0.0619527
      0.061953
     0.0619526
     0.0619529
     0.0619525
     0.0619528
     0.0619523
     0.0619524
     0.0619518
     0.0619518
      0.061951
     0.0619507
     0.0619496
     0.0619488
      0.061947
     0.0619454
     0.0619424
     0.0619393
     0.0619344
     0.0619287
     0.0619203
       0.06191
     0.0618957
     0.0618786
     0.0618593
     0.0618504
     0.0618593
     0.0618786
     0.0618957
       0.06191
     0.0619203
     0.0619287
     0.0619344
     0.0619393
     0.0619424
     0.0619454
      0.061947
     0.0619488
     0.0619496
     0.0619507
      0.061951
     0.0619518
     0.0619518
     0.0619524
     0.0619523
     0.0619528
     0.0619525
     0.0619529
     0.0619526
      0.061953
     0.0619527
     0.0619531
     0.0619527
     0.0619531
     0.0619527
     0.0592294
     0.0592305
     0.0592294
     0.0592305
     0.0592294
     0.0592305
     0.0592293
     0.0592304
     0.0592292
     0.0592302
     0.0592289
     0.0592298
     0.0592284
     0.0592292
     0.0592276
     0.0592281
     0.0592261
     0.0592261
     0.0592234
     0.0592225
     0.0592186
      0.059216
     0.0592099
     0.0592043
      0.059194
     0.0591823
     0.0591631
     0.0591371
     0.0590956
     0.0590731
     0.0590956
     0.0591371
     0.0591631
     0.0591823
      0.059194
     0.0592043
     0.0592099
      0.059216
     0.0592186
     0.0592225
     0.0592234
     0.0592261
     0.0592261
     0.0592281
     0.0592276
     0.0592292
     0.0592284
     0.0592298
     0.0592289
     0.0592302
     0.0592292
     0.0592304
     0.0592293
     0.0592305
     0.0592294
     0.0592305
     0.0592294
     0.0592305
     0.0592294
     0.0583262
     0.0583266
     0.0583262
     0.0583265
     0.0583261
     0.0583265
     0.0583261
     0.0583264
     0.0583259
     0.0583262
     0.0583257
     0.0583259
     0.0583252
     0.0583252
     0.0583244
     0.0583241
     0.0583228
      0.058322
     0.0583201
     0.0583184
     0.0583152
     0.0583118
     0.0583063
     0.0582996
     0.0582896
     0.0582761
     0.0582555
     0.0582238
     0.0581688
     0.0580617
     0.0581688
     0.0582238
     0.0582555
     0.0582761
     0.0582896
     0.0582996
     0.0583063
     0.0583118
     0.0583152
     0.0583184
     0.0583201
      0.058322
     0.0583228
     0.0583241
     0.0583244
     0.0583252
     0.0583252
     0.0583259
     0.0583257
     0.0583262
     0.0583259
     0.0583264
     0.0583261
     0.0583265
     0.0583261
     0.0583265
     0.0583262
     0.0583266
     0.0583262
     0.0592294
     0.0592305
     0.0592294
     0.0592305
     0.0592294
     0.0592305
     0.0592293
     0.0592304
     0.0592292
     0.0592302
     0.0592289
     0.0592298
     0.0592284
     0.0592292
     0.0592276
     0.0592281
     0.0592261
     0.0592261
     0.0592234
     0.0592225
     0.0592186
      0.059216
     0.0592099
     0.0592043
      0.059194
     0.0591823
     0.0591631
     0.0591371
     0.0590956
     0.0590731
     0.0590956
     0.0591371
     0.0591631
     0.0591823
      0.059194
     0.0592043
     0.0592099
      0.059216
     0.0592186
     0.0592225
     0.0592234
     0.0592261
     0.0592261
     0.0592281
     0.0592276
     0.0592292
     0.0592284
     0.0592298
     0.0592289
     0.0592302
     0.0592292
     0.0592304
     0.0592293
     0.0592305
     0.0592294
     0.0592305
     0.0592294
     0.0592305
     0.0592294
     0.0619527
     0.0619531
     0.0619527
     0.0619531
     0.0619527
      0.061953
     0.0619526
     0.0619529
     0.0619525
     0.0619528
     0.0619523
     0.0619524
     0.0619518
     0.0619518
      0.061951
     0.0619507
     0.0619496
     0.0619488
      0.061947
     0.0619454
     0.0619424
     0.0619393
     0.0619344
     0.0619287
     0.0619203
       0.06191
     0.0618957
     0.0618786
     0.0618593
     0.0618504
     0.0618593
     0.0618786
     0.0618957
       0.06191
     0.0619203
     0.0619287
     0.0619344
     0.0619393
     0.0619424
     0.0619454
      0.061947
     0.0619488
     0.0619496
     0.0619507
      0.061951
     0.0619518
     0.0619518
     0.0619524
     0.0619523
     0.0619528
     0.0619525
     0.0619529
     0.0619526
      0.061953
     0.0619527
     0.0619531
     0.0619527
     0.0619531
     0.0619527
     0.0665189
     0.0665199
     0.0665189
     0.0665199
     0.0665188
     0.0665198
     0.0665188
     0.0665197
     0.0665187
     0.0665195
     0.0665184
     0.0665192
      0.066518
     0.0665187
     0.0665172
     0.0665176
     0.0665159
     0.0665158
     0.0665135
     0.0665127
     0.0665094
     0.0665073
     0.0665023
     0.0664982
     0.0664906
     0.0664833
     0.0664723
     0.0664629
     0.0664526
     0.0664492
     0.0664526
     0.0664629
     0.0664723
     0.0664833
     0.0664906
     0.0664982
     0.0665023
     0.0665073
     0.0665094
     0.0665127
     0.0665135
     0.0665158
     0.0665159
     0.0665176
     0.0665172
     0.0665187
      0.066518
     0.0665192
     0.0665184
     0.0665195
     0.0665187
     0.0665197
     0.0665188
     0.0665198
     0.0665188
     0.0665199
     0.0665189
     0.0665199
     0.0665189
     0.0729762
     0.0729765
     0.0729762
     0.0729765
     0.0729762
     0.0729764
     0.0729761
     0.0729763
      0.072976
     0.0729762
     0.0729758
     0.0729759
     0.0729754
     0.0729754
     0.0729747
     0.0729744
     0.0729734
     0.0729728
     0.0729713
       0.07297
     0.0729677
     0.0729653
     0.0729617
     0.0729578
     0.0729524
     0.0729467
     0.0729397
     0.0729334
     0.0729279
     0.0729261
     0.0729279
     0.0729334
     0.0729397
     0.0729467
     0.0729524
     0.0729578
     0.0729617
     0.0729653
     0.0729677
       0.07297
     0.0729713
     0.0729728
     0.0729734
     0.0729744
     0.0729747
     0.0729754
     0.0729754
     0.0729759
     0.0729758
     0.0729762
      0.072976
     0.0729763
     0.0729761
     0.0729764
     0.0729762
     0.0729765
     0.0729762
     0.0729765
     0.0729762
     0.0813809
     0.0813817
     0.0813809
     0.0813816
     0.0813809
     0.0813816
     0.0813809
     0.0813815
     0.0813807
     0.0813814
     0.0813805
     0.0813811
     0.0813802
     0.0813806
     0.0813795
     0.0813798
     0.0813784
     0.0813783
     0.0813765
     0.0813759
     0.0813734
      0.081372
     0.0813686
      0.081366
     0.0813614
     0.0813579
     0.0813526
     0.0813492
     0.0813456
      0.081345
     0.0813456
     0.0813492
     0.0813526
     0.0813579
     0.0813614
      0.081366
     0.0813686
      0.081372
     0.0813734
     0.0813759
     0.0813765
     0.0813783
     0.0813784
     0.0813798
     0.0813795
     0.0813806
     0.0813802
     0.0813811
     0.0813805
     0.0813814
     0.0813807
     0.0813815
     0.0813809
     0.0813816
     0.0813809
     0.0813816
     0.0813809
     0.0813817
     0.0813809
       0.09181
     0.0918101
       0.09181
     0.0918101
     0.0918099
     0.0918101
     0.0918099
       0.09181
     0.0918098
     0.0918099
     0.0918096
     0.0918096
     0.0918093
     0.0918092
     0.0918087
     0.0918085
     0.0918077
     0.0918072
     0.0918061
     0.0918052
     0.0918035
      0.091802
     0.0917997
     0.0917973
     0.0917943
     0.0917915
     0.0917883
     0.0917858
     0.0917837
     0.0917832
     0.0917837
     0.0917858
     0.0917883
     0.0917915
     0.0917943
     0.0917973
     0.0917997
      0.091802
     0.0918035
     0.0918052
     0.0918061
     0.0918072
     0.0918077
     0.0918085
     0.0918087
     0.0918092
     0.0918093
     0.0918096
     0.0918096
     0.0918099
     0.0918098
       0.09181
     0.0918099
     0.0918101
     0.0918099
     0.0918101
       0.09181
     0.0918101
       0.09181
      0.104346
      0.104346
      0.104346
      0.104346
      0.104346
      0.104346
      0.104346
      0.104346
      0.104346
      0.104346
      0.104346
      0.104346
      0.104345
      0.104345
      0.104345
      0.104345
      0.104344
      0.104344
      0.104343
      0.104342
       0.10434
      0.104339
      0.104337
      0.104336
      0.104334
      0.104332
      0.104329
      0.104328
      0.104326
      0.104326
      0.104326
      0.104328
      0.104329
      0.104332
      0.104334
      0.104336
      0.104337
      0.104339
       0.10434
      0.104342
      0.104343
      0.104344
      0.104344
      0.104345
      0.104345
      0.104345
      0.104345
      0.104346
      0.104346
      0.104346
      0.104346
      0.104346
      0.104346
      0.104346
      0.104346
      0.104346
      0.104346
      0.104346
      0.104346
      0.119084
      0.119084
      0.119084
      0.119084
      0.119084
      0.119084
      0.119084
      0.119084
      0.119084
      0.119084
      0.119084
      0.119084
      0.119083
      0.119083
      0.119083
      0.119083
      0.119082
      0.119082
      0.119081
       0.11908
      0.119079
      0.119078
      0.119077
      0.119076
      0.119074
      0.119073
      0.119071
       0.11907
      0.119069
      0.119069
      0.119069
       0.11907
      0.119071
      0.119073
      0.119074
      0.119076
      0.119077
      0.119078
      0.119079
       0.11908
      0.119081
      0.119082
      0.119082
      0.119083
      0.119083
      0.119083
      0.119083
      0.119084
      0.119084
      0.119084
      0.119084
      0.119084
      0.119084
      0.119084
      0.119084
      0.119084
      0.119084
      0.119084
      0.119084
      0.136122
      0.136122
      0.136122
      0.136122
      0.136122
      0.136122
      0.136122
      0.136122
      0.136122
      0.136121
      0.136122
      0.136121
      0.136121
      0.136121
      0.136121
      0.136121
       0.13612
       0.13612
      0.136119
      0.136119
      0.136118
      0.136117
      0.136116
      0.136115
      0.136114
      0.136113
      0.136112
      0.136111
      0.136111
      0.136111
      0.136111
      0.136111
      0.136112
      0.136113
      0.136114
      0.136115
      0.136116
      0.136117
      0.136118
      0.136119
      0.136119
       0.13612
       0.13612
      0.136121
      0.136121
      0.136121
      0.136121
      0.136121
      0.136122
      0.136121
      0.136122
      0.136122
      0.136122
      0.136122
      0.136122
      0.136122
      0.136122
      0.136122
      0.136122
       0.15556
      0.155559
       0.15556
      0.155559
       0.15556
      0.155559
       0.15556
      0.155559
      0.155559
      0.155559
      0.155559
      0.155559
      0.155559
      0.155559
      0.155559
      0.155559
      0.155558
      0.155558
      0.155558
      0.155557
      0.155557
      0.155556
      0.155555
      0.155554
      0.155554
      0.155553
      0.155552
      0.155552
      0.155551
      0.155551
      0.155551
      0.155552
      0.155552
      0.155553
      0.155554
      0.155554
      0.155555
      0.155556
      0.155557
      0.155557
      0.155558
      0.155558
      0.155558
      0.155559
      0.155559
      0.155559
      0.155559
      0.155559
      0.155559
      0.155559
      0.155559
      0.155559
       0.15556
      0.155559
       0.15556
      0.155559
       0.15556
      0.155559
       0.15556
      0.177496
      0.177495
      0.177496
      0.177495
      0.177496
      0.177495
      0.177496
      0.177495
      0.177496
      0.177495
      0.177496
      0.177495
      0.177496
      0.177495
      0.177495
      0.177495
      0.177495
      0.177494
      0.177494
      0.177493
      0.177494
      0.177492
      0.177493
      0.177491
      0.177492
       0.17749
      0.177491
       0.17749
       0.17749
      0.177489
       0.17749
       0.17749
      0.177491
       0.17749
      0.177492
      0.177491
      0.177493
      0.177492
      0.177494
      0.177493
      0.177494
      0.177494
      0.177495
      0.177495
      0.177495
      0.177495
      0.177496
      0.177495
      0.177496
      0.177495
      0.177496
      0.177495
      0.177496
      0.177495
      0.177496
      0.177495
      0.177496
      0.177495
      0.177496
       0.20202
       0.20202
       0.20202
       0.20202
       0.20202
       0.20202
       0.20202
       0.20202
       0.20202
      0.202019
       0.20202
      0.202019
       0.20202
      0.202019
      0.202019
      0.202019
      0.202019
      0.202019
      0.202019
      0.202018
      0.202018
      0.202017
      0.202017
      0.202017
      0.202017
      0.202016
      0.202016
      0.202015
      0.202015
      0.202015
      0.202015
      0.202015
      0.202016
      0.202016
      0.202017
      0.202017
      0.202017
      0.202017
      0.202018
      0.202018
      0.202019
      0.202019
      0.202019
      0.202019
      0.202019
      0.202019
       0.20202
      0.202019
       0.20202
      0.202019
       0.20202
       0.20202
       0.20202
       0.20202
       0.20202
       0.20202
       0.20202
       0.20202
       0.20202
      0.229215
      0.229214
      0.229215
      0.229214
      0.229215
      0.229214
      0.229215
      0.229214
      0.229215
      0.229214
      0.229215
      0.229213
      0.229215
      0.229213
      0.229214
      0.229213
      0.229214
      0.229213
      0.229214
      0.229212
      0.229213
      0.229212
      0.229213
      0.229211
      0.229212
      0.229211
      0.229212
       0.22921
      0.229211
       0.22921
      0.229211
       0.22921
      0.229212
      0.229211
      0.229212
      0.229211
      0.229213
      0.229212
      0.229213
      0.229212
      0.229214
      0.229213
      0.229214
      0.229213
      0.229214
      0.229213
      0.229215
      0.229213
      0.229215
      0.229214
      0.229215
      0.229214
      0.229215
      0.229214
      0.229215
      0.229214
      0.229215
      0.229214
      0.229215
      0.259142
      0.259141
      0.259142
      0.259141
      0.259142
      0.259141
      0.259142
      0.259141
      0.259142
      0.259141
      0.259142
      0.259141
      0.259142
      0.259141
      0.259141
      0.259141
      0.259141
      0.259141
      0.259141
       0.25914
      0.259141
       0.25914
       0.25914
       0.25914
       0.25914
      0.259139
      0.259139
      0.259139
      0.259139
      0.259139
      0.259139
      0.259139
      0.259139
      0.259139
       0.25914
       0.25914
       0.25914
       0.25914
      0.259141
       0.25914
      0.259141
      0.259141
      0.259141
      0.259141
      0.259141
      0.259141
      0.259142
      0.259141
      0.259142
      0.259141
      0.259142
      0.259141
      0.259142
      0.259141
      0.259142
      0.259141
      0.259142
      0.259141
      0.259142
      0.291852
      0.291851
      0.291852
      0.291851
      0.291852
      0.291851
      0.291852
       0.29185
      0.291852
       0.29185
      0.291852
       0.29185
      0.291852
       0.29185
      0.291852
       0.29185
      0.291852
       0.29185
      0.291852
       0.29185
      0.291851
       0.29185
      0.291851
      0.291849
      0.291851
      0.291849
       0.29185
      0.291849
       0.29185
      0.291849
       0.29185
      0.291849
       0.29185
      0.291849
      0.291851
      0.291849
      0.291851
       0.29185
      0.291851
       0.29185
      0.291852
       0.29185
      0.291852
       0.29185
      0.291852
       0.29185
      0.291852
       0.29185
      0.291852
       0.29185
      0.291852
       0.29185
      0.291852
      0.291851
      0.291852
      0.291851
      0.291852
      0.291851
      0.291852
      0.327363
      0.327363
      0.327363
      0.327363
      0.327363
      0.327363
      0.327363
      0.327363
      0.327363
      0.327363
      0.327363
      0.327363
      0.327363
      0.327363
      0.327363
      0.327363
      0.327363
      0.327362
      0.327363
      0.327362
      0.327363
      0.327362
      0.327363
      0.327362
      0.327362
      0.327362
      0.327362
      0.327362
      0.327362
      0.327361
      0.327362
      0.327362
      0.327362
      0.327362
      0.327362
      0.327362
      0.327363
      0.327362
      0.327363
      0.327362
      0.327363
      0.327362
      0.327363
      0.327363
      0.327363
      0.327363
      0.327363
      0.327363
      0.327363
      0.327363
      0.327363
      0.327363
      0.327363
      0.327363
      0.327363
      0.327363
      0.327363
      0.327363
      0.327363
       0.36568
      0.365678
       0.36568
      0.365678
       0.36568
      0.365678
       0.36568
      0.365678
       0.36568
      0.365678
       0.36568
      0.365678
       0.36568
      0.365678
      0.365679
      0.365677
      0.365679
      0.365677
      0.365679
      0.365677
      0.365679
      0.365677
      0.365679
      0.365677
      0.365679
      0.365677
      0.365679
      0.365677
      0.365679
      0.365677
      0.365679
      0.365677
      0.365679
      0.365677
      0.365679
      0.365677
      0.365679
      0.365677
      0.365679
      0.365677
      0.365679
      0.365677
      0.365679
      0.365677
      0.365679
      0.365678
       0.36568
      0.365678
       0.36568
      0.365678
       0.36568
      0.365678
       0.36568
      0.365678
       0.36568
      0.365678
       0.36568
      0.365678
       0.36568
      0.406761
      0.406761
      0.406761
      0.406761
      0.406761
      0.406761
      0.406761
      0.406761
      0.406761
      0.406761
      0.406761
      0.406761
      0.406761
       0.40676
      0.406761
       0.40676
      0.406761
       0.40676
      0.406761
       0.40676
      0.406761
       0.40676
      0.406761
       0.40676
      0.406761
       0.40676
      0.406761
       0.40676
      0.406761
       0.40676
      0.406761
       0.40676
      0.406761
       0.40676
      0.406761
       0.40676
      0.406761
       0.40676
      0.406761
       0.40676
      0.406761
       0.40676
      0.406761
       0.40676
      0.406761
       0.40676
      0.406761
      0.406761
      0.406761
      0.406761
      0.406761
      0.406761
      0.406761
      0.406761
      0.406761
      0.406761
      0.406761
      0.406761
      0.406761
      0.450553
      0.450551
      0.450553
      0.450551
      0.450553
      0.450551
      0.450553
      0.450551
      0.450553
      0.450551
      0.450553
      0.450551
      0.450553
      0.450551
      0.450553
      0.450551
      0.450553
      0.450551
      0.450553
      0.450551
      0.450553
       0.45055
      0.450553
       0.45055
      0.450552
       0.45055
      0.450552
       0.45055
      0.450552
       0.45055
      0.450552
       0.45055
      0.450552
       0.45055
      0.450552
       0.45055
      0.450553
       0.45055
      0.450553
      0.450551
      0.450553
      0.450551
      0.450553
      0.450551
      0.450553
      0.450551
      0.450553
      0.450551
      0.450553
      0.450551
      0.450553
      0.450551
      0.450553
      0.450551
      0.450553
      0.450551
      0.450553
      0.450551
      0.450553
       0.49695
      0.496949
       0.49695
      0.496949
       0.49695
      0.496949
       0.49695
      0.496949
       0.49695
      0.496949
       0.49695
      0.496949
       0.49695
      0.496949
       0.49695
      0.496949
       0.49695
      0.496949
      0.496949
      0.496949
      0.496949
      0.496949
      0.496949
      0.496949
      0.496949
      0.496949
      0.496949
      0.496949
      0.496949
      0.496949
      0.496949
      0.496949
      0.496949
      0.496949
      0.496949
      0.496949
      0.496949
      0.496949
      0.496949
      0.496949
      0.496949
      0.496949
       0.49695
      0.496949
       0.49695
      0.496949
       0.49695
      0.496949
       0.49695
      0.496949
       0.49695
      0.496949
       0.49695
      0.496949
       0.49695
      0.496949
       0.49695
      0.496949
       0.49695
      0.545829
      0.545827
      0.545829
      0.545827
      0.545829
      0.545827
      0.545829
      0.545827
      0.545829
      0.545827
      0.545829
      0.545827
      0.545829
      0.545827
      0.545829
      0.545827
      0.545829
      0.545827
      0.545829
      0.545827
      0.545829
      0.545827
      0.545829
      0.545827
      0.545829
      0.545827
      0.545829
      0.545827
      0.545829
      0.545827
      0.545829
      0.545827
      0.545829
      0.545827
      0.545829
      0.545827
      0.545829
      0.545827
      0.545829
      0.545827
      0.545829
      0.545827
      0.545829
      0.545827
      0.545829
      0.545827
      0.545829
      0.545827
      0.545829
      0.545827
      0.545829
      0.545827
      0.545829
      0.545827
      0.545829
      0.545827
      0.545829
      0.545827
      0.545829
      0.597019
      0.597019
      0.597019
      0.597019
      0.597019
      0.597019
      0.597019
      0.597019
      0.597019
      0.597019
      0.597019
      0.597019
      0.597019
      0.597018
      0.597019
      0.597018
      0.597019
      0.597018
      0.597019
      0.597018
      0.597019
      0.597018
      0.597019
      0.597018
      0.597019
      0.597018
      0.597019
      0.597018
      0.597019
      0.597018
      0.597019
      0.597018
      0.597019
      0.597018
      0.597019
      0.597018
      0.597019
      0.597018
      0.597019
      0.597018
      0.597019
      0.597018
      0.597019
      0.597018
      0.597019
      0.597018
      0.597019
      0.597019
      0.597019
      0.597019
      0.597019
      0.597019
      0.597019
      0.597019
      0.597019
      0.597019
      0.597019
      0.597019
      0.597019
       0.65033
      0.650328
       0.65033
      0.650328
       0.65033
      0.650328
       0.65033
      0.650328
       0.65033
      0.650328
       0.65033
      0.650328
       0.65033
      0.650328
       0.65033
      0.650328
      0.650329
      0.650328
      0.650329
      0.650328
      0.650329
      0.650328
      0.650329
      0.650328
      0.650329
      0.650328
      0.650329
      0.650328
      0.650329
      0.650328
      0.650329
      0.650328
      0.650329
      0.650328
      0.650329
      0.650328
      0.650329
      0.650328
      0.650329
      0.650328
      0.650329
      0.650328
      0.650329
      0.650328
       0.65033
      0.650328
       0.65033
      0.650328
       0.65033
      0.650328
       0.65033
      0.650328
       0.65033
      0.650328
       0.65033
      0.650328
       0.65033
      0.650328
       0.65033
      0.705524
      0.705523
      0.705524
      0.705523
      0.705524
      0.705523
      0.705524
      0.705523
      0.705524
      0.705523
      0.705524
      0.705523
      0.705524
      0.705523
      0.705524
      0.705523
      0.705524
      0.705523
      0.705524
      0.705523
      0.705524
      0.705523
      0.705524
      0.705523
      0.705524
      0.705523
      0.705524
      0.705523
      0.705524
      0.705523
      0.705524
      0.705523
      0.705524
      0.705523
      0.705524
      0.705523
      0.705524
      0.705523
      0.705524
      0.705523
      0.705524
      0.705523
      0.705524
      0.705523
      0.705524
      0.705523
      0.705524
      0.705523
      0.705524
      0.705523
      0.705524
      0.705523
      0.705524
      0.705523
      0.705524
      0.705523
      0.705524
      0.705523
      0.705524
      0.762351
       0.76235
      0.762351
       0.76235
      0.762351
       0.76235
      0.762351
       0.76235
      0.762351
       0.76235
      0.762351
       0.76235
      0.762351
       0.76235
      0.762351
       0.76235
      0.762351
       0.76235
      0.762351
       0.76235
      0.762351
       0.76235
      0.762351
       0.76235
      0.762351
       0.76235
      0.762351
       0.76235
      0.762351
       0.76235
      0.762351
       0.76235
      0.762351
       0.76235
      0.762351
       0.76235
      0.762351
       0.76235
      0.762351
       0.76235
      0.762351
       0.76235
      0.762351
       0.76235
      0.762351
       0.76235
      0.762351
       0.76235
      0.762351
       0.76235
      0.762351
       0.76235
      0.762351
       0.76235
      0.762351
       0.76235
      0.762351
       0.76235
      0.762351
      0.820523
      0.820522
      0.820523
      0.820522
      0.820523
      0.820522
      0.820523
      0.820522
      0.820523
      0.820522
      0.820523
      0.820522
      0.820523
      0.820522
      0.820523
      0.820522
      0.820523
      0.820522
      0.820523
      0.820522
      0.820523
      0.820522
      0.820523
      0.820522
      0.820523
      0.820522
      0.820523
      0.820522
      0.820523
      0.820522
      0.820523
      0.820522
      0.820523
      0.820522
      0.820523
      0.820522
      0.820523
      0.820522
      0.820523
      0.820522
      0.820523
      0.820522
      0.820523
      0.820522
      0.820523
      0.820522
      0.820523
      0.820522
      0.820523
      0.820522
      0.820523
      0.820522
      0.820523
      0.820522
      0.820523
      0.820522
      0.820523
      0.820522
      0.820523
      0.879738
      0.879738
      0.879738
      0.879738
      0.879738
      0.879738
      0.879738
      0.879738
      0.879738
      0.879738
      0.879738
      0.879738
      0.879738
      0.879738
      0.879738
      0.879738
      0.879738
      0.879738
      0.879738
      0.879738
      0.879738
      0.879738
      0.879738
      0.879738
      0.879738
      0.879738
      0.879738
      0.879738
      0.879738
      0.879738
      0.879738
      0.879738
      0.879738
      0.879738
      0.879738
      0.879738
      0.879738
      0.879738
      0.879738
      0.879738
      0.879738
      0.879738
      0.879738
      0.879738
      0.879738
      0.879738
      0.879738
      0.879738
      0.879738
      0.879738
      0.879738
      0.879738
      0.879738
      0.879738
      0.879738
      0.879738
      0.879738
      0.879738
      0.879738
      0.939674
      0.939674
      0.939674
      0.939674
      0.939674
      0.939674
      0.939674
      0.939674
      0.939674
      0.939674
      0.939674
      0.939674
      0.939674
      0.939674
      0.939674
      0.939674
      0.939674
      0.939674
      0.939674
      0.939674
      0.939674
      0.939674
      0.939674
      0.939674
      0.939674
      0.939674
      0.939674
      0.939674
      0.939674
      0.939674
      0.939674
      0.939674
      0.939674
      0.939674
      0.939674
      0.939674
      0.939674
      0.939674
      0.939674
      0.939674
      0.939674
      0.939674
      0.939674
      0.939674
      0.939674
      0.939674
      0.939674
      0.939674
      0.939674
      0.939674
      0.939674
      0.939674
      0.939674
      0.939674
      0.939674
      0.939674
      0.939674
      0.939674
      0.939674
             1
             1
             1
             1
             1
             1
             1
             1
             1
             1
             1
             1
             1
             1
             1
             1
             1
             1
             1
             1
             1
             1
             1
             1
             1
             1
             1
             1
             1
             1
             1
             1
             1
             1
             1
             1
             1
             1
             1
             1
             1
             1
             1
             1
             1
             1
             1
             1
             1
             1
             1
             1
             1
             1
             1
             1
             1
             1
             1
