             1
             1
             1
             1
             1
             1
             1
             1
             1
             1
             1
             1
             1
             1
             1
             1
             1
             1
             1
             1
             1
             1
             1
             1
             1
             1
             1
             1
             1
             1
             1
             1
             1
             1
             1
             1
             1
             1
             1
             1
             1
             1
             1
             1
             1
             1
             1
             1
             1
             1
             1
             1
             1
             1
             1
             1
             1
             1
             1
      0.940377
      0.940377
      0.940377
      0.940377
      0.940377
      0.940377
      0.940377
      0.940377
      0.940377
      0.940377
      0.940377
      0.940377
      0.940377
      0.940377
      0.940377
      0.940377
      0.940377
      0.940377
      0.940377
      0.940377
      0.940377
      0.940377
      0.940377
      0.940377
      0.940377
      0.940377
      0.940377
      0.940377
      0.940377
      0.940377
      0.940377
      0.940377
      0.940377
      0.940377
      0.940377
      0.940377
      0.940377
      0.940377
      0.940377
      0.940377
      0.940377
      0.940377
      0.940377
      0.940377
      0.940377
      0.940377
      0.940377
      0.940377
      0.940377
      0.940377
      0.940377
      0.940377
      0.940377
      0.940377
      0.940377
      0.940377
      0.940377
      0.940377
      0.940377
      0.881133
      0.881132
      0.881133
      0.881132
      0.881133
      0.881132
      0.881133
      0.881132
      0.881133
      0.881132
      0.881133
      0.881132
      0.881133
      0.881132
      0.881133
      0.881132
      0.881133
      0.881132
      0.881133
      0.881132
      0.881133
      0.881132
      0.881133
      0.881132
      0.881133
      0.881132
      0.881133
      0.881132
      0.881133
      0.881132
      0.881133
      0.881132
      0.881133
      0.881132
      0.881133
      0.881132
      0.881133
      0.881132
      0.881133
      0.881132
      0.881133
      0.881132
      0.881133
      0.881132
      0.881133
      0.881132
      0.881133
      0.881132
      0.881133
      0.881132
      0.881133
      0.881132
      0.881133
      0.881132
      0.881133
      0.881132
      0.881133
      0.881132
      0.881133
      0.822585
      0.822585
      0.822585
      0.822585
      0.822585
      0.822585
      0.822585
      0.822585
      0.822585
      0.822585
      0.822585
      0.822585
      0.822585
      0.822585
      0.822585
      0.822585
      0.822585
      0.822585
      0.822585
      0.822585
      0.822585
      0.822585
      0.822585
      0.822585
      0.822585
      0.822585
      0.822585
      0.822585
      0.822585
      0.822585
      0.822585
      0.822585
      0.822585
      0.822585
      0.822585
      0.822585
      0.822585
      0.822585
      0.822585
      0.822585
      0.822585
      0.822585
      0.822585
      0.822585
      0.822585
      0.822585
      0.822585
      0.822585
      0.822585
      0.822585
      0.822585
      0.822585
      0.822585
      0.822585
      0.822585
      0.822585
      0.822585
      0.822585
      0.822585
      0.765049
      0.765047
      0.765049
      0.765047
      0.765049
      0.765047
      0.765049
      0.765047
      0.765049
      0.765047
      0.765049
      0.765047
      0.765049
      0.765047
      0.765049
      0.765047
      0.765049
      0.765047
      0.765049
      0.765047
      0.765049
      0.765047
      0.765049
      0.765047
      0.765049
      0.765047
      0.765049
      0.765047
      0.765048
      0.765047
      0.765048
      0.765047
      0.765049
      0.765047
      0.765049
      0.765047
      0.765049
      0.765047
      0.765049
      0.765047
      0.765049
      0.765047
      0.765049
      0.765047
      0.765049
      0.765047
      0.765049
      0.765047
      0.765049
      0.765047
      0.765049
      0.765047
      0.765049
      0.765047
      0.765049
      0.765047
      0.765049
      0.765047
      0.765049
      0.708813
      0.708812
      0.708813
      0.708812
      0.708813
      0.708812
      0.708813
      0.708812
      0.708813
      0.708812
      0.708813
      0.708812
      0.708813
      0.708812
      0.708813
      0.708812
      0.708813
      0.708812
      0.708813
      0.708812
      0.708813
      0.708812
      0.708813
      0.708812
      0.708813
      0.708812
      0.708813
      0.708812
      0.708813
      0.708812
      0.708813
      0.708812
      0.708813
      0.708812
      0.708813
      0.708812
      0.708813
      0.708812
      0.708813
      0.708812
      0.708813
      0.708812
      0.708813
      0.708812
      0.708813
      0.708812
      0.708813
      0.708812
      0.708813
      0.708812
      0.708813
      0.708812
      0.708813
      0.708812
      0.708813
      0.708812
      0.708813
      0.708812
      0.708813
      0.654158
      0.654156
      0.654158
      0.654156
      0.654158
      0.654156
      0.654158
      0.654156
      0.654158
      0.654156
      0.654158
      0.654156
      0.654158
      0.654156
      0.654158
      0.654156
      0.654158
      0.654156
      0.654158
      0.654156
      0.654158
      0.654156
      0.654158
      0.654156
      0.654158
      0.654156
      0.654158
      0.654156
      0.654158
      0.654156
      0.654158
      0.654156
      0.654158
      0.654156
      0.654158
      0.654156
      0.654158
      0.654156
      0.654158
      0.654156
      0.654158
      0.654156
      0.654158
      0.654156
      0.654158
      0.654156
      0.654158
      0.654156
      0.654158
      0.654156
      0.654158
      0.654156
      0.654158
      0.654156
      0.654158
      0.654156
      0.654158
      0.654156
      0.654158
      0.601328
      0.601328
      0.601328
      0.601328
      0.601328
      0.601328
      0.601328
      0.601328
      0.601328
      0.601328
      0.601328
      0.601328
      0.601328
      0.601328
      0.601328
      0.601328
      0.601328
      0.601328
      0.601328
      0.601328
      0.601328
      0.601328
      0.601328
      0.601328
      0.601328
      0.601328
      0.601328
      0.601328
      0.601328
      0.601328
      0.601328
      0.601328
      0.601328
      0.601328
      0.601328
      0.601328
      0.601328
      0.601328
      0.601328
      0.601328
      0.601328
      0.601328
      0.601328
      0.601328
      0.601328
      0.601328
      0.601328
      0.601328
      0.601328
      0.601328
      0.601328
      0.601328
      0.601328
      0.601328
      0.601328
      0.601328
      0.601328
      0.601328
      0.601328
      0.550555
      0.550553
      0.550555
      0.550553
      0.550555
      0.550553
      0.550555
      0.550553
      0.550555
      0.550553
      0.550555
      0.550553
      0.550555
      0.550553
      0.550555
      0.550553
      0.550555
      0.550553
      0.550555
      0.550553
      0.550555
      0.550553
      0.550555
      0.550553
      0.550555
      0.550553
      0.550555
      0.550553
      0.550555
      0.550553
      0.550555
      0.550553
      0.550555
      0.550553
      0.550555
      0.550553
      0.550555
      0.550553
      0.550555
      0.550553
      0.550555
      0.550553
      0.550555
      0.550553
      0.550555
      0.550553
      0.550555
      0.550553
      0.550555
      0.550553
      0.550555
      0.550553
      0.550555
      0.550553
      0.550555
      0.550553
      0.550555
      0.550553
      0.550555
      0.502025
      0.502024
      0.502025
      0.502024
      0.502025
      0.502024
      0.502025
      0.502024
      0.502025
      0.502024
      0.502025
      0.502024
      0.502025
      0.502024
      0.502025
      0.502024
      0.502025
      0.502024
      0.502025
      0.502024
      0.502024
      0.502024
      0.502024
      0.502024
      0.502024
      0.502024
      0.502024
      0.502024
      0.502024
      0.502024
      0.502024
      0.502024
      0.502024
      0.502024
      0.502024
      0.502024
      0.502024
      0.502024
      0.502024
      0.502024
      0.502025
      0.502024
      0.502025
      0.502024
      0.502025
      0.502024
      0.502025
      0.502024
      0.502025
      0.502024
      0.502025
      0.502024
      0.502025
      0.502024
      0.502025
      0.502024
      0.502025
      0.502024
      0.502025
      0.455907
      0.455905
      0.455907
      0.455905
      0.455907
      0.455905
      0.455907
      0.455905
      0.455907
      0.455905
      0.455907
      0.455905
      0.455907
      0.455905
      0.455907
      0.455905
      0.455907
      0.455905
      0.455907
      0.455905
      0.455907
      0.455905
      0.455907
      0.455905
      0.455907
      0.455905
      0.455907
      0.455905
      0.455907
      0.455905
      0.455907
      0.455905
      0.455907
      0.455905
      0.455907
      0.455905
      0.455907
      0.455905
      0.455907
      0.455905
      0.455907
      0.455905
      0.455907
      0.455905
      0.455907
      0.455905
      0.455907
      0.455905
      0.455907
      0.455905
      0.455907
      0.455905
      0.455907
      0.455905
      0.455907
      0.455905
      0.455907
      0.455905
      0.455907
      0.412325
      0.412325
      0.412325
      0.412325
      0.412325
      0.412325
      0.412325
      0.412325
      0.412325
      0.412325
      0.412325
      0.412325
      0.412325
      0.412325
      0.412325
      0.412325
      0.412325
      0.412325
      0.412325
      0.412324
      0.412325
      0.412324
      0.412325
      0.412324
      0.412325
      0.412324
      0.412325
      0.412324
      0.412325
      0.412324
      0.412325
      0.412324
      0.412325
      0.412324
      0.412325
      0.412324
      0.412325
      0.412324
      0.412325
      0.412324
      0.412325
      0.412325
      0.412325
      0.412325
      0.412325
      0.412325
      0.412325
      0.412325
      0.412325
      0.412325
      0.412325
      0.412325
      0.412325
      0.412325
      0.412325
      0.412325
      0.412325
      0.412325
      0.412325
      0.371385
      0.371384
      0.371385
      0.371384
      0.371385
      0.371384
      0.371385
      0.371384
      0.371385
      0.371384
      0.371385
      0.371383
      0.371385
      0.371383
      0.371385
      0.371383
      0.371385
      0.371383
      0.371385
      0.371383
      0.371385
      0.371383
      0.371385
      0.371383
      0.371385
      0.371383
      0.371384
      0.371382
      0.371384
      0.371382
      0.371384
      0.371382
      0.371384
      0.371383
      0.371385
      0.371383
      0.371385
      0.371383
      0.371385
      0.371383
      0.371385
      0.371383
      0.371385
      0.371383
      0.371385
      0.371383
      0.371385
      0.371383
      0.371385
      0.371384
      0.371385
      0.371384
      0.371385
      0.371384
      0.371385
      0.371384
      0.371385
      0.371384
      0.371385
      0.333146
      0.333146
      0.333146
      0.333146
      0.333146
      0.333146
      0.333146
      0.333146
      0.333146
      0.333146
      0.333146
      0.333146
      0.333146
      0.333145
      0.333146
      0.333145
      0.333146
      0.333145
      0.333146
      0.333145
      0.333145
      0.333145
      0.333145
      0.333145
      0.333145
      0.333144
      0.333145
      0.333144
      0.333145
      0.333144
      0.333145
      0.333144
      0.333145
      0.333144
      0.333145
      0.333145
      0.333145
      0.333145
      0.333145
      0.333145
      0.333146
      0.333145
      0.333146
      0.333145
      0.333146
      0.333145
      0.333146
      0.333146
      0.333146
      0.333146
      0.333146
      0.333146
      0.333146
      0.333146
      0.333146
      0.333146
      0.333146
      0.333146
      0.333146
      0.297652
       0.29765
      0.297652
       0.29765
      0.297652
       0.29765
      0.297652
       0.29765
      0.297652
       0.29765
      0.297652
       0.29765
      0.297651
       0.29765
      0.297651
       0.29765
      0.297651
      0.297649
      0.297651
      0.297649
      0.297651
      0.297649
       0.29765
      0.297649
       0.29765
      0.297648
       0.29765
      0.297648
       0.29765
      0.297648
       0.29765
      0.297648
       0.29765
      0.297648
       0.29765
      0.297649
       0.29765
      0.297649
      0.297651
      0.297649
      0.297651
      0.297649
      0.297651
       0.29765
      0.297651
       0.29765
      0.297651
       0.29765
      0.297652
       0.29765
      0.297652
       0.29765
      0.297652
       0.29765
      0.297652
       0.29765
      0.297652
       0.29765
      0.297652
      0.264904
      0.264903
      0.264904
      0.264903
      0.264904
      0.264903
      0.264904
      0.264903
      0.264904
      0.264903
      0.264904
      0.264903
      0.264903
      0.264903
      0.264903
      0.264903
      0.264903
      0.264903
      0.264903
      0.264902
      0.264902
      0.264902
      0.264902
      0.264901
      0.264902
      0.264901
      0.264901
      0.264901
      0.264901
        0.2649
      0.264901
      0.264901
      0.264901
      0.264901
      0.264902
      0.264901
      0.264902
      0.264902
      0.264902
      0.264902
      0.264903
      0.264903
      0.264903
      0.264903
      0.264903
      0.264903
      0.264903
      0.264903
      0.264904
      0.264903
      0.264904
      0.264903
      0.264904
      0.264903
      0.264904
      0.264903
      0.264904
      0.264903
      0.264904
      0.234892
      0.234891
      0.234892
      0.234891
      0.234892
      0.234891
      0.234892
      0.234891
      0.234892
      0.234891
      0.234892
      0.234891
      0.234892
       0.23489
      0.234891
       0.23489
      0.234891
       0.23489
      0.234891
      0.234889
       0.23489
      0.234889
       0.23489
      0.234888
      0.234889
      0.234888
      0.234888
      0.234887
      0.234888
      0.234887
      0.234888
      0.234887
      0.234888
      0.234888
      0.234889
      0.234888
       0.23489
      0.234889
       0.23489
      0.234889
      0.234891
       0.23489
      0.234891
       0.23489
      0.234891
       0.23489
      0.234892
      0.234891
      0.234892
      0.234891
      0.234892
      0.234891
      0.234892
      0.234891
      0.234892
      0.234891
      0.234892
      0.234891
      0.234892
      0.207572
      0.207572
      0.207572
      0.207572
      0.207572
      0.207572
      0.207572
      0.207572
      0.207572
      0.207572
      0.207572
      0.207572
      0.207572
      0.207572
      0.207572
      0.207571
      0.207572
      0.207571
      0.207571
       0.20757
       0.20757
       0.20757
       0.20757
      0.207569
      0.207569
      0.207568
      0.207568
      0.207567
      0.207567
      0.207567
      0.207567
      0.207567
      0.207568
      0.207568
      0.207569
      0.207569
       0.20757
       0.20757
       0.20757
       0.20757
      0.207571
      0.207571
      0.207572
      0.207571
      0.207572
      0.207572
      0.207572
      0.207572
      0.207572
      0.207572
      0.207572
      0.207572
      0.207572
      0.207572
      0.207572
      0.207572
      0.207572
      0.207572
      0.207572
      0.182893
      0.182892
      0.182893
      0.182892
      0.182893
      0.182892
      0.182893
      0.182892
      0.182892
      0.182892
      0.182892
      0.182892
      0.182892
      0.182891
      0.182892
      0.182891
      0.182891
       0.18289
      0.182891
       0.18289
       0.18289
      0.182889
      0.182889
      0.182888
      0.182888
      0.182886
      0.182886
      0.182885
      0.182886
      0.182885
      0.182886
      0.182885
      0.182886
      0.182886
      0.182888
      0.182888
      0.182889
      0.182889
       0.18289
       0.18289
      0.182891
       0.18289
      0.182891
      0.182891
      0.182892
      0.182891
      0.182892
      0.182892
      0.182892
      0.182892
      0.182892
      0.182892
      0.182893
      0.182892
      0.182893
      0.182892
      0.182893
      0.182892
      0.182893
      0.160777
      0.160777
      0.160777
      0.160777
      0.160777
      0.160777
      0.160777
      0.160777
      0.160777
      0.160777
      0.160777
      0.160777
      0.160777
      0.160777
      0.160777
      0.160776
      0.160776
      0.160775
      0.160775
      0.160774
      0.160774
      0.160773
      0.160772
      0.160772
      0.160771
       0.16077
      0.160769
      0.160768
      0.160768
      0.160768
      0.160768
      0.160768
      0.160769
       0.16077
      0.160771
      0.160772
      0.160772
      0.160773
      0.160774
      0.160774
      0.160775
      0.160775
      0.160776
      0.160776
      0.160777
      0.160777
      0.160777
      0.160777
      0.160777
      0.160777
      0.160777
      0.160777
      0.160777
      0.160777
      0.160777
      0.160777
      0.160777
      0.160777
      0.160777
      0.141146
      0.141146
      0.141146
      0.141146
      0.141146
      0.141146
      0.141146
      0.141146
      0.141146
      0.141146
      0.141146
      0.141146
      0.141146
      0.141146
      0.141145
      0.141145
      0.141145
      0.141144
      0.141144
      0.141143
      0.141142
      0.141141
       0.14114
      0.141139
      0.141138
      0.141137
      0.141136
      0.141135
      0.141134
      0.141134
      0.141134
      0.141135
      0.141136
      0.141137
      0.141138
      0.141139
       0.14114
      0.141141
      0.141142
      0.141143
      0.141144
      0.141144
      0.141145
      0.141145
      0.141145
      0.141146
      0.141146
      0.141146
      0.141146
      0.141146
      0.141146
      0.141146
      0.141146
      0.141146
      0.141146
      0.141146
      0.141146
      0.141146
      0.141146
      0.123909
      0.123909
      0.123909
      0.123909
      0.123909
      0.123909
      0.123909
      0.123909
      0.123909
      0.123909
      0.123909
      0.123909
      0.123909
      0.123909
      0.123908
      0.123908
      0.123908
      0.123907
      0.123906
      0.123905
      0.123904
      0.123903
      0.123902
        0.1239
      0.123899
      0.123897
      0.123895
      0.123894
      0.123893
      0.123893
      0.123893
      0.123894
      0.123895
      0.123897
      0.123899
        0.1239
      0.123902
      0.123903
      0.123904
      0.123905
      0.123906
      0.123907
      0.123908
      0.123908
      0.123908
      0.123909
      0.123909
      0.123909
      0.123909
      0.123909
      0.123909
      0.123909
      0.123909
      0.123909
      0.123909
      0.123909
      0.123909
      0.123909
      0.123909
      0.108975
      0.108975
      0.108975
      0.108975
      0.108975
      0.108975
      0.108975
      0.108975
      0.108974
      0.108975
      0.108974
      0.108974
      0.108974
      0.108974
      0.108973
      0.108973
      0.108972
      0.108972
      0.108971
       0.10897
      0.108969
      0.108967
      0.108965
      0.108963
      0.108961
      0.108959
      0.108956
      0.108955
      0.108953
      0.108953
      0.108953
      0.108955
      0.108956
      0.108959
      0.108961
      0.108963
      0.108965
      0.108967
      0.108969
       0.10897
      0.108971
      0.108972
      0.108972
      0.108973
      0.108973
      0.108974
      0.108974
      0.108974
      0.108974
      0.108975
      0.108974
      0.108975
      0.108975
      0.108975
      0.108975
      0.108975
      0.108975
      0.108975
      0.108975
     0.0962515
     0.0962517
     0.0962515
     0.0962516
     0.0962515
     0.0962516
     0.0962514
     0.0962515
     0.0962513
     0.0962514
     0.0962511
     0.0962511
     0.0962507
     0.0962506
       0.09625
     0.0962497
     0.0962489
     0.0962483
     0.0962471
      0.096246
     0.0962443
     0.0962425
       0.09624
     0.0962374
     0.0962341
     0.0962309
     0.0962275
     0.0962247
     0.0962226
      0.096222
     0.0962226
     0.0962247
     0.0962275
     0.0962309
     0.0962341
     0.0962374
       0.09624
     0.0962425
     0.0962443
      0.096246
     0.0962471
     0.0962483
     0.0962489
     0.0962497
       0.09625
     0.0962506
     0.0962507
     0.0962511
     0.0962511
     0.0962514
     0.0962513
     0.0962515
     0.0962514
     0.0962516
     0.0962515
     0.0962516
     0.0962515
     0.0962517
     0.0962515
     0.0856519
     0.0856526
     0.0856519
     0.0856525
     0.0856519
     0.0856525
     0.0856518
     0.0856524
     0.0856517
     0.0856522
     0.0856514
     0.0856519
      0.085651
     0.0856513
     0.0856503
     0.0856504
      0.085649
     0.0856487
     0.0856469
      0.085646
     0.0856435
     0.0856417
     0.0856381
     0.0856352
     0.0856303
     0.0856263
     0.0856207
     0.0856169
      0.085613
     0.0856124
      0.085613
     0.0856169
     0.0856207
     0.0856263
     0.0856303
     0.0856352
     0.0856381
     0.0856417
     0.0856435
      0.085646
     0.0856469
     0.0856487
      0.085649
     0.0856504
     0.0856503
     0.0856513
      0.085651
     0.0856519
     0.0856514
     0.0856522
     0.0856517
     0.0856524
     0.0856518
     0.0856525
     0.0856519
     0.0856525
     0.0856519
     0.0856526
     0.0856519
      0.077099
     0.0770992
      0.077099
     0.0770992
     0.0770989
     0.0770992
     0.0770989
     0.0770991
     0.0770987
     0.0770989
     0.0770985
     0.0770985
      0.077098
     0.0770979
     0.0770972
     0.0770968
     0.0770958
      0.077095
     0.0770934
     0.0770919
     0.0770894
     0.0770867
     0.0770828
     0.0770785
     0.0770727
     0.0770664
     0.0770589
      0.077052
     0.0770462
     0.0770441
     0.0770462
      0.077052
     0.0770589
     0.0770664
     0.0770727
     0.0770785
     0.0770828
     0.0770867
     0.0770894
     0.0770919
     0.0770934
      0.077095
     0.0770958
     0.0770968
     0.0770972
     0.0770979
      0.077098
     0.0770985
     0.0770985
     0.0770989
     0.0770987
     0.0770991
     0.0770989
     0.0770992
     0.0770989
     0.0770992
      0.077099
     0.0770992
      0.077099
     0.0705211
      0.070522
     0.0705211
      0.070522
     0.0705211
      0.070522
      0.070521
     0.0705219
     0.0705209
     0.0705217
     0.0705206
     0.0705213
     0.0705201
     0.0705206
     0.0705192
     0.0705195
     0.0705177
     0.0705174
      0.070515
     0.0705139
     0.0705104
      0.070508
     0.0705027
      0.070498
     0.0704899
     0.0704819
     0.0704702
     0.0704598
     0.0704489
     0.0704451
     0.0704489
     0.0704598
     0.0704702
     0.0704819
     0.0704899
      0.070498
     0.0705027
      0.070508
     0.0705104
     0.0705139
      0.070515
     0.0705174
     0.0705177
     0.0705195
     0.0705192
     0.0705206
     0.0705201
     0.0705213
     0.0705206
     0.0705217
     0.0705209
     0.0705219
      0.070521
      0.070522
     0.0705211
      0.070522
     0.0705211
      0.070522
     0.0705211
     0.0658658
     0.0658662
     0.0658658
     0.0658662
     0.0658658
     0.0658661
     0.0658657
      0.065866
     0.0658656
     0.0658658
     0.0658653
     0.0658654
     0.0658648
     0.0658647
     0.0658638
     0.0658635
     0.0658622
     0.0658613
     0.0658593
     0.0658575
     0.0658543
     0.0658509
     0.0658455
     0.0658393
     0.0658302
      0.065819
     0.0658037
     0.0657852
     0.0657646
     0.0657549
     0.0657646
     0.0657852
     0.0658037
      0.065819
     0.0658302
     0.0658393
     0.0658455
     0.0658509
     0.0658543
     0.0658575
     0.0658593
     0.0658613
     0.0658622
     0.0658635
     0.0658638
     0.0658647
     0.0658648
     0.0658654
     0.0658653
     0.0658658
     0.0658656
      0.065866
     0.0658657
     0.0658661
     0.0658658
     0.0658662
     0.0658658
     0.0658662
     0.0658658
      0.063088
      0.063089
      0.063088
      0.063089
     0.0630879
     0.0630889
     0.0630878
     0.0630888
     0.0630877
     0.0630886
     0.0630874
     0.0630882
     0.0630869
     0.0630875
     0.0630859
     0.0630862
     0.0630842
      0.063084
     0.0630812
       0.06308
     0.0630759
     0.0630729
     0.0630664
     0.0630601
     0.0630491
     0.0630362
     0.0630158
     0.0629877
     0.0629434
     0.0629193
     0.0629434
     0.0629877
     0.0630158
     0.0630362
     0.0630491
     0.0630601
     0.0630664
     0.0630729
     0.0630759
       0.06308
     0.0630812
      0.063084
     0.0630842
     0.0630862
     0.0630859
     0.0630875
     0.0630869
     0.0630882
     0.0630874
     0.0630886
     0.0630877
     0.0630888
     0.0630878
     0.0630889
     0.0630879
      0.063089
      0.063088
      0.063089
      0.063088
     0.0621663
     0.0621666
     0.0621663
     0.0621666
     0.0621662
     0.0621666
     0.0621662
     0.0621664
      0.062166
     0.0621662
     0.0621657
     0.0621658
     0.0621652
     0.0621651
     0.0621642
     0.0621638
     0.0621625
     0.0621615
     0.0621594
     0.0621574
      0.062154
     0.0621502
     0.0621442
     0.0621369
     0.0621261
     0.0621115
     0.0620894
     0.0620554
     0.0619966
     0.0618822
     0.0619966
     0.0620554
     0.0620894
     0.0621115
     0.0621261
     0.0621369
     0.0621442
     0.0621502
      0.062154
     0.0621574
     0.0621594
     0.0621615
     0.0621625
     0.0621638
     0.0621642
     0.0621651
     0.0621652
     0.0621658
     0.0621657
     0.0621662
      0.062166
     0.0621664
     0.0621662
     0.0621666
     0.0621662
     0.0621666
     0.0621663
     0.0621666
     0.0621663
      0.063088
      0.063089
      0.063088
      0.063089
     0.0630879
     0.0630889
     0.0630878
     0.0630888
     0.0630877
     0.0630886
     0.0630874
     0.0630882
     0.0630869
     0.0630875
     0.0630859
     0.0630862
     0.0630842
      0.063084
     0.0630812
       0.06308
     0.0630759
     0.0630729
     0.0630664
     0.0630601
     0.0630491
     0.0630362
     0.0630158
     0.0629877
     0.0629434
     0.0629193
     0.0629434
     0.0629877
     0.0630158
     0.0630362
     0.0630491
     0.0630601
     0.0630664
     0.0630729
     0.0630759
       0.06308
     0.0630812
      0.063084
     0.0630842
     0.0630862
     0.0630859
     0.0630875
     0.0630869
     0.0630882
     0.0630874
     0.0630886
     0.0630877
     0.0630888
     0.0630878
     0.0630889
     0.0630879
      0.063089
      0.063088
      0.063089
      0.063088
     0.0658658
     0.0658662
     0.0658658
     0.0658662
     0.0658658
     0.0658661
     0.0658657
      0.065866
     0.0658656
     0.0658658
     0.0658653
     0.0658654
     0.0658648
     0.0658647
     0.0658638
     0.0658635
     0.0658622
     0.0658613
     0.0658593
     0.0658575
     0.0658543
     0.0658509
     0.0658455
     0.0658393
     0.0658302
      0.065819
     0.0658037
     0.0657852
     0.0657646
     0.0657549
     0.0657646
     0.0657852
     0.0658037
      0.065819
     0.0658302
     0.0658393
     0.0658455
     0.0658509
     0.0658543
     0.0658575
     0.0658593
     0.0658613
     0.0658622
     0.0658635
     0.0658638
     0.0658647
     0.0658648
     0.0658654
     0.0658653
     0.0658658
     0.0658656
      0.065866
     0.0658657
     0.0658661
     0.0658658
     0.0658662
     0.0658658
     0.0658662
     0.0658658
     0.0705211
      0.070522
     0.0705211
      0.070522
     0.0705211
      0.070522
      0.070521
     0.0705219
     0.0705209
     0.0705217
     0.0705206
     0.0705213
     0.0705201
     0.0705206
     0.0705192
     0.0705195
     0.0705177
     0.0705174
      0.070515
     0.0705139
     0.0705104
      0.070508
     0.0705027
      0.070498
     0.0704899
     0.0704819
     0.0704702
     0.0704598
     0.0704489
     0.0704451
     0.0704489
     0.0704598
     0.0704702
     0.0704819
     0.0704899
      0.070498
     0.0705027
      0.070508
     0.0705104
     0.0705139
      0.070515
     0.0705174
     0.0705177
     0.0705195
     0.0705192
     0.0705206
     0.0705201
     0.0705213
     0.0705206
     0.0705217
     0.0705209
     0.0705219
      0.070521
      0.070522
     0.0705211
      0.070522
     0.0705211
      0.070522
     0.0705211
      0.077099
     0.0770992
      0.077099
     0.0770992
     0.0770989
     0.0770992
     0.0770989
     0.0770991
     0.0770987
     0.0770989
     0.0770985
     0.0770985
      0.077098
     0.0770979
     0.0770972
     0.0770968
     0.0770958
      0.077095
     0.0770934
     0.0770919
     0.0770894
     0.0770867
     0.0770828
     0.0770785
     0.0770727
     0.0770664
     0.0770589
      0.077052
     0.0770462
     0.0770441
     0.0770462
      0.077052
     0.0770589
     0.0770664
     0.0770727
     0.0770785
     0.0770828
     0.0770867
     0.0770894
     0.0770919
     0.0770934
      0.077095
     0.0770958
     0.0770968
     0.0770972
     0.0770979
      0.077098
     0.0770985
     0.0770985
     0.0770989
     0.0770987
     0.0770991
     0.0770989
     0.0770992
     0.0770989
     0.0770992
      0.077099
     0.0770992
      0.077099
     0.0856519
     0.0856526
     0.0856519
     0.0856525
     0.0856519
     0.0856525
     0.0856518
     0.0856524
     0.0856517
     0.0856522
     0.0856514
     0.0856519
      0.085651
     0.0856513
     0.0856503
     0.0856504
      0.085649
     0.0856487
     0.0856469
      0.085646
     0.0856435
     0.0856417
     0.0856381
     0.0856352
     0.0856303
     0.0856263
     0.0856207
     0.0856169
      0.085613
     0.0856124
      0.085613
     0.0856169
     0.0856207
     0.0856263
     0.0856303
     0.0856352
     0.0856381
     0.0856417
     0.0856435
      0.085646
     0.0856469
     0.0856487
      0.085649
     0.0856504
     0.0856503
     0.0856513
      0.085651
     0.0856519
     0.0856514
     0.0856522
     0.0856517
     0.0856524
     0.0856518
     0.0856525
     0.0856519
     0.0856525
     0.0856519
     0.0856526
     0.0856519
     0.0962515
     0.0962517
     0.0962515
     0.0962516
     0.0962515
     0.0962516
     0.0962514
     0.0962515
     0.0962513
     0.0962514
     0.0962511
     0.0962511
     0.0962507
     0.0962506
       0.09625
     0.0962497
     0.0962489
     0.0962483
     0.0962471
      0.096246
     0.0962443
     0.0962425
       0.09624
     0.0962374
     0.0962341
     0.0962309
     0.0962275
     0.0962247
     0.0962226
      0.096222
     0.0962226
     0.0962247
     0.0962275
     0.0962309
     0.0962341
     0.0962374
       0.09624
     0.0962425
     0.0962443
      0.096246
     0.0962471
     0.0962483
     0.0962489
     0.0962497
       0.09625
     0.0962506
     0.0962507
     0.0962511
     0.0962511
     0.0962514
     0.0962513
     0.0962515
     0.0962514
     0.0962516
     0.0962515
     0.0962516
     0.0962515
     0.0962517
     0.0962515
      0.108975
      0.108975
      0.108975
      0.108975
      0.108975
      0.108975
      0.108975
      0.108975
      0.108974
      0.108975
      0.108974
      0.108974
      0.108974
      0.108974
      0.108973
      0.108973
      0.108972
      0.108972
      0.108971
       0.10897
      0.108969
      0.108967
      0.108965
      0.108963
      0.108961
      0.108959
      0.108956
      0.108955
      0.108953
      0.108953
      0.108953
      0.108955
      0.108956
      0.108959
      0.108961
      0.108963
      0.108965
      0.108967
      0.108969
       0.10897
      0.108971
      0.108972
      0.108972
      0.108973
      0.108973
      0.108974
      0.108974
      0.108974
      0.108974
      0.108975
      0.108974
      0.108975
      0.108975
      0.108975
      0.108975
      0.108975
      0.108975
      0.108975
      0.108975
      0.123909
      0.123909
      0.123909
      0.123909
      0.123909
      0.123909
      0.123909
      0.123909
      0.123909
      0.123909
      0.123909
      0.123909
      0.123909
      0.123909
      0.123908
      0.123908
      0.123908
      0.123907
      0.123906
      0.123905
      0.123904
      0.123903
      0.123902
        0.1239
      0.123899
      0.123897
      0.123895
      0.123894
      0.123893
      0.123893
      0.123893
      0.123894
      0.123895
      0.123897
      0.123899
        0.1239
      0.123902
      0.123903
      0.123904
      0.123905
      0.123906
      0.123907
      0.123908
      0.123908
      0.123908
      0.123909
      0.123909
      0.123909
      0.123909
      0.123909
      0.123909
      0.123909
      0.123909
      0.123909
      0.123909
      0.123909
      0.123909
      0.123909
      0.123909
      0.141146
      0.141146
      0.141146
      0.141146
      0.141146
      0.141146
      0.141146
      0.141146
      0.141146
      0.141146
      0.141146
      0.141146
      0.141146
      0.141146
      0.141145
      0.141145
      0.141145
      0.141144
      0.141144
      0.141143
      0.141142
      0.141141
       0.14114
      0.141139
      0.141138
      0.141137
      0.141136
      0.141135
      0.141134
      0.141134
      0.141134
      0.141135
      0.141136
      0.141137
      0.141138
      0.141139
       0.14114
      0.141141
      0.141142
      0.141143
      0.141144
      0.141144
      0.141145
      0.141145
      0.141145
      0.141146
      0.141146
      0.141146
      0.141146
      0.141146
      0.141146
      0.141146
      0.141146
      0.141146
      0.141146
      0.141146
      0.141146
      0.141146
      0.141146
      0.160777
      0.160777
      0.160777
      0.160777
      0.160777
      0.160777
      0.160777
      0.160777
      0.160777
      0.160777
      0.160777
      0.160777
      0.160777
      0.160777
      0.160777
      0.160776
      0.160776
      0.160775
      0.160775
      0.160774
      0.160774
      0.160773
      0.160772
      0.160772
      0.160771
       0.16077
      0.160769
      0.160768
      0.160768
      0.160768
      0.160768
      0.160768
      0.160769
       0.16077
      0.160771
      0.160772
      0.160772
      0.160773
      0.160774
      0.160774
      0.160775
      0.160775
      0.160776
      0.160776
      0.160777
      0.160777
      0.160777
      0.160777
      0.160777
      0.160777
      0.160777
      0.160777
      0.160777
      0.160777
      0.160777
      0.160777
      0.160777
      0.160777
      0.160777
      0.182893
      0.182892
      0.182893
      0.182892
      0.182893
      0.182892
      0.182893
      0.182892
      0.182892
      0.182892
      0.182892
      0.182892
      0.182892
      0.182891
      0.182892
      0.182891
      0.182891
       0.18289
      0.182891
       0.18289
       0.18289
      0.182889
      0.182889
      0.182888
      0.182888
      0.182886
      0.182886
      0.182885
      0.182886
      0.182885
      0.182886
      0.182885
      0.182886
      0.182886
      0.182888
      0.182888
      0.182889
      0.182889
       0.18289
       0.18289
      0.182891
       0.18289
      0.182891
      0.182891
      0.182892
      0.182891
      0.182892
      0.182892
      0.182892
      0.182892
      0.182892
      0.182892
      0.182893
      0.182892
      0.182893
      0.182892
      0.182893
      0.182892
      0.182893
      0.207572
      0.207572
      0.207572
      0.207572
      0.207572
      0.207572
      0.207572
      0.207572
      0.207572
      0.207572
      0.207572
      0.207572
      0.207572
      0.207572
      0.207572
      0.207571
      0.207572
      0.207571
      0.207571
       0.20757
       0.20757
       0.20757
       0.20757
      0.207569
      0.207569
      0.207568
      0.207568
      0.207567
      0.207567
      0.207567
      0.207567
      0.207567
      0.207568
      0.207568
      0.207569
      0.207569
       0.20757
       0.20757
       0.20757
       0.20757
      0.207571
      0.207571
      0.207572
      0.207571
      0.207572
      0.207572
      0.207572
      0.207572
      0.207572
      0.207572
      0.207572
      0.207572
      0.207572
      0.207572
      0.207572
      0.207572
      0.207572
      0.207572
      0.207572
      0.234892
      0.234891
      0.234892
      0.234891
      0.234892
      0.234891
      0.234892
      0.234891
      0.234892
      0.234891
      0.234892
      0.234891
      0.234892
       0.23489
      0.234891
       0.23489
      0.234891
       0.23489
      0.234891
      0.234889
       0.23489
      0.234889
       0.23489
      0.234888
      0.234889
      0.234888
      0.234888
      0.234887
      0.234888
      0.234887
      0.234888
      0.234887
      0.234888
      0.234888
      0.234889
      0.234888
       0.23489
      0.234889
       0.23489
      0.234889
      0.234891
       0.23489
      0.234891
       0.23489
      0.234891
       0.23489
      0.234892
      0.234891
      0.234892
      0.234891
      0.234892
      0.234891
      0.234892
      0.234891
      0.234892
      0.234891
      0.234892
      0.234891
      0.234892
      0.264904
      0.264903
      0.264904
      0.264903
      0.264904
      0.264903
      0.264904
      0.264903
      0.264904
      0.264903
      0.264904
      0.264903
      0.264903
      0.264903
      0.264903
      0.264903
      0.264903
      0.264903
      0.264903
      0.264902
      0.264902
      0.264902
      0.264902
      0.264901
      0.264902
      0.264901
      0.264901
      0.264901
      0.264901
        0.2649
      0.264901
      0.264901
      0.264901
      0.264901
      0.264902
      0.264901
      0.264902
      0.264902
      0.264902
      0.264902
      0.264903
      0.264903
      0.264903
      0.264903
      0.264903
      0.264903
      0.264903
      0.264903
      0.264904
      0.264903
      0.264904
      0.264903
      0.264904
      0.264903
      0.264904
      0.264903
      0.264904
      0.264903
      0.264904
      0.297652
       0.29765
      0.297652
       0.29765
      0.297652
       0.29765
      0.297652
       0.29765
      0.297652
       0.29765
      0.297652
       0.29765
      0.297651
       0.29765
      0.297651
       0.29765
      0.297651
      0.297649
      0.297651
      0.297649
      0.297651
      0.297649
       0.29765
      0.297649
       0.29765
      0.297648
       0.29765
      0.297648
       0.29765
      0.297648
       0.29765
      0.297648
       0.29765
      0.297648
       0.29765
      0.297649
       0.29765
      0.297649
      0.297651
      0.297649
      0.297651
      0.297649
      0.297651
       0.29765
      0.297651
       0.29765
      0.297651
       0.29765
      0.297652
       0.29765
      0.297652
       0.29765
      0.297652
       0.29765
      0.297652
       0.29765
      0.297652
       0.29765
      0.297652
      0.333146
      0.333146
      0.333146
      0.333146
      0.333146
      0.333146
      0.333146
      0.333146
      0.333146
      0.333146
      0.333146
      0.333146
      0.333146
      0.333145
      0.333146
      0.333145
      0.333146
      0.333145
      0.333146
      0.333145
      0.333145
      0.333145
      0.333145
      0.333145
      0.333145
      0.333144
      0.333145
      0.333144
      0.333145
      0.333144
      0.333145
      0.333144
      0.333145
      0.333144
      0.333145
      0.333145
      0.333145
      0.333145
      0.333145
      0.333145
      0.333146
      0.333145
      0.333146
      0.333145
      0.333146
      0.333145
      0.333146
      0.333146
      0.333146
      0.333146
      0.333146
      0.333146
      0.333146
      0.333146
      0.333146
      0.333146
      0.333146
      0.333146
      0.333146
      0.371385
      0.371384
      0.371385
      0.371384
      0.371385
      0.371384
      0.371385
      0.371384
      0.371385
      0.371384
      0.371385
      0.371383
      0.371385
      0.371383
      0.371385
      0.371383
      0.371385
      0.371383
      0.371385
      0.371383
      0.371385
      0.371383
      0.371385
      0.371383
      0.371385
      0.371383
      0.371384
      0.371382
      0.371384
      0.371382
      0.371384
      0.371382
      0.371384
      0.371383
      0.371385
      0.371383
      0.371385
      0.371383
      0.371385
      0.371383
      0.371385
      0.371383
      0.371385
      0.371383
      0.371385
      0.371383
      0.371385
      0.371383
      0.371385
      0.371384
      0.371385
      0.371384
      0.371385
      0.371384
      0.371385
      0.371384
      0.371385
      0.371384
      0.371385
      0.412325
      0.412325
      0.412325
      0.412325
      0.412325
      0.412325
      0.412325
      0.412325
      0.412325
      0.412325
      0.412325
      0.412325
      0.412325
      0.412325
      0.412325
      0.412325
      0.412325
      0.412325
      0.412325
      0.412324
      0.412325
      0.412324
      0.412325
      0.412324
      0.412325
      0.412324
      0.412325
      0.412324
      0.412325
      0.412324
      0.412325
      0.412324
      0.412325
      0.412324
      0.412325
      0.412324
      0.412325
      0.412324
      0.412325
      0.412324
      0.412325
      0.412325
      0.412325
      0.412325
      0.412325
      0.412325
      0.412325
      0.412325
      0.412325
      0.412325
      0.412325
      0.412325
      0.412325
      0.412325
      0.412325
      0.412325
      0.412325
      0.412325
      0.412325
      0.455907
      0.455905
      0.455907
      0.455905
      0.455907
      0.455905
      0.455907
      0.455905
      0.455907
      0.455905
      0.455907
      0.455905
      0.455907
      0.455905
      0.455907
      0.455905
      0.455907
      0.455905
      0.455907
      0.455905
      0.455907
      0.455905
      0.455907
      0.455905
      0.455907
      0.455905
      0.455907
      0.455905
      0.455907
      0.455905
      0.455907
      0.455905
      0.455907
      0.455905
      0.455907
      0.455905
      0.455907
      0.455905
      0.455907
      0.455905
      0.455907
      0.455905
      0.455907
      0.455905
      0.455907
      0.455905
      0.455907
      0.455905
      0.455907
      0.455905
      0.455907
      0.455905
      0.455907
      0.455905
      0.455907
      0.455905
      0.455907
      0.455905
      0.455907
      0.502025
      0.502024
      0.502025
      0.502024
      0.502025
      0.502024
      0.502025
      0.502024
      0.502025
      0.502024
      0.502025
      0.502024
      0.502025
      0.502024
      0.502025
      0.502024
      0.502025
      0.502024
      0.502025
      0.502024
      0.502024
      0.502024
      0.502024
      0.502024
      0.502024
      0.502024
      0.502024
      0.502024
      0.502024
      0.502024
      0.502024
      0.502024
      0.502024
      0.502024
      0.502024
      0.502024
      0.502024
      0.502024
      0.502024
      0.502024
      0.502025
      0.502024
      0.502025
      0.502024
      0.502025
      0.502024
      0.502025
      0.502024
      0.502025
      0.502024
      0.502025
      0.502024
      0.502025
      0.502024
      0.502025
      0.502024
      0.502025
      0.502024
      0.502025
      0.550555
      0.550553
      0.550555
      0.550553
      0.550555
      0.550553
      0.550555
      0.550553
      0.550555
      0.550553
      0.550555
      0.550553
      0.550555
      0.550553
      0.550555
      0.550553
      0.550555
      0.550553
      0.550555
      0.550553
      0.550555
      0.550553
      0.550555
      0.550553
      0.550555
      0.550553
      0.550555
      0.550553
      0.550555
      0.550553
      0.550555
      0.550553
      0.550555
      0.550553
      0.550555
      0.550553
      0.550555
      0.550553
      0.550555
      0.550553
      0.550555
      0.550553
      0.550555
      0.550553
      0.550555
      0.550553
      0.550555
      0.550553
      0.550555
      0.550553
      0.550555
      0.550553
      0.550555
      0.550553
      0.550555
      0.550553
      0.550555
      0.550553
      0.550555
      0.601328
      0.601328
      0.601328
      0.601328
      0.601328
      0.601328
      0.601328
      0.601328
      0.601328
      0.601328
      0.601328
      0.601328
      0.601328
      0.601328
      0.601328
      0.601328
      0.601328
      0.601328
      0.601328
      0.601328
      0.601328
      0.601328
      0.601328
      0.601328
      0.601328
      0.601328
      0.601328
      0.601328
      0.601328
      0.601328
      0.601328
      0.601328
      0.601328
      0.601328
      0.601328
      0.601328
      0.601328
      0.601328
      0.601328
      0.601328
      0.601328
      0.601328
      0.601328
      0.601328
      0.601328
      0.601328
      0.601328
      0.601328
      0.601328
      0.601328
      0.601328
      0.601328
      0.601328
      0.601328
      0.601328
      0.601328
      0.601328
      0.601328
      0.601328
      0.654158
      0.654156
      0.654158
      0.654156
      0.654158
      0.654156
      0.654158
      0.654156
      0.654158
      0.654156
      0.654158
      0.654156
      0.654158
      0.654156
      0.654158
      0.654156
      0.654158
      0.654156
      0.654158
      0.654156
      0.654158
      0.654156
      0.654158
      0.654156
      0.654158
      0.654156
      0.654158
      0.654156
      0.654158
      0.654156
      0.654158
      0.654156
      0.654158
      0.654156
      0.654158
      0.654156
      0.654158
      0.654156
      0.654158
      0.654156
      0.654158
      0.654156
      0.654158
      0.654156
      0.654158
      0.654156
      0.654158
      0.654156
      0.654158
      0.654156
      0.654158
      0.654156
      0.654158
      0.654156
      0.654158
      0.654156
      0.654158
      0.654156
      0.654158
      0.708813
      0.708812
      0.708813
      0.708812
      0.708813
      0.708812
      0.708813
      0.708812
      0.708813
      0.708812
      0.708813
      0.708812
      0.708813
      0.708812
      0.708813
      0.708812
      0.708813
      0.708812
      0.708813
      0.708812
      0.708813
      0.708812
      0.708813
      0.708812
      0.708813
      0.708812
      0.708813
      0.708812
      0.708813
      0.708812
      0.708813
      0.708812
      0.708813
      0.708812
      0.708813
      0.708812
      0.708813
      0.708812
      0.708813
      0.708812
      0.708813
      0.708812
      0.708813
      0.708812
      0.708813
      0.708812
      0.708813
      0.708812
      0.708813
      0.708812
      0.708813
      0.708812
      0.708813
      0.708812
      0.708813
      0.708812
      0.708813
      0.708812
      0.708813
      0.765049
      0.765047
      0.765049
      0.765047
      0.765049
      0.765047
      0.765049
      0.765047
      0.765049
      0.765047
      0.765049
      0.765047
      0.765049
      0.765047
      0.765049
      0.765047
      0.765049
      0.765047
      0.765049
      0.765047
      0.765049
      0.765047
      0.765049
      0.765047
      0.765049
      0.765047
      0.765049
      0.765047
      0.765048
      0.765047
      0.765048
      0.765047
      0.765049
      0.765047
      0.765049
      0.765047
      0.765049
      0.765047
      0.765049
      0.765047
      0.765049
      0.765047
      0.765049
      0.765047
      0.765049
      0.765047
      0.765049
      0.765047
      0.765049
      0.765047
      0.765049
      0.765047
      0.765049
      0.765047
      0.765049
      0.765047
      0.765049
      0.765047
      0.765049
      0.822585
      0.822585
      0.822585
      0.822585
      0.822585
      0.822585
      0.822585
      0.822585
      0.822585
      0.822585
      0.822585
      0.822585
      0.822585
      0.822585
      0.822585
      0.822585
      0.822585
      0.822585
      0.822585
      0.822585
      0.822585
      0.822585
      0.822585
      0.822585
      0.822585
      0.822585
      0.822585
      0.822585
      0.822585
      0.822585
      0.822585
      0.822585
      0.822585
      0.822585
      0.822585
      0.822585
      0.822585
      0.822585
      0.822585
      0.822585
      0.822585
      0.822585
      0.822585
      0.822585
      0.822585
      0.822585
      0.822585
      0.822585
      0.822585
      0.822585
      0.822585
      0.822585
      0.822585
      0.822585
      0.822585
      0.822585
      0.822585
      0.822585
      0.822585
      0.881133
      0.881132
      0.881133
      0.881132
      0.881133
      0.881132
      0.881133
      0.881132
      0.881133
      0.881132
      0.881133
      0.881132
      0.881133
      0.881132
      0.881133
      0.881132
      0.881133
      0.881132
      0.881133
      0.881132
      0.881133
      0.881132
      0.881133
      0.881132
      0.881133
      0.881132
      0.881133
      0.881132
      0.881133
      0.881132
      0.881133
      0.881132
      0.881133
      0.881132
      0.881133
      0.881132
      0.881133
      0.881132
      0.881133
      0.881132
      0.881133
      0.881132
      0.881133
      0.881132
      0.881133
      0.881132
      0.881133
      0.881132
      0.881133
      0.881132
      0.881133
      0.881132
      0.881133
      0.881132
      0.881133
      0.881132
      0.881133
      0.881132
      0.881133
      0.940377
      0.940377
      0.940377
      0.940377
      0.940377
      0.940377
      0.940377
      0.940377
      0.940377
      0.940377
      0.940377
      0.940377
      0.940377
      0.940377
      0.940377
      0.940377
      0.940377
      0.940377
      0.940377
      0.940377
      0.940377
      0.940377
      0.940377
      0.940377
      0.940377
      0.940377
      0.940377
      0.940377
      0.940377
      0.940377
      0.940377
      0.940377
      0.940377
      0.940377
      0.940377
      0.940377
      0.940377
      0.940377
      0.940377
      0.940377
      0.940377
      0.940377
      0.940377
      0.940377
      0.940377
      0.940377
      0.940377
      0.940377
      0.940377
      0.940377
      0.940377
      0.940377
      0.940377
      0.940377
      0.940377
      0.940377
      0.940377
      0.940377
      0.940377
             1
             1
             1
             1
             1
             1
             1
             1
             1
             1
             1
             1
             1
             1
             1
             1
             1
             1
             1
             1
             1
             1
             1
             1
             1
             1
             1
             1
             1
             1
             1
             1
             1
             1
             1
             1
             1
             1
             1
             1
             1
             1
             1
             1
             1
             1
             1
             1
             1
             1
             1
             1
             1
             1
             1
             1
             1
             1
             1
