             1
             1
             1
             1
             1
             1
             1
             1
             1
             1
             1
             1
             1
             1
             1
             1
             1
             1
             1
             1
             1
             1
             1
             1
             1
             1
             1
             1
             1
             1
             1
             1
             1
             1
             1
             1
             1
             1
             1
             1
             1
             1
             1
             1
             1
             1
             1
             1
             1
             1
             1
             1
             1
             1
             1
             1
             1
             1
             1
      0.941056
      0.941056
      0.941056
      0.941056
      0.941056
      0.941056
      0.941056
      0.941056
      0.941056
      0.941056
      0.941056
      0.941056
      0.941056
      0.941056
      0.941056
      0.941056
      0.941056
      0.941056
      0.941056
      0.941056
      0.941056
      0.941056
      0.941056
      0.941056
      0.941056
      0.941056
      0.941056
      0.941056
      0.941056
      0.941056
      0.941056
      0.941056
      0.941056
      0.941056
      0.941056
      0.941056
      0.941056
      0.941056
      0.941056
      0.941056
      0.941056
      0.941056
      0.941056
      0.941056
      0.941056
      0.941056
      0.941056
      0.941056
      0.941056
      0.941056
      0.941056
      0.941056
      0.941056
      0.941056
      0.941056
      0.941056
      0.941056
      0.941056
      0.941056
       0.88248
       0.88248
       0.88248
       0.88248
       0.88248
       0.88248
       0.88248
       0.88248
       0.88248
       0.88248
       0.88248
       0.88248
       0.88248
       0.88248
       0.88248
       0.88248
       0.88248
       0.88248
       0.88248
      0.882479
       0.88248
      0.882479
       0.88248
      0.882479
       0.88248
      0.882479
       0.88248
      0.882479
       0.88248
      0.882479
       0.88248
      0.882479
       0.88248
      0.882479
       0.88248
      0.882479
       0.88248
      0.882479
       0.88248
      0.882479
       0.88248
       0.88248
       0.88248
       0.88248
       0.88248
       0.88248
       0.88248
       0.88248
       0.88248
       0.88248
       0.88248
       0.88248
       0.88248
       0.88248
       0.88248
       0.88248
       0.88248
       0.88248
       0.88248
      0.824579
      0.824579
      0.824579
      0.824579
      0.824579
      0.824579
      0.824579
      0.824579
      0.824579
      0.824579
      0.824579
      0.824579
      0.824579
      0.824579
      0.824579
      0.824579
      0.824579
      0.824579
      0.824579
      0.824579
      0.824579
      0.824579
      0.824579
      0.824579
      0.824579
      0.824579
      0.824579
      0.824579
      0.824579
      0.824579
      0.824579
      0.824579
      0.824579
      0.824579
      0.824579
      0.824579
      0.824579
      0.824579
      0.824579
      0.824579
      0.824579
      0.824579
      0.824579
      0.824579
      0.824579
      0.824579
      0.824579
      0.824579
      0.824579
      0.824579
      0.824579
      0.824579
      0.824579
      0.824579
      0.824579
      0.824579
      0.824579
      0.824579
      0.824579
      0.767658
      0.767656
      0.767658
      0.767656
      0.767658
      0.767656
      0.767658
      0.767656
      0.767658
      0.767656
      0.767658
      0.767656
      0.767658
      0.767656
      0.767658
      0.767656
      0.767657
      0.767656
      0.767657
      0.767656
      0.767657
      0.767656
      0.767657
      0.767656
      0.767657
      0.767656
      0.767657
      0.767656
      0.767657
      0.767656
      0.767657
      0.767656
      0.767657
      0.767656
      0.767657
      0.767656
      0.767657
      0.767656
      0.767657
      0.767656
      0.767657
      0.767656
      0.767657
      0.767656
      0.767658
      0.767656
      0.767658
      0.767656
      0.767658
      0.767656
      0.767658
      0.767656
      0.767658
      0.767656
      0.767658
      0.767656
      0.767658
      0.767656
      0.767658
      0.711996
      0.711995
      0.711996
      0.711995
      0.711996
      0.711995
      0.711996
      0.711995
      0.711996
      0.711995
      0.711996
      0.711995
      0.711996
      0.711995
      0.711996
      0.711995
      0.711996
      0.711995
      0.711996
      0.711995
      0.711996
      0.711995
      0.711996
      0.711995
      0.711996
      0.711995
      0.711996
      0.711995
      0.711996
      0.711995
      0.711996
      0.711995
      0.711996
      0.711995
      0.711996
      0.711995
      0.711996
      0.711995
      0.711996
      0.711995
      0.711996
      0.711995
      0.711996
      0.711995
      0.711996
      0.711995
      0.711996
      0.711995
      0.711996
      0.711995
      0.711996
      0.711995
      0.711996
      0.711995
      0.711996
      0.711995
      0.711996
      0.711995
      0.711996
      0.657866
      0.657865
      0.657866
      0.657865
      0.657866
      0.657865
      0.657866
      0.657865
      0.657866
      0.657865
      0.657866
      0.657865
      0.657866
      0.657865
      0.657866
      0.657865
      0.657866
      0.657864
      0.657866
      0.657864
      0.657866
      0.657864
      0.657866
      0.657864
      0.657866
      0.657864
      0.657866
      0.657864
      0.657866
      0.657864
      0.657866
      0.657864
      0.657866
      0.657864
      0.657866
      0.657864
      0.657866
      0.657864
      0.657866
      0.657864
      0.657866
      0.657864
      0.657866
      0.657865
      0.657866
      0.657865
      0.657866
      0.657865
      0.657866
      0.657865
      0.657866
      0.657865
      0.657866
      0.657865
      0.657866
      0.657865
      0.657866
      0.657865
      0.657866
      0.605507
      0.605506
      0.605507
      0.605506
      0.605507
      0.605506
      0.605507
      0.605506
      0.605507
      0.605506
      0.605507
      0.605506
      0.605507
      0.605506
      0.605507
      0.605506
      0.605507
      0.605506
      0.605507
      0.605506
      0.605507
      0.605506
      0.605506
      0.605506
      0.605506
      0.605506
      0.605506
      0.605506
      0.605506
      0.605506
      0.605506
      0.605506
      0.605506
      0.605506
      0.605506
      0.605506
      0.605506
      0.605506
      0.605507
      0.605506
      0.605507
      0.605506
      0.605507
      0.605506
      0.605507
      0.605506
      0.605507
      0.605506
      0.605507
      0.605506
      0.605507
      0.605506
      0.605507
      0.605506
      0.605507
      0.605506
      0.605507
      0.605506
      0.605507
      0.555143
      0.555141
      0.555143
      0.555141
      0.555143
      0.555141
      0.555143
      0.555141
      0.555143
      0.555141
      0.555143
      0.555141
      0.555143
      0.555141
      0.555143
      0.555141
      0.555142
      0.555141
      0.555142
      0.555141
      0.555142
       0.55514
      0.555142
       0.55514
      0.555142
       0.55514
      0.555142
       0.55514
      0.555142
       0.55514
      0.555142
       0.55514
      0.555142
       0.55514
      0.555142
       0.55514
      0.555142
       0.55514
      0.555142
      0.555141
      0.555142
      0.555141
      0.555142
      0.555141
      0.555143
      0.555141
      0.555143
      0.555141
      0.555143
      0.555141
      0.555143
      0.555141
      0.555143
      0.555141
      0.555143
      0.555141
      0.555143
      0.555141
      0.555143
      0.506957
      0.506957
      0.506957
      0.506957
      0.506957
      0.506957
      0.506957
      0.506957
      0.506957
      0.506956
      0.506957
      0.506956
      0.506957
      0.506956
      0.506957
      0.506956
      0.506957
      0.506956
      0.506957
      0.506956
      0.506957
      0.506956
      0.506957
      0.506956
      0.506957
      0.506956
      0.506957
      0.506956
      0.506957
      0.506956
      0.506957
      0.506956
      0.506957
      0.506956
      0.506957
      0.506956
      0.506957
      0.506956
      0.506957
      0.506956
      0.506957
      0.506956
      0.506957
      0.506956
      0.506957
      0.506956
      0.506957
      0.506956
      0.506957
      0.506956
      0.506957
      0.506957
      0.506957
      0.506957
      0.506957
      0.506957
      0.506957
      0.506957
      0.506957
      0.461119
      0.461117
      0.461119
      0.461117
      0.461119
      0.461117
      0.461119
      0.461117
      0.461119
      0.461117
      0.461119
      0.461117
      0.461119
      0.461117
      0.461119
      0.461117
      0.461119
      0.461117
      0.461118
      0.461116
      0.461118
      0.461116
      0.461118
      0.461116
      0.461118
      0.461116
      0.461118
      0.461116
      0.461118
      0.461116
      0.461118
      0.461116
      0.461118
      0.461116
      0.461118
      0.461116
      0.461118
      0.461116
      0.461118
      0.461116
      0.461118
      0.461117
      0.461119
      0.461117
      0.461119
      0.461117
      0.461119
      0.461117
      0.461119
      0.461117
      0.461119
      0.461117
      0.461119
      0.461117
      0.461119
      0.461117
      0.461119
      0.461117
      0.461119
       0.41775
      0.417749
       0.41775
      0.417749
       0.41775
      0.417749
       0.41775
      0.417749
       0.41775
      0.417749
       0.41775
      0.417749
       0.41775
      0.417749
       0.41775
      0.417749
       0.41775
      0.417749
       0.41775
      0.417749
      0.417749
      0.417749
      0.417749
      0.417749
      0.417749
      0.417748
      0.417749
      0.417748
      0.417749
      0.417748
      0.417749
      0.417748
      0.417749
      0.417748
      0.417749
      0.417749
      0.417749
      0.417749
      0.417749
      0.417749
       0.41775
      0.417749
       0.41775
      0.417749
       0.41775
      0.417749
       0.41775
      0.417749
       0.41775
      0.417749
       0.41775
      0.417749
       0.41775
      0.417749
       0.41775
      0.417749
       0.41775
      0.417749
       0.41775
      0.376958
      0.376956
      0.376958
      0.376956
      0.376958
      0.376956
      0.376958
      0.376956
      0.376958
      0.376956
      0.376958
      0.376956
      0.376958
      0.376956
      0.376958
      0.376956
      0.376958
      0.376956
      0.376957
      0.376956
      0.376957
      0.376955
      0.376957
      0.376955
      0.376957
      0.376955
      0.376957
      0.376955
      0.376957
      0.376955
      0.376957
      0.376955
      0.376957
      0.376955
      0.376957
      0.376955
      0.376957
      0.376955
      0.376957
      0.376956
      0.376957
      0.376956
      0.376958
      0.376956
      0.376958
      0.376956
      0.376958
      0.376956
      0.376958
      0.376956
      0.376958
      0.376956
      0.376958
      0.376956
      0.376958
      0.376956
      0.376958
      0.376956
      0.376958
      0.338805
      0.338804
      0.338805
      0.338804
      0.338805
      0.338804
      0.338805
      0.338804
      0.338805
      0.338804
      0.338805
      0.338804
      0.338805
      0.338804
      0.338805
      0.338804
      0.338804
      0.338804
      0.338804
      0.338804
      0.338804
      0.338803
      0.338804
      0.338803
      0.338803
      0.338803
      0.338803
      0.338803
      0.338803
      0.338803
      0.338803
      0.338803
      0.338803
      0.338803
      0.338803
      0.338803
      0.338804
      0.338803
      0.338804
      0.338804
      0.338804
      0.338804
      0.338804
      0.338804
      0.338805
      0.338804
      0.338805
      0.338804
      0.338805
      0.338804
      0.338805
      0.338804
      0.338805
      0.338804
      0.338805
      0.338804
      0.338805
      0.338804
      0.338805
      0.303339
      0.303337
      0.303339
      0.303337
      0.303339
      0.303337
      0.303339
      0.303337
      0.303339
      0.303337
      0.303339
      0.303337
      0.303339
      0.303337
      0.303339
      0.303337
      0.303338
      0.303337
      0.303338
      0.303336
      0.303338
      0.303336
      0.303337
      0.303336
      0.303337
      0.303335
      0.303337
      0.303335
      0.303336
      0.303335
      0.303336
      0.303335
      0.303337
      0.303335
      0.303337
      0.303336
      0.303337
      0.303336
      0.303338
      0.303336
      0.303338
      0.303337
      0.303338
      0.303337
      0.303339
      0.303337
      0.303339
      0.303337
      0.303339
      0.303337
      0.303339
      0.303337
      0.303339
      0.303337
      0.303339
      0.303337
      0.303339
      0.303337
      0.303339
      0.270567
      0.270567
      0.270567
      0.270567
      0.270567
      0.270567
      0.270567
      0.270567
      0.270567
      0.270567
      0.270567
      0.270567
      0.270567
      0.270567
      0.270567
      0.270566
      0.270567
      0.270566
      0.270566
      0.270566
      0.270566
      0.270565
      0.270565
      0.270565
      0.270565
      0.270564
      0.270565
      0.270564
      0.270564
      0.270564
      0.270564
      0.270564
      0.270565
      0.270564
      0.270565
      0.270565
      0.270565
      0.270565
      0.270566
      0.270566
      0.270566
      0.270566
      0.270567
      0.270566
      0.270567
      0.270567
      0.270567
      0.270567
      0.270567
      0.270567
      0.270567
      0.270567
      0.270567
      0.270567
      0.270567
      0.270567
      0.270567
      0.270567
      0.270567
      0.240486
      0.240485
      0.240486
      0.240485
      0.240486
      0.240485
      0.240486
      0.240485
      0.240486
      0.240485
      0.240486
      0.240485
      0.240486
      0.240485
      0.240486
      0.240485
      0.240485
      0.240484
      0.240485
      0.240484
      0.240484
      0.240483
      0.240484
      0.240482
      0.240483
      0.240482
      0.240482
      0.240481
      0.240482
      0.240481
      0.240482
      0.240481
      0.240482
      0.240482
      0.240483
      0.240482
      0.240484
      0.240483
      0.240484
      0.240484
      0.240485
      0.240484
      0.240485
      0.240485
      0.240486
      0.240485
      0.240486
      0.240485
      0.240486
      0.240485
      0.240486
      0.240485
      0.240486
      0.240485
      0.240486
      0.240485
      0.240486
      0.240485
      0.240486
      0.213059
      0.213059
      0.213059
      0.213059
      0.213059
      0.213059
      0.213059
      0.213059
      0.213059
      0.213059
      0.213059
      0.213059
      0.213059
      0.213058
      0.213058
      0.213058
      0.213058
      0.213058
      0.213057
      0.213057
      0.213057
      0.213056
      0.213056
      0.213055
      0.213055
      0.213054
      0.213054
      0.213053
      0.213053
      0.213053
      0.213053
      0.213053
      0.213054
      0.213054
      0.213055
      0.213055
      0.213056
      0.213056
      0.213057
      0.213057
      0.213057
      0.213058
      0.213058
      0.213058
      0.213058
      0.213058
      0.213059
      0.213059
      0.213059
      0.213059
      0.213059
      0.213059
      0.213059
      0.213059
      0.213059
      0.213059
      0.213059
      0.213059
      0.213059
      0.188241
       0.18824
      0.188241
       0.18824
      0.188241
       0.18824
      0.188241
       0.18824
      0.188241
       0.18824
       0.18824
       0.18824
       0.18824
      0.188239
       0.18824
      0.188239
      0.188239
      0.188238
      0.188239
      0.188237
      0.188238
      0.188236
      0.188236
      0.188235
      0.188235
      0.188234
      0.188234
      0.188233
      0.188233
      0.188232
      0.188233
      0.188233
      0.188234
      0.188234
      0.188235
      0.188235
      0.188236
      0.188236
      0.188238
      0.188237
      0.188239
      0.188238
      0.188239
      0.188239
       0.18824
      0.188239
       0.18824
       0.18824
       0.18824
       0.18824
      0.188241
       0.18824
      0.188241
       0.18824
      0.188241
       0.18824
      0.188241
       0.18824
      0.188241
      0.165964
      0.165964
      0.165964
      0.165964
      0.165964
      0.165964
      0.165964
      0.165964
      0.165964
      0.165964
      0.165964
      0.165964
      0.165964
      0.165963
      0.165963
      0.165963
      0.165963
      0.165962
      0.165962
      0.165961
       0.16596
      0.165959
      0.165959
      0.165958
      0.165957
      0.165956
      0.165955
      0.165954
      0.165954
      0.165954
      0.165954
      0.165954
      0.165955
      0.165956
      0.165957
      0.165958
      0.165959
      0.165959
       0.16596
      0.165961
      0.165962
      0.165962
      0.165963
      0.165963
      0.165963
      0.165963
      0.165964
      0.165964
      0.165964
      0.165964
      0.165964
      0.165964
      0.165964
      0.165964
      0.165964
      0.165964
      0.165964
      0.165964
      0.165964
      0.146157
      0.146157
      0.146157
      0.146157
      0.146157
      0.146157
      0.146157
      0.146157
      0.146157
      0.146157
      0.146157
      0.146157
      0.146157
      0.146156
      0.146156
      0.146156
      0.146155
      0.146155
      0.146154
      0.146153
      0.146153
      0.146151
       0.14615
      0.146149
      0.146148
      0.146146
      0.146145
      0.146144
      0.146144
      0.146143
      0.146144
      0.146144
      0.146145
      0.146146
      0.146148
      0.146149
       0.14615
      0.146151
      0.146153
      0.146153
      0.146154
      0.146155
      0.146155
      0.146156
      0.146156
      0.146156
      0.146157
      0.146157
      0.146157
      0.146157
      0.146157
      0.146157
      0.146157
      0.146157
      0.146157
      0.146157
      0.146157
      0.146157
      0.146157
      0.128738
      0.128738
      0.128738
      0.128738
      0.128738
      0.128738
      0.128738
      0.128738
      0.128738
      0.128737
      0.128737
      0.128737
      0.128737
      0.128737
      0.128736
      0.128736
      0.128736
      0.128735
      0.128734
      0.128733
      0.128732
      0.128731
      0.128729
      0.128727
      0.128726
      0.128724
      0.128722
      0.128721
       0.12872
       0.12872
       0.12872
      0.128721
      0.128722
      0.128724
      0.128726
      0.128727
      0.128729
      0.128731
      0.128732
      0.128733
      0.128734
      0.128735
      0.128736
      0.128736
      0.128736
      0.128737
      0.128737
      0.128737
      0.128737
      0.128737
      0.128738
      0.128738
      0.128738
      0.128738
      0.128738
      0.128738
      0.128738
      0.128738
      0.128738
      0.113622
      0.113622
      0.113622
      0.113622
      0.113622
      0.113622
      0.113621
      0.113622
      0.113621
      0.113621
      0.113621
      0.113621
      0.113621
      0.113621
       0.11362
       0.11362
      0.113619
      0.113618
      0.113617
      0.113616
      0.113615
      0.113613
      0.113611
      0.113609
      0.113606
      0.113604
      0.113601
      0.113599
      0.113598
      0.113597
      0.113598
      0.113599
      0.113601
      0.113604
      0.113606
      0.113609
      0.113611
      0.113613
      0.113615
      0.113616
      0.113617
      0.113618
      0.113619
       0.11362
       0.11362
      0.113621
      0.113621
      0.113621
      0.113621
      0.113621
      0.113621
      0.113622
      0.113621
      0.113622
      0.113622
      0.113622
      0.113622
      0.113622
      0.113622
      0.100725
      0.100725
      0.100725
      0.100725
      0.100725
      0.100725
      0.100725
      0.100725
      0.100725
      0.100725
      0.100725
      0.100725
      0.100724
      0.100724
      0.100724
      0.100723
      0.100722
      0.100722
       0.10072
      0.100719
      0.100717
      0.100715
      0.100712
       0.10071
      0.100706
      0.100703
      0.100699
      0.100696
      0.100693
      0.100693
      0.100693
      0.100696
      0.100699
      0.100703
      0.100706
       0.10071
      0.100712
      0.100715
      0.100717
      0.100719
       0.10072
      0.100722
      0.100722
      0.100723
      0.100724
      0.100724
      0.100724
      0.100725
      0.100725
      0.100725
      0.100725
      0.100725
      0.100725
      0.100725
      0.100725
      0.100725
      0.100725
      0.100725
      0.100725
     0.0899674
      0.089968
     0.0899674
      0.089968
     0.0899674
     0.0899679
     0.0899673
     0.0899678
     0.0899671
     0.0899676
     0.0899669
     0.0899672
     0.0899664
     0.0899666
     0.0899655
     0.0899655
     0.0899641
     0.0899637
     0.0899618
     0.0899607
     0.0899579
     0.0899559
      0.089952
     0.0899487
     0.0899435
     0.0899391
     0.0899332
     0.0899289
     0.0899249
      0.089924
     0.0899249
     0.0899289
     0.0899332
     0.0899391
     0.0899435
     0.0899487
      0.089952
     0.0899559
     0.0899579
     0.0899607
     0.0899618
     0.0899637
     0.0899641
     0.0899655
     0.0899655
     0.0899666
     0.0899664
     0.0899672
     0.0899669
     0.0899676
     0.0899671
     0.0899678
     0.0899673
     0.0899679
     0.0899674
      0.089968
     0.0899674
      0.089968
     0.0899674
     0.0812767
     0.0812769
     0.0812767
     0.0812769
     0.0812766
     0.0812768
     0.0812765
     0.0812767
     0.0812764
     0.0812765
     0.0812761
     0.0812761
     0.0812755
     0.0812754
     0.0812746
     0.0812742
      0.081273
     0.0812721
     0.0812704
     0.0812687
     0.0812659
      0.081263
     0.0812588
      0.081254
     0.0812477
     0.0812409
     0.0812328
     0.0812254
     0.0812192
     0.0812169
     0.0812192
     0.0812254
     0.0812328
     0.0812409
     0.0812477
      0.081254
     0.0812588
      0.081263
     0.0812659
     0.0812687
     0.0812704
     0.0812721
      0.081273
     0.0812742
     0.0812746
     0.0812754
     0.0812755
     0.0812761
     0.0812761
     0.0812765
     0.0812764
     0.0812767
     0.0812765
     0.0812768
     0.0812766
     0.0812769
     0.0812767
     0.0812769
     0.0812767
     0.0745866
     0.0745874
     0.0745865
     0.0745874
     0.0745865
     0.0745873
     0.0745864
     0.0745872
     0.0745862
     0.0745869
     0.0745859
     0.0745865
     0.0745854
     0.0745858
     0.0745844
     0.0745845
     0.0745826
     0.0745822
     0.0745797
     0.0745783
     0.0745746
     0.0745718
     0.0745662
     0.0745609
     0.0745523
     0.0745435
      0.074531
     0.0745198
     0.0745082
      0.074504
     0.0745082
     0.0745198
      0.074531
     0.0745435
     0.0745523
     0.0745609
     0.0745662
     0.0745718
     0.0745746
     0.0745783
     0.0745797
     0.0745822
     0.0745826
     0.0745845
     0.0745844
     0.0745858
     0.0745854
     0.0745865
     0.0745859
     0.0745869
     0.0745862
     0.0745872
     0.0745864
     0.0745873
     0.0745865
     0.0745874
     0.0745865
     0.0745874
     0.0745866
     0.0698482
     0.0698485
     0.0698481
     0.0698484
     0.0698481
     0.0698484
      0.069848
     0.0698482
     0.0698478
      0.069848
     0.0698475
     0.0698475
     0.0698469
     0.0698468
     0.0698459
     0.0698454
      0.069844
     0.0698429
     0.0698408
     0.0698387
     0.0698353
     0.0698315
     0.0698257
     0.0698188
     0.0698091
      0.069797
     0.0697805
     0.0697608
     0.0697387
     0.0697284
     0.0697387
     0.0697608
     0.0697805
      0.069797
     0.0698091
     0.0698188
     0.0698257
     0.0698315
     0.0698353
     0.0698387
     0.0698408
     0.0698429
      0.069844
     0.0698454
     0.0698459
     0.0698468
     0.0698469
     0.0698475
     0.0698475
      0.069848
     0.0698478
     0.0698482
      0.069848
     0.0698484
     0.0698481
     0.0698484
     0.0698481
     0.0698485
     0.0698482
     0.0670194
     0.0670204
     0.0670194
     0.0670203
     0.0670193
     0.0670203
     0.0670192
     0.0670201
      0.067019
     0.0670199
     0.0670187
     0.0670194
     0.0670181
     0.0670186
      0.067017
     0.0670172
     0.0670151
     0.0670147
     0.0670118
     0.0670102
     0.0670059
     0.0670024
     0.0669956
     0.0669886
     0.0669769
     0.0669629
     0.0669411
     0.0669109
     0.0668638
      0.066838
     0.0668638
     0.0669109
     0.0669411
     0.0669629
     0.0669769
     0.0669886
     0.0669956
     0.0670024
     0.0670059
     0.0670102
     0.0670118
     0.0670147
     0.0670151
     0.0670172
      0.067017
     0.0670186
     0.0670181
     0.0670194
     0.0670187
     0.0670199
      0.067019
     0.0670201
     0.0670192
     0.0670203
     0.0670193
     0.0670203
     0.0670194
     0.0670204
     0.0670194
     0.0660804
     0.0660808
     0.0660804
     0.0660807
     0.0660804
     0.0660807
     0.0660803
     0.0660805
     0.0660801
     0.0660803
     0.0660798
     0.0660798
     0.0660791
      0.066079
     0.0660781
     0.0660776
     0.0660761
      0.066075
     0.0660727
     0.0660705
     0.0660667
     0.0660625
     0.0660561
     0.0660482
     0.0660365
     0.0660208
      0.065997
     0.0659607
      0.065898
     0.0657763
      0.065898
     0.0659607
      0.065997
     0.0660208
     0.0660365
     0.0660482
     0.0660561
     0.0660625
     0.0660667
     0.0660705
     0.0660727
      0.066075
     0.0660761
     0.0660776
     0.0660781
      0.066079
     0.0660791
     0.0660798
     0.0660798
     0.0660803
     0.0660801
     0.0660805
     0.0660803
     0.0660807
     0.0660804
     0.0660807
     0.0660804
     0.0660808
     0.0660804
     0.0670194
     0.0670204
     0.0670194
     0.0670203
     0.0670193
     0.0670203
     0.0670192
     0.0670201
      0.067019
     0.0670199
     0.0670187
     0.0670194
     0.0670181
     0.0670186
      0.067017
     0.0670172
     0.0670151
     0.0670147
     0.0670118
     0.0670102
     0.0670059
     0.0670024
     0.0669956
     0.0669886
     0.0669769
     0.0669629
     0.0669411
     0.0669109
     0.0668638
      0.066838
     0.0668638
     0.0669109
     0.0669411
     0.0669629
     0.0669769
     0.0669886
     0.0669956
     0.0670024
     0.0670059
     0.0670102
     0.0670118
     0.0670147
     0.0670151
     0.0670172
      0.067017
     0.0670186
     0.0670181
     0.0670194
     0.0670187
     0.0670199
      0.067019
     0.0670201
     0.0670192
     0.0670203
     0.0670193
     0.0670203
     0.0670194
     0.0670204
     0.0670194
     0.0698482
     0.0698485
     0.0698481
     0.0698484
     0.0698481
     0.0698484
      0.069848
     0.0698482
     0.0698478
      0.069848
     0.0698475
     0.0698475
     0.0698469
     0.0698468
     0.0698459
     0.0698454
      0.069844
     0.0698429
     0.0698408
     0.0698387
     0.0698353
     0.0698315
     0.0698257
     0.0698188
     0.0698091
      0.069797
     0.0697805
     0.0697608
     0.0697387
     0.0697284
     0.0697387
     0.0697608
     0.0697805
      0.069797
     0.0698091
     0.0698188
     0.0698257
     0.0698315
     0.0698353
     0.0698387
     0.0698408
     0.0698429
      0.069844
     0.0698454
     0.0698459
     0.0698468
     0.0698469
     0.0698475
     0.0698475
      0.069848
     0.0698478
     0.0698482
      0.069848
     0.0698484
     0.0698481
     0.0698484
     0.0698481
     0.0698485
     0.0698482
     0.0745866
     0.0745874
     0.0745865
     0.0745874
     0.0745865
     0.0745873
     0.0745864
     0.0745872
     0.0745862
     0.0745869
     0.0745859
     0.0745865
     0.0745854
     0.0745858
     0.0745844
     0.0745845
     0.0745826
     0.0745822
     0.0745797
     0.0745783
     0.0745746
     0.0745718
     0.0745662
     0.0745609
     0.0745523
     0.0745435
      0.074531
     0.0745198
     0.0745082
      0.074504
     0.0745082
     0.0745198
      0.074531
     0.0745435
     0.0745523
     0.0745609
     0.0745662
     0.0745718
     0.0745746
     0.0745783
     0.0745797
     0.0745822
     0.0745826
     0.0745845
     0.0745844
     0.0745858
     0.0745854
     0.0745865
     0.0745859
     0.0745869
     0.0745862
     0.0745872
     0.0745864
     0.0745873
     0.0745865
     0.0745874
     0.0745865
     0.0745874
     0.0745866
     0.0812767
     0.0812769
     0.0812767
     0.0812769
     0.0812766
     0.0812768
     0.0812765
     0.0812767
     0.0812764
     0.0812765
     0.0812761
     0.0812761
     0.0812755
     0.0812754
     0.0812746
     0.0812742
      0.081273
     0.0812721
     0.0812704
     0.0812687
     0.0812659
      0.081263
     0.0812588
      0.081254
     0.0812477
     0.0812409
     0.0812328
     0.0812254
     0.0812192
     0.0812169
     0.0812192
     0.0812254
     0.0812328
     0.0812409
     0.0812477
      0.081254
     0.0812588
      0.081263
     0.0812659
     0.0812687
     0.0812704
     0.0812721
      0.081273
     0.0812742
     0.0812746
     0.0812754
     0.0812755
     0.0812761
     0.0812761
     0.0812765
     0.0812764
     0.0812767
     0.0812765
     0.0812768
     0.0812766
     0.0812769
     0.0812767
     0.0812769
     0.0812767
     0.0899674
      0.089968
     0.0899674
      0.089968
     0.0899674
     0.0899679
     0.0899673
     0.0899678
     0.0899671
     0.0899676
     0.0899669
     0.0899672
     0.0899664
     0.0899666
     0.0899655
     0.0899655
     0.0899641
     0.0899637
     0.0899618
     0.0899607
     0.0899579
     0.0899559
      0.089952
     0.0899487
     0.0899435
     0.0899391
     0.0899332
     0.0899289
     0.0899249
      0.089924
     0.0899249
     0.0899289
     0.0899332
     0.0899391
     0.0899435
     0.0899487
      0.089952
     0.0899559
     0.0899579
     0.0899607
     0.0899618
     0.0899637
     0.0899641
     0.0899655
     0.0899655
     0.0899666
     0.0899664
     0.0899672
     0.0899669
     0.0899676
     0.0899671
     0.0899678
     0.0899673
     0.0899679
     0.0899674
      0.089968
     0.0899674
      0.089968
     0.0899674
      0.100725
      0.100725
      0.100725
      0.100725
      0.100725
      0.100725
      0.100725
      0.100725
      0.100725
      0.100725
      0.100725
      0.100725
      0.100724
      0.100724
      0.100724
      0.100723
      0.100722
      0.100722
       0.10072
      0.100719
      0.100717
      0.100715
      0.100712
       0.10071
      0.100706
      0.100703
      0.100699
      0.100696
      0.100693
      0.100693
      0.100693
      0.100696
      0.100699
      0.100703
      0.100706
       0.10071
      0.100712
      0.100715
      0.100717
      0.100719
       0.10072
      0.100722
      0.100722
      0.100723
      0.100724
      0.100724
      0.100724
      0.100725
      0.100725
      0.100725
      0.100725
      0.100725
      0.100725
      0.100725
      0.100725
      0.100725
      0.100725
      0.100725
      0.100725
      0.113622
      0.113622
      0.113622
      0.113622
      0.113622
      0.113622
      0.113621
      0.113622
      0.113621
      0.113621
      0.113621
      0.113621
      0.113621
      0.113621
       0.11362
       0.11362
      0.113619
      0.113618
      0.113617
      0.113616
      0.113615
      0.113613
      0.113611
      0.113609
      0.113606
      0.113604
      0.113601
      0.113599
      0.113598
      0.113597
      0.113598
      0.113599
      0.113601
      0.113604
      0.113606
      0.113609
      0.113611
      0.113613
      0.113615
      0.113616
      0.113617
      0.113618
      0.113619
       0.11362
       0.11362
      0.113621
      0.113621
      0.113621
      0.113621
      0.113621
      0.113621
      0.113622
      0.113621
      0.113622
      0.113622
      0.113622
      0.113622
      0.113622
      0.113622
      0.128738
      0.128738
      0.128738
      0.128738
      0.128738
      0.128738
      0.128738
      0.128738
      0.128738
      0.128737
      0.128737
      0.128737
      0.128737
      0.128737
      0.128736
      0.128736
      0.128736
      0.128735
      0.128734
      0.128733
      0.128732
      0.128731
      0.128729
      0.128727
      0.128726
      0.128724
      0.128722
      0.128721
       0.12872
       0.12872
       0.12872
      0.128721
      0.128722
      0.128724
      0.128726
      0.128727
      0.128729
      0.128731
      0.128732
      0.128733
      0.128734
      0.128735
      0.128736
      0.128736
      0.128736
      0.128737
      0.128737
      0.128737
      0.128737
      0.128737
      0.128738
      0.128738
      0.128738
      0.128738
      0.128738
      0.128738
      0.128738
      0.128738
      0.128738
      0.146157
      0.146157
      0.146157
      0.146157
      0.146157
      0.146157
      0.146157
      0.146157
      0.146157
      0.146157
      0.146157
      0.146157
      0.146157
      0.146156
      0.146156
      0.146156
      0.146155
      0.146155
      0.146154
      0.146153
      0.146153
      0.146151
       0.14615
      0.146149
      0.146148
      0.146146
      0.146145
      0.146144
      0.146144
      0.146143
      0.146144
      0.146144
      0.146145
      0.146146
      0.146148
      0.146149
       0.14615
      0.146151
      0.146153
      0.146153
      0.146154
      0.146155
      0.146155
      0.146156
      0.146156
      0.146156
      0.146157
      0.146157
      0.146157
      0.146157
      0.146157
      0.146157
      0.146157
      0.146157
      0.146157
      0.146157
      0.146157
      0.146157
      0.146157
      0.165964
      0.165964
      0.165964
      0.165964
      0.165964
      0.165964
      0.165964
      0.165964
      0.165964
      0.165964
      0.165964
      0.165964
      0.165964
      0.165963
      0.165963
      0.165963
      0.165963
      0.165962
      0.165962
      0.165961
       0.16596
      0.165959
      0.165959
      0.165958
      0.165957
      0.165956
      0.165955
      0.165954
      0.165954
      0.165954
      0.165954
      0.165954
      0.165955
      0.165956
      0.165957
      0.165958
      0.165959
      0.165959
       0.16596
      0.165961
      0.165962
      0.165962
      0.165963
      0.165963
      0.165963
      0.165963
      0.165964
      0.165964
      0.165964
      0.165964
      0.165964
      0.165964
      0.165964
      0.165964
      0.165964
      0.165964
      0.165964
      0.165964
      0.165964
      0.188241
       0.18824
      0.188241
       0.18824
      0.188241
       0.18824
      0.188241
       0.18824
      0.188241
       0.18824
       0.18824
       0.18824
       0.18824
      0.188239
       0.18824
      0.188239
      0.188239
      0.188238
      0.188239
      0.188237
      0.188238
      0.188236
      0.188236
      0.188235
      0.188235
      0.188234
      0.188234
      0.188233
      0.188233
      0.188232
      0.188233
      0.188233
      0.188234
      0.188234
      0.188235
      0.188235
      0.188236
      0.188236
      0.188238
      0.188237
      0.188239
      0.188238
      0.188239
      0.188239
       0.18824
      0.188239
       0.18824
       0.18824
       0.18824
       0.18824
      0.188241
       0.18824
      0.188241
       0.18824
      0.188241
       0.18824
      0.188241
       0.18824
      0.188241
      0.213059
      0.213059
      0.213059
      0.213059
      0.213059
      0.213059
      0.213059
      0.213059
      0.213059
      0.213059
      0.213059
      0.213059
      0.213059
      0.213058
      0.213058
      0.213058
      0.213058
      0.213058
      0.213057
      0.213057
      0.213057
      0.213056
      0.213056
      0.213055
      0.213055
      0.213054
      0.213054
      0.213053
      0.213053
      0.213053
      0.213053
      0.213053
      0.213054
      0.213054
      0.213055
      0.213055
      0.213056
      0.213056
      0.213057
      0.213057
      0.213057
      0.213058
      0.213058
      0.213058
      0.213058
      0.213058
      0.213059
      0.213059
      0.213059
      0.213059
      0.213059
      0.213059
      0.213059
      0.213059
      0.213059
      0.213059
      0.213059
      0.213059
      0.213059
      0.240486
      0.240485
      0.240486
      0.240485
      0.240486
      0.240485
      0.240486
      0.240485
      0.240486
      0.240485
      0.240486
      0.240485
      0.240486
      0.240485
      0.240486
      0.240485
      0.240485
      0.240484
      0.240485
      0.240484
      0.240484
      0.240483
      0.240484
      0.240482
      0.240483
      0.240482
      0.240482
      0.240481
      0.240482
      0.240481
      0.240482
      0.240481
      0.240482
      0.240482
      0.240483
      0.240482
      0.240484
      0.240483
      0.240484
      0.240484
      0.240485
      0.240484
      0.240485
      0.240485
      0.240486
      0.240485
      0.240486
      0.240485
      0.240486
      0.240485
      0.240486
      0.240485
      0.240486
      0.240485
      0.240486
      0.240485
      0.240486
      0.240485
      0.240486
      0.270567
      0.270567
      0.270567
      0.270567
      0.270567
      0.270567
      0.270567
      0.270567
      0.270567
      0.270567
      0.270567
      0.270567
      0.270567
      0.270567
      0.270567
      0.270566
      0.270567
      0.270566
      0.270566
      0.270566
      0.270566
      0.270565
      0.270565
      0.270565
      0.270565
      0.270564
      0.270565
      0.270564
      0.270564
      0.270564
      0.270564
      0.270564
      0.270565
      0.270564
      0.270565
      0.270565
      0.270565
      0.270565
      0.270566
      0.270566
      0.270566
      0.270566
      0.270567
      0.270566
      0.270567
      0.270567
      0.270567
      0.270567
      0.270567
      0.270567
      0.270567
      0.270567
      0.270567
      0.270567
      0.270567
      0.270567
      0.270567
      0.270567
      0.270567
      0.303339
      0.303337
      0.303339
      0.303337
      0.303339
      0.303337
      0.303339
      0.303337
      0.303339
      0.303337
      0.303339
      0.303337
      0.303339
      0.303337
      0.303339
      0.303337
      0.303338
      0.303337
      0.303338
      0.303336
      0.303338
      0.303336
      0.303337
      0.303336
      0.303337
      0.303335
      0.303337
      0.303335
      0.303336
      0.303335
      0.303336
      0.303335
      0.303337
      0.303335
      0.303337
      0.303336
      0.303337
      0.303336
      0.303338
      0.303336
      0.303338
      0.303337
      0.303338
      0.303337
      0.303339
      0.303337
      0.303339
      0.303337
      0.303339
      0.303337
      0.303339
      0.303337
      0.303339
      0.303337
      0.303339
      0.303337
      0.303339
      0.303337
      0.303339
      0.338805
      0.338804
      0.338805
      0.338804
      0.338805
      0.338804
      0.338805
      0.338804
      0.338805
      0.338804
      0.338805
      0.338804
      0.338805
      0.338804
      0.338805
      0.338804
      0.338804
      0.338804
      0.338804
      0.338804
      0.338804
      0.338803
      0.338804
      0.338803
      0.338803
      0.338803
      0.338803
      0.338803
      0.338803
      0.338803
      0.338803
      0.338803
      0.338803
      0.338803
      0.338803
      0.338803
      0.338804
      0.338803
      0.338804
      0.338804
      0.338804
      0.338804
      0.338804
      0.338804
      0.338805
      0.338804
      0.338805
      0.338804
      0.338805
      0.338804
      0.338805
      0.338804
      0.338805
      0.338804
      0.338805
      0.338804
      0.338805
      0.338804
      0.338805
      0.376958
      0.376956
      0.376958
      0.376956
      0.376958
      0.376956
      0.376958
      0.376956
      0.376958
      0.376956
      0.376958
      0.376956
      0.376958
      0.376956
      0.376958
      0.376956
      0.376958
      0.376956
      0.376957
      0.376956
      0.376957
      0.376955
      0.376957
      0.376955
      0.376957
      0.376955
      0.376957
      0.376955
      0.376957
      0.376955
      0.376957
      0.376955
      0.376957
      0.376955
      0.376957
      0.376955
      0.376957
      0.376955
      0.376957
      0.376956
      0.376957
      0.376956
      0.376958
      0.376956
      0.376958
      0.376956
      0.376958
      0.376956
      0.376958
      0.376956
      0.376958
      0.376956
      0.376958
      0.376956
      0.376958
      0.376956
      0.376958
      0.376956
      0.376958
       0.41775
      0.417749
       0.41775
      0.417749
       0.41775
      0.417749
       0.41775
      0.417749
       0.41775
      0.417749
       0.41775
      0.417749
       0.41775
      0.417749
       0.41775
      0.417749
       0.41775
      0.417749
       0.41775
      0.417749
      0.417749
      0.417749
      0.417749
      0.417749
      0.417749
      0.417748
      0.417749
      0.417748
      0.417749
      0.417748
      0.417749
      0.417748
      0.417749
      0.417748
      0.417749
      0.417749
      0.417749
      0.417749
      0.417749
      0.417749
       0.41775
      0.417749
       0.41775
      0.417749
       0.41775
      0.417749
       0.41775
      0.417749
       0.41775
      0.417749
       0.41775
      0.417749
       0.41775
      0.417749
       0.41775
      0.417749
       0.41775
      0.417749
       0.41775
      0.461119
      0.461117
      0.461119
      0.461117
      0.461119
      0.461117
      0.461119
      0.461117
      0.461119
      0.461117
      0.461119
      0.461117
      0.461119
      0.461117
      0.461119
      0.461117
      0.461119
      0.461117
      0.461118
      0.461116
      0.461118
      0.461116
      0.461118
      0.461116
      0.461118
      0.461116
      0.461118
      0.461116
      0.461118
      0.461116
      0.461118
      0.461116
      0.461118
      0.461116
      0.461118
      0.461116
      0.461118
      0.461116
      0.461118
      0.461116
      0.461118
      0.461117
      0.461119
      0.461117
      0.461119
      0.461117
      0.461119
      0.461117
      0.461119
      0.461117
      0.461119
      0.461117
      0.461119
      0.461117
      0.461119
      0.461117
      0.461119
      0.461117
      0.461119
      0.506957
      0.506957
      0.506957
      0.506957
      0.506957
      0.506957
      0.506957
      0.506957
      0.506957
      0.506956
      0.506957
      0.506956
      0.506957
      0.506956
      0.506957
      0.506956
      0.506957
      0.506956
      0.506957
      0.506956
      0.506957
      0.506956
      0.506957
      0.506956
      0.506957
      0.506956
      0.506957
      0.506956
      0.506957
      0.506956
      0.506957
      0.506956
      0.506957
      0.506956
      0.506957
      0.506956
      0.506957
      0.506956
      0.506957
      0.506956
      0.506957
      0.506956
      0.506957
      0.506956
      0.506957
      0.506956
      0.506957
      0.506956
      0.506957
      0.506956
      0.506957
      0.506957
      0.506957
      0.506957
      0.506957
      0.506957
      0.506957
      0.506957
      0.506957
      0.555143
      0.555141
      0.555143
      0.555141
      0.555143
      0.555141
      0.555143
      0.555141
      0.555143
      0.555141
      0.555143
      0.555141
      0.555143
      0.555141
      0.555143
      0.555141
      0.555142
      0.555141
      0.555142
      0.555141
      0.555142
       0.55514
      0.555142
       0.55514
      0.555142
       0.55514
      0.555142
       0.55514
      0.555142
       0.55514
      0.555142
       0.55514
      0.555142
       0.55514
      0.555142
       0.55514
      0.555142
       0.55514
      0.555142
      0.555141
      0.555142
      0.555141
      0.555142
      0.555141
      0.555143
      0.555141
      0.555143
      0.555141
      0.555143
      0.555141
      0.555143
      0.555141
      0.555143
      0.555141
      0.555143
      0.555141
      0.555143
      0.555141
      0.555143
      0.605507
      0.605506
      0.605507
      0.605506
      0.605507
      0.605506
      0.605507
      0.605506
      0.605507
      0.605506
      0.605507
      0.605506
      0.605507
      0.605506
      0.605507
      0.605506
      0.605507
      0.605506
      0.605507
      0.605506
      0.605507
      0.605506
      0.605506
      0.605506
      0.605506
      0.605506
      0.605506
      0.605506
      0.605506
      0.605506
      0.605506
      0.605506
      0.605506
      0.605506
      0.605506
      0.605506
      0.605506
      0.605506
      0.605507
      0.605506
      0.605507
      0.605506
      0.605507
      0.605506
      0.605507
      0.605506
      0.605507
      0.605506
      0.605507
      0.605506
      0.605507
      0.605506
      0.605507
      0.605506
      0.605507
      0.605506
      0.605507
      0.605506
      0.605507
      0.657866
      0.657865
      0.657866
      0.657865
      0.657866
      0.657865
      0.657866
      0.657865
      0.657866
      0.657865
      0.657866
      0.657865
      0.657866
      0.657865
      0.657866
      0.657865
      0.657866
      0.657864
      0.657866
      0.657864
      0.657866
      0.657864
      0.657866
      0.657864
      0.657866
      0.657864
      0.657866
      0.657864
      0.657866
      0.657864
      0.657866
      0.657864
      0.657866
      0.657864
      0.657866
      0.657864
      0.657866
      0.657864
      0.657866
      0.657864
      0.657866
      0.657864
      0.657866
      0.657865
      0.657866
      0.657865
      0.657866
      0.657865
      0.657866
      0.657865
      0.657866
      0.657865
      0.657866
      0.657865
      0.657866
      0.657865
      0.657866
      0.657865
      0.657866
      0.711996
      0.711995
      0.711996
      0.711995
      0.711996
      0.711995
      0.711996
      0.711995
      0.711996
      0.711995
      0.711996
      0.711995
      0.711996
      0.711995
      0.711996
      0.711995
      0.711996
      0.711995
      0.711996
      0.711995
      0.711996
      0.711995
      0.711996
      0.711995
      0.711996
      0.711995
      0.711996
      0.711995
      0.711996
      0.711995
      0.711996
      0.711995
      0.711996
      0.711995
      0.711996
      0.711995
      0.711996
      0.711995
      0.711996
      0.711995
      0.711996
      0.711995
      0.711996
      0.711995
      0.711996
      0.711995
      0.711996
      0.711995
      0.711996
      0.711995
      0.711996
      0.711995
      0.711996
      0.711995
      0.711996
      0.711995
      0.711996
      0.711995
      0.711996
      0.767658
      0.767656
      0.767658
      0.767656
      0.767658
      0.767656
      0.767658
      0.767656
      0.767658
      0.767656
      0.767658
      0.767656
      0.767658
      0.767656
      0.767658
      0.767656
      0.767657
      0.767656
      0.767657
      0.767656
      0.767657
      0.767656
      0.767657
      0.767656
      0.767657
      0.767656
      0.767657
      0.767656
      0.767657
      0.767656
      0.767657
      0.767656
      0.767657
      0.767656
      0.767657
      0.767656
      0.767657
      0.767656
      0.767657
      0.767656
      0.767657
      0.767656
      0.767657
      0.767656
      0.767658
      0.767656
      0.767658
      0.767656
      0.767658
      0.767656
      0.767658
      0.767656
      0.767658
      0.767656
      0.767658
      0.767656
      0.767658
      0.767656
      0.767658
      0.824579
      0.824579
      0.824579
      0.824579
      0.824579
      0.824579
      0.824579
      0.824579
      0.824579
      0.824579
      0.824579
      0.824579
      0.824579
      0.824579
      0.824579
      0.824579
      0.824579
      0.824579
      0.824579
      0.824579
      0.824579
      0.824579
      0.824579
      0.824579
      0.824579
      0.824579
      0.824579
      0.824579
      0.824579
      0.824579
      0.824579
      0.824579
      0.824579
      0.824579
      0.824579
      0.824579
      0.824579
      0.824579
      0.824579
      0.824579
      0.824579
      0.824579
      0.824579
      0.824579
      0.824579
      0.824579
      0.824579
      0.824579
      0.824579
      0.824579
      0.824579
      0.824579
      0.824579
      0.824579
      0.824579
      0.824579
      0.824579
      0.824579
      0.824579
       0.88248
       0.88248
       0.88248
       0.88248
       0.88248
       0.88248
       0.88248
       0.88248
       0.88248
       0.88248
       0.88248
       0.88248
       0.88248
       0.88248
       0.88248
       0.88248
       0.88248
       0.88248
       0.88248
      0.882479
       0.88248
      0.882479
       0.88248
      0.882479
       0.88248
      0.882479
       0.88248
      0.882479
       0.88248
      0.882479
       0.88248
      0.882479
       0.88248
      0.882479
       0.88248
      0.882479
       0.88248
      0.882479
       0.88248
      0.882479
       0.88248
       0.88248
       0.88248
       0.88248
       0.88248
       0.88248
       0.88248
       0.88248
       0.88248
       0.88248
       0.88248
       0.88248
       0.88248
       0.88248
       0.88248
       0.88248
       0.88248
       0.88248
       0.88248
      0.941056
      0.941056
      0.941056
      0.941056
      0.941056
      0.941056
      0.941056
      0.941056
      0.941056
      0.941056
      0.941056
      0.941056
      0.941056
      0.941056
      0.941056
      0.941056
      0.941056
      0.941056
      0.941056
      0.941056
      0.941056
      0.941056
      0.941056
      0.941056
      0.941056
      0.941056
      0.941056
      0.941056
      0.941056
      0.941056
      0.941056
      0.941056
      0.941056
      0.941056
      0.941056
      0.941056
      0.941056
      0.941056
      0.941056
      0.941056
      0.941056
      0.941056
      0.941056
      0.941056
      0.941056
      0.941056
      0.941056
      0.941056
      0.941056
      0.941056
      0.941056
      0.941056
      0.941056
      0.941056
      0.941056
      0.941056
      0.941056
      0.941056
      0.941056
             1
             1
             1
             1
             1
             1
             1
             1
             1
             1
             1
             1
             1
             1
             1
             1
             1
             1
             1
             1
             1
             1
             1
             1
             1
             1
             1
             1
             1
             1
             1
             1
             1
             1
             1
             1
             1
             1
             1
             1
             1
             1
             1
             1
             1
             1
             1
             1
             1
             1
             1
             1
             1
             1
             1
             1
             1
             1
             1
