             1
             1
             1
             1
             1
             1
             1
             1
             1
             1
             1
             1
             1
             1
             1
             1
             1
             1
             1
             1
             1
             1
             1
             1
             1
             1
             1
             1
             1
             1
             1
             1
             1
             1
             1
             1
             1
             1
             1
             1
             1
             1
             1
             1
             1
             1
             1
             1
             1
             1
             1
             1
             1
             1
             1
             1
             1
             1
             1
      0.941713
      0.941713
      0.941713
      0.941713
      0.941713
      0.941713
      0.941713
      0.941713
      0.941713
      0.941713
      0.941713
      0.941713
      0.941713
      0.941713
      0.941713
      0.941713
      0.941713
      0.941713
      0.941713
      0.941713
      0.941713
      0.941713
      0.941713
      0.941713
      0.941713
      0.941713
      0.941713
      0.941713
      0.941713
      0.941713
      0.941713
      0.941713
      0.941713
      0.941713
      0.941713
      0.941713
      0.941713
      0.941713
      0.941713
      0.941713
      0.941713
      0.941713
      0.941713
      0.941713
      0.941713
      0.941713
      0.941713
      0.941713
      0.941713
      0.941713
      0.941713
      0.941713
      0.941713
      0.941713
      0.941713
      0.941713
      0.941713
      0.941713
      0.941713
      0.883783
      0.883783
      0.883783
      0.883783
      0.883783
      0.883783
      0.883783
      0.883783
      0.883783
      0.883783
      0.883783
      0.883783
      0.883783
      0.883783
      0.883783
      0.883783
      0.883783
      0.883783
      0.883783
      0.883783
      0.883783
      0.883783
      0.883783
      0.883783
      0.883783
      0.883783
      0.883783
      0.883783
      0.883783
      0.883783
      0.883783
      0.883783
      0.883783
      0.883783
      0.883783
      0.883783
      0.883783
      0.883783
      0.883783
      0.883783
      0.883783
      0.883783
      0.883783
      0.883783
      0.883783
      0.883783
      0.883783
      0.883783
      0.883783
      0.883783
      0.883783
      0.883783
      0.883783
      0.883783
      0.883783
      0.883783
      0.883783
      0.883783
      0.883783
      0.826509
      0.826509
      0.826509
      0.826509
      0.826509
      0.826509
      0.826509
      0.826509
      0.826509
      0.826509
      0.826509
      0.826509
      0.826509
      0.826509
      0.826509
      0.826509
      0.826509
      0.826509
      0.826509
      0.826509
      0.826509
      0.826509
      0.826509
      0.826508
      0.826509
      0.826508
      0.826509
      0.826508
      0.826509
      0.826508
      0.826509
      0.826508
      0.826509
      0.826508
      0.826509
      0.826508
      0.826509
      0.826509
      0.826509
      0.826509
      0.826509
      0.826509
      0.826509
      0.826509
      0.826509
      0.826509
      0.826509
      0.826509
      0.826509
      0.826509
      0.826509
      0.826509
      0.826509
      0.826509
      0.826509
      0.826509
      0.826509
      0.826509
      0.826509
      0.770183
      0.770182
      0.770183
      0.770182
      0.770183
      0.770182
      0.770183
      0.770182
      0.770183
      0.770182
      0.770183
      0.770182
      0.770183
      0.770182
      0.770183
      0.770182
      0.770183
      0.770182
      0.770183
      0.770182
      0.770183
      0.770182
      0.770183
      0.770182
      0.770183
      0.770182
      0.770183
      0.770182
      0.770183
      0.770182
      0.770183
      0.770182
      0.770183
      0.770182
      0.770183
      0.770182
      0.770183
      0.770182
      0.770183
      0.770182
      0.770183
      0.770182
      0.770183
      0.770182
      0.770183
      0.770182
      0.770183
      0.770182
      0.770183
      0.770182
      0.770183
      0.770182
      0.770183
      0.770182
      0.770183
      0.770182
      0.770183
      0.770182
      0.770183
      0.715079
      0.715079
      0.715079
      0.715079
      0.715079
      0.715079
      0.715079
      0.715079
      0.715079
      0.715079
      0.715079
      0.715079
      0.715079
      0.715079
      0.715079
      0.715079
      0.715079
      0.715079
      0.715079
      0.715079
      0.715079
      0.715079
      0.715079
      0.715079
      0.715079
      0.715079
      0.715079
      0.715079
      0.715079
      0.715079
      0.715079
      0.715079
      0.715079
      0.715079
      0.715079
      0.715079
      0.715079
      0.715079
      0.715079
      0.715079
      0.715079
      0.715079
      0.715079
      0.715079
      0.715079
      0.715079
      0.715079
      0.715079
      0.715079
      0.715079
      0.715079
      0.715079
      0.715079
      0.715079
      0.715079
      0.715079
      0.715079
      0.715079
      0.715079
      0.661461
       0.66146
      0.661461
       0.66146
      0.661461
       0.66146
      0.661461
       0.66146
      0.661461
       0.66146
      0.661461
       0.66146
      0.661461
       0.66146
      0.661461
       0.66146
      0.661461
      0.661459
      0.661461
      0.661459
      0.661461
      0.661459
      0.661461
      0.661459
      0.661461
      0.661459
      0.661461
      0.661459
      0.661461
      0.661459
      0.661461
      0.661459
      0.661461
      0.661459
      0.661461
      0.661459
      0.661461
      0.661459
      0.661461
      0.661459
      0.661461
      0.661459
      0.661461
       0.66146
      0.661461
       0.66146
      0.661461
       0.66146
      0.661461
       0.66146
      0.661461
       0.66146
      0.661461
       0.66146
      0.661461
       0.66146
      0.661461
       0.66146
      0.661461
      0.609561
       0.60956
      0.609561
       0.60956
      0.609561
       0.60956
      0.609561
       0.60956
      0.609561
       0.60956
      0.609561
       0.60956
      0.609561
       0.60956
      0.609561
       0.60956
      0.609561
       0.60956
      0.609561
       0.60956
      0.609561
       0.60956
      0.609561
       0.60956
      0.609561
       0.60956
      0.609561
       0.60956
      0.609561
       0.60956
      0.609561
       0.60956
      0.609561
       0.60956
      0.609561
       0.60956
      0.609561
       0.60956
      0.609561
       0.60956
      0.609561
       0.60956
      0.609561
       0.60956
      0.609561
       0.60956
      0.609561
       0.60956
      0.609561
       0.60956
      0.609561
       0.60956
      0.609561
       0.60956
      0.609561
       0.60956
      0.609561
       0.60956
      0.609561
      0.559599
      0.559597
      0.559599
      0.559597
      0.559599
      0.559597
      0.559599
      0.559597
      0.559599
      0.559597
      0.559599
      0.559597
      0.559599
      0.559597
      0.559599
      0.559597
      0.559598
      0.559597
      0.559598
      0.559597
      0.559598
      0.559597
      0.559598
      0.559596
      0.559598
      0.559596
      0.559598
      0.559596
      0.559598
      0.559596
      0.559598
      0.559596
      0.559598
      0.559596
      0.559598
      0.559596
      0.559598
      0.559597
      0.559598
      0.559597
      0.559598
      0.559597
      0.559598
      0.559597
      0.559599
      0.559597
      0.559599
      0.559597
      0.559599
      0.559597
      0.559599
      0.559597
      0.559599
      0.559597
      0.559599
      0.559597
      0.559599
      0.559597
      0.559599
      0.511754
      0.511754
      0.511754
      0.511754
      0.511754
      0.511754
      0.511754
      0.511754
      0.511754
      0.511754
      0.511754
      0.511754
      0.511754
      0.511754
      0.511754
      0.511754
      0.511754
      0.511754
      0.511754
      0.511753
      0.511754
      0.511753
      0.511754
      0.511753
      0.511754
      0.511753
      0.511754
      0.511753
      0.511754
      0.511753
      0.511754
      0.511753
      0.511754
      0.511753
      0.511754
      0.511753
      0.511754
      0.511753
      0.511754
      0.511753
      0.511754
      0.511754
      0.511754
      0.511754
      0.511754
      0.511754
      0.511754
      0.511754
      0.511754
      0.511754
      0.511754
      0.511754
      0.511754
      0.511754
      0.511754
      0.511754
      0.511754
      0.511754
      0.511754
      0.466194
      0.466192
      0.466194
      0.466192
      0.466194
      0.466192
      0.466194
      0.466192
      0.466194
      0.466192
      0.466194
      0.466192
      0.466194
      0.466192
      0.466194
      0.466192
      0.466194
      0.466192
      0.466194
      0.466192
      0.466194
      0.466192
      0.466194
      0.466192
      0.466194
      0.466192
      0.466194
      0.466192
      0.466193
      0.466192
      0.466193
      0.466192
      0.466194
      0.466192
      0.466194
      0.466192
      0.466194
      0.466192
      0.466194
      0.466192
      0.466194
      0.466192
      0.466194
      0.466192
      0.466194
      0.466192
      0.466194
      0.466192
      0.466194
      0.466192
      0.466194
      0.466192
      0.466194
      0.466192
      0.466194
      0.466192
      0.466194
      0.466192
      0.466194
      0.423041
      0.423041
      0.423041
      0.423041
      0.423041
      0.423041
      0.423041
      0.423041
      0.423041
      0.423041
      0.423041
       0.42304
      0.423041
       0.42304
      0.423041
       0.42304
      0.423041
       0.42304
      0.423041
       0.42304
      0.423041
       0.42304
       0.42304
       0.42304
       0.42304
       0.42304
       0.42304
      0.423039
       0.42304
      0.423039
       0.42304
      0.423039
       0.42304
       0.42304
       0.42304
       0.42304
       0.42304
       0.42304
      0.423041
       0.42304
      0.423041
       0.42304
      0.423041
       0.42304
      0.423041
       0.42304
      0.423041
       0.42304
      0.423041
      0.423041
      0.423041
      0.423041
      0.423041
      0.423041
      0.423041
      0.423041
      0.423041
      0.423041
      0.423041
      0.382403
      0.382401
      0.382403
      0.382401
      0.382403
      0.382401
      0.382403
      0.382401
      0.382403
      0.382401
      0.382403
      0.382401
      0.382403
      0.382401
      0.382403
      0.382401
      0.382403
      0.382401
      0.382402
      0.382401
      0.382402
        0.3824
      0.382402
        0.3824
      0.382402
        0.3824
      0.382401
        0.3824
      0.382401
        0.3824
      0.382401
        0.3824
      0.382401
        0.3824
      0.382402
        0.3824
      0.382402
        0.3824
      0.382402
      0.382401
      0.382402
      0.382401
      0.382403
      0.382401
      0.382403
      0.382401
      0.382403
      0.382401
      0.382403
      0.382401
      0.382403
      0.382401
      0.382403
      0.382401
      0.382403
      0.382401
      0.382403
      0.382401
      0.382403
      0.344345
      0.344344
      0.344345
      0.344344
      0.344345
      0.344344
      0.344345
      0.344344
      0.344345
      0.344344
      0.344345
      0.344344
      0.344345
      0.344344
      0.344344
      0.344344
      0.344344
      0.344344
      0.344344
      0.344343
      0.344344
      0.344343
      0.344343
      0.344343
      0.344343
      0.344342
      0.344343
      0.344342
      0.344343
      0.344342
      0.344343
      0.344342
      0.344343
      0.344342
      0.344343
      0.344343
      0.344343
      0.344343
      0.344344
      0.344343
      0.344344
      0.344344
      0.344344
      0.344344
      0.344344
      0.344344
      0.344345
      0.344344
      0.344345
      0.344344
      0.344345
      0.344344
      0.344345
      0.344344
      0.344345
      0.344344
      0.344345
      0.344344
      0.344345
      0.308918
      0.308917
      0.308918
      0.308917
      0.308918
      0.308917
      0.308918
      0.308917
      0.308918
      0.308917
      0.308918
      0.308917
      0.308918
      0.308916
      0.308918
      0.308916
      0.308918
      0.308916
      0.308917
      0.308916
      0.308917
      0.308915
      0.308917
      0.308915
      0.308916
      0.308914
      0.308916
      0.308914
      0.308916
      0.308914
      0.308916
      0.308914
      0.308916
      0.308914
      0.308916
      0.308915
      0.308917
      0.308915
      0.308917
      0.308916
      0.308917
      0.308916
      0.308918
      0.308916
      0.308918
      0.308916
      0.308918
      0.308917
      0.308918
      0.308917
      0.308918
      0.308917
      0.308918
      0.308917
      0.308918
      0.308917
      0.308918
      0.308917
      0.308918
      0.276136
      0.276136
      0.276136
      0.276136
      0.276136
      0.276136
      0.276136
      0.276136
      0.276136
      0.276136
      0.276136
      0.276136
      0.276136
      0.276136
      0.276136
      0.276135
      0.276136
      0.276135
      0.276135
      0.276134
      0.276135
      0.276134
      0.276134
      0.276133
      0.276133
      0.276133
      0.276133
      0.276132
      0.276133
      0.276132
      0.276133
      0.276132
      0.276133
      0.276133
      0.276133
      0.276133
      0.276134
      0.276134
      0.276135
      0.276134
      0.276135
      0.276135
      0.276136
      0.276135
      0.276136
      0.276136
      0.276136
      0.276136
      0.276136
      0.276136
      0.276136
      0.276136
      0.276136
      0.276136
      0.276136
      0.276136
      0.276136
      0.276136
      0.276136
      0.246001
      0.245999
         0.246
      0.245999
         0.246
      0.245999
         0.246
      0.245999
         0.246
      0.245999
         0.246
      0.245999
         0.246
      0.245999
         0.246
      0.245999
      0.245999
      0.245998
      0.245999
      0.245998
      0.245998
      0.245997
      0.245998
      0.245996
      0.245997
      0.245995
      0.245996
      0.245995
      0.245996
      0.245994
      0.245996
      0.245995
      0.245996
      0.245995
      0.245997
      0.245996
      0.245998
      0.245997
      0.245998
      0.245998
      0.245999
      0.245998
      0.245999
      0.245999
         0.246
      0.245999
         0.246
      0.245999
         0.246
      0.245999
         0.246
      0.245999
         0.246
      0.245999
         0.246
      0.245999
         0.246
      0.245999
      0.246001
      0.218481
      0.218481
      0.218481
      0.218481
      0.218481
      0.218481
      0.218481
      0.218481
      0.218481
      0.218481
      0.218481
      0.218481
      0.218481
       0.21848
      0.218481
       0.21848
       0.21848
      0.218479
      0.218479
      0.218479
      0.218479
      0.218478
      0.218477
      0.218477
      0.218476
      0.218476
      0.218475
      0.218475
      0.218475
      0.218474
      0.218475
      0.218475
      0.218475
      0.218476
      0.218476
      0.218477
      0.218477
      0.218478
      0.218479
      0.218479
      0.218479
      0.218479
       0.21848
       0.21848
      0.218481
       0.21848
      0.218481
      0.218481
      0.218481
      0.218481
      0.218481
      0.218481
      0.218481
      0.218481
      0.218481
      0.218481
      0.218481
      0.218481
      0.218481
      0.193541
       0.19354
      0.193541
       0.19354
      0.193541
       0.19354
      0.193541
       0.19354
       0.19354
       0.19354
       0.19354
       0.19354
       0.19354
      0.193539
       0.19354
      0.193539
      0.193539
      0.193538
      0.193538
      0.193537
      0.193537
      0.193536
      0.193536
      0.193534
      0.193534
      0.193533
      0.193533
      0.193532
      0.193532
      0.193531
      0.193532
      0.193532
      0.193533
      0.193533
      0.193534
      0.193534
      0.193536
      0.193536
      0.193537
      0.193537
      0.193538
      0.193538
      0.193539
      0.193539
       0.19354
      0.193539
       0.19354
       0.19354
       0.19354
       0.19354
       0.19354
       0.19354
      0.193541
       0.19354
      0.193541
       0.19354
      0.193541
       0.19354
      0.193541
      0.171119
      0.171119
      0.171119
      0.171119
      0.171119
      0.171119
      0.171119
      0.171119
      0.171119
      0.171119
      0.171119
      0.171119
      0.171119
      0.171118
      0.171118
      0.171118
      0.171118
      0.171117
      0.171116
      0.171116
      0.171115
      0.171114
      0.171113
      0.171112
      0.171111
       0.17111
      0.171109
      0.171108
      0.171108
      0.171108
      0.171108
      0.171108
      0.171109
       0.17111
      0.171111
      0.171112
      0.171113
      0.171114
      0.171115
      0.171116
      0.171116
      0.171117
      0.171118
      0.171118
      0.171118
      0.171118
      0.171119
      0.171119
      0.171119
      0.171119
      0.171119
      0.171119
      0.171119
      0.171119
      0.171119
      0.171119
      0.171119
      0.171119
      0.171119
      0.151153
      0.151153
      0.151153
      0.151153
      0.151153
      0.151153
      0.151153
      0.151153
      0.151153
      0.151152
      0.151153
      0.151152
      0.151152
      0.151152
      0.151152
      0.151151
      0.151151
       0.15115
       0.15115
      0.151148
      0.151148
      0.151146
      0.151145
      0.151144
      0.151142
      0.151141
       0.15114
      0.151138
      0.151138
      0.151138
      0.151138
      0.151138
       0.15114
      0.151141
      0.151142
      0.151144
      0.151145
      0.151146
      0.151148
      0.151148
       0.15115
       0.15115
      0.151151
      0.151151
      0.151152
      0.151152
      0.151152
      0.151152
      0.151153
      0.151152
      0.151153
      0.151153
      0.151153
      0.151153
      0.151153
      0.151153
      0.151153
      0.151153
      0.151153
      0.133567
      0.133567
      0.133567
      0.133567
      0.133567
      0.133567
      0.133567
      0.133567
      0.133566
      0.133566
      0.133566
      0.133566
      0.133566
      0.133566
      0.133565
      0.133565
      0.133564
      0.133563
      0.133563
      0.133562
       0.13356
      0.133559
      0.133557
      0.133555
      0.133553
      0.133551
      0.133549
      0.133548
      0.133547
      0.133547
      0.133547
      0.133548
      0.133549
      0.133551
      0.133553
      0.133555
      0.133557
      0.133559
       0.13356
      0.133562
      0.133563
      0.133563
      0.133564
      0.133565
      0.133565
      0.133566
      0.133566
      0.133566
      0.133566
      0.133566
      0.133566
      0.133567
      0.133567
      0.133567
      0.133567
      0.133567
      0.133567
      0.133567
      0.133567
      0.118284
      0.118284
      0.118284
      0.118284
      0.118284
      0.118284
      0.118284
      0.118284
      0.118284
      0.118284
      0.118283
      0.118283
      0.118283
      0.118283
      0.118282
      0.118282
      0.118281
       0.11828
      0.118279
      0.118278
      0.118276
      0.118274
      0.118272
       0.11827
      0.118267
      0.118264
      0.118261
      0.118259
      0.118258
      0.118257
      0.118258
      0.118259
      0.118261
      0.118264
      0.118267
       0.11827
      0.118272
      0.118274
      0.118276
      0.118278
      0.118279
       0.11828
      0.118281
      0.118282
      0.118282
      0.118283
      0.118283
      0.118283
      0.118283
      0.118284
      0.118284
      0.118284
      0.118284
      0.118284
      0.118284
      0.118284
      0.118284
      0.118284
      0.118284
      0.105228
      0.105228
      0.105228
      0.105228
      0.105228
      0.105228
      0.105228
      0.105228
      0.105228
      0.105228
      0.105227
      0.105227
      0.105227
      0.105226
      0.105226
      0.105225
      0.105224
      0.105224
      0.105222
      0.105221
      0.105219
      0.105216
      0.105214
       0.10521
      0.105207
      0.105203
      0.105199
      0.105195
      0.105193
      0.105192
      0.105193
      0.105195
      0.105199
      0.105203
      0.105207
       0.10521
      0.105214
      0.105216
      0.105219
      0.105221
      0.105222
      0.105224
      0.105224
      0.105225
      0.105226
      0.105226
      0.105227
      0.105227
      0.105227
      0.105228
      0.105228
      0.105228
      0.105228
      0.105228
      0.105228
      0.105228
      0.105228
      0.105228
      0.105228
     0.0943235
      0.094324
     0.0943235
      0.094324
     0.0943234
     0.0943239
     0.0943233
     0.0943238
     0.0943232
     0.0943236
     0.0943229
     0.0943232
     0.0943223
     0.0943224
     0.0943214
     0.0943212
     0.0943198
     0.0943192
     0.0943171
     0.0943158
     0.0943129
     0.0943106
     0.0943065
     0.0943028
     0.0942973
     0.0942923
      0.094286
     0.0942814
     0.0942771
     0.0942761
     0.0942771
     0.0942814
      0.094286
     0.0942923
     0.0942973
     0.0943028
     0.0943065
     0.0943106
     0.0943129
     0.0943158
     0.0943171
     0.0943192
     0.0943198
     0.0943212
     0.0943214
     0.0943224
     0.0943223
     0.0943232
     0.0943229
     0.0943236
     0.0943232
     0.0943238
     0.0943233
     0.0943239
     0.0943234
      0.094324
     0.0943235
      0.094324
     0.0943235
     0.0855049
     0.0855052
     0.0855049
     0.0855051
     0.0855049
     0.0855051
     0.0855048
     0.0855049
     0.0855046
     0.0855047
     0.0855043
     0.0855042
     0.0855036
     0.0855034
     0.0855026
     0.0855021
     0.0855008
     0.0854998
     0.0854979
     0.0854959
      0.085493
     0.0854897
     0.0854852
       0.08548
     0.0854732
     0.0854658
     0.0854571
     0.0854492
     0.0854425
     0.0854401
     0.0854425
     0.0854492
     0.0854571
     0.0854658
     0.0854732
       0.08548
     0.0854852
     0.0854897
      0.085493
     0.0854959
     0.0854979
     0.0854998
     0.0855008
     0.0855021
     0.0855026
     0.0855034
     0.0855036
     0.0855042
     0.0855043
     0.0855047
     0.0855046
     0.0855049
     0.0855048
     0.0855051
     0.0855049
     0.0855051
     0.0855049
     0.0855052
     0.0855049
     0.0787105
     0.0787113
     0.0787105
     0.0787113
     0.0787105
     0.0787112
     0.0787103
      0.078711
     0.0787101
     0.0787108
     0.0787098
     0.0787103
     0.0787091
     0.0787094
      0.078708
      0.078708
     0.0787061
     0.0787055
     0.0787028
     0.0787012
     0.0786973
      0.078694
     0.0786881
     0.0786822
     0.0786731
     0.0786635
     0.0786502
      0.078638
     0.0786258
     0.0786212
     0.0786258
      0.078638
     0.0786502
     0.0786635
     0.0786731
     0.0786822
     0.0786881
      0.078694
     0.0786973
     0.0787012
     0.0787028
     0.0787055
     0.0787061
      0.078708
      0.078708
     0.0787094
     0.0787091
     0.0787103
     0.0787098
     0.0787108
     0.0787101
      0.078711
     0.0787103
     0.0787112
     0.0787105
     0.0787113
     0.0787105
     0.0787113
     0.0787105
     0.0738948
     0.0738951
     0.0738948
      0.073895
     0.0738947
      0.073895
     0.0738946
     0.0738948
     0.0738944
     0.0738945
      0.073894
      0.073894
     0.0738934
     0.0738931
     0.0738922
     0.0738916
     0.0738901
     0.0738889
     0.0738866
     0.0738842
     0.0738805
     0.0738763
     0.0738701
     0.0738626
     0.0738522
     0.0738391
     0.0738215
     0.0738004
     0.0737769
     0.0737658
     0.0737769
     0.0738004
     0.0738215
     0.0738391
     0.0738522
     0.0738626
     0.0738701
     0.0738763
     0.0738805
     0.0738842
     0.0738866
     0.0738889
     0.0738901
     0.0738916
     0.0738922
     0.0738931
     0.0738934
      0.073894
      0.073894
     0.0738945
     0.0738944
     0.0738948
     0.0738946
      0.073895
     0.0738947
      0.073895
     0.0738948
     0.0738951
     0.0738948
     0.0710186
     0.0710195
     0.0710186
     0.0710195
     0.0710186
     0.0710194
     0.0710185
     0.0710193
     0.0710182
      0.071019
     0.0710179
     0.0710185
     0.0710172
     0.0710175
     0.0710159
     0.0710159
     0.0710138
     0.0710131
     0.0710101
     0.0710083
     0.0710037
     0.0709998
     0.0709924
     0.0709847
     0.0709723
     0.0709571
     0.0709339
     0.0709017
     0.0708517
     0.0708241
     0.0708517
     0.0709017
     0.0709339
     0.0709571
     0.0709723
     0.0709847
     0.0709924
     0.0709998
     0.0710037
     0.0710083
     0.0710101
     0.0710131
     0.0710138
     0.0710159
     0.0710159
     0.0710175
     0.0710172
     0.0710185
     0.0710179
      0.071019
     0.0710182
     0.0710193
     0.0710185
     0.0710194
     0.0710186
     0.0710195
     0.0710186
     0.0710195
     0.0710186
     0.0700636
     0.0700639
     0.0700636
     0.0700639
     0.0700636
     0.0700638
     0.0700634
     0.0700637
     0.0700632
     0.0700634
     0.0700628
     0.0700628
     0.0700621
     0.0700619
     0.0700609
     0.0700603
     0.0700587
     0.0700574
      0.070055
     0.0700525
     0.0700484
     0.0700438
     0.0700369
     0.0700282
     0.0700157
     0.0699988
     0.0699735
     0.0699347
     0.0698681
     0.0697389
     0.0698681
     0.0699347
     0.0699735
     0.0699988
     0.0700157
     0.0700282
     0.0700369
     0.0700438
     0.0700484
     0.0700525
      0.070055
     0.0700574
     0.0700587
     0.0700603
     0.0700609
     0.0700619
     0.0700621
     0.0700628
     0.0700628
     0.0700634
     0.0700632
     0.0700637
     0.0700634
     0.0700638
     0.0700636
     0.0700639
     0.0700636
     0.0700639
     0.0700636
     0.0710186
     0.0710195
     0.0710186
     0.0710195
     0.0710186
     0.0710194
     0.0710185
     0.0710193
     0.0710182
      0.071019
     0.0710179
     0.0710185
     0.0710172
     0.0710175
     0.0710159
     0.0710159
     0.0710138
     0.0710131
     0.0710101
     0.0710083
     0.0710037
     0.0709998
     0.0709924
     0.0709847
     0.0709723
     0.0709571
     0.0709339
     0.0709017
     0.0708517
     0.0708241
     0.0708517
     0.0709017
     0.0709339
     0.0709571
     0.0709723
     0.0709847
     0.0709924
     0.0709998
     0.0710037
     0.0710083
     0.0710101
     0.0710131
     0.0710138
     0.0710159
     0.0710159
     0.0710175
     0.0710172
     0.0710185
     0.0710179
      0.071019
     0.0710182
     0.0710193
     0.0710185
     0.0710194
     0.0710186
     0.0710195
     0.0710186
     0.0710195
     0.0710186
     0.0738948
     0.0738951
     0.0738948
      0.073895
     0.0738947
      0.073895
     0.0738946
     0.0738948
     0.0738944
     0.0738945
      0.073894
      0.073894
     0.0738934
     0.0738931
     0.0738922
     0.0738916
     0.0738901
     0.0738889
     0.0738866
     0.0738842
     0.0738805
     0.0738763
     0.0738701
     0.0738626
     0.0738522
     0.0738391
     0.0738215
     0.0738004
     0.0737769
     0.0737658
     0.0737769
     0.0738004
     0.0738215
     0.0738391
     0.0738522
     0.0738626
     0.0738701
     0.0738763
     0.0738805
     0.0738842
     0.0738866
     0.0738889
     0.0738901
     0.0738916
     0.0738922
     0.0738931
     0.0738934
      0.073894
      0.073894
     0.0738945
     0.0738944
     0.0738948
     0.0738946
      0.073895
     0.0738947
      0.073895
     0.0738948
     0.0738951
     0.0738948
     0.0787105
     0.0787113
     0.0787105
     0.0787113
     0.0787105
     0.0787112
     0.0787103
      0.078711
     0.0787101
     0.0787108
     0.0787098
     0.0787103
     0.0787091
     0.0787094
      0.078708
      0.078708
     0.0787061
     0.0787055
     0.0787028
     0.0787012
     0.0786973
      0.078694
     0.0786881
     0.0786822
     0.0786731
     0.0786635
     0.0786502
      0.078638
     0.0786258
     0.0786212
     0.0786258
      0.078638
     0.0786502
     0.0786635
     0.0786731
     0.0786822
     0.0786881
      0.078694
     0.0786973
     0.0787012
     0.0787028
     0.0787055
     0.0787061
      0.078708
      0.078708
     0.0787094
     0.0787091
     0.0787103
     0.0787098
     0.0787108
     0.0787101
      0.078711
     0.0787103
     0.0787112
     0.0787105
     0.0787113
     0.0787105
     0.0787113
     0.0787105
     0.0855049
     0.0855052
     0.0855049
     0.0855051
     0.0855049
     0.0855051
     0.0855048
     0.0855049
     0.0855046
     0.0855047
     0.0855043
     0.0855042
     0.0855036
     0.0855034
     0.0855026
     0.0855021
     0.0855008
     0.0854998
     0.0854979
     0.0854959
      0.085493
     0.0854897
     0.0854852
       0.08548
     0.0854732
     0.0854658
     0.0854571
     0.0854492
     0.0854425
     0.0854401
     0.0854425
     0.0854492
     0.0854571
     0.0854658
     0.0854732
       0.08548
     0.0854852
     0.0854897
      0.085493
     0.0854959
     0.0854979
     0.0854998
     0.0855008
     0.0855021
     0.0855026
     0.0855034
     0.0855036
     0.0855042
     0.0855043
     0.0855047
     0.0855046
     0.0855049
     0.0855048
     0.0855051
     0.0855049
     0.0855051
     0.0855049
     0.0855052
     0.0855049
     0.0943235
      0.094324
     0.0943235
      0.094324
     0.0943234
     0.0943239
     0.0943233
     0.0943238
     0.0943232
     0.0943236
     0.0943229
     0.0943232
     0.0943223
     0.0943224
     0.0943214
     0.0943212
     0.0943198
     0.0943192
     0.0943171
     0.0943158
     0.0943129
     0.0943106
     0.0943065
     0.0943028
     0.0942973
     0.0942923
      0.094286
     0.0942814
     0.0942771
     0.0942761
     0.0942771
     0.0942814
      0.094286
     0.0942923
     0.0942973
     0.0943028
     0.0943065
     0.0943106
     0.0943129
     0.0943158
     0.0943171
     0.0943192
     0.0943198
     0.0943212
     0.0943214
     0.0943224
     0.0943223
     0.0943232
     0.0943229
     0.0943236
     0.0943232
     0.0943238
     0.0943233
     0.0943239
     0.0943234
      0.094324
     0.0943235
      0.094324
     0.0943235
      0.105228
      0.105228
      0.105228
      0.105228
      0.105228
      0.105228
      0.105228
      0.105228
      0.105228
      0.105228
      0.105227
      0.105227
      0.105227
      0.105226
      0.105226
      0.105225
      0.105224
      0.105224
      0.105222
      0.105221
      0.105219
      0.105216
      0.105214
       0.10521
      0.105207
      0.105203
      0.105199
      0.105195
      0.105193
      0.105192
      0.105193
      0.105195
      0.105199
      0.105203
      0.105207
       0.10521
      0.105214
      0.105216
      0.105219
      0.105221
      0.105222
      0.105224
      0.105224
      0.105225
      0.105226
      0.105226
      0.105227
      0.105227
      0.105227
      0.105228
      0.105228
      0.105228
      0.105228
      0.105228
      0.105228
      0.105228
      0.105228
      0.105228
      0.105228
      0.118284
      0.118284
      0.118284
      0.118284
      0.118284
      0.118284
      0.118284
      0.118284
      0.118284
      0.118284
      0.118283
      0.118283
      0.118283
      0.118283
      0.118282
      0.118282
      0.118281
       0.11828
      0.118279
      0.118278
      0.118276
      0.118274
      0.118272
       0.11827
      0.118267
      0.118264
      0.118261
      0.118259
      0.118258
      0.118257
      0.118258
      0.118259
      0.118261
      0.118264
      0.118267
       0.11827
      0.118272
      0.118274
      0.118276
      0.118278
      0.118279
       0.11828
      0.118281
      0.118282
      0.118282
      0.118283
      0.118283
      0.118283
      0.118283
      0.118284
      0.118284
      0.118284
      0.118284
      0.118284
      0.118284
      0.118284
      0.118284
      0.118284
      0.118284
      0.133567
      0.133567
      0.133567
      0.133567
      0.133567
      0.133567
      0.133567
      0.133567
      0.133566
      0.133566
      0.133566
      0.133566
      0.133566
      0.133566
      0.133565
      0.133565
      0.133564
      0.133563
      0.133563
      0.133562
       0.13356
      0.133559
      0.133557
      0.133555
      0.133553
      0.133551
      0.133549
      0.133548
      0.133547
      0.133547
      0.133547
      0.133548
      0.133549
      0.133551
      0.133553
      0.133555
      0.133557
      0.133559
       0.13356
      0.133562
      0.133563
      0.133563
      0.133564
      0.133565
      0.133565
      0.133566
      0.133566
      0.133566
      0.133566
      0.133566
      0.133566
      0.133567
      0.133567
      0.133567
      0.133567
      0.133567
      0.133567
      0.133567
      0.133567
      0.151153
      0.151153
      0.151153
      0.151153
      0.151153
      0.151153
      0.151153
      0.151153
      0.151153
      0.151152
      0.151153
      0.151152
      0.151152
      0.151152
      0.151152
      0.151151
      0.151151
       0.15115
       0.15115
      0.151148
      0.151148
      0.151146
      0.151145
      0.151144
      0.151142
      0.151141
       0.15114
      0.151138
      0.151138
      0.151138
      0.151138
      0.151138
       0.15114
      0.151141
      0.151142
      0.151144
      0.151145
      0.151146
      0.151148
      0.151148
       0.15115
       0.15115
      0.151151
      0.151151
      0.151152
      0.151152
      0.151152
      0.151152
      0.151153
      0.151152
      0.151153
      0.151153
      0.151153
      0.151153
      0.151153
      0.151153
      0.151153
      0.151153
      0.151153
      0.171119
      0.171119
      0.171119
      0.171119
      0.171119
      0.171119
      0.171119
      0.171119
      0.171119
      0.171119
      0.171119
      0.171119
      0.171119
      0.171118
      0.171118
      0.171118
      0.171118
      0.171117
      0.171116
      0.171116
      0.171115
      0.171114
      0.171113
      0.171112
      0.171111
       0.17111
      0.171109
      0.171108
      0.171108
      0.171108
      0.171108
      0.171108
      0.171109
       0.17111
      0.171111
      0.171112
      0.171113
      0.171114
      0.171115
      0.171116
      0.171116
      0.171117
      0.171118
      0.171118
      0.171118
      0.171118
      0.171119
      0.171119
      0.171119
      0.171119
      0.171119
      0.171119
      0.171119
      0.171119
      0.171119
      0.171119
      0.171119
      0.171119
      0.171119
      0.193541
       0.19354
      0.193541
       0.19354
      0.193541
       0.19354
      0.193541
       0.19354
       0.19354
       0.19354
       0.19354
       0.19354
       0.19354
      0.193539
       0.19354
      0.193539
      0.193539
      0.193538
      0.193538
      0.193537
      0.193537
      0.193536
      0.193536
      0.193534
      0.193534
      0.193533
      0.193533
      0.193532
      0.193532
      0.193531
      0.193532
      0.193532
      0.193533
      0.193533
      0.193534
      0.193534
      0.193536
      0.193536
      0.193537
      0.193537
      0.193538
      0.193538
      0.193539
      0.193539
       0.19354
      0.193539
       0.19354
       0.19354
       0.19354
       0.19354
       0.19354
       0.19354
      0.193541
       0.19354
      0.193541
       0.19354
      0.193541
       0.19354
      0.193541
      0.218481
      0.218481
      0.218481
      0.218481
      0.218481
      0.218481
      0.218481
      0.218481
      0.218481
      0.218481
      0.218481
      0.218481
      0.218481
       0.21848
      0.218481
       0.21848
       0.21848
      0.218479
      0.218479
      0.218479
      0.218479
      0.218478
      0.218477
      0.218477
      0.218476
      0.218476
      0.218475
      0.218475
      0.218475
      0.218474
      0.218475
      0.218475
      0.218475
      0.218476
      0.218476
      0.218477
      0.218477
      0.218478
      0.218479
      0.218479
      0.218479
      0.218479
       0.21848
       0.21848
      0.218481
       0.21848
      0.218481
      0.218481
      0.218481
      0.218481
      0.218481
      0.218481
      0.218481
      0.218481
      0.218481
      0.218481
      0.218481
      0.218481
      0.218481
      0.246001
      0.245999
         0.246
      0.245999
         0.246
      0.245999
         0.246
      0.245999
         0.246
      0.245999
         0.246
      0.245999
         0.246
      0.245999
         0.246
      0.245999
      0.245999
      0.245998
      0.245999
      0.245998
      0.245998
      0.245997
      0.245998
      0.245996
      0.245997
      0.245995
      0.245996
      0.245995
      0.245996
      0.245994
      0.245996
      0.245995
      0.245996
      0.245995
      0.245997
      0.245996
      0.245998
      0.245997
      0.245998
      0.245998
      0.245999
      0.245998
      0.245999
      0.245999
         0.246
      0.245999
         0.246
      0.245999
         0.246
      0.245999
         0.246
      0.245999
         0.246
      0.245999
         0.246
      0.245999
         0.246
      0.245999
      0.246001
      0.276136
      0.276136
      0.276136
      0.276136
      0.276136
      0.276136
      0.276136
      0.276136
      0.276136
      0.276136
      0.276136
      0.276136
      0.276136
      0.276136
      0.276136
      0.276135
      0.276136
      0.276135
      0.276135
      0.276134
      0.276135
      0.276134
      0.276134
      0.276133
      0.276133
      0.276133
      0.276133
      0.276132
      0.276133
      0.276132
      0.276133
      0.276132
      0.276133
      0.276133
      0.276133
      0.276133
      0.276134
      0.276134
      0.276135
      0.276134
      0.276135
      0.276135
      0.276136
      0.276135
      0.276136
      0.276136
      0.276136
      0.276136
      0.276136
      0.276136
      0.276136
      0.276136
      0.276136
      0.276136
      0.276136
      0.276136
      0.276136
      0.276136
      0.276136
      0.308918
      0.308917
      0.308918
      0.308917
      0.308918
      0.308917
      0.308918
      0.308917
      0.308918
      0.308917
      0.308918
      0.308917
      0.308918
      0.308916
      0.308918
      0.308916
      0.308918
      0.308916
      0.308917
      0.308916
      0.308917
      0.308915
      0.308917
      0.308915
      0.308916
      0.308914
      0.308916
      0.308914
      0.308916
      0.308914
      0.308916
      0.308914
      0.308916
      0.308914
      0.308916
      0.308915
      0.308917
      0.308915
      0.308917
      0.308916
      0.308917
      0.308916
      0.308918
      0.308916
      0.308918
      0.308916
      0.308918
      0.308917
      0.308918
      0.308917
      0.308918
      0.308917
      0.308918
      0.308917
      0.308918
      0.308917
      0.308918
      0.308917
      0.308918
      0.344345
      0.344344
      0.344345
      0.344344
      0.344345
      0.344344
      0.344345
      0.344344
      0.344345
      0.344344
      0.344345
      0.344344
      0.344345
      0.344344
      0.344344
      0.344344
      0.344344
      0.344344
      0.344344
      0.344343
      0.344344
      0.344343
      0.344343
      0.344343
      0.344343
      0.344342
      0.344343
      0.344342
      0.344343
      0.344342
      0.344343
      0.344342
      0.344343
      0.344342
      0.344343
      0.344343
      0.344343
      0.344343
      0.344344
      0.344343
      0.344344
      0.344344
      0.344344
      0.344344
      0.344344
      0.344344
      0.344345
      0.344344
      0.344345
      0.344344
      0.344345
      0.344344
      0.344345
      0.344344
      0.344345
      0.344344
      0.344345
      0.344344
      0.344345
      0.382403
      0.382401
      0.382403
      0.382401
      0.382403
      0.382401
      0.382403
      0.382401
      0.382403
      0.382401
      0.382403
      0.382401
      0.382403
      0.382401
      0.382403
      0.382401
      0.382403
      0.382401
      0.382402
      0.382401
      0.382402
        0.3824
      0.382402
        0.3824
      0.382402
        0.3824
      0.382401
        0.3824
      0.382401
        0.3824
      0.382401
        0.3824
      0.382401
        0.3824
      0.382402
        0.3824
      0.382402
        0.3824
      0.382402
      0.382401
      0.382402
      0.382401
      0.382403
      0.382401
      0.382403
      0.382401
      0.382403
      0.382401
      0.382403
      0.382401
      0.382403
      0.382401
      0.382403
      0.382401
      0.382403
      0.382401
      0.382403
      0.382401
      0.382403
      0.423041
      0.423041
      0.423041
      0.423041
      0.423041
      0.423041
      0.423041
      0.423041
      0.423041
      0.423041
      0.423041
       0.42304
      0.423041
       0.42304
      0.423041
       0.42304
      0.423041
       0.42304
      0.423041
       0.42304
      0.423041
       0.42304
       0.42304
       0.42304
       0.42304
       0.42304
       0.42304
      0.423039
       0.42304
      0.423039
       0.42304
      0.423039
       0.42304
       0.42304
       0.42304
       0.42304
       0.42304
       0.42304
      0.423041
       0.42304
      0.423041
       0.42304
      0.423041
       0.42304
      0.423041
       0.42304
      0.423041
       0.42304
      0.423041
      0.423041
      0.423041
      0.423041
      0.423041
      0.423041
      0.423041
      0.423041
      0.423041
      0.423041
      0.423041
      0.466194
      0.466192
      0.466194
      0.466192
      0.466194
      0.466192
      0.466194
      0.466192
      0.466194
      0.466192
      0.466194
      0.466192
      0.466194
      0.466192
      0.466194
      0.466192
      0.466194
      0.466192
      0.466194
      0.466192
      0.466194
      0.466192
      0.466194
      0.466192
      0.466194
      0.466192
      0.466194
      0.466192
      0.466193
      0.466192
      0.466193
      0.466192
      0.466194
      0.466192
      0.466194
      0.466192
      0.466194
      0.466192
      0.466194
      0.466192
      0.466194
      0.466192
      0.466194
      0.466192
      0.466194
      0.466192
      0.466194
      0.466192
      0.466194
      0.466192
      0.466194
      0.466192
      0.466194
      0.466192
      0.466194
      0.466192
      0.466194
      0.466192
      0.466194
      0.511754
      0.511754
      0.511754
      0.511754
      0.511754
      0.511754
      0.511754
      0.511754
      0.511754
      0.511754
      0.511754
      0.511754
      0.511754
      0.511754
      0.511754
      0.511754
      0.511754
      0.511754
      0.511754
      0.511753
      0.511754
      0.511753
      0.511754
      0.511753
      0.511754
      0.511753
      0.511754
      0.511753
      0.511754
      0.511753
      0.511754
      0.511753
      0.511754
      0.511753
      0.511754
      0.511753
      0.511754
      0.511753
      0.511754
      0.511753
      0.511754
      0.511754
      0.511754
      0.511754
      0.511754
      0.511754
      0.511754
      0.511754
      0.511754
      0.511754
      0.511754
      0.511754
      0.511754
      0.511754
      0.511754
      0.511754
      0.511754
      0.511754
      0.511754
      0.559599
      0.559597
      0.559599
      0.559597
      0.559599
      0.559597
      0.559599
      0.559597
      0.559599
      0.559597
      0.559599
      0.559597
      0.559599
      0.559597
      0.559599
      0.559597
      0.559598
      0.559597
      0.559598
      0.559597
      0.559598
      0.559597
      0.559598
      0.559596
      0.559598
      0.559596
      0.559598
      0.559596
      0.559598
      0.559596
      0.559598
      0.559596
      0.559598
      0.559596
      0.559598
      0.559596
      0.559598
      0.559597
      0.559598
      0.559597
      0.559598
      0.559597
      0.559598
      0.559597
      0.559599
      0.559597
      0.559599
      0.559597
      0.559599
      0.559597
      0.559599
      0.559597
      0.559599
      0.559597
      0.559599
      0.559597
      0.559599
      0.559597
      0.559599
      0.609561
       0.60956
      0.609561
       0.60956
      0.609561
       0.60956
      0.609561
       0.60956
      0.609561
       0.60956
      0.609561
       0.60956
      0.609561
       0.60956
      0.609561
       0.60956
      0.609561
       0.60956
      0.609561
       0.60956
      0.609561
       0.60956
      0.609561
       0.60956
      0.609561
       0.60956
      0.609561
       0.60956
      0.609561
       0.60956
      0.609561
       0.60956
      0.609561
       0.60956
      0.609561
       0.60956
      0.609561
       0.60956
      0.609561
       0.60956
      0.609561
       0.60956
      0.609561
       0.60956
      0.609561
       0.60956
      0.609561
       0.60956
      0.609561
       0.60956
      0.609561
       0.60956
      0.609561
       0.60956
      0.609561
       0.60956
      0.609561
       0.60956
      0.609561
      0.661461
       0.66146
      0.661461
       0.66146
      0.661461
       0.66146
      0.661461
       0.66146
      0.661461
       0.66146
      0.661461
       0.66146
      0.661461
       0.66146
      0.661461
       0.66146
      0.661461
      0.661459
      0.661461
      0.661459
      0.661461
      0.661459
      0.661461
      0.661459
      0.661461
      0.661459
      0.661461
      0.661459
      0.661461
      0.661459
      0.661461
      0.661459
      0.661461
      0.661459
      0.661461
      0.661459
      0.661461
      0.661459
      0.661461
      0.661459
      0.661461
      0.661459
      0.661461
       0.66146
      0.661461
       0.66146
      0.661461
       0.66146
      0.661461
       0.66146
      0.661461
       0.66146
      0.661461
       0.66146
      0.661461
       0.66146
      0.661461
       0.66146
      0.661461
      0.715079
      0.715079
      0.715079
      0.715079
      0.715079
      0.715079
      0.715079
      0.715079
      0.715079
      0.715079
      0.715079
      0.715079
      0.715079
      0.715079
      0.715079
      0.715079
      0.715079
      0.715079
      0.715079
      0.715079
      0.715079
      0.715079
      0.715079
      0.715079
      0.715079
      0.715079
      0.715079
      0.715079
      0.715079
      0.715079
      0.715079
      0.715079
      0.715079
      0.715079
      0.715079
      0.715079
      0.715079
      0.715079
      0.715079
      0.715079
      0.715079
      0.715079
      0.715079
      0.715079
      0.715079
      0.715079
      0.715079
      0.715079
      0.715079
      0.715079
      0.715079
      0.715079
      0.715079
      0.715079
      0.715079
      0.715079
      0.715079
      0.715079
      0.715079
      0.770183
      0.770182
      0.770183
      0.770182
      0.770183
      0.770182
      0.770183
      0.770182
      0.770183
      0.770182
      0.770183
      0.770182
      0.770183
      0.770182
      0.770183
      0.770182
      0.770183
      0.770182
      0.770183
      0.770182
      0.770183
      0.770182
      0.770183
      0.770182
      0.770183
      0.770182
      0.770183
      0.770182
      0.770183
      0.770182
      0.770183
      0.770182
      0.770183
      0.770182
      0.770183
      0.770182
      0.770183
      0.770182
      0.770183
      0.770182
      0.770183
      0.770182
      0.770183
      0.770182
      0.770183
      0.770182
      0.770183
      0.770182
      0.770183
      0.770182
      0.770183
      0.770182
      0.770183
      0.770182
      0.770183
      0.770182
      0.770183
      0.770182
      0.770183
      0.826509
      0.826509
      0.826509
      0.826509
      0.826509
      0.826509
      0.826509
      0.826509
      0.826509
      0.826509
      0.826509
      0.826509
      0.826509
      0.826509
      0.826509
      0.826509
      0.826509
      0.826509
      0.826509
      0.826509
      0.826509
      0.826509
      0.826509
      0.826508
      0.826509
      0.826508
      0.826509
      0.826508
      0.826509
      0.826508
      0.826509
      0.826508
      0.826509
      0.826508
      0.826509
      0.826508
      0.826509
      0.826509
      0.826509
      0.826509
      0.826509
      0.826509
      0.826509
      0.826509
      0.826509
      0.826509
      0.826509
      0.826509
      0.826509
      0.826509
      0.826509
      0.826509
      0.826509
      0.826509
      0.826509
      0.826509
      0.826509
      0.826509
      0.826509
      0.883783
      0.883783
      0.883783
      0.883783
      0.883783
      0.883783
      0.883783
      0.883783
      0.883783
      0.883783
      0.883783
      0.883783
      0.883783
      0.883783
      0.883783
      0.883783
      0.883783
      0.883783
      0.883783
      0.883783
      0.883783
      0.883783
      0.883783
      0.883783
      0.883783
      0.883783
      0.883783
      0.883783
      0.883783
      0.883783
      0.883783
      0.883783
      0.883783
      0.883783
      0.883783
      0.883783
      0.883783
      0.883783
      0.883783
      0.883783
      0.883783
      0.883783
      0.883783
      0.883783
      0.883783
      0.883783
      0.883783
      0.883783
      0.883783
      0.883783
      0.883783
      0.883783
      0.883783
      0.883783
      0.883783
      0.883783
      0.883783
      0.883783
      0.883783
      0.941713
      0.941713
      0.941713
      0.941713
      0.941713
      0.941713
      0.941713
      0.941713
      0.941713
      0.941713
      0.941713
      0.941713
      0.941713
      0.941713
      0.941713
      0.941713
      0.941713
      0.941713
      0.941713
      0.941713
      0.941713
      0.941713
      0.941713
      0.941713
      0.941713
      0.941713
      0.941713
      0.941713
      0.941713
      0.941713
      0.941713
      0.941713
      0.941713
      0.941713
      0.941713
      0.941713
      0.941713
      0.941713
      0.941713
      0.941713
      0.941713
      0.941713
      0.941713
      0.941713
      0.941713
      0.941713
      0.941713
      0.941713
      0.941713
      0.941713
      0.941713
      0.941713
      0.941713
      0.941713
      0.941713
      0.941713
      0.941713
      0.941713
      0.941713
             1
             1
             1
             1
             1
             1
             1
             1
             1
             1
             1
             1
             1
             1
             1
             1
             1
             1
             1
             1
             1
             1
             1
             1
             1
             1
             1
             1
             1
             1
             1
             1
             1
             1
             1
             1
             1
             1
             1
             1
             1
             1
             1
             1
             1
             1
             1
             1
             1
             1
             1
             1
             1
             1
             1
             1
             1
             1
             1
