             1
             1
             1
             1
             1
             1
             1
             1
             1
             1
             1
             1
             1
             1
             1
             1
             1
             1
             1
             1
             1
             1
             1
             1
             1
             1
             1
             1
             1
             1
             1
             1
             1
             1
             1
             1
             1
             1
             1
             1
             1
             1
             1
             1
             1
             1
             1
             1
             1
             1
             1
             1
             1
             1
             1
             1
             1
             1
             1
      0.942349
      0.942349
      0.942349
      0.942349
      0.942349
      0.942349
      0.942349
      0.942349
      0.942349
      0.942349
      0.942349
      0.942349
      0.942349
      0.942349
      0.942349
      0.942349
      0.942349
      0.942349
      0.942349
      0.942349
      0.942349
      0.942349
      0.942349
      0.942349
      0.942349
      0.942349
      0.942349
      0.942349
      0.942349
      0.942349
      0.942349
      0.942349
      0.942349
      0.942349
      0.942349
      0.942349
      0.942349
      0.942349
      0.942349
      0.942349
      0.942349
      0.942349
      0.942349
      0.942349
      0.942349
      0.942349
      0.942349
      0.942349
      0.942349
      0.942349
      0.942349
      0.942349
      0.942349
      0.942349
      0.942349
      0.942349
      0.942349
      0.942349
      0.942349
      0.885045
      0.885045
      0.885045
      0.885045
      0.885045
      0.885045
      0.885045
      0.885045
      0.885045
      0.885045
      0.885045
      0.885045
      0.885045
      0.885045
      0.885045
      0.885045
      0.885045
      0.885045
      0.885045
      0.885045
      0.885045
      0.885044
      0.885045
      0.885044
      0.885045
      0.885044
      0.885045
      0.885044
      0.885045
      0.885044
      0.885045
      0.885044
      0.885045
      0.885044
      0.885045
      0.885044
      0.885045
      0.885044
      0.885045
      0.885045
      0.885045
      0.885045
      0.885045
      0.885045
      0.885045
      0.885045
      0.885045
      0.885045
      0.885045
      0.885045
      0.885045
      0.885045
      0.885045
      0.885045
      0.885045
      0.885045
      0.885045
      0.885045
      0.885045
      0.828377
      0.828377
      0.828377
      0.828377
      0.828377
      0.828377
      0.828377
      0.828377
      0.828377
      0.828377
      0.828377
      0.828377
      0.828377
      0.828377
      0.828377
      0.828377
      0.828377
      0.828377
      0.828377
      0.828377
      0.828377
      0.828377
      0.828377
      0.828377
      0.828377
      0.828377
      0.828377
      0.828377
      0.828377
      0.828377
      0.828377
      0.828377
      0.828377
      0.828377
      0.828377
      0.828377
      0.828377
      0.828377
      0.828377
      0.828377
      0.828377
      0.828377
      0.828377
      0.828377
      0.828377
      0.828377
      0.828377
      0.828377
      0.828377
      0.828377
      0.828377
      0.828377
      0.828377
      0.828377
      0.828377
      0.828377
      0.828377
      0.828377
      0.828377
       0.77263
      0.772629
       0.77263
      0.772629
       0.77263
      0.772629
       0.77263
      0.772629
       0.77263
      0.772629
       0.77263
      0.772629
       0.77263
      0.772629
       0.77263
      0.772629
       0.77263
      0.772629
       0.77263
      0.772629
       0.77263
      0.772629
       0.77263
      0.772629
       0.77263
      0.772629
       0.77263
      0.772629
       0.77263
      0.772629
       0.77263
      0.772629
       0.77263
      0.772629
       0.77263
      0.772629
       0.77263
      0.772629
       0.77263
      0.772629
       0.77263
      0.772629
       0.77263
      0.772629
       0.77263
      0.772629
       0.77263
      0.772629
       0.77263
      0.772629
       0.77263
      0.772629
       0.77263
      0.772629
       0.77263
      0.772629
       0.77263
      0.772629
       0.77263
      0.718068
      0.718068
      0.718068
      0.718068
      0.718068
      0.718068
      0.718068
      0.718068
      0.718068
      0.718068
      0.718068
      0.718068
      0.718068
      0.718068
      0.718068
      0.718068
      0.718068
      0.718068
      0.718068
      0.718068
      0.718068
      0.718068
      0.718068
      0.718068
      0.718068
      0.718068
      0.718068
      0.718068
      0.718068
      0.718068
      0.718068
      0.718068
      0.718068
      0.718068
      0.718068
      0.718068
      0.718068
      0.718068
      0.718068
      0.718068
      0.718068
      0.718068
      0.718068
      0.718068
      0.718068
      0.718068
      0.718068
      0.718068
      0.718068
      0.718068
      0.718068
      0.718068
      0.718068
      0.718068
      0.718068
      0.718068
      0.718068
      0.718068
      0.718068
      0.664949
      0.664947
      0.664949
      0.664947
      0.664949
      0.664947
      0.664949
      0.664947
      0.664949
      0.664947
      0.664949
      0.664947
      0.664949
      0.664947
      0.664949
      0.664947
      0.664949
      0.664947
      0.664949
      0.664947
      0.664949
      0.664947
      0.664949
      0.664947
      0.664949
      0.664947
      0.664949
      0.664947
      0.664949
      0.664947
      0.664949
      0.664947
      0.664949
      0.664947
      0.664949
      0.664947
      0.664949
      0.664947
      0.664949
      0.664947
      0.664949
      0.664947
      0.664949
      0.664947
      0.664949
      0.664947
      0.664949
      0.664947
      0.664949
      0.664947
      0.664949
      0.664947
      0.664949
      0.664947
      0.664949
      0.664947
      0.664949
      0.664947
      0.664949
      0.613498
      0.613497
      0.613498
      0.613497
      0.613498
      0.613497
      0.613498
      0.613497
      0.613498
      0.613497
      0.613498
      0.613497
      0.613498
      0.613497
      0.613498
      0.613497
      0.613498
      0.613497
      0.613498
      0.613497
      0.613498
      0.613497
      0.613497
      0.613497
      0.613497
      0.613497
      0.613497
      0.613497
      0.613497
      0.613497
      0.613497
      0.613497
      0.613497
      0.613497
      0.613497
      0.613497
      0.613497
      0.613497
      0.613498
      0.613497
      0.613498
      0.613497
      0.613498
      0.613497
      0.613498
      0.613497
      0.613498
      0.613497
      0.613498
      0.613497
      0.613498
      0.613497
      0.613498
      0.613497
      0.613498
      0.613497
      0.613498
      0.613497
      0.613498
       0.56393
      0.563928
       0.56393
      0.563928
       0.56393
      0.563928
       0.56393
      0.563928
       0.56393
      0.563928
       0.56393
      0.563928
       0.56393
      0.563928
       0.56393
      0.563928
       0.56393
      0.563928
       0.56393
      0.563928
       0.56393
      0.563928
       0.56393
      0.563928
       0.56393
      0.563928
       0.56393
      0.563928
       0.56393
      0.563928
       0.56393
      0.563928
       0.56393
      0.563928
       0.56393
      0.563928
       0.56393
      0.563928
       0.56393
      0.563928
       0.56393
      0.563928
       0.56393
      0.563928
       0.56393
      0.563928
       0.56393
      0.563928
       0.56393
      0.563928
       0.56393
      0.563928
       0.56393
      0.563928
       0.56393
      0.563928
       0.56393
      0.563928
       0.56393
      0.516423
      0.516423
      0.516423
      0.516423
      0.516423
      0.516423
      0.516423
      0.516423
      0.516423
      0.516423
      0.516423
      0.516423
      0.516423
      0.516422
      0.516423
      0.516422
      0.516423
      0.516422
      0.516423
      0.516422
      0.516423
      0.516422
      0.516423
      0.516422
      0.516423
      0.516422
      0.516422
      0.516422
      0.516422
      0.516422
      0.516422
      0.516422
      0.516422
      0.516422
      0.516423
      0.516422
      0.516423
      0.516422
      0.516423
      0.516422
      0.516423
      0.516422
      0.516423
      0.516422
      0.516423
      0.516422
      0.516423
      0.516423
      0.516423
      0.516423
      0.516423
      0.516423
      0.516423
      0.516423
      0.516423
      0.516423
      0.516423
      0.516423
      0.516423
      0.471141
      0.471139
      0.471141
      0.471139
      0.471141
      0.471139
      0.471141
      0.471139
      0.471141
      0.471139
      0.471141
      0.471139
      0.471141
      0.471139
      0.471141
      0.471139
       0.47114
      0.471139
       0.47114
      0.471139
       0.47114
      0.471138
       0.47114
      0.471138
       0.47114
      0.471138
       0.47114
      0.471138
       0.47114
      0.471138
       0.47114
      0.471138
       0.47114
      0.471138
       0.47114
      0.471138
       0.47114
      0.471138
       0.47114
      0.471139
       0.47114
      0.471139
       0.47114
      0.471139
      0.471141
      0.471139
      0.471141
      0.471139
      0.471141
      0.471139
      0.471141
      0.471139
      0.471141
      0.471139
      0.471141
      0.471139
      0.471141
      0.471139
      0.471141
      0.428206
      0.428205
      0.428206
      0.428205
      0.428206
      0.428205
      0.428206
      0.428205
      0.428205
      0.428205
      0.428205
      0.428205
      0.428205
      0.428205
      0.428205
      0.428205
      0.428205
      0.428205
      0.428205
      0.428204
      0.428205
      0.428204
      0.428205
      0.428204
      0.428204
      0.428204
      0.428204
      0.428204
      0.428204
      0.428204
      0.428204
      0.428204
      0.428204
      0.428204
      0.428204
      0.428204
      0.428205
      0.428204
      0.428205
      0.428204
      0.428205
      0.428205
      0.428205
      0.428205
      0.428205
      0.428205
      0.428205
      0.428205
      0.428205
      0.428205
      0.428205
      0.428205
      0.428206
      0.428205
      0.428206
      0.428205
      0.428206
      0.428205
      0.428206
      0.387726
      0.387725
      0.387726
      0.387725
      0.387726
      0.387725
      0.387726
      0.387725
      0.387726
      0.387725
      0.387726
      0.387724
      0.387726
      0.387724
      0.387726
      0.387724
      0.387726
      0.387724
      0.387726
      0.387724
      0.387725
      0.387724
      0.387725
      0.387723
      0.387725
      0.387723
      0.387725
      0.387723
      0.387725
      0.387723
      0.387725
      0.387723
      0.387725
      0.387723
      0.387725
      0.387723
      0.387725
      0.387724
      0.387725
      0.387724
      0.387726
      0.387724
      0.387726
      0.387724
      0.387726
      0.387724
      0.387726
      0.387724
      0.387726
      0.387725
      0.387726
      0.387725
      0.387726
      0.387725
      0.387726
      0.387725
      0.387726
      0.387725
      0.387726
      0.349771
       0.34977
      0.349771
       0.34977
      0.349771
       0.34977
      0.349771
       0.34977
      0.349771
       0.34977
      0.349771
       0.34977
      0.349771
       0.34977
       0.34977
       0.34977
       0.34977
       0.34977
       0.34977
      0.349769
       0.34977
      0.349769
      0.349769
      0.349769
      0.349769
      0.349768
      0.349769
      0.349768
      0.349768
      0.349768
      0.349768
      0.349768
      0.349769
      0.349768
      0.349769
      0.349769
      0.349769
      0.349769
       0.34977
      0.349769
       0.34977
       0.34977
       0.34977
       0.34977
       0.34977
       0.34977
      0.349771
       0.34977
      0.349771
       0.34977
      0.349771
       0.34977
      0.349771
       0.34977
      0.349771
       0.34977
      0.349771
       0.34977
      0.349771
      0.314394
      0.314393
      0.314394
      0.314393
      0.314394
      0.314393
      0.314394
      0.314393
      0.314394
      0.314392
      0.314394
      0.314392
      0.314394
      0.314392
      0.314393
      0.314392
      0.314393
      0.314392
      0.314393
      0.314391
      0.314392
      0.314391
      0.314392
       0.31439
      0.314391
       0.31439
      0.314391
       0.31439
      0.314391
      0.314389
      0.314391
       0.31439
      0.314391
       0.31439
      0.314391
       0.31439
      0.314392
      0.314391
      0.314392
      0.314391
      0.314393
      0.314392
      0.314393
      0.314392
      0.314393
      0.314392
      0.314394
      0.314392
      0.314394
      0.314392
      0.314394
      0.314393
      0.314394
      0.314393
      0.314394
      0.314393
      0.314394
      0.314393
      0.314394
      0.281614
      0.281613
      0.281614
      0.281613
      0.281614
      0.281613
      0.281614
      0.281613
      0.281614
      0.281613
      0.281613
      0.281613
      0.281613
      0.281613
      0.281613
      0.281613
      0.281613
      0.281612
      0.281612
      0.281612
      0.281612
      0.281611
      0.281611
       0.28161
       0.28161
       0.28161
       0.28161
      0.281609
       0.28161
      0.281609
       0.28161
      0.281609
       0.28161
       0.28161
       0.28161
       0.28161
      0.281611
      0.281611
      0.281612
      0.281612
      0.281612
      0.281612
      0.281613
      0.281613
      0.281613
      0.281613
      0.281613
      0.281613
      0.281613
      0.281613
      0.281614
      0.281613
      0.281614
      0.281613
      0.281614
      0.281613
      0.281614
      0.281613
      0.281614
      0.251437
      0.251436
      0.251437
      0.251436
      0.251437
      0.251436
      0.251437
      0.251436
      0.251437
      0.251436
      0.251437
      0.251435
      0.251436
      0.251435
      0.251436
      0.251435
      0.251436
      0.251434
      0.251435
      0.251434
      0.251434
      0.251433
      0.251433
      0.251432
      0.251433
      0.251431
      0.251432
       0.25143
      0.251431
       0.25143
      0.251431
       0.25143
      0.251432
      0.251431
      0.251433
      0.251432
      0.251433
      0.251433
      0.251434
      0.251434
      0.251435
      0.251434
      0.251436
      0.251435
      0.251436
      0.251435
      0.251436
      0.251435
      0.251437
      0.251436
      0.251437
      0.251436
      0.251437
      0.251436
      0.251437
      0.251436
      0.251437
      0.251436
      0.251437
       0.22384
       0.22384
       0.22384
       0.22384
       0.22384
       0.22384
       0.22384
       0.22384
       0.22384
       0.22384
       0.22384
       0.22384
       0.22384
      0.223839
      0.223839
      0.223839
      0.223839
      0.223838
      0.223838
      0.223837
      0.223837
      0.223836
      0.223836
      0.223835
      0.223835
      0.223834
      0.223834
      0.223833
      0.223833
      0.223833
      0.223833
      0.223833
      0.223834
      0.223834
      0.223835
      0.223835
      0.223836
      0.223836
      0.223837
      0.223837
      0.223838
      0.223838
      0.223839
      0.223839
      0.223839
      0.223839
       0.22384
       0.22384
       0.22384
       0.22384
       0.22384
       0.22384
       0.22384
       0.22384
       0.22384
       0.22384
       0.22384
       0.22384
       0.22384
      0.198793
      0.198792
      0.198793
      0.198792
      0.198793
      0.198792
      0.198793
      0.198792
      0.198793
      0.198792
      0.198793
      0.198792
      0.198792
      0.198791
      0.198792
      0.198791
      0.198791
       0.19879
       0.19879
      0.198789
      0.198789
      0.198788
      0.198787
      0.198786
      0.198786
      0.198784
      0.198784
      0.198783
      0.198783
      0.198783
      0.198783
      0.198783
      0.198784
      0.198784
      0.198786
      0.198786
      0.198787
      0.198788
      0.198789
      0.198789
       0.19879
       0.19879
      0.198791
      0.198791
      0.198792
      0.198791
      0.198792
      0.198792
      0.198793
      0.198792
      0.198793
      0.198792
      0.198793
      0.198792
      0.198793
      0.198792
      0.198793
      0.198792
      0.198793
      0.176243
      0.176242
      0.176243
      0.176242
      0.176243
      0.176242
      0.176243
      0.176242
      0.176242
      0.176242
      0.176242
      0.176242
      0.176242
      0.176241
      0.176241
      0.176241
      0.176241
       0.17624
      0.176239
      0.176238
      0.176238
      0.176237
      0.176236
      0.176234
      0.176233
      0.176232
      0.176231
       0.17623
       0.17623
       0.17623
       0.17623
       0.17623
      0.176231
      0.176232
      0.176233
      0.176234
      0.176236
      0.176237
      0.176238
      0.176238
      0.176239
       0.17624
      0.176241
      0.176241
      0.176241
      0.176241
      0.176242
      0.176242
      0.176242
      0.176242
      0.176242
      0.176242
      0.176243
      0.176242
      0.176243
      0.176242
      0.176243
      0.176242
      0.176243
      0.156132
      0.156132
      0.156132
      0.156132
      0.156132
      0.156132
      0.156132
      0.156132
      0.156132
      0.156132
      0.156132
      0.156131
      0.156131
      0.156131
      0.156131
       0.15613
       0.15613
      0.156129
      0.156128
      0.156127
      0.156126
      0.156125
      0.156124
      0.156122
      0.156121
      0.156119
      0.156118
      0.156116
      0.156116
      0.156115
      0.156116
      0.156116
      0.156118
      0.156119
      0.156121
      0.156122
      0.156124
      0.156125
      0.156126
      0.156127
      0.156128
      0.156129
       0.15613
       0.15613
      0.156131
      0.156131
      0.156131
      0.156131
      0.156132
      0.156132
      0.156132
      0.156132
      0.156132
      0.156132
      0.156132
      0.156132
      0.156132
      0.156132
      0.156132
      0.138394
      0.138394
      0.138394
      0.138394
      0.138394
      0.138394
      0.138394
      0.138394
      0.138394
      0.138394
      0.138394
      0.138393
      0.138393
      0.138393
      0.138392
      0.138392
      0.138391
      0.138391
       0.13839
      0.138388
      0.138387
      0.138385
      0.138384
      0.138381
      0.138379
      0.138377
      0.138375
      0.138373
      0.138372
      0.138372
      0.138372
      0.138373
      0.138375
      0.138377
      0.138379
      0.138381
      0.138384
      0.138385
      0.138387
      0.138388
       0.13839
      0.138391
      0.138391
      0.138392
      0.138392
      0.138393
      0.138393
      0.138393
      0.138394
      0.138394
      0.138394
      0.138394
      0.138394
      0.138394
      0.138394
      0.138394
      0.138394
      0.138394
      0.138394
      0.122959
      0.122959
      0.122959
      0.122959
      0.122959
      0.122959
      0.122959
      0.122959
      0.122958
      0.122959
      0.122958
      0.122958
      0.122958
      0.122957
      0.122957
      0.122956
      0.122955
      0.122955
      0.122953
      0.122952
       0.12295
      0.122948
      0.122946
      0.122943
       0.12294
      0.122937
      0.122934
      0.122932
       0.12293
       0.12293
       0.12293
      0.122932
      0.122934
      0.122937
       0.12294
      0.122943
      0.122946
      0.122948
       0.12295
      0.122952
      0.122953
      0.122955
      0.122955
      0.122956
      0.122957
      0.122957
      0.122958
      0.122958
      0.122958
      0.122959
      0.122958
      0.122959
      0.122959
      0.122959
      0.122959
      0.122959
      0.122959
      0.122959
      0.122959
      0.109756
      0.109756
      0.109756
      0.109756
      0.109756
      0.109756
      0.109756
      0.109756
      0.109755
      0.109755
      0.109755
      0.109755
      0.109755
      0.109754
      0.109754
      0.109753
      0.109752
      0.109751
       0.10975
      0.109748
      0.109746
      0.109743
       0.10974
      0.109737
      0.109732
      0.109728
      0.109724
      0.109721
      0.109718
      0.109717
      0.109718
      0.109721
      0.109724
      0.109728
      0.109732
      0.109737
       0.10974
      0.109743
      0.109746
      0.109748
       0.10975
      0.109751
      0.109752
      0.109753
      0.109754
      0.109754
      0.109755
      0.109755
      0.109755
      0.109755
      0.109755
      0.109756
      0.109756
      0.109756
      0.109756
      0.109756
      0.109756
      0.109756
      0.109756
     0.0987164
     0.0987169
     0.0987164
     0.0987169
     0.0987164
     0.0987168
     0.0987162
     0.0987166
      0.098716
     0.0987164
     0.0987157
     0.0987159
      0.098715
     0.0987151
      0.098714
     0.0987137
     0.0987122
     0.0987114
     0.0987093
     0.0987078
     0.0987047
      0.098702
     0.0986977
     0.0986936
     0.0986877
     0.0986823
     0.0986756
     0.0986705
      0.098666
     0.0986649
      0.098666
     0.0986705
     0.0986756
     0.0986823
     0.0986877
     0.0986936
     0.0986977
      0.098702
     0.0987047
     0.0987078
     0.0987093
     0.0987114
     0.0987122
     0.0987137
      0.098714
     0.0987151
      0.098715
     0.0987159
     0.0987157
     0.0987164
      0.098716
     0.0987166
     0.0987162
     0.0987168
     0.0987164
     0.0987169
     0.0987164
     0.0987169
     0.0987164
     0.0897796
     0.0897798
     0.0897796
     0.0897798
     0.0897796
     0.0897797
     0.0897795
     0.0897796
     0.0897792
     0.0897793
     0.0897788
     0.0897787
     0.0897782
     0.0897779
      0.089777
     0.0897763
      0.089775
     0.0897738
     0.0897717
     0.0897696
     0.0897664
     0.0897628
     0.0897579
     0.0897523
      0.089745
      0.089737
     0.0897277
     0.0897192
     0.0897121
     0.0897094
     0.0897121
     0.0897192
     0.0897277
      0.089737
      0.089745
     0.0897523
     0.0897579
     0.0897628
     0.0897664
     0.0897696
     0.0897717
     0.0897738
      0.089775
     0.0897763
      0.089777
     0.0897779
     0.0897782
     0.0897787
     0.0897788
     0.0897793
     0.0897792
     0.0897796
     0.0897795
     0.0897797
     0.0897796
     0.0897798
     0.0897796
     0.0897798
     0.0897796
     0.0828886
     0.0828893
     0.0828885
     0.0828892
     0.0828885
     0.0828892
     0.0828884
      0.082889
     0.0828881
     0.0828887
     0.0828877
     0.0828881
      0.082887
     0.0828872
     0.0828857
     0.0828855
     0.0828836
     0.0828827
       0.08288
      0.082878
     0.0828739
     0.0828702
     0.0828639
     0.0828575
     0.0828477
     0.0828374
     0.0828232
     0.0828102
     0.0827972
     0.0827922
     0.0827972
     0.0828102
     0.0828232
     0.0828374
     0.0828477
     0.0828575
     0.0828639
     0.0828702
     0.0828739
      0.082878
       0.08288
     0.0828827
     0.0828836
     0.0828855
     0.0828857
     0.0828872
      0.082887
     0.0828881
     0.0828877
     0.0828887
     0.0828881
      0.082889
     0.0828884
     0.0828892
     0.0828885
     0.0828892
     0.0828885
     0.0828893
     0.0828886
     0.0780011
     0.0780013
     0.0780011
     0.0780013
      0.078001
     0.0780012
     0.0780009
      0.078001
     0.0780006
     0.0780007
     0.0780002
     0.0780001
     0.0779994
     0.0779991
     0.0779981
     0.0779974
     0.0779958
     0.0779944
     0.0779919
     0.0779893
     0.0779853
     0.0779807
      0.077974
     0.0779659
     0.0779547
     0.0779407
     0.0779219
     0.0778993
     0.0778745
     0.0778627
     0.0778745
     0.0778993
     0.0779219
     0.0779407
     0.0779547
     0.0779659
      0.077974
     0.0779807
     0.0779853
     0.0779893
     0.0779919
     0.0779944
     0.0779958
     0.0779974
     0.0779981
     0.0779991
     0.0779994
     0.0780001
     0.0780002
     0.0780007
     0.0780006
      0.078001
     0.0780009
     0.0780012
      0.078001
     0.0780013
     0.0780011
     0.0780013
     0.0780011
     0.0750809
     0.0750818
     0.0750809
     0.0750817
     0.0750808
     0.0750816
     0.0750807
     0.0750814
     0.0750805
     0.0750811
       0.07508
     0.0750805
     0.0750792
     0.0750795
     0.0750779
     0.0750777
     0.0750755
     0.0750746
     0.0750714
     0.0750692
     0.0750644
       0.07506
     0.0750522
     0.0750438
     0.0750305
     0.0750142
     0.0749896
     0.0749551
     0.0749022
     0.0748728
     0.0749022
     0.0749551
     0.0749896
     0.0750142
     0.0750305
     0.0750438
     0.0750522
       0.07506
     0.0750644
     0.0750692
     0.0750714
     0.0750746
     0.0750755
     0.0750777
     0.0750779
     0.0750795
     0.0750792
     0.0750805
       0.07508
     0.0750811
     0.0750805
     0.0750814
     0.0750807
     0.0750816
     0.0750808
     0.0750817
     0.0750809
     0.0750818
     0.0750809
      0.074111
     0.0741112
      0.074111
     0.0741112
     0.0741109
     0.0741111
     0.0741108
     0.0741109
     0.0741105
     0.0741106
     0.0741101
       0.07411
     0.0741093
      0.074109
     0.0741079
     0.0741071
     0.0741055
      0.074104
     0.0741013
     0.0740985
     0.0740942
     0.0740891
     0.0740817
     0.0740723
     0.0740589
     0.0740408
     0.0740139
     0.0739726
      0.073902
     0.0737651
      0.073902
     0.0739726
     0.0740139
     0.0740408
     0.0740589
     0.0740723
     0.0740817
     0.0740891
     0.0740942
     0.0740985
     0.0741013
      0.074104
     0.0741055
     0.0741071
     0.0741079
      0.074109
     0.0741093
       0.07411
     0.0741101
     0.0741106
     0.0741105
     0.0741109
     0.0741108
     0.0741111
     0.0741109
     0.0741112
      0.074111
     0.0741112
      0.074111
     0.0750809
     0.0750818
     0.0750809
     0.0750817
     0.0750808
     0.0750816
     0.0750807
     0.0750814
     0.0750805
     0.0750811
       0.07508
     0.0750805
     0.0750792
     0.0750795
     0.0750779
     0.0750777
     0.0750755
     0.0750746
     0.0750714
     0.0750692
     0.0750644
       0.07506
     0.0750522
     0.0750438
     0.0750305
     0.0750142
     0.0749896
     0.0749551
     0.0749022
     0.0748728
     0.0749022
     0.0749551
     0.0749896
     0.0750142
     0.0750305
     0.0750438
     0.0750522
       0.07506
     0.0750644
     0.0750692
     0.0750714
     0.0750746
     0.0750755
     0.0750777
     0.0750779
     0.0750795
     0.0750792
     0.0750805
       0.07508
     0.0750811
     0.0750805
     0.0750814
     0.0750807
     0.0750816
     0.0750808
     0.0750817
     0.0750809
     0.0750818
     0.0750809
     0.0780011
     0.0780013
     0.0780011
     0.0780013
      0.078001
     0.0780012
     0.0780009
      0.078001
     0.0780006
     0.0780007
     0.0780002
     0.0780001
     0.0779994
     0.0779991
     0.0779981
     0.0779974
     0.0779958
     0.0779944
     0.0779919
     0.0779893
     0.0779853
     0.0779807
      0.077974
     0.0779659
     0.0779547
     0.0779407
     0.0779219
     0.0778993
     0.0778745
     0.0778627
     0.0778745
     0.0778993
     0.0779219
     0.0779407
     0.0779547
     0.0779659
      0.077974
     0.0779807
     0.0779853
     0.0779893
     0.0779919
     0.0779944
     0.0779958
     0.0779974
     0.0779981
     0.0779991
     0.0779994
     0.0780001
     0.0780002
     0.0780007
     0.0780006
      0.078001
     0.0780009
     0.0780012
      0.078001
     0.0780013
     0.0780011
     0.0780013
     0.0780011
     0.0828886
     0.0828893
     0.0828885
     0.0828892
     0.0828885
     0.0828892
     0.0828884
      0.082889
     0.0828881
     0.0828887
     0.0828877
     0.0828881
      0.082887
     0.0828872
     0.0828857
     0.0828855
     0.0828836
     0.0828827
       0.08288
      0.082878
     0.0828739
     0.0828702
     0.0828639
     0.0828575
     0.0828477
     0.0828374
     0.0828232
     0.0828102
     0.0827972
     0.0827922
     0.0827972
     0.0828102
     0.0828232
     0.0828374
     0.0828477
     0.0828575
     0.0828639
     0.0828702
     0.0828739
      0.082878
       0.08288
     0.0828827
     0.0828836
     0.0828855
     0.0828857
     0.0828872
      0.082887
     0.0828881
     0.0828877
     0.0828887
     0.0828881
      0.082889
     0.0828884
     0.0828892
     0.0828885
     0.0828892
     0.0828885
     0.0828893
     0.0828886
     0.0897796
     0.0897798
     0.0897796
     0.0897798
     0.0897796
     0.0897797
     0.0897795
     0.0897796
     0.0897792
     0.0897793
     0.0897788
     0.0897787
     0.0897782
     0.0897779
      0.089777
     0.0897763
      0.089775
     0.0897738
     0.0897717
     0.0897696
     0.0897664
     0.0897628
     0.0897579
     0.0897523
      0.089745
      0.089737
     0.0897277
     0.0897192
     0.0897121
     0.0897094
     0.0897121
     0.0897192
     0.0897277
      0.089737
      0.089745
     0.0897523
     0.0897579
     0.0897628
     0.0897664
     0.0897696
     0.0897717
     0.0897738
      0.089775
     0.0897763
      0.089777
     0.0897779
     0.0897782
     0.0897787
     0.0897788
     0.0897793
     0.0897792
     0.0897796
     0.0897795
     0.0897797
     0.0897796
     0.0897798
     0.0897796
     0.0897798
     0.0897796
     0.0987164
     0.0987169
     0.0987164
     0.0987169
     0.0987164
     0.0987168
     0.0987162
     0.0987166
      0.098716
     0.0987164
     0.0987157
     0.0987159
      0.098715
     0.0987151
      0.098714
     0.0987137
     0.0987122
     0.0987114
     0.0987093
     0.0987078
     0.0987047
      0.098702
     0.0986977
     0.0986936
     0.0986877
     0.0986823
     0.0986756
     0.0986705
      0.098666
     0.0986649
      0.098666
     0.0986705
     0.0986756
     0.0986823
     0.0986877
     0.0986936
     0.0986977
      0.098702
     0.0987047
     0.0987078
     0.0987093
     0.0987114
     0.0987122
     0.0987137
      0.098714
     0.0987151
      0.098715
     0.0987159
     0.0987157
     0.0987164
      0.098716
     0.0987166
     0.0987162
     0.0987168
     0.0987164
     0.0987169
     0.0987164
     0.0987169
     0.0987164
      0.109756
      0.109756
      0.109756
      0.109756
      0.109756
      0.109756
      0.109756
      0.109756
      0.109755
      0.109755
      0.109755
      0.109755
      0.109755
      0.109754
      0.109754
      0.109753
      0.109752
      0.109751
       0.10975
      0.109748
      0.109746
      0.109743
       0.10974
      0.109737
      0.109732
      0.109728
      0.109724
      0.109721
      0.109718
      0.109717
      0.109718
      0.109721
      0.109724
      0.109728
      0.109732
      0.109737
       0.10974
      0.109743
      0.109746
      0.109748
       0.10975
      0.109751
      0.109752
      0.109753
      0.109754
      0.109754
      0.109755
      0.109755
      0.109755
      0.109755
      0.109755
      0.109756
      0.109756
      0.109756
      0.109756
      0.109756
      0.109756
      0.109756
      0.109756
      0.122959
      0.122959
      0.122959
      0.122959
      0.122959
      0.122959
      0.122959
      0.122959
      0.122958
      0.122959
      0.122958
      0.122958
      0.122958
      0.122957
      0.122957
      0.122956
      0.122955
      0.122955
      0.122953
      0.122952
       0.12295
      0.122948
      0.122946
      0.122943
       0.12294
      0.122937
      0.122934
      0.122932
       0.12293
       0.12293
       0.12293
      0.122932
      0.122934
      0.122937
       0.12294
      0.122943
      0.122946
      0.122948
       0.12295
      0.122952
      0.122953
      0.122955
      0.122955
      0.122956
      0.122957
      0.122957
      0.122958
      0.122958
      0.122958
      0.122959
      0.122958
      0.122959
      0.122959
      0.122959
      0.122959
      0.122959
      0.122959
      0.122959
      0.122959
      0.138394
      0.138394
      0.138394
      0.138394
      0.138394
      0.138394
      0.138394
      0.138394
      0.138394
      0.138394
      0.138394
      0.138393
      0.138393
      0.138393
      0.138392
      0.138392
      0.138391
      0.138391
       0.13839
      0.138388
      0.138387
      0.138385
      0.138384
      0.138381
      0.138379
      0.138377
      0.138375
      0.138373
      0.138372
      0.138372
      0.138372
      0.138373
      0.138375
      0.138377
      0.138379
      0.138381
      0.138384
      0.138385
      0.138387
      0.138388
       0.13839
      0.138391
      0.138391
      0.138392
      0.138392
      0.138393
      0.138393
      0.138393
      0.138394
      0.138394
      0.138394
      0.138394
      0.138394
      0.138394
      0.138394
      0.138394
      0.138394
      0.138394
      0.138394
      0.156132
      0.156132
      0.156132
      0.156132
      0.156132
      0.156132
      0.156132
      0.156132
      0.156132
      0.156132
      0.156132
      0.156131
      0.156131
      0.156131
      0.156131
       0.15613
       0.15613
      0.156129
      0.156128
      0.156127
      0.156126
      0.156125
      0.156124
      0.156122
      0.156121
      0.156119
      0.156118
      0.156116
      0.156116
      0.156115
      0.156116
      0.156116
      0.156118
      0.156119
      0.156121
      0.156122
      0.156124
      0.156125
      0.156126
      0.156127
      0.156128
      0.156129
       0.15613
       0.15613
      0.156131
      0.156131
      0.156131
      0.156131
      0.156132
      0.156132
      0.156132
      0.156132
      0.156132
      0.156132
      0.156132
      0.156132
      0.156132
      0.156132
      0.156132
      0.176243
      0.176242
      0.176243
      0.176242
      0.176243
      0.176242
      0.176243
      0.176242
      0.176242
      0.176242
      0.176242
      0.176242
      0.176242
      0.176241
      0.176241
      0.176241
      0.176241
       0.17624
      0.176239
      0.176238
      0.176238
      0.176237
      0.176236
      0.176234
      0.176233
      0.176232
      0.176231
       0.17623
       0.17623
       0.17623
       0.17623
       0.17623
      0.176231
      0.176232
      0.176233
      0.176234
      0.176236
      0.176237
      0.176238
      0.176238
      0.176239
       0.17624
      0.176241
      0.176241
      0.176241
      0.176241
      0.176242
      0.176242
      0.176242
      0.176242
      0.176242
      0.176242
      0.176243
      0.176242
      0.176243
      0.176242
      0.176243
      0.176242
      0.176243
      0.198793
      0.198792
      0.198793
      0.198792
      0.198793
      0.198792
      0.198793
      0.198792
      0.198793
      0.198792
      0.198793
      0.198792
      0.198792
      0.198791
      0.198792
      0.198791
      0.198791
       0.19879
       0.19879
      0.198789
      0.198789
      0.198788
      0.198787
      0.198786
      0.198786
      0.198784
      0.198784
      0.198783
      0.198783
      0.198783
      0.198783
      0.198783
      0.198784
      0.198784
      0.198786
      0.198786
      0.198787
      0.198788
      0.198789
      0.198789
       0.19879
       0.19879
      0.198791
      0.198791
      0.198792
      0.198791
      0.198792
      0.198792
      0.198793
      0.198792
      0.198793
      0.198792
      0.198793
      0.198792
      0.198793
      0.198792
      0.198793
      0.198792
      0.198793
       0.22384
       0.22384
       0.22384
       0.22384
       0.22384
       0.22384
       0.22384
       0.22384
       0.22384
       0.22384
       0.22384
       0.22384
       0.22384
      0.223839
      0.223839
      0.223839
      0.223839
      0.223838
      0.223838
      0.223837
      0.223837
      0.223836
      0.223836
      0.223835
      0.223835
      0.223834
      0.223834
      0.223833
      0.223833
      0.223833
      0.223833
      0.223833
      0.223834
      0.223834
      0.223835
      0.223835
      0.223836
      0.223836
      0.223837
      0.223837
      0.223838
      0.223838
      0.223839
      0.223839
      0.223839
      0.223839
       0.22384
       0.22384
       0.22384
       0.22384
       0.22384
       0.22384
       0.22384
       0.22384
       0.22384
       0.22384
       0.22384
       0.22384
       0.22384
      0.251437
      0.251436
      0.251437
      0.251436
      0.251437
      0.251436
      0.251437
      0.251436
      0.251437
      0.251436
      0.251437
      0.251435
      0.251436
      0.251435
      0.251436
      0.251435
      0.251436
      0.251434
      0.251435
      0.251434
      0.251434
      0.251433
      0.251433
      0.251432
      0.251433
      0.251431
      0.251432
       0.25143
      0.251431
       0.25143
      0.251431
       0.25143
      0.251432
      0.251431
      0.251433
      0.251432
      0.251433
      0.251433
      0.251434
      0.251434
      0.251435
      0.251434
      0.251436
      0.251435
      0.251436
      0.251435
      0.251436
      0.251435
      0.251437
      0.251436
      0.251437
      0.251436
      0.251437
      0.251436
      0.251437
      0.251436
      0.251437
      0.251436
      0.251437
      0.281614
      0.281613
      0.281614
      0.281613
      0.281614
      0.281613
      0.281614
      0.281613
      0.281614
      0.281613
      0.281613
      0.281613
      0.281613
      0.281613
      0.281613
      0.281613
      0.281613
      0.281612
      0.281612
      0.281612
      0.281612
      0.281611
      0.281611
       0.28161
       0.28161
       0.28161
       0.28161
      0.281609
       0.28161
      0.281609
       0.28161
      0.281609
       0.28161
       0.28161
       0.28161
       0.28161
      0.281611
      0.281611
      0.281612
      0.281612
      0.281612
      0.281612
      0.281613
      0.281613
      0.281613
      0.281613
      0.281613
      0.281613
      0.281613
      0.281613
      0.281614
      0.281613
      0.281614
      0.281613
      0.281614
      0.281613
      0.281614
      0.281613
      0.281614
      0.314394
      0.314393
      0.314394
      0.314393
      0.314394
      0.314393
      0.314394
      0.314393
      0.314394
      0.314392
      0.314394
      0.314392
      0.314394
      0.314392
      0.314393
      0.314392
      0.314393
      0.314392
      0.314393
      0.314391
      0.314392
      0.314391
      0.314392
       0.31439
      0.314391
       0.31439
      0.314391
       0.31439
      0.314391
      0.314389
      0.314391
       0.31439
      0.314391
       0.31439
      0.314391
       0.31439
      0.314392
      0.314391
      0.314392
      0.314391
      0.314393
      0.314392
      0.314393
      0.314392
      0.314393
      0.314392
      0.314394
      0.314392
      0.314394
      0.314392
      0.314394
      0.314393
      0.314394
      0.314393
      0.314394
      0.314393
      0.314394
      0.314393
      0.314394
      0.349771
       0.34977
      0.349771
       0.34977
      0.349771
       0.34977
      0.349771
       0.34977
      0.349771
       0.34977
      0.349771
       0.34977
      0.349771
       0.34977
       0.34977
       0.34977
       0.34977
       0.34977
       0.34977
      0.349769
       0.34977
      0.349769
      0.349769
      0.349769
      0.349769
      0.349768
      0.349769
      0.349768
      0.349768
      0.349768
      0.349768
      0.349768
      0.349769
      0.349768
      0.349769
      0.349769
      0.349769
      0.349769
       0.34977
      0.349769
       0.34977
       0.34977
       0.34977
       0.34977
       0.34977
       0.34977
      0.349771
       0.34977
      0.349771
       0.34977
      0.349771
       0.34977
      0.349771
       0.34977
      0.349771
       0.34977
      0.349771
       0.34977
      0.349771
      0.387726
      0.387725
      0.387726
      0.387725
      0.387726
      0.387725
      0.387726
      0.387725
      0.387726
      0.387725
      0.387726
      0.387724
      0.387726
      0.387724
      0.387726
      0.387724
      0.387726
      0.387724
      0.387726
      0.387724
      0.387725
      0.387724
      0.387725
      0.387723
      0.387725
      0.387723
      0.387725
      0.387723
      0.387725
      0.387723
      0.387725
      0.387723
      0.387725
      0.387723
      0.387725
      0.387723
      0.387725
      0.387724
      0.387725
      0.387724
      0.387726
      0.387724
      0.387726
      0.387724
      0.387726
      0.387724
      0.387726
      0.387724
      0.387726
      0.387725
      0.387726
      0.387725
      0.387726
      0.387725
      0.387726
      0.387725
      0.387726
      0.387725
      0.387726
      0.428206
      0.428205
      0.428206
      0.428205
      0.428206
      0.428205
      0.428206
      0.428205
      0.428205
      0.428205
      0.428205
      0.428205
      0.428205
      0.428205
      0.428205
      0.428205
      0.428205
      0.428205
      0.428205
      0.428204
      0.428205
      0.428204
      0.428205
      0.428204
      0.428204
      0.428204
      0.428204
      0.428204
      0.428204
      0.428204
      0.428204
      0.428204
      0.428204
      0.428204
      0.428204
      0.428204
      0.428205
      0.428204
      0.428205
      0.428204
      0.428205
      0.428205
      0.428205
      0.428205
      0.428205
      0.428205
      0.428205
      0.428205
      0.428205
      0.428205
      0.428205
      0.428205
      0.428206
      0.428205
      0.428206
      0.428205
      0.428206
      0.428205
      0.428206
      0.471141
      0.471139
      0.471141
      0.471139
      0.471141
      0.471139
      0.471141
      0.471139
      0.471141
      0.471139
      0.471141
      0.471139
      0.471141
      0.471139
      0.471141
      0.471139
       0.47114
      0.471139
       0.47114
      0.471139
       0.47114
      0.471138
       0.47114
      0.471138
       0.47114
      0.471138
       0.47114
      0.471138
       0.47114
      0.471138
       0.47114
      0.471138
       0.47114
      0.471138
       0.47114
      0.471138
       0.47114
      0.471138
       0.47114
      0.471139
       0.47114
      0.471139
       0.47114
      0.471139
      0.471141
      0.471139
      0.471141
      0.471139
      0.471141
      0.471139
      0.471141
      0.471139
      0.471141
      0.471139
      0.471141
      0.471139
      0.471141
      0.471139
      0.471141
      0.516423
      0.516423
      0.516423
      0.516423
      0.516423
      0.516423
      0.516423
      0.516423
      0.516423
      0.516423
      0.516423
      0.516423
      0.516423
      0.516422
      0.516423
      0.516422
      0.516423
      0.516422
      0.516423
      0.516422
      0.516423
      0.516422
      0.516423
      0.516422
      0.516423
      0.516422
      0.516422
      0.516422
      0.516422
      0.516422
      0.516422
      0.516422
      0.516422
      0.516422
      0.516423
      0.516422
      0.516423
      0.516422
      0.516423
      0.516422
      0.516423
      0.516422
      0.516423
      0.516422
      0.516423
      0.516422
      0.516423
      0.516423
      0.516423
      0.516423
      0.516423
      0.516423
      0.516423
      0.516423
      0.516423
      0.516423
      0.516423
      0.516423
      0.516423
       0.56393
      0.563928
       0.56393
      0.563928
       0.56393
      0.563928
       0.56393
      0.563928
       0.56393
      0.563928
       0.56393
      0.563928
       0.56393
      0.563928
       0.56393
      0.563928
       0.56393
      0.563928
       0.56393
      0.563928
       0.56393
      0.563928
       0.56393
      0.563928
       0.56393
      0.563928
       0.56393
      0.563928
       0.56393
      0.563928
       0.56393
      0.563928
       0.56393
      0.563928
       0.56393
      0.563928
       0.56393
      0.563928
       0.56393
      0.563928
       0.56393
      0.563928
       0.56393
      0.563928
       0.56393
      0.563928
       0.56393
      0.563928
       0.56393
      0.563928
       0.56393
      0.563928
       0.56393
      0.563928
       0.56393
      0.563928
       0.56393
      0.563928
       0.56393
      0.613498
      0.613497
      0.613498
      0.613497
      0.613498
      0.613497
      0.613498
      0.613497
      0.613498
      0.613497
      0.613498
      0.613497
      0.613498
      0.613497
      0.613498
      0.613497
      0.613498
      0.613497
      0.613498
      0.613497
      0.613498
      0.613497
      0.613497
      0.613497
      0.613497
      0.613497
      0.613497
      0.613497
      0.613497
      0.613497
      0.613497
      0.613497
      0.613497
      0.613497
      0.613497
      0.613497
      0.613497
      0.613497
      0.613498
      0.613497
      0.613498
      0.613497
      0.613498
      0.613497
      0.613498
      0.613497
      0.613498
      0.613497
      0.613498
      0.613497
      0.613498
      0.613497
      0.613498
      0.613497
      0.613498
      0.613497
      0.613498
      0.613497
      0.613498
      0.664949
      0.664947
      0.664949
      0.664947
      0.664949
      0.664947
      0.664949
      0.664947
      0.664949
      0.664947
      0.664949
      0.664947
      0.664949
      0.664947
      0.664949
      0.664947
      0.664949
      0.664947
      0.664949
      0.664947
      0.664949
      0.664947
      0.664949
      0.664947
      0.664949
      0.664947
      0.664949
      0.664947
      0.664949
      0.664947
      0.664949
      0.664947
      0.664949
      0.664947
      0.664949
      0.664947
      0.664949
      0.664947
      0.664949
      0.664947
      0.664949
      0.664947
      0.664949
      0.664947
      0.664949
      0.664947
      0.664949
      0.664947
      0.664949
      0.664947
      0.664949
      0.664947
      0.664949
      0.664947
      0.664949
      0.664947
      0.664949
      0.664947
      0.664949
      0.718068
      0.718068
      0.718068
      0.718068
      0.718068
      0.718068
      0.718068
      0.718068
      0.718068
      0.718068
      0.718068
      0.718068
      0.718068
      0.718068
      0.718068
      0.718068
      0.718068
      0.718068
      0.718068
      0.718068
      0.718068
      0.718068
      0.718068
      0.718068
      0.718068
      0.718068
      0.718068
      0.718068
      0.718068
      0.718068
      0.718068
      0.718068
      0.718068
      0.718068
      0.718068
      0.718068
      0.718068
      0.718068
      0.718068
      0.718068
      0.718068
      0.718068
      0.718068
      0.718068
      0.718068
      0.718068
      0.718068
      0.718068
      0.718068
      0.718068
      0.718068
      0.718068
      0.718068
      0.718068
      0.718068
      0.718068
      0.718068
      0.718068
      0.718068
       0.77263
      0.772629
       0.77263
      0.772629
       0.77263
      0.772629
       0.77263
      0.772629
       0.77263
      0.772629
       0.77263
      0.772629
       0.77263
      0.772629
       0.77263
      0.772629
       0.77263
      0.772629
       0.77263
      0.772629
       0.77263
      0.772629
       0.77263
      0.772629
       0.77263
      0.772629
       0.77263
      0.772629
       0.77263
      0.772629
       0.77263
      0.772629
       0.77263
      0.772629
       0.77263
      0.772629
       0.77263
      0.772629
       0.77263
      0.772629
       0.77263
      0.772629
       0.77263
      0.772629
       0.77263
      0.772629
       0.77263
      0.772629
       0.77263
      0.772629
       0.77263
      0.772629
       0.77263
      0.772629
       0.77263
      0.772629
       0.77263
      0.772629
       0.77263
      0.828377
      0.828377
      0.828377
      0.828377
      0.828377
      0.828377
      0.828377
      0.828377
      0.828377
      0.828377
      0.828377
      0.828377
      0.828377
      0.828377
      0.828377
      0.828377
      0.828377
      0.828377
      0.828377
      0.828377
      0.828377
      0.828377
      0.828377
      0.828377
      0.828377
      0.828377
      0.828377
      0.828377
      0.828377
      0.828377
      0.828377
      0.828377
      0.828377
      0.828377
      0.828377
      0.828377
      0.828377
      0.828377
      0.828377
      0.828377
      0.828377
      0.828377
      0.828377
      0.828377
      0.828377
      0.828377
      0.828377
      0.828377
      0.828377
      0.828377
      0.828377
      0.828377
      0.828377
      0.828377
      0.828377
      0.828377
      0.828377
      0.828377
      0.828377
      0.885045
      0.885045
      0.885045
      0.885045
      0.885045
      0.885045
      0.885045
      0.885045
      0.885045
      0.885045
      0.885045
      0.885045
      0.885045
      0.885045
      0.885045
      0.885045
      0.885045
      0.885045
      0.885045
      0.885045
      0.885045
      0.885044
      0.885045
      0.885044
      0.885045
      0.885044
      0.885045
      0.885044
      0.885045
      0.885044
      0.885045
      0.885044
      0.885045
      0.885044
      0.885045
      0.885044
      0.885045
      0.885044
      0.885045
      0.885045
      0.885045
      0.885045
      0.885045
      0.885045
      0.885045
      0.885045
      0.885045
      0.885045
      0.885045
      0.885045
      0.885045
      0.885045
      0.885045
      0.885045
      0.885045
      0.885045
      0.885045
      0.885045
      0.885045
      0.942349
      0.942349
      0.942349
      0.942349
      0.942349
      0.942349
      0.942349
      0.942349
      0.942349
      0.942349
      0.942349
      0.942349
      0.942349
      0.942349
      0.942349
      0.942349
      0.942349
      0.942349
      0.942349
      0.942349
      0.942349
      0.942349
      0.942349
      0.942349
      0.942349
      0.942349
      0.942349
      0.942349
      0.942349
      0.942349
      0.942349
      0.942349
      0.942349
      0.942349
      0.942349
      0.942349
      0.942349
      0.942349
      0.942349
      0.942349
      0.942349
      0.942349
      0.942349
      0.942349
      0.942349
      0.942349
      0.942349
      0.942349
      0.942349
      0.942349
      0.942349
      0.942349
      0.942349
      0.942349
      0.942349
      0.942349
      0.942349
      0.942349
      0.942349
             1
             1
             1
             1
             1
             1
             1
             1
             1
             1
             1
             1
             1
             1
             1
             1
             1
             1
             1
             1
             1
             1
             1
             1
             1
             1
             1
             1
             1
             1
             1
             1
             1
             1
             1
             1
             1
             1
             1
             1
             1
             1
             1
             1
             1
             1
             1
             1
             1
             1
             1
             1
             1
             1
             1
             1
             1
             1
             1
