             1
             1
             1
             1
             1
             1
             1
             1
             1
             1
             1
             1
             1
             1
             1
             1
             1
             1
             1
             1
             1
             1
             1
             1
             1
             1
             1
             1
             1
             1
             1
             1
             1
             1
             1
             1
             1
             1
             1
             1
             1
             1
             1
             1
             1
             1
             1
             1
             1
             1
             1
             1
             1
             1
             1
             1
             1
             1
             1
      0.942965
      0.942965
      0.942965
      0.942965
      0.942965
      0.942965
      0.942965
      0.942965
      0.942965
      0.942965
      0.942965
      0.942965
      0.942965
      0.942965
      0.942965
      0.942965
      0.942965
      0.942965
      0.942965
      0.942965
      0.942965
      0.942965
      0.942965
      0.942965
      0.942965
      0.942965
      0.942965
      0.942965
      0.942965
      0.942965
      0.942965
      0.942965
      0.942965
      0.942965
      0.942965
      0.942965
      0.942965
      0.942965
      0.942965
      0.942965
      0.942965
      0.942965
      0.942965
      0.942965
      0.942965
      0.942965
      0.942965
      0.942965
      0.942965
      0.942965
      0.942965
      0.942965
      0.942965
      0.942965
      0.942965
      0.942965
      0.942965
      0.942965
      0.942965
      0.886267
      0.886267
      0.886267
      0.886267
      0.886267
      0.886267
      0.886267
      0.886267
      0.886267
      0.886267
      0.886267
      0.886267
      0.886267
      0.886267
      0.886267
      0.886267
      0.886267
      0.886267
      0.886267
      0.886267
      0.886267
      0.886267
      0.886267
      0.886267
      0.886267
      0.886267
      0.886267
      0.886267
      0.886267
      0.886267
      0.886267
      0.886267
      0.886267
      0.886267
      0.886267
      0.886267
      0.886267
      0.886267
      0.886267
      0.886267
      0.886267
      0.886267
      0.886267
      0.886267
      0.886267
      0.886267
      0.886267
      0.886267
      0.886267
      0.886267
      0.886267
      0.886267
      0.886267
      0.886267
      0.886267
      0.886267
      0.886267
      0.886267
      0.886267
      0.830188
      0.830188
      0.830188
      0.830188
      0.830188
      0.830188
      0.830188
      0.830188
      0.830188
      0.830188
      0.830188
      0.830188
      0.830188
      0.830188
      0.830188
      0.830188
      0.830188
      0.830188
      0.830188
      0.830188
      0.830188
      0.830188
      0.830188
      0.830188
      0.830188
      0.830188
      0.830188
      0.830188
      0.830188
      0.830188
      0.830188
      0.830188
      0.830188
      0.830188
      0.830188
      0.830188
      0.830188
      0.830188
      0.830188
      0.830188
      0.830188
      0.830188
      0.830188
      0.830188
      0.830188
      0.830188
      0.830188
      0.830188
      0.830188
      0.830188
      0.830188
      0.830188
      0.830188
      0.830188
      0.830188
      0.830188
      0.830188
      0.830188
      0.830188
      0.775003
      0.775002
      0.775003
      0.775002
      0.775003
      0.775002
      0.775003
      0.775002
      0.775003
      0.775002
      0.775003
      0.775002
      0.775003
      0.775002
      0.775003
      0.775002
      0.775003
      0.775002
      0.775003
      0.775002
      0.775003
      0.775002
      0.775003
      0.775001
      0.775002
      0.775001
      0.775002
      0.775001
      0.775002
      0.775001
      0.775002
      0.775001
      0.775002
      0.775001
      0.775002
      0.775001
      0.775003
      0.775002
      0.775003
      0.775002
      0.775003
      0.775002
      0.775003
      0.775002
      0.775003
      0.775002
      0.775003
      0.775002
      0.775003
      0.775002
      0.775003
      0.775002
      0.775003
      0.775002
      0.775003
      0.775002
      0.775003
      0.775002
      0.775003
      0.720968
      0.720968
      0.720968
      0.720968
      0.720968
      0.720968
      0.720968
      0.720968
      0.720968
      0.720968
      0.720968
      0.720968
      0.720968
      0.720968
      0.720968
      0.720968
      0.720968
      0.720968
      0.720968
      0.720968
      0.720968
      0.720968
      0.720968
      0.720968
      0.720968
      0.720968
      0.720968
      0.720968
      0.720968
      0.720968
      0.720968
      0.720968
      0.720968
      0.720968
      0.720968
      0.720968
      0.720968
      0.720968
      0.720968
      0.720968
      0.720968
      0.720968
      0.720968
      0.720968
      0.720968
      0.720968
      0.720968
      0.720968
      0.720968
      0.720968
      0.720968
      0.720968
      0.720968
      0.720968
      0.720968
      0.720968
      0.720968
      0.720968
      0.720968
      0.668335
      0.668334
      0.668335
      0.668334
      0.668335
      0.668334
      0.668335
      0.668334
      0.668335
      0.668334
      0.668335
      0.668334
      0.668335
      0.668334
      0.668335
      0.668334
      0.668335
      0.668334
      0.668335
      0.668334
      0.668335
      0.668334
      0.668335
      0.668333
      0.668335
      0.668333
      0.668335
      0.668333
      0.668335
      0.668333
      0.668335
      0.668333
      0.668335
      0.668333
      0.668335
      0.668333
      0.668335
      0.668334
      0.668335
      0.668334
      0.668335
      0.668334
      0.668335
      0.668334
      0.668335
      0.668334
      0.668335
      0.668334
      0.668335
      0.668334
      0.668335
      0.668334
      0.668335
      0.668334
      0.668335
      0.668334
      0.668335
      0.668334
      0.668335
      0.617323
      0.617323
      0.617323
      0.617323
      0.617323
      0.617323
      0.617323
      0.617323
      0.617323
      0.617323
      0.617323
      0.617323
      0.617323
      0.617323
      0.617323
      0.617323
      0.617323
      0.617323
      0.617323
      0.617323
      0.617323
      0.617323
      0.617323
      0.617323
      0.617323
      0.617323
      0.617323
      0.617323
      0.617323
      0.617323
      0.617323
      0.617323
      0.617323
      0.617323
      0.617323
      0.617323
      0.617323
      0.617323
      0.617323
      0.617323
      0.617323
      0.617323
      0.617323
      0.617323
      0.617323
      0.617323
      0.617323
      0.617323
      0.617323
      0.617323
      0.617323
      0.617323
      0.617323
      0.617323
      0.617323
      0.617323
      0.617323
      0.617323
      0.617323
      0.568144
      0.568142
      0.568144
      0.568142
      0.568144
      0.568142
      0.568144
      0.568142
      0.568144
      0.568142
      0.568144
      0.568142
      0.568144
      0.568142
      0.568143
      0.568142
      0.568143
      0.568142
      0.568143
      0.568142
      0.568143
      0.568142
      0.568143
      0.568142
      0.568143
      0.568141
      0.568143
      0.568141
      0.568143
      0.568141
      0.568143
      0.568141
      0.568143
      0.568141
      0.568143
      0.568142
      0.568143
      0.568142
      0.568143
      0.568142
      0.568143
      0.568142
      0.568143
      0.568142
      0.568143
      0.568142
      0.568144
      0.568142
      0.568144
      0.568142
      0.568144
      0.568142
      0.568144
      0.568142
      0.568144
      0.568142
      0.568144
      0.568142
      0.568144
       0.52097
      0.520969
       0.52097
      0.520969
       0.52097
      0.520969
       0.52097
      0.520969
       0.52097
      0.520969
       0.52097
      0.520969
       0.52097
      0.520969
       0.52097
      0.520969
       0.52097
      0.520969
       0.52097
      0.520969
       0.52097
      0.520969
      0.520969
      0.520969
      0.520969
      0.520969
      0.520969
      0.520969
      0.520969
      0.520969
      0.520969
      0.520969
      0.520969
      0.520969
      0.520969
      0.520969
      0.520969
      0.520969
       0.52097
      0.520969
       0.52097
      0.520969
       0.52097
      0.520969
       0.52097
      0.520969
       0.52097
      0.520969
       0.52097
      0.520969
       0.52097
      0.520969
       0.52097
      0.520969
       0.52097
      0.520969
       0.52097
      0.520969
       0.52097
      0.475964
      0.475963
      0.475964
      0.475963
      0.475964
      0.475963
      0.475964
      0.475963
      0.475964
      0.475963
      0.475964
      0.475962
      0.475964
      0.475962
      0.475964
      0.475962
      0.475964
      0.475962
      0.475964
      0.475962
      0.475964
      0.475962
      0.475963
      0.475962
      0.475963
      0.475962
      0.475963
      0.475962
      0.475963
      0.475961
      0.475963
      0.475962
      0.475963
      0.475962
      0.475963
      0.475962
      0.475963
      0.475962
      0.475964
      0.475962
      0.475964
      0.475962
      0.475964
      0.475962
      0.475964
      0.475962
      0.475964
      0.475962
      0.475964
      0.475963
      0.475964
      0.475963
      0.475964
      0.475963
      0.475964
      0.475963
      0.475964
      0.475963
      0.475964
      0.433249
      0.433248
      0.433249
      0.433248
      0.433249
      0.433248
      0.433249
      0.433248
      0.433249
      0.433248
      0.433249
      0.433248
      0.433249
      0.433248
      0.433249
      0.433248
      0.433249
      0.433248
      0.433248
      0.433248
      0.433248
      0.433247
      0.433248
      0.433247
      0.433248
      0.433247
      0.433248
      0.433247
      0.433247
      0.433247
      0.433247
      0.433247
      0.433248
      0.433247
      0.433248
      0.433247
      0.433248
      0.433247
      0.433248
      0.433248
      0.433248
      0.433248
      0.433249
      0.433248
      0.433249
      0.433248
      0.433249
      0.433248
      0.433249
      0.433248
      0.433249
      0.433248
      0.433249
      0.433248
      0.433249
      0.433248
      0.433249
      0.433248
      0.433249
      0.392933
      0.392932
      0.392933
      0.392932
      0.392933
      0.392932
      0.392933
      0.392932
      0.392933
      0.392932
      0.392933
      0.392932
      0.392933
      0.392931
      0.392933
      0.392931
      0.392933
      0.392931
      0.392933
      0.392931
      0.392932
      0.392931
      0.392932
       0.39293
      0.392932
       0.39293
      0.392931
       0.39293
      0.392931
       0.39293
      0.392931
       0.39293
      0.392931
       0.39293
      0.392932
       0.39293
      0.392932
      0.392931
      0.392932
      0.392931
      0.392933
      0.392931
      0.392933
      0.392931
      0.392933
      0.392931
      0.392933
      0.392932
      0.392933
      0.392932
      0.392933
      0.392932
      0.392933
      0.392932
      0.392933
      0.392932
      0.392933
      0.392932
      0.392933
      0.355088
      0.355087
      0.355088
      0.355087
      0.355088
      0.355087
      0.355088
      0.355087
      0.355088
      0.355087
      0.355088
      0.355087
      0.355087
      0.355087
      0.355087
      0.355087
      0.355087
      0.355086
      0.355087
      0.355086
      0.355086
      0.355086
      0.355086
      0.355085
      0.355086
      0.355085
      0.355085
      0.355085
      0.355085
      0.355085
      0.355085
      0.355085
      0.355085
      0.355085
      0.355086
      0.355085
      0.355086
      0.355086
      0.355086
      0.355086
      0.355087
      0.355086
      0.355087
      0.355087
      0.355087
      0.355087
      0.355087
      0.355087
      0.355088
      0.355087
      0.355088
      0.355087
      0.355088
      0.355087
      0.355088
      0.355087
      0.355088
      0.355087
      0.355088
       0.31977
      0.319769
       0.31977
      0.319769
       0.31977
      0.319769
       0.31977
      0.319769
       0.31977
      0.319769
       0.31977
      0.319768
       0.31977
      0.319768
      0.319769
      0.319768
      0.319769
      0.319768
      0.319769
      0.319767
      0.319768
      0.319767
      0.319768
      0.319766
      0.319767
      0.319766
      0.319767
      0.319765
      0.319767
      0.319765
      0.319767
      0.319765
      0.319767
      0.319766
      0.319767
      0.319766
      0.319768
      0.319767
      0.319768
      0.319767
      0.319769
      0.319768
      0.319769
      0.319768
      0.319769
      0.319768
       0.31977
      0.319768
       0.31977
      0.319769
       0.31977
      0.319769
       0.31977
      0.319769
       0.31977
      0.319769
       0.31977
      0.319769
       0.31977
      0.287003
      0.287002
      0.287003
      0.287002
      0.287003
      0.287002
      0.287003
      0.287002
      0.287003
      0.287002
      0.287002
      0.287002
      0.287002
      0.287002
      0.287002
      0.287001
      0.287002
      0.287001
      0.287001
         0.287
         0.287
         0.287
         0.287
      0.286999
      0.286999
      0.286998
      0.286998
      0.286998
      0.286998
      0.286998
      0.286998
      0.286998
      0.286998
      0.286998
      0.286999
      0.286999
         0.287
         0.287
         0.287
         0.287
      0.287001
      0.287001
      0.287002
      0.287001
      0.287002
      0.287002
      0.287002
      0.287002
      0.287002
      0.287002
      0.287003
      0.287002
      0.287003
      0.287002
      0.287003
      0.287002
      0.287003
      0.287002
      0.287003
      0.256798
      0.256796
      0.256798
      0.256796
      0.256797
      0.256796
      0.256797
      0.256796
      0.256797
      0.256796
      0.256797
      0.256796
      0.256797
      0.256796
      0.256797
      0.256795
      0.256796
      0.256795
      0.256796
      0.256794
      0.256795
      0.256793
      0.256794
      0.256792
      0.256793
      0.256791
      0.256792
      0.256791
      0.256791
       0.25679
      0.256791
      0.256791
      0.256792
      0.256791
      0.256793
      0.256792
      0.256794
      0.256793
      0.256795
      0.256794
      0.256796
      0.256795
      0.256796
      0.256795
      0.256797
      0.256796
      0.256797
      0.256796
      0.256797
      0.256796
      0.256797
      0.256796
      0.256797
      0.256796
      0.256797
      0.256796
      0.256798
      0.256796
      0.256798
      0.229138
      0.229137
      0.229138
      0.229137
      0.229138
      0.229137
      0.229138
      0.229137
      0.229137
      0.229137
      0.229137
      0.229137
      0.229137
      0.229137
      0.229137
      0.229136
      0.229136
      0.229135
      0.229135
      0.229134
      0.229134
      0.229133
      0.229133
      0.229132
      0.229131
      0.229131
       0.22913
       0.22913
       0.22913
      0.229129
       0.22913
       0.22913
       0.22913
      0.229131
      0.229131
      0.229132
      0.229133
      0.229133
      0.229134
      0.229134
      0.229135
      0.229135
      0.229136
      0.229136
      0.229137
      0.229137
      0.229137
      0.229137
      0.229137
      0.229137
      0.229137
      0.229137
      0.229138
      0.229137
      0.229138
      0.229137
      0.229138
      0.229137
      0.229138
      0.203998
      0.203997
      0.203998
      0.203997
      0.203998
      0.203997
      0.203998
      0.203997
      0.203998
      0.203997
      0.203998
      0.203997
      0.203997
      0.203997
      0.203997
      0.203996
      0.203996
      0.203995
      0.203995
      0.203994
      0.203994
      0.203992
      0.203992
       0.20399
       0.20399
      0.203989
      0.203989
      0.203987
      0.203988
      0.203987
      0.203988
      0.203987
      0.203989
      0.203989
       0.20399
       0.20399
      0.203992
      0.203992
      0.203994
      0.203994
      0.203995
      0.203995
      0.203996
      0.203996
      0.203997
      0.203997
      0.203997
      0.203997
      0.203998
      0.203997
      0.203998
      0.203997
      0.203998
      0.203997
      0.203998
      0.203997
      0.203998
      0.203997
      0.203998
      0.181334
      0.181334
      0.181334
      0.181334
      0.181334
      0.181333
      0.181334
      0.181333
      0.181333
      0.181333
      0.181333
      0.181333
      0.181333
      0.181332
      0.181332
      0.181332
      0.181331
      0.181331
       0.18133
      0.181329
      0.181328
      0.181327
      0.181326
      0.181325
      0.181323
      0.181322
      0.181321
       0.18132
       0.18132
      0.181319
       0.18132
       0.18132
      0.181321
      0.181322
      0.181323
      0.181325
      0.181326
      0.181327
      0.181328
      0.181329
       0.18133
      0.181331
      0.181331
      0.181332
      0.181332
      0.181332
      0.181333
      0.181333
      0.181333
      0.181333
      0.181333
      0.181333
      0.181334
      0.181333
      0.181334
      0.181334
      0.181334
      0.181334
      0.181334
      0.161094
      0.161094
      0.161094
      0.161094
      0.161094
      0.161094
      0.161094
      0.161094
      0.161094
      0.161093
      0.161094
      0.161093
      0.161093
      0.161093
      0.161092
      0.161092
      0.161091
       0.16109
       0.16109
      0.161088
      0.161087
      0.161086
      0.161085
      0.161083
      0.161081
      0.161079
      0.161078
      0.161076
      0.161076
      0.161075
      0.161076
      0.161076
      0.161078
      0.161079
      0.161081
      0.161083
      0.161085
      0.161086
      0.161087
      0.161088
       0.16109
       0.16109
      0.161091
      0.161092
      0.161092
      0.161093
      0.161093
      0.161093
      0.161094
      0.161093
      0.161094
      0.161094
      0.161094
      0.161094
      0.161094
      0.161094
      0.161094
      0.161094
      0.161094
      0.143218
      0.143218
      0.143218
      0.143218
      0.143218
      0.143218
      0.143218
      0.143218
      0.143218
      0.143218
      0.143218
      0.143218
      0.143217
      0.143217
      0.143216
      0.143216
      0.143215
      0.143214
      0.143213
      0.143212
       0.14321
      0.143209
      0.143207
      0.143204
      0.143202
        0.1432
      0.143198
      0.143196
      0.143195
      0.143194
      0.143195
      0.143196
      0.143198
        0.1432
      0.143202
      0.143204
      0.143207
      0.143209
       0.14321
      0.143212
      0.143213
      0.143214
      0.143215
      0.143216
      0.143216
      0.143217
      0.143217
      0.143218
      0.143218
      0.143218
      0.143218
      0.143218
      0.143218
      0.143218
      0.143218
      0.143218
      0.143218
      0.143218
      0.143218
      0.127644
      0.127644
      0.127644
      0.127644
      0.127644
      0.127644
      0.127644
      0.127644
      0.127644
      0.127644
      0.127643
      0.127643
      0.127643
      0.127642
      0.127642
      0.127641
       0.12764
      0.127639
      0.127638
      0.127636
      0.127634
      0.127632
      0.127629
      0.127627
      0.127623
       0.12762
      0.127617
      0.127614
      0.127613
      0.127612
      0.127613
      0.127614
      0.127617
       0.12762
      0.127623
      0.127627
      0.127629
      0.127632
      0.127634
      0.127636
      0.127638
      0.127639
       0.12764
      0.127641
      0.127642
      0.127642
      0.127643
      0.127643
      0.127643
      0.127644
      0.127644
      0.127644
      0.127644
      0.127644
      0.127644
      0.127644
      0.127644
      0.127644
      0.127644
      0.114306
      0.114306
      0.114306
      0.114306
      0.114306
      0.114306
      0.114306
      0.114306
      0.114306
      0.114306
      0.114306
      0.114305
      0.114305
      0.114305
      0.114304
      0.114303
      0.114302
      0.114301
      0.114299
      0.114298
      0.114295
      0.114292
      0.114289
      0.114285
      0.114281
      0.114276
      0.114272
      0.114268
      0.114265
      0.114264
      0.114265
      0.114268
      0.114272
      0.114276
      0.114281
      0.114285
      0.114289
      0.114292
      0.114295
      0.114298
      0.114299
      0.114301
      0.114302
      0.114303
      0.114304
      0.114305
      0.114305
      0.114305
      0.114306
      0.114306
      0.114306
      0.114306
      0.114306
      0.114306
      0.114306
      0.114306
      0.114306
      0.114306
      0.114306
      0.103143
      0.103143
      0.103143
      0.103143
      0.103143
      0.103143
      0.103142
      0.103143
      0.103142
      0.103142
      0.103142
      0.103142
      0.103141
      0.103141
       0.10314
      0.103139
      0.103138
      0.103137
      0.103135
      0.103133
       0.10313
      0.103127
      0.103122
      0.103118
      0.103111
      0.103105
      0.103098
      0.103093
      0.103088
      0.103087
      0.103088
      0.103093
      0.103098
      0.103105
      0.103111
      0.103118
      0.103122
      0.103127
       0.10313
      0.103133
      0.103135
      0.103137
      0.103138
      0.103139
       0.10314
      0.103141
      0.103141
      0.103142
      0.103142
      0.103142
      0.103142
      0.103143
      0.103142
      0.103143
      0.103143
      0.103143
      0.103143
      0.103143
      0.103143
     0.0940968
      0.094097
     0.0940968
     0.0940969
     0.0940967
     0.0940968
     0.0940966
     0.0940967
     0.0940963
     0.0940963
     0.0940959
     0.0940957
     0.0940951
     0.0940947
     0.0940938
      0.094093
     0.0940916
     0.0940902
      0.094088
     0.0940856
     0.0940822
     0.0940782
      0.094073
     0.0940669
     0.0940591
     0.0940505
     0.0940406
     0.0940314
     0.0940239
      0.094021
     0.0940239
     0.0940314
     0.0940406
     0.0940505
     0.0940591
     0.0940669
      0.094073
     0.0940782
     0.0940822
     0.0940856
      0.094088
     0.0940902
     0.0940916
      0.094093
     0.0940938
     0.0940947
     0.0940951
     0.0940957
     0.0940959
     0.0940963
     0.0940963
     0.0940967
     0.0940966
     0.0940968
     0.0940967
     0.0940969
     0.0940968
      0.094097
     0.0940968
     0.0871164
     0.0871171
     0.0871164
      0.087117
     0.0871163
     0.0871169
     0.0871162
     0.0871167
     0.0871159
     0.0871163
     0.0871154
     0.0871157
     0.0871146
     0.0871146
     0.0871132
     0.0871128
     0.0871108
     0.0871097
     0.0871068
     0.0871046
     0.0871002
     0.0870962
     0.0870894
     0.0870824
     0.0870721
     0.0870608
     0.0870459
     0.0870318
     0.0870182
     0.0870127
     0.0870182
     0.0870318
     0.0870459
     0.0870608
     0.0870721
     0.0870824
     0.0870894
     0.0870962
     0.0871002
     0.0871046
     0.0871068
     0.0871097
     0.0871108
     0.0871128
     0.0871132
     0.0871146
     0.0871146
     0.0871157
     0.0871154
     0.0871163
     0.0871159
     0.0871167
     0.0871162
     0.0871169
     0.0871163
      0.087117
     0.0871164
     0.0871171
     0.0871164
     0.0821625
     0.0821627
     0.0821625
     0.0821627
     0.0821624
     0.0821626
     0.0821623
     0.0821624
      0.082162
      0.082162
     0.0821615
     0.0821614
     0.0821606
     0.0821602
     0.0821591
     0.0821583
     0.0821566
      0.082155
     0.0821523
     0.0821494
     0.0821451
     0.0821401
     0.0821329
     0.0821242
     0.0821122
     0.0820972
     0.0820773
     0.0820532
     0.0820269
     0.0820143
     0.0820269
     0.0820532
     0.0820773
     0.0820972
     0.0821122
     0.0821242
     0.0821329
     0.0821401
     0.0821451
     0.0821494
     0.0821523
      0.082155
     0.0821566
     0.0821583
     0.0821591
     0.0821602
     0.0821606
     0.0821614
     0.0821615
      0.082162
      0.082162
     0.0821624
     0.0821623
     0.0821626
     0.0821624
     0.0821627
     0.0821625
     0.0821627
     0.0821625
     0.0792016
     0.0792024
     0.0792016
     0.0792023
     0.0792015
     0.0792022
     0.0792013
      0.079202
     0.0792011
     0.0792016
     0.0792005
     0.0792009
     0.0791997
     0.0791998
     0.0791981
     0.0791978
     0.0791955
     0.0791944
      0.079191
     0.0791885
     0.0791834
     0.0791785
     0.0791703
     0.0791611
      0.079147
     0.0791295
     0.0791034
     0.0790668
     0.0790108
     0.0789796
     0.0790108
     0.0790668
     0.0791034
     0.0791295
      0.079147
     0.0791611
     0.0791703
     0.0791785
     0.0791834
     0.0791885
      0.079191
     0.0791944
     0.0791955
     0.0791978
     0.0791981
     0.0791998
     0.0791997
     0.0792009
     0.0792005
     0.0792016
     0.0792011
      0.079202
     0.0792013
     0.0792022
     0.0792015
     0.0792023
     0.0792016
     0.0792024
     0.0792016
     0.0782178
     0.0782181
     0.0782178
      0.078218
     0.0782177
     0.0782179
     0.0782175
     0.0782177
     0.0782173
     0.0782173
     0.0782168
     0.0782166
     0.0782159
     0.0782155
     0.0782143
     0.0782134
     0.0782117
       0.07821
     0.0782071
      0.078204
     0.0781993
     0.0781938
     0.0781858
     0.0781758
     0.0781615
     0.0781421
     0.0781135
     0.0780697
     0.0779951
     0.0778504
     0.0779951
     0.0780697
     0.0781135
     0.0781421
     0.0781615
     0.0781758
     0.0781858
     0.0781938
     0.0781993
      0.078204
     0.0782071
       0.07821
     0.0782117
     0.0782134
     0.0782143
     0.0782155
     0.0782159
     0.0782166
     0.0782168
     0.0782173
     0.0782173
     0.0782177
     0.0782175
     0.0782179
     0.0782177
      0.078218
     0.0782178
     0.0782181
     0.0782178
     0.0792016
     0.0792024
     0.0792016
     0.0792023
     0.0792015
     0.0792022
     0.0792013
      0.079202
     0.0792011
     0.0792016
     0.0792005
     0.0792009
     0.0791997
     0.0791998
     0.0791981
     0.0791978
     0.0791955
     0.0791944
      0.079191
     0.0791885
     0.0791834
     0.0791785
     0.0791703
     0.0791611
      0.079147
     0.0791295
     0.0791034
     0.0790668
     0.0790108
     0.0789796
     0.0790108
     0.0790668
     0.0791034
     0.0791295
      0.079147
     0.0791611
     0.0791703
     0.0791785
     0.0791834
     0.0791885
      0.079191
     0.0791944
     0.0791955
     0.0791978
     0.0791981
     0.0791998
     0.0791997
     0.0792009
     0.0792005
     0.0792016
     0.0792011
      0.079202
     0.0792013
     0.0792022
     0.0792015
     0.0792023
     0.0792016
     0.0792024
     0.0792016
     0.0821625
     0.0821627
     0.0821625
     0.0821627
     0.0821624
     0.0821626
     0.0821623
     0.0821624
      0.082162
      0.082162
     0.0821615
     0.0821614
     0.0821606
     0.0821602
     0.0821591
     0.0821583
     0.0821566
      0.082155
     0.0821523
     0.0821494
     0.0821451
     0.0821401
     0.0821329
     0.0821242
     0.0821122
     0.0820972
     0.0820773
     0.0820532
     0.0820269
     0.0820143
     0.0820269
     0.0820532
     0.0820773
     0.0820972
     0.0821122
     0.0821242
     0.0821329
     0.0821401
     0.0821451
     0.0821494
     0.0821523
      0.082155
     0.0821566
     0.0821583
     0.0821591
     0.0821602
     0.0821606
     0.0821614
     0.0821615
      0.082162
      0.082162
     0.0821624
     0.0821623
     0.0821626
     0.0821624
     0.0821627
     0.0821625
     0.0821627
     0.0821625
     0.0871164
     0.0871171
     0.0871164
      0.087117
     0.0871163
     0.0871169
     0.0871162
     0.0871167
     0.0871159
     0.0871163
     0.0871154
     0.0871157
     0.0871146
     0.0871146
     0.0871132
     0.0871128
     0.0871108
     0.0871097
     0.0871068
     0.0871046
     0.0871002
     0.0870962
     0.0870894
     0.0870824
     0.0870721
     0.0870608
     0.0870459
     0.0870318
     0.0870182
     0.0870127
     0.0870182
     0.0870318
     0.0870459
     0.0870608
     0.0870721
     0.0870824
     0.0870894
     0.0870962
     0.0871002
     0.0871046
     0.0871068
     0.0871097
     0.0871108
     0.0871128
     0.0871132
     0.0871146
     0.0871146
     0.0871157
     0.0871154
     0.0871163
     0.0871159
     0.0871167
     0.0871162
     0.0871169
     0.0871163
      0.087117
     0.0871164
     0.0871171
     0.0871164
     0.0940968
      0.094097
     0.0940968
     0.0940969
     0.0940967
     0.0940968
     0.0940966
     0.0940967
     0.0940963
     0.0940963
     0.0940959
     0.0940957
     0.0940951
     0.0940947
     0.0940938
      0.094093
     0.0940916
     0.0940902
      0.094088
     0.0940856
     0.0940822
     0.0940782
      0.094073
     0.0940669
     0.0940591
     0.0940505
     0.0940406
     0.0940314
     0.0940239
      0.094021
     0.0940239
     0.0940314
     0.0940406
     0.0940505
     0.0940591
     0.0940669
      0.094073
     0.0940782
     0.0940822
     0.0940856
      0.094088
     0.0940902
     0.0940916
      0.094093
     0.0940938
     0.0940947
     0.0940951
     0.0940957
     0.0940959
     0.0940963
     0.0940963
     0.0940967
     0.0940966
     0.0940968
     0.0940967
     0.0940969
     0.0940968
      0.094097
     0.0940968
      0.103143
      0.103143
      0.103143
      0.103143
      0.103143
      0.103143
      0.103142
      0.103143
      0.103142
      0.103142
      0.103142
      0.103142
      0.103141
      0.103141
       0.10314
      0.103139
      0.103138
      0.103137
      0.103135
      0.103133
       0.10313
      0.103127
      0.103122
      0.103118
      0.103111
      0.103105
      0.103098
      0.103093
      0.103088
      0.103087
      0.103088
      0.103093
      0.103098
      0.103105
      0.103111
      0.103118
      0.103122
      0.103127
       0.10313
      0.103133
      0.103135
      0.103137
      0.103138
      0.103139
       0.10314
      0.103141
      0.103141
      0.103142
      0.103142
      0.103142
      0.103142
      0.103143
      0.103142
      0.103143
      0.103143
      0.103143
      0.103143
      0.103143
      0.103143
      0.114306
      0.114306
      0.114306
      0.114306
      0.114306
      0.114306
      0.114306
      0.114306
      0.114306
      0.114306
      0.114306
      0.114305
      0.114305
      0.114305
      0.114304
      0.114303
      0.114302
      0.114301
      0.114299
      0.114298
      0.114295
      0.114292
      0.114289
      0.114285
      0.114281
      0.114276
      0.114272
      0.114268
      0.114265
      0.114264
      0.114265
      0.114268
      0.114272
      0.114276
      0.114281
      0.114285
      0.114289
      0.114292
      0.114295
      0.114298
      0.114299
      0.114301
      0.114302
      0.114303
      0.114304
      0.114305
      0.114305
      0.114305
      0.114306
      0.114306
      0.114306
      0.114306
      0.114306
      0.114306
      0.114306
      0.114306
      0.114306
      0.114306
      0.114306
      0.127644
      0.127644
      0.127644
      0.127644
      0.127644
      0.127644
      0.127644
      0.127644
      0.127644
      0.127644
      0.127643
      0.127643
      0.127643
      0.127642
      0.127642
      0.127641
       0.12764
      0.127639
      0.127638
      0.127636
      0.127634
      0.127632
      0.127629
      0.127627
      0.127623
       0.12762
      0.127617
      0.127614
      0.127613
      0.127612
      0.127613
      0.127614
      0.127617
       0.12762
      0.127623
      0.127627
      0.127629
      0.127632
      0.127634
      0.127636
      0.127638
      0.127639
       0.12764
      0.127641
      0.127642
      0.127642
      0.127643
      0.127643
      0.127643
      0.127644
      0.127644
      0.127644
      0.127644
      0.127644
      0.127644
      0.127644
      0.127644
      0.127644
      0.127644
      0.143218
      0.143218
      0.143218
      0.143218
      0.143218
      0.143218
      0.143218
      0.143218
      0.143218
      0.143218
      0.143218
      0.143218
      0.143217
      0.143217
      0.143216
      0.143216
      0.143215
      0.143214
      0.143213
      0.143212
       0.14321
      0.143209
      0.143207
      0.143204
      0.143202
        0.1432
      0.143198
      0.143196
      0.143195
      0.143194
      0.143195
      0.143196
      0.143198
        0.1432
      0.143202
      0.143204
      0.143207
      0.143209
       0.14321
      0.143212
      0.143213
      0.143214
      0.143215
      0.143216
      0.143216
      0.143217
      0.143217
      0.143218
      0.143218
      0.143218
      0.143218
      0.143218
      0.143218
      0.143218
      0.143218
      0.143218
      0.143218
      0.143218
      0.143218
      0.161094
      0.161094
      0.161094
      0.161094
      0.161094
      0.161094
      0.161094
      0.161094
      0.161094
      0.161093
      0.161094
      0.161093
      0.161093
      0.161093
      0.161092
      0.161092
      0.161091
       0.16109
       0.16109
      0.161088
      0.161087
      0.161086
      0.161085
      0.161083
      0.161081
      0.161079
      0.161078
      0.161076
      0.161076
      0.161075
      0.161076
      0.161076
      0.161078
      0.161079
      0.161081
      0.161083
      0.161085
      0.161086
      0.161087
      0.161088
       0.16109
       0.16109
      0.161091
      0.161092
      0.161092
      0.161093
      0.161093
      0.161093
      0.161094
      0.161093
      0.161094
      0.161094
      0.161094
      0.161094
      0.161094
      0.161094
      0.161094
      0.161094
      0.161094
      0.181334
      0.181334
      0.181334
      0.181334
      0.181334
      0.181333
      0.181334
      0.181333
      0.181333
      0.181333
      0.181333
      0.181333
      0.181333
      0.181332
      0.181332
      0.181332
      0.181331
      0.181331
       0.18133
      0.181329
      0.181328
      0.181327
      0.181326
      0.181325
      0.181323
      0.181322
      0.181321
       0.18132
       0.18132
      0.181319
       0.18132
       0.18132
      0.181321
      0.181322
      0.181323
      0.181325
      0.181326
      0.181327
      0.181328
      0.181329
       0.18133
      0.181331
      0.181331
      0.181332
      0.181332
      0.181332
      0.181333
      0.181333
      0.181333
      0.181333
      0.181333
      0.181333
      0.181334
      0.181333
      0.181334
      0.181334
      0.181334
      0.181334
      0.181334
      0.203998
      0.203997
      0.203998
      0.203997
      0.203998
      0.203997
      0.203998
      0.203997
      0.203998
      0.203997
      0.203998
      0.203997
      0.203997
      0.203997
      0.203997
      0.203996
      0.203996
      0.203995
      0.203995
      0.203994
      0.203994
      0.203992
      0.203992
       0.20399
       0.20399
      0.203989
      0.203989
      0.203987
      0.203988
      0.203987
      0.203988
      0.203987
      0.203989
      0.203989
       0.20399
       0.20399
      0.203992
      0.203992
      0.203994
      0.203994
      0.203995
      0.203995
      0.203996
      0.203996
      0.203997
      0.203997
      0.203997
      0.203997
      0.203998
      0.203997
      0.203998
      0.203997
      0.203998
      0.203997
      0.203998
      0.203997
      0.203998
      0.203997
      0.203998
      0.229138
      0.229137
      0.229138
      0.229137
      0.229138
      0.229137
      0.229138
      0.229137
      0.229137
      0.229137
      0.229137
      0.229137
      0.229137
      0.229137
      0.229137
      0.229136
      0.229136
      0.229135
      0.229135
      0.229134
      0.229134
      0.229133
      0.229133
      0.229132
      0.229131
      0.229131
       0.22913
       0.22913
       0.22913
      0.229129
       0.22913
       0.22913
       0.22913
      0.229131
      0.229131
      0.229132
      0.229133
      0.229133
      0.229134
      0.229134
      0.229135
      0.229135
      0.229136
      0.229136
      0.229137
      0.229137
      0.229137
      0.229137
      0.229137
      0.229137
      0.229137
      0.229137
      0.229138
      0.229137
      0.229138
      0.229137
      0.229138
      0.229137
      0.229138
      0.256798
      0.256796
      0.256798
      0.256796
      0.256797
      0.256796
      0.256797
      0.256796
      0.256797
      0.256796
      0.256797
      0.256796
      0.256797
      0.256796
      0.256797
      0.256795
      0.256796
      0.256795
      0.256796
      0.256794
      0.256795
      0.256793
      0.256794
      0.256792
      0.256793
      0.256791
      0.256792
      0.256791
      0.256791
       0.25679
      0.256791
      0.256791
      0.256792
      0.256791
      0.256793
      0.256792
      0.256794
      0.256793
      0.256795
      0.256794
      0.256796
      0.256795
      0.256796
      0.256795
      0.256797
      0.256796
      0.256797
      0.256796
      0.256797
      0.256796
      0.256797
      0.256796
      0.256797
      0.256796
      0.256797
      0.256796
      0.256798
      0.256796
      0.256798
      0.287003
      0.287002
      0.287003
      0.287002
      0.287003
      0.287002
      0.287003
      0.287002
      0.287003
      0.287002
      0.287002
      0.287002
      0.287002
      0.287002
      0.287002
      0.287001
      0.287002
      0.287001
      0.287001
         0.287
         0.287
         0.287
         0.287
      0.286999
      0.286999
      0.286998
      0.286998
      0.286998
      0.286998
      0.286998
      0.286998
      0.286998
      0.286998
      0.286998
      0.286999
      0.286999
         0.287
         0.287
         0.287
         0.287
      0.287001
      0.287001
      0.287002
      0.287001
      0.287002
      0.287002
      0.287002
      0.287002
      0.287002
      0.287002
      0.287003
      0.287002
      0.287003
      0.287002
      0.287003
      0.287002
      0.287003
      0.287002
      0.287003
       0.31977
      0.319769
       0.31977
      0.319769
       0.31977
      0.319769
       0.31977
      0.319769
       0.31977
      0.319769
       0.31977
      0.319768
       0.31977
      0.319768
      0.319769
      0.319768
      0.319769
      0.319768
      0.319769
      0.319767
      0.319768
      0.319767
      0.319768
      0.319766
      0.319767
      0.319766
      0.319767
      0.319765
      0.319767
      0.319765
      0.319767
      0.319765
      0.319767
      0.319766
      0.319767
      0.319766
      0.319768
      0.319767
      0.319768
      0.319767
      0.319769
      0.319768
      0.319769
      0.319768
      0.319769
      0.319768
       0.31977
      0.319768
       0.31977
      0.319769
       0.31977
      0.319769
       0.31977
      0.319769
       0.31977
      0.319769
       0.31977
      0.319769
       0.31977
      0.355088
      0.355087
      0.355088
      0.355087
      0.355088
      0.355087
      0.355088
      0.355087
      0.355088
      0.355087
      0.355088
      0.355087
      0.355087
      0.355087
      0.355087
      0.355087
      0.355087
      0.355086
      0.355087
      0.355086
      0.355086
      0.355086
      0.355086
      0.355085
      0.355086
      0.355085
      0.355085
      0.355085
      0.355085
      0.355085
      0.355085
      0.355085
      0.355085
      0.355085
      0.355086
      0.355085
      0.355086
      0.355086
      0.355086
      0.355086
      0.355087
      0.355086
      0.355087
      0.355087
      0.355087
      0.355087
      0.355087
      0.355087
      0.355088
      0.355087
      0.355088
      0.355087
      0.355088
      0.355087
      0.355088
      0.355087
      0.355088
      0.355087
      0.355088
      0.392933
      0.392932
      0.392933
      0.392932
      0.392933
      0.392932
      0.392933
      0.392932
      0.392933
      0.392932
      0.392933
      0.392932
      0.392933
      0.392931
      0.392933
      0.392931
      0.392933
      0.392931
      0.392933
      0.392931
      0.392932
      0.392931
      0.392932
       0.39293
      0.392932
       0.39293
      0.392931
       0.39293
      0.392931
       0.39293
      0.392931
       0.39293
      0.392931
       0.39293
      0.392932
       0.39293
      0.392932
      0.392931
      0.392932
      0.392931
      0.392933
      0.392931
      0.392933
      0.392931
      0.392933
      0.392931
      0.392933
      0.392932
      0.392933
      0.392932
      0.392933
      0.392932
      0.392933
      0.392932
      0.392933
      0.392932
      0.392933
      0.392932
      0.392933
      0.433249
      0.433248
      0.433249
      0.433248
      0.433249
      0.433248
      0.433249
      0.433248
      0.433249
      0.433248
      0.433249
      0.433248
      0.433249
      0.433248
      0.433249
      0.433248
      0.433249
      0.433248
      0.433248
      0.433248
      0.433248
      0.433247
      0.433248
      0.433247
      0.433248
      0.433247
      0.433248
      0.433247
      0.433247
      0.433247
      0.433247
      0.433247
      0.433248
      0.433247
      0.433248
      0.433247
      0.433248
      0.433247
      0.433248
      0.433248
      0.433248
      0.433248
      0.433249
      0.433248
      0.433249
      0.433248
      0.433249
      0.433248
      0.433249
      0.433248
      0.433249
      0.433248
      0.433249
      0.433248
      0.433249
      0.433248
      0.433249
      0.433248
      0.433249
      0.475964
      0.475963
      0.475964
      0.475963
      0.475964
      0.475963
      0.475964
      0.475963
      0.475964
      0.475963
      0.475964
      0.475962
      0.475964
      0.475962
      0.475964
      0.475962
      0.475964
      0.475962
      0.475964
      0.475962
      0.475964
      0.475962
      0.475963
      0.475962
      0.475963
      0.475962
      0.475963
      0.475962
      0.475963
      0.475961
      0.475963
      0.475962
      0.475963
      0.475962
      0.475963
      0.475962
      0.475963
      0.475962
      0.475964
      0.475962
      0.475964
      0.475962
      0.475964
      0.475962
      0.475964
      0.475962
      0.475964
      0.475962
      0.475964
      0.475963
      0.475964
      0.475963
      0.475964
      0.475963
      0.475964
      0.475963
      0.475964
      0.475963
      0.475964
       0.52097
      0.520969
       0.52097
      0.520969
       0.52097
      0.520969
       0.52097
      0.520969
       0.52097
      0.520969
       0.52097
      0.520969
       0.52097
      0.520969
       0.52097
      0.520969
       0.52097
      0.520969
       0.52097
      0.520969
       0.52097
      0.520969
      0.520969
      0.520969
      0.520969
      0.520969
      0.520969
      0.520969
      0.520969
      0.520969
      0.520969
      0.520969
      0.520969
      0.520969
      0.520969
      0.520969
      0.520969
      0.520969
       0.52097
      0.520969
       0.52097
      0.520969
       0.52097
      0.520969
       0.52097
      0.520969
       0.52097
      0.520969
       0.52097
      0.520969
       0.52097
      0.520969
       0.52097
      0.520969
       0.52097
      0.520969
       0.52097
      0.520969
       0.52097
      0.568144
      0.568142
      0.568144
      0.568142
      0.568144
      0.568142
      0.568144
      0.568142
      0.568144
      0.568142
      0.568144
      0.568142
      0.568144
      0.568142
      0.568143
      0.568142
      0.568143
      0.568142
      0.568143
      0.568142
      0.568143
      0.568142
      0.568143
      0.568142
      0.568143
      0.568141
      0.568143
      0.568141
      0.568143
      0.568141
      0.568143
      0.568141
      0.568143
      0.568141
      0.568143
      0.568142
      0.568143
      0.568142
      0.568143
      0.568142
      0.568143
      0.568142
      0.568143
      0.568142
      0.568143
      0.568142
      0.568144
      0.568142
      0.568144
      0.568142
      0.568144
      0.568142
      0.568144
      0.568142
      0.568144
      0.568142
      0.568144
      0.568142
      0.568144
      0.617323
      0.617323
      0.617323
      0.617323
      0.617323
      0.617323
      0.617323
      0.617323
      0.617323
      0.617323
      0.617323
      0.617323
      0.617323
      0.617323
      0.617323
      0.617323
      0.617323
      0.617323
      0.617323
      0.617323
      0.617323
      0.617323
      0.617323
      0.617323
      0.617323
      0.617323
      0.617323
      0.617323
      0.617323
      0.617323
      0.617323
      0.617323
      0.617323
      0.617323
      0.617323
      0.617323
      0.617323
      0.617323
      0.617323
      0.617323
      0.617323
      0.617323
      0.617323
      0.617323
      0.617323
      0.617323
      0.617323
      0.617323
      0.617323
      0.617323
      0.617323
      0.617323
      0.617323
      0.617323
      0.617323
      0.617323
      0.617323
      0.617323
      0.617323
      0.668335
      0.668334
      0.668335
      0.668334
      0.668335
      0.668334
      0.668335
      0.668334
      0.668335
      0.668334
      0.668335
      0.668334
      0.668335
      0.668334
      0.668335
      0.668334
      0.668335
      0.668334
      0.668335
      0.668334
      0.668335
      0.668334
      0.668335
      0.668333
      0.668335
      0.668333
      0.668335
      0.668333
      0.668335
      0.668333
      0.668335
      0.668333
      0.668335
      0.668333
      0.668335
      0.668333
      0.668335
      0.668334
      0.668335
      0.668334
      0.668335
      0.668334
      0.668335
      0.668334
      0.668335
      0.668334
      0.668335
      0.668334
      0.668335
      0.668334
      0.668335
      0.668334
      0.668335
      0.668334
      0.668335
      0.668334
      0.668335
      0.668334
      0.668335
      0.720968
      0.720968
      0.720968
      0.720968
      0.720968
      0.720968
      0.720968
      0.720968
      0.720968
      0.720968
      0.720968
      0.720968
      0.720968
      0.720968
      0.720968
      0.720968
      0.720968
      0.720968
      0.720968
      0.720968
      0.720968
      0.720968
      0.720968
      0.720968
      0.720968
      0.720968
      0.720968
      0.720968
      0.720968
      0.720968
      0.720968
      0.720968
      0.720968
      0.720968
      0.720968
      0.720968
      0.720968
      0.720968
      0.720968
      0.720968
      0.720968
      0.720968
      0.720968
      0.720968
      0.720968
      0.720968
      0.720968
      0.720968
      0.720968
      0.720968
      0.720968
      0.720968
      0.720968
      0.720968
      0.720968
      0.720968
      0.720968
      0.720968
      0.720968
      0.775003
      0.775002
      0.775003
      0.775002
      0.775003
      0.775002
      0.775003
      0.775002
      0.775003
      0.775002
      0.775003
      0.775002
      0.775003
      0.775002
      0.775003
      0.775002
      0.775003
      0.775002
      0.775003
      0.775002
      0.775003
      0.775002
      0.775003
      0.775001
      0.775002
      0.775001
      0.775002
      0.775001
      0.775002
      0.775001
      0.775002
      0.775001
      0.775002
      0.775001
      0.775002
      0.775001
      0.775003
      0.775002
      0.775003
      0.775002
      0.775003
      0.775002
      0.775003
      0.775002
      0.775003
      0.775002
      0.775003
      0.775002
      0.775003
      0.775002
      0.775003
      0.775002
      0.775003
      0.775002
      0.775003
      0.775002
      0.775003
      0.775002
      0.775003
      0.830188
      0.830188
      0.830188
      0.830188
      0.830188
      0.830188
      0.830188
      0.830188
      0.830188
      0.830188
      0.830188
      0.830188
      0.830188
      0.830188
      0.830188
      0.830188
      0.830188
      0.830188
      0.830188
      0.830188
      0.830188
      0.830188
      0.830188
      0.830188
      0.830188
      0.830188
      0.830188
      0.830188
      0.830188
      0.830188
      0.830188
      0.830188
      0.830188
      0.830188
      0.830188
      0.830188
      0.830188
      0.830188
      0.830188
      0.830188
      0.830188
      0.830188
      0.830188
      0.830188
      0.830188
      0.830188
      0.830188
      0.830188
      0.830188
      0.830188
      0.830188
      0.830188
      0.830188
      0.830188
      0.830188
      0.830188
      0.830188
      0.830188
      0.830188
      0.886267
      0.886267
      0.886267
      0.886267
      0.886267
      0.886267
      0.886267
      0.886267
      0.886267
      0.886267
      0.886267
      0.886267
      0.886267
      0.886267
      0.886267
      0.886267
      0.886267
      0.886267
      0.886267
      0.886267
      0.886267
      0.886267
      0.886267
      0.886267
      0.886267
      0.886267
      0.886267
      0.886267
      0.886267
      0.886267
      0.886267
      0.886267
      0.886267
      0.886267
      0.886267
      0.886267
      0.886267
      0.886267
      0.886267
      0.886267
      0.886267
      0.886267
      0.886267
      0.886267
      0.886267
      0.886267
      0.886267
      0.886267
      0.886267
      0.886267
      0.886267
      0.886267
      0.886267
      0.886267
      0.886267
      0.886267
      0.886267
      0.886267
      0.886267
      0.942965
      0.942965
      0.942965
      0.942965
      0.942965
      0.942965
      0.942965
      0.942965
      0.942965
      0.942965
      0.942965
      0.942965
      0.942965
      0.942965
      0.942965
      0.942965
      0.942965
      0.942965
      0.942965
      0.942965
      0.942965
      0.942965
      0.942965
      0.942965
      0.942965
      0.942965
      0.942965
      0.942965
      0.942965
      0.942965
      0.942965
      0.942965
      0.942965
      0.942965
      0.942965
      0.942965
      0.942965
      0.942965
      0.942965
      0.942965
      0.942965
      0.942965
      0.942965
      0.942965
      0.942965
      0.942965
      0.942965
      0.942965
      0.942965
      0.942965
      0.942965
      0.942965
      0.942965
      0.942965
      0.942965
      0.942965
      0.942965
      0.942965
      0.942965
             1
             1
             1
             1
             1
             1
             1
             1
             1
             1
             1
             1
             1
             1
             1
             1
             1
             1
             1
             1
             1
             1
             1
             1
             1
             1
             1
             1
             1
             1
             1
             1
             1
             1
             1
             1
             1
             1
             1
             1
             1
             1
             1
             1
             1
             1
             1
             1
             1
             1
             1
             1
             1
             1
             1
             1
             1
             1
             1
