             1
             1
             1
             1
             1
             1
             1
             1
             1
             1
             1
             1
             1
             1
             1
             1
             1
             1
             1
             1
             1
             1
             1
             1
             1
             1
             1
             1
             1
             1
             1
             1
             1
             1
             1
             1
             1
             1
             1
             1
             1
             1
             1
             1
             1
             1
             1
             1
             1
             1
             1
             1
             1
             1
             1
             1
             1
             1
             1
      0.944703
      0.944703
      0.944703
      0.944703
      0.944703
      0.944703
      0.944703
      0.944703
      0.944703
      0.944703
      0.944703
      0.944703
      0.944703
      0.944703
      0.944703
      0.944703
      0.944703
      0.944703
      0.944703
      0.944703
      0.944703
      0.944703
      0.944703
      0.944703
      0.944703
      0.944703
      0.944703
      0.944703
      0.944703
      0.944703
      0.944703
      0.944703
      0.944703
      0.944703
      0.944703
      0.944703
      0.944703
      0.944703
      0.944703
      0.944703
      0.944703
      0.944703
      0.944703
      0.944703
      0.944703
      0.944703
      0.944703
      0.944703
      0.944703
      0.944703
      0.944703
      0.944703
      0.944703
      0.944703
      0.944703
      0.944703
      0.944703
      0.944703
      0.944703
       0.88972
      0.889719
       0.88972
      0.889719
       0.88972
      0.889719
       0.88972
      0.889719
       0.88972
      0.889719
       0.88972
      0.889719
       0.88972
      0.889719
       0.88972
      0.889719
       0.88972
      0.889719
       0.88972
      0.889719
       0.88972
      0.889719
       0.88972
      0.889719
       0.88972
      0.889719
       0.88972
      0.889719
       0.88972
      0.889719
       0.88972
      0.889719
       0.88972
      0.889719
       0.88972
      0.889719
       0.88972
      0.889719
       0.88972
      0.889719
       0.88972
      0.889719
       0.88972
      0.889719
       0.88972
      0.889719
       0.88972
      0.889719
       0.88972
      0.889719
       0.88972
      0.889719
       0.88972
      0.889719
       0.88972
      0.889719
       0.88972
      0.889719
       0.88972
      0.835306
      0.835305
      0.835306
      0.835305
      0.835306
      0.835305
      0.835306
      0.835305
      0.835306
      0.835305
      0.835306
      0.835305
      0.835306
      0.835305
      0.835306
      0.835305
      0.835306
      0.835305
      0.835305
      0.835305
      0.835305
      0.835305
      0.835305
      0.835305
      0.835305
      0.835305
      0.835305
      0.835305
      0.835305
      0.835305
      0.835305
      0.835305
      0.835305
      0.835305
      0.835305
      0.835305
      0.835305
      0.835305
      0.835305
      0.835305
      0.835305
      0.835305
      0.835306
      0.835305
      0.835306
      0.835305
      0.835306
      0.835305
      0.835306
      0.835305
      0.835306
      0.835305
      0.835306
      0.835305
      0.835306
      0.835305
      0.835306
      0.835305
      0.835306
      0.781713
      0.781713
      0.781713
      0.781713
      0.781713
      0.781713
      0.781713
      0.781713
      0.781713
      0.781713
      0.781713
      0.781713
      0.781713
      0.781713
      0.781713
      0.781713
      0.781713
      0.781713
      0.781713
      0.781713
      0.781713
      0.781712
      0.781713
      0.781712
      0.781713
      0.781712
      0.781713
      0.781712
      0.781713
      0.781712
      0.781713
      0.781712
      0.781713
      0.781712
      0.781713
      0.781712
      0.781713
      0.781712
      0.781713
      0.781713
      0.781713
      0.781713
      0.781713
      0.781713
      0.781713
      0.781713
      0.781713
      0.781713
      0.781713
      0.781713
      0.781713
      0.781713
      0.781713
      0.781713
      0.781713
      0.781713
      0.781713
      0.781713
      0.781713
      0.729181
       0.72918
      0.729181
       0.72918
      0.729181
       0.72918
      0.729181
       0.72918
      0.729181
       0.72918
      0.729181
       0.72918
      0.729181
       0.72918
      0.729181
       0.72918
       0.72918
       0.72918
       0.72918
       0.72918
       0.72918
       0.72918
       0.72918
       0.72918
       0.72918
       0.72918
       0.72918
       0.72918
       0.72918
       0.72918
       0.72918
       0.72918
       0.72918
       0.72918
       0.72918
       0.72918
       0.72918
       0.72918
       0.72918
       0.72918
       0.72918
       0.72918
       0.72918
       0.72918
      0.729181
       0.72918
      0.729181
       0.72918
      0.729181
       0.72918
      0.729181
       0.72918
      0.729181
       0.72918
      0.729181
       0.72918
      0.729181
       0.72918
      0.729181
      0.677937
      0.677936
      0.677937
      0.677936
      0.677937
      0.677936
      0.677937
      0.677936
      0.677937
      0.677936
      0.677937
      0.677936
      0.677937
      0.677936
      0.677937
      0.677936
      0.677937
      0.677936
      0.677937
      0.677936
      0.677937
      0.677936
      0.677937
      0.677936
      0.677937
      0.677936
      0.677937
      0.677936
      0.677937
      0.677936
      0.677937
      0.677936
      0.677937
      0.677936
      0.677937
      0.677936
      0.677937
      0.677936
      0.677937
      0.677936
      0.677937
      0.677936
      0.677937
      0.677936
      0.677937
      0.677936
      0.677937
      0.677936
      0.677937
      0.677936
      0.677937
      0.677936
      0.677937
      0.677936
      0.677937
      0.677936
      0.677937
      0.677936
      0.677937
      0.628189
      0.628189
      0.628189
      0.628189
      0.628189
      0.628189
      0.628189
      0.628189
      0.628189
      0.628189
      0.628189
      0.628189
      0.628189
      0.628189
      0.628189
      0.628189
      0.628189
      0.628189
      0.628189
      0.628189
      0.628189
      0.628189
      0.628189
      0.628188
      0.628189
      0.628188
      0.628189
      0.628188
      0.628189
      0.628188
      0.628189
      0.628188
      0.628189
      0.628188
      0.628189
      0.628188
      0.628189
      0.628189
      0.628189
      0.628189
      0.628189
      0.628189
      0.628189
      0.628189
      0.628189
      0.628189
      0.628189
      0.628189
      0.628189
      0.628189
      0.628189
      0.628189
      0.628189
      0.628189
      0.628189
      0.628189
      0.628189
      0.628189
      0.628189
      0.580134
      0.580133
      0.580134
      0.580133
      0.580134
      0.580133
      0.580134
      0.580133
      0.580134
      0.580133
      0.580134
      0.580133
      0.580134
      0.580133
      0.580134
      0.580132
      0.580134
      0.580132
      0.580134
      0.580132
      0.580134
      0.580132
      0.580133
      0.580132
      0.580133
      0.580132
      0.580133
      0.580132
      0.580133
      0.580132
      0.580133
      0.580132
      0.580133
      0.580132
      0.580133
      0.580132
      0.580133
      0.580132
      0.580134
      0.580132
      0.580134
      0.580132
      0.580134
      0.580132
      0.580134
      0.580133
      0.580134
      0.580133
      0.580134
      0.580133
      0.580134
      0.580133
      0.580134
      0.580133
      0.580134
      0.580133
      0.580134
      0.580133
      0.580134
      0.533937
      0.533937
      0.533937
      0.533937
      0.533937
      0.533937
      0.533937
      0.533937
      0.533937
      0.533937
      0.533937
      0.533937
      0.533937
      0.533937
      0.533937
      0.533937
      0.533937
      0.533936
      0.533937
      0.533936
      0.533937
      0.533936
      0.533936
      0.533936
      0.533936
      0.533936
      0.533936
      0.533936
      0.533936
      0.533936
      0.533936
      0.533936
      0.533936
      0.533936
      0.533936
      0.533936
      0.533936
      0.533936
      0.533937
      0.533936
      0.533937
      0.533936
      0.533937
      0.533937
      0.533937
      0.533937
      0.533937
      0.533937
      0.533937
      0.533937
      0.533937
      0.533937
      0.533937
      0.533937
      0.533937
      0.533937
      0.533937
      0.533937
      0.533937
      0.489755
      0.489753
      0.489755
      0.489753
      0.489755
      0.489753
      0.489755
      0.489753
      0.489755
      0.489753
      0.489755
      0.489753
      0.489754
      0.489753
      0.489754
      0.489753
      0.489754
      0.489753
      0.489754
      0.489752
      0.489754
      0.489752
      0.489754
      0.489752
      0.489753
      0.489752
      0.489753
      0.489752
      0.489753
      0.489752
      0.489753
      0.489752
      0.489753
      0.489752
      0.489753
      0.489752
      0.489754
      0.489752
      0.489754
      0.489752
      0.489754
      0.489753
      0.489754
      0.489753
      0.489754
      0.489753
      0.489754
      0.489753
      0.489755
      0.489753
      0.489755
      0.489753
      0.489755
      0.489753
      0.489755
      0.489753
      0.489755
      0.489753
      0.489755
      0.447708
      0.447707
      0.447708
      0.447707
      0.447708
      0.447707
      0.447708
      0.447707
      0.447708
      0.447707
      0.447708
      0.447707
      0.447708
      0.447707
      0.447707
      0.447707
      0.447707
      0.447707
      0.447707
      0.447706
      0.447707
      0.447706
      0.447706
      0.447706
      0.447706
      0.447705
      0.447706
      0.447705
      0.447706
      0.447705
      0.447706
      0.447705
      0.447706
      0.447705
      0.447706
      0.447706
      0.447706
      0.447706
      0.447707
      0.447706
      0.447707
      0.447707
      0.447707
      0.447707
      0.447707
      0.447707
      0.447708
      0.447707
      0.447708
      0.447707
      0.447708
      0.447707
      0.447708
      0.447707
      0.447708
      0.447707
      0.447708
      0.447707
      0.447708
      0.407907
      0.407906
      0.407907
      0.407906
      0.407907
      0.407906
      0.407907
      0.407906
      0.407907
      0.407906
      0.407907
      0.407905
      0.407907
      0.407905
      0.407906
      0.407905
      0.407906
      0.407905
      0.407906
      0.407904
      0.407905
      0.407904
      0.407905
      0.407903
      0.407905
      0.407903
      0.407904
      0.407903
      0.407904
      0.407903
      0.407904
      0.407903
      0.407904
      0.407903
      0.407905
      0.407903
      0.407905
      0.407904
      0.407905
      0.407904
      0.407906
      0.407905
      0.407906
      0.407905
      0.407906
      0.407905
      0.407907
      0.407905
      0.407907
      0.407906
      0.407907
      0.407906
      0.407907
      0.407906
      0.407907
      0.407906
      0.407907
      0.407906
      0.407907
      0.370429
      0.370428
      0.370429
      0.370428
      0.370429
      0.370428
      0.370429
      0.370428
      0.370429
      0.370428
      0.370428
      0.370428
      0.370428
      0.370428
      0.370428
      0.370427
      0.370428
      0.370427
      0.370427
      0.370427
      0.370427
      0.370426
      0.370426
      0.370425
      0.370426
      0.370425
      0.370425
      0.370425
      0.370425
      0.370424
      0.370425
      0.370425
      0.370425
      0.370425
      0.370426
      0.370425
      0.370426
      0.370426
      0.370427
      0.370427
      0.370427
      0.370427
      0.370428
      0.370427
      0.370428
      0.370428
      0.370428
      0.370428
      0.370428
      0.370428
      0.370429
      0.370428
      0.370429
      0.370428
      0.370429
      0.370428
      0.370429
      0.370428
      0.370429
      0.335338
      0.335337
      0.335338
      0.335337
      0.335338
      0.335337
      0.335338
      0.335337
      0.335338
      0.335337
      0.335338
      0.335337
      0.335338
      0.335336
      0.335337
      0.335336
      0.335337
      0.335335
      0.335336
      0.335335
      0.335336
      0.335334
      0.335335
      0.335333
      0.335334
      0.335333
      0.335334
      0.335332
      0.335333
      0.335332
      0.335333
      0.335332
      0.335334
      0.335333
      0.335334
      0.335333
      0.335335
      0.335334
      0.335336
      0.335335
      0.335336
      0.335335
      0.335337
      0.335336
      0.335337
      0.335336
      0.335338
      0.335337
      0.335338
      0.335337
      0.335338
      0.335337
      0.335338
      0.335337
      0.335338
      0.335337
      0.335338
      0.335337
      0.335338
       0.30267
       0.30267
       0.30267
       0.30267
       0.30267
       0.30267
       0.30267
      0.302669
       0.30267
      0.302669
       0.30267
      0.302669
      0.302669
      0.302669
      0.302669
      0.302668
      0.302668
      0.302668
      0.302668
      0.302667
      0.302667
      0.302666
      0.302666
      0.302665
      0.302665
      0.302664
      0.302664
      0.302663
      0.302664
      0.302663
      0.302664
      0.302663
      0.302664
      0.302664
      0.302665
      0.302665
      0.302666
      0.302666
      0.302667
      0.302667
      0.302668
      0.302668
      0.302668
      0.302668
      0.302669
      0.302669
      0.302669
      0.302669
       0.30267
      0.302669
       0.30267
      0.302669
       0.30267
       0.30267
       0.30267
       0.30267
       0.30267
       0.30267
       0.30267
      0.272449
      0.272448
      0.272449
      0.272448
      0.272449
      0.272448
      0.272449
      0.272448
      0.272449
      0.272448
      0.272449
      0.272447
      0.272448
      0.272447
      0.272448
      0.272446
      0.272447
      0.272446
      0.272446
      0.272445
      0.272445
      0.272443
      0.272444
      0.272442
      0.272442
      0.272441
      0.272441
       0.27244
      0.272441
       0.27244
      0.272441
       0.27244
      0.272441
      0.272441
      0.272442
      0.272442
      0.272444
      0.272443
      0.272445
      0.272445
      0.272446
      0.272446
      0.272447
      0.272446
      0.272448
      0.272447
      0.272448
      0.272447
      0.272449
      0.272448
      0.272449
      0.272448
      0.272449
      0.272448
      0.272449
      0.272448
      0.272449
      0.272448
      0.272449
      0.244674
      0.244674
      0.244674
      0.244674
      0.244674
      0.244674
      0.244674
      0.244674
      0.244674
      0.244674
      0.244674
      0.244673
      0.244673
      0.244673
      0.244673
      0.244672
      0.244672
      0.244671
      0.244671
       0.24467
      0.244669
      0.244668
      0.244668
      0.244666
      0.244666
      0.244665
      0.244664
      0.244663
      0.244663
      0.244663
      0.244663
      0.244663
      0.244664
      0.244665
      0.244666
      0.244666
      0.244668
      0.244668
      0.244669
       0.24467
      0.244671
      0.244671
      0.244672
      0.244672
      0.244673
      0.244673
      0.244673
      0.244673
      0.244674
      0.244674
      0.244674
      0.244674
      0.244674
      0.244674
      0.244674
      0.244674
      0.244674
      0.244674
      0.244674
      0.219338
      0.219337
      0.219338
      0.219337
      0.219338
      0.219337
      0.219337
      0.219337
      0.219337
      0.219336
      0.219337
      0.219336
      0.219336
      0.219336
      0.219336
      0.219335
      0.219335
      0.219333
      0.219333
      0.219332
      0.219331
       0.21933
      0.219329
      0.219327
      0.219327
      0.219325
      0.219325
      0.219323
      0.219323
      0.219323
      0.219323
      0.219323
      0.219325
      0.219325
      0.219327
      0.219327
      0.219329
       0.21933
      0.219331
      0.219332
      0.219333
      0.219333
      0.219335
      0.219335
      0.219336
      0.219336
      0.219336
      0.219336
      0.219337
      0.219336
      0.219337
      0.219337
      0.219337
      0.219337
      0.219338
      0.219337
      0.219338
      0.219337
      0.219338
      0.196412
      0.196412
      0.196412
      0.196412
      0.196412
      0.196412
      0.196412
      0.196412
      0.196412
      0.196411
      0.196411
      0.196411
      0.196411
       0.19641
       0.19641
      0.196409
      0.196409
      0.196408
      0.196407
      0.196406
      0.196404
      0.196403
      0.196402
        0.1964
      0.196398
      0.196397
      0.196395
      0.196394
      0.196394
      0.196393
      0.196394
      0.196394
      0.196395
      0.196397
      0.196398
        0.1964
      0.196402
      0.196403
      0.196404
      0.196406
      0.196407
      0.196408
      0.196409
      0.196409
       0.19641
       0.19641
      0.196411
      0.196411
      0.196411
      0.196411
      0.196412
      0.196412
      0.196412
      0.196412
      0.196412
      0.196412
      0.196412
      0.196412
      0.196412
      0.175866
      0.175865
      0.175865
      0.175865
      0.175865
      0.175865
      0.175865
      0.175865
      0.175865
      0.175865
      0.175865
      0.175864
      0.175864
      0.175863
      0.175863
      0.175862
      0.175862
       0.17586
      0.175859
      0.175858
      0.175856
      0.175854
      0.175853
       0.17585
      0.175848
      0.175846
      0.175844
      0.175842
      0.175842
      0.175841
      0.175842
      0.175842
      0.175844
      0.175846
      0.175848
       0.17585
      0.175853
      0.175854
      0.175856
      0.175858
      0.175859
       0.17586
      0.175862
      0.175862
      0.175863
      0.175863
      0.175864
      0.175864
      0.175865
      0.175865
      0.175865
      0.175865
      0.175865
      0.175865
      0.175865
      0.175865
      0.175865
      0.175865
      0.175866
      0.157656
      0.157656
      0.157656
      0.157656
      0.157656
      0.157655
      0.157655
      0.157655
      0.157655
      0.157655
      0.157655
      0.157654
      0.157654
      0.157653
      0.157653
      0.157652
      0.157651
       0.15765
      0.157649
      0.157647
      0.157645
      0.157643
       0.15764
      0.157637
      0.157634
      0.157631
      0.157629
      0.157626
      0.157625
      0.157624
      0.157625
      0.157626
      0.157629
      0.157631
      0.157634
      0.157637
       0.15764
      0.157643
      0.157645
      0.157647
      0.157649
       0.15765
      0.157651
      0.157652
      0.157653
      0.157653
      0.157654
      0.157654
      0.157655
      0.157655
      0.157655
      0.157655
      0.157655
      0.157655
      0.157656
      0.157656
      0.157656
      0.157656
      0.157656
      0.141738
      0.141738
      0.141738
      0.141738
      0.141738
      0.141738
      0.141737
      0.141737
      0.141737
      0.141737
      0.141737
      0.141736
      0.141736
      0.141735
      0.141735
      0.141734
      0.141733
      0.141731
      0.141729
      0.141727
      0.141725
      0.141722
      0.141719
      0.141715
      0.141711
      0.141707
      0.141703
        0.1417
      0.141698
      0.141697
      0.141698
        0.1417
      0.141703
      0.141707
      0.141711
      0.141715
      0.141719
      0.141722
      0.141725
      0.141727
      0.141729
      0.141731
      0.141733
      0.141734
      0.141735
      0.141735
      0.141736
      0.141736
      0.141737
      0.141737
      0.141737
      0.141737
      0.141737
      0.141738
      0.141738
      0.141738
      0.141738
      0.141738
      0.141738
      0.128064
      0.128064
      0.128064
      0.128064
      0.128064
      0.128064
      0.128064
      0.128064
      0.128064
      0.128063
      0.128063
      0.128063
      0.128062
      0.128062
      0.128061
       0.12806
      0.128058
      0.128057
      0.128055
      0.128052
      0.128049
      0.128046
      0.128041
      0.128037
      0.128031
      0.128026
       0.12802
      0.128015
      0.128012
      0.128011
      0.128012
      0.128015
       0.12802
      0.128026
      0.128031
      0.128037
      0.128041
      0.128046
      0.128049
      0.128052
      0.128055
      0.128057
      0.128058
       0.12806
      0.128061
      0.128062
      0.128062
      0.128063
      0.128063
      0.128063
      0.128064
      0.128064
      0.128064
      0.128064
      0.128064
      0.128064
      0.128064
      0.128064
      0.128064
      0.116588
      0.116588
      0.116588
      0.116588
      0.116588
      0.116588
      0.116588
      0.116588
      0.116587
      0.116587
      0.116587
      0.116587
      0.116586
      0.116585
      0.116584
      0.116583
      0.116581
       0.11658
      0.116577
      0.116575
      0.116571
      0.116567
      0.116561
      0.116555
      0.116548
       0.11654
      0.116532
      0.116525
       0.11652
      0.116518
       0.11652
      0.116525
      0.116532
       0.11654
      0.116548
      0.116555
      0.116561
      0.116567
      0.116571
      0.116575
      0.116577
       0.11658
      0.116581
      0.116583
      0.116584
      0.116585
      0.116586
      0.116587
      0.116587
      0.116587
      0.116587
      0.116588
      0.116588
      0.116588
      0.116588
      0.116588
      0.116588
      0.116588
      0.116588
      0.107266
      0.107266
      0.107266
      0.107266
      0.107266
      0.107266
      0.107266
      0.107266
      0.107265
      0.107265
      0.107265
      0.107264
      0.107264
      0.107263
      0.107262
      0.107261
      0.107259
      0.107257
      0.107254
      0.107251
      0.107247
      0.107242
      0.107235
      0.107228
      0.107218
      0.107208
      0.107196
      0.107185
      0.107176
      0.107173
      0.107176
      0.107185
      0.107196
      0.107208
      0.107218
      0.107228
      0.107235
      0.107242
      0.107247
      0.107251
      0.107254
      0.107257
      0.107259
      0.107261
      0.107262
      0.107263
      0.107264
      0.107264
      0.107265
      0.107265
      0.107265
      0.107266
      0.107266
      0.107266
      0.107266
      0.107266
      0.107266
      0.107266
      0.107266
      0.100059
      0.100059
      0.100059
      0.100059
      0.100059
      0.100059
      0.100058
      0.100059
      0.100058
      0.100058
      0.100057
      0.100057
      0.100056
      0.100056
      0.100054
      0.100053
      0.100051
      0.100049
      0.100046
      0.100043
      0.100038
      0.100032
      0.100024
      0.100015
      0.100003
     0.0999891
     0.0999715
     0.0999545
     0.0999386
     0.0999319
     0.0999386
     0.0999545
     0.0999715
     0.0999891
      0.100003
      0.100015
      0.100024
      0.100032
      0.100038
      0.100043
      0.100046
      0.100049
      0.100051
      0.100053
      0.100054
      0.100056
      0.100056
      0.100057
      0.100057
      0.100058
      0.100058
      0.100059
      0.100058
      0.100059
      0.100059
      0.100059
      0.100059
      0.100059
      0.100059
     0.0949355
     0.0949356
     0.0949354
     0.0949356
     0.0949353
     0.0949354
     0.0949351
     0.0949351
     0.0949347
     0.0949346
      0.094934
     0.0949336
     0.0949328
     0.0949321
     0.0949308
     0.0949295
     0.0949274
     0.0949252
     0.0949219
     0.0949181
     0.0949128
     0.0949064
     0.0948977
     0.0948869
     0.0948725
     0.0948544
     0.0948308
     0.0948022
     0.0947713
     0.0947565
     0.0947713
     0.0948022
     0.0948308
     0.0948544
     0.0948725
     0.0948869
     0.0948977
     0.0949064
     0.0949128
     0.0949181
     0.0949219
     0.0949252
     0.0949274
     0.0949295
     0.0949308
     0.0949321
     0.0949328
     0.0949336
      0.094934
     0.0949346
     0.0949347
     0.0949351
     0.0949351
     0.0949354
     0.0949353
     0.0949356
     0.0949354
     0.0949356
     0.0949355
     0.0918704
      0.091871
     0.0918704
      0.091871
     0.0918703
     0.0918708
     0.0918701
     0.0918705
     0.0918696
     0.0918699
     0.0918689
      0.091869
     0.0918677
     0.0918674
     0.0918656
     0.0918647
     0.0918622
     0.0918603
     0.0918564
     0.0918528
     0.0918468
     0.0918403
     0.0918305
      0.091819
     0.0918023
      0.091781
     0.0917504
     0.0917069
     0.0916417
      0.091605
     0.0916417
     0.0917069
     0.0917504
      0.091781
     0.0918023
      0.091819
     0.0918305
     0.0918403
     0.0918468
     0.0918528
     0.0918564
     0.0918603
     0.0918622
     0.0918647
     0.0918656
     0.0918674
     0.0918677
      0.091869
     0.0918689
     0.0918699
     0.0918696
     0.0918705
     0.0918701
     0.0918708
     0.0918703
      0.091871
     0.0918704
      0.091871
     0.0918704
     0.0908513
     0.0908515
     0.0908512
     0.0908514
     0.0908511
     0.0908512
     0.0908509
     0.0908509
     0.0908505
     0.0908503
     0.0908497
     0.0908494
     0.0908485
     0.0908478
     0.0908464
     0.0908451
     0.0908429
     0.0908405
      0.090837
      0.090833
     0.0908272
     0.0908202
     0.0908105
     0.0907981
      0.090781
     0.0907578
      0.090724
     0.0906723
     0.0905852
     0.0904165
     0.0905852
     0.0906723
      0.090724
     0.0907578
      0.090781
     0.0907981
     0.0908105
     0.0908202
     0.0908272
      0.090833
      0.090837
     0.0908405
     0.0908429
     0.0908451
     0.0908464
     0.0908478
     0.0908485
     0.0908494
     0.0908497
     0.0908503
     0.0908505
     0.0908509
     0.0908509
     0.0908512
     0.0908511
     0.0908514
     0.0908512
     0.0908515
     0.0908513
     0.0918704
      0.091871
     0.0918704
      0.091871
     0.0918703
     0.0918708
     0.0918701
     0.0918705
     0.0918696
     0.0918699
     0.0918689
      0.091869
     0.0918677
     0.0918674
     0.0918656
     0.0918647
     0.0918622
     0.0918603
     0.0918564
     0.0918528
     0.0918468
     0.0918403
     0.0918305
      0.091819
     0.0918023
      0.091781
     0.0917504
     0.0917069
     0.0916417
      0.091605
     0.0916417
     0.0917069
     0.0917504
      0.091781
     0.0918023
      0.091819
     0.0918305
     0.0918403
     0.0918468
     0.0918528
     0.0918564
     0.0918603
     0.0918622
     0.0918647
     0.0918656
     0.0918674
     0.0918677
      0.091869
     0.0918689
     0.0918699
     0.0918696
     0.0918705
     0.0918701
     0.0918708
     0.0918703
      0.091871
     0.0918704
      0.091871
     0.0918704
     0.0949355
     0.0949356
     0.0949354
     0.0949356
     0.0949353
     0.0949354
     0.0949351
     0.0949351
     0.0949347
     0.0949346
      0.094934
     0.0949336
     0.0949328
     0.0949321
     0.0949308
     0.0949295
     0.0949274
     0.0949252
     0.0949219
     0.0949181
     0.0949128
     0.0949064
     0.0948977
     0.0948869
     0.0948725
     0.0948544
     0.0948308
     0.0948022
     0.0947713
     0.0947565
     0.0947713
     0.0948022
     0.0948308
     0.0948544
     0.0948725
     0.0948869
     0.0948977
     0.0949064
     0.0949128
     0.0949181
     0.0949219
     0.0949252
     0.0949274
     0.0949295
     0.0949308
     0.0949321
     0.0949328
     0.0949336
      0.094934
     0.0949346
     0.0949347
     0.0949351
     0.0949351
     0.0949354
     0.0949353
     0.0949356
     0.0949354
     0.0949356
     0.0949355
      0.100059
      0.100059
      0.100059
      0.100059
      0.100059
      0.100059
      0.100058
      0.100059
      0.100058
      0.100058
      0.100057
      0.100057
      0.100056
      0.100056
      0.100054
      0.100053
      0.100051
      0.100049
      0.100046
      0.100043
      0.100038
      0.100032
      0.100024
      0.100015
      0.100003
     0.0999891
     0.0999715
     0.0999545
     0.0999386
     0.0999319
     0.0999386
     0.0999545
     0.0999715
     0.0999891
      0.100003
      0.100015
      0.100024
      0.100032
      0.100038
      0.100043
      0.100046
      0.100049
      0.100051
      0.100053
      0.100054
      0.100056
      0.100056
      0.100057
      0.100057
      0.100058
      0.100058
      0.100059
      0.100058
      0.100059
      0.100059
      0.100059
      0.100059
      0.100059
      0.100059
      0.107266
      0.107266
      0.107266
      0.107266
      0.107266
      0.107266
      0.107266
      0.107266
      0.107265
      0.107265
      0.107265
      0.107264
      0.107264
      0.107263
      0.107262
      0.107261
      0.107259
      0.107257
      0.107254
      0.107251
      0.107247
      0.107242
      0.107235
      0.107228
      0.107218
      0.107208
      0.107196
      0.107185
      0.107176
      0.107173
      0.107176
      0.107185
      0.107196
      0.107208
      0.107218
      0.107228
      0.107235
      0.107242
      0.107247
      0.107251
      0.107254
      0.107257
      0.107259
      0.107261
      0.107262
      0.107263
      0.107264
      0.107264
      0.107265
      0.107265
      0.107265
      0.107266
      0.107266
      0.107266
      0.107266
      0.107266
      0.107266
      0.107266
      0.107266
      0.116588
      0.116588
      0.116588
      0.116588
      0.116588
      0.116588
      0.116588
      0.116588
      0.116587
      0.116587
      0.116587
      0.116587
      0.116586
      0.116585
      0.116584
      0.116583
      0.116581
       0.11658
      0.116577
      0.116575
      0.116571
      0.116567
      0.116561
      0.116555
      0.116548
       0.11654
      0.116532
      0.116525
       0.11652
      0.116518
       0.11652
      0.116525
      0.116532
       0.11654
      0.116548
      0.116555
      0.116561
      0.116567
      0.116571
      0.116575
      0.116577
       0.11658
      0.116581
      0.116583
      0.116584
      0.116585
      0.116586
      0.116587
      0.116587
      0.116587
      0.116587
      0.116588
      0.116588
      0.116588
      0.116588
      0.116588
      0.116588
      0.116588
      0.116588
      0.128064
      0.128064
      0.128064
      0.128064
      0.128064
      0.128064
      0.128064
      0.128064
      0.128064
      0.128063
      0.128063
      0.128063
      0.128062
      0.128062
      0.128061
       0.12806
      0.128058
      0.128057
      0.128055
      0.128052
      0.128049
      0.128046
      0.128041
      0.128037
      0.128031
      0.128026
       0.12802
      0.128015
      0.128012
      0.128011
      0.128012
      0.128015
       0.12802
      0.128026
      0.128031
      0.128037
      0.128041
      0.128046
      0.128049
      0.128052
      0.128055
      0.128057
      0.128058
       0.12806
      0.128061
      0.128062
      0.128062
      0.128063
      0.128063
      0.128063
      0.128064
      0.128064
      0.128064
      0.128064
      0.128064
      0.128064
      0.128064
      0.128064
      0.128064
      0.141738
      0.141738
      0.141738
      0.141738
      0.141738
      0.141738
      0.141737
      0.141737
      0.141737
      0.141737
      0.141737
      0.141736
      0.141736
      0.141735
      0.141735
      0.141734
      0.141733
      0.141731
      0.141729
      0.141727
      0.141725
      0.141722
      0.141719
      0.141715
      0.141711
      0.141707
      0.141703
        0.1417
      0.141698
      0.141697
      0.141698
        0.1417
      0.141703
      0.141707
      0.141711
      0.141715
      0.141719
      0.141722
      0.141725
      0.141727
      0.141729
      0.141731
      0.141733
      0.141734
      0.141735
      0.141735
      0.141736
      0.141736
      0.141737
      0.141737
      0.141737
      0.141737
      0.141737
      0.141738
      0.141738
      0.141738
      0.141738
      0.141738
      0.141738
      0.157656
      0.157656
      0.157656
      0.157656
      0.157656
      0.157655
      0.157655
      0.157655
      0.157655
      0.157655
      0.157655
      0.157654
      0.157654
      0.157653
      0.157653
      0.157652
      0.157651
       0.15765
      0.157649
      0.157647
      0.157645
      0.157643
       0.15764
      0.157637
      0.157634
      0.157631
      0.157629
      0.157626
      0.157625
      0.157624
      0.157625
      0.157626
      0.157629
      0.157631
      0.157634
      0.157637
       0.15764
      0.157643
      0.157645
      0.157647
      0.157649
       0.15765
      0.157651
      0.157652
      0.157653
      0.157653
      0.157654
      0.157654
      0.157655
      0.157655
      0.157655
      0.157655
      0.157655
      0.157655
      0.157656
      0.157656
      0.157656
      0.157656
      0.157656
      0.175866
      0.175865
      0.175865
      0.175865
      0.175865
      0.175865
      0.175865
      0.175865
      0.175865
      0.175865
      0.175865
      0.175864
      0.175864
      0.175863
      0.175863
      0.175862
      0.175862
       0.17586
      0.175859
      0.175858
      0.175856
      0.175854
      0.175853
       0.17585
      0.175848
      0.175846
      0.175844
      0.175842
      0.175842
      0.175841
      0.175842
      0.175842
      0.175844
      0.175846
      0.175848
       0.17585
      0.175853
      0.175854
      0.175856
      0.175858
      0.175859
       0.17586
      0.175862
      0.175862
      0.175863
      0.175863
      0.175864
      0.175864
      0.175865
      0.175865
      0.175865
      0.175865
      0.175865
      0.175865
      0.175865
      0.175865
      0.175865
      0.175865
      0.175866
      0.196412
      0.196412
      0.196412
      0.196412
      0.196412
      0.196412
      0.196412
      0.196412
      0.196412
      0.196411
      0.196411
      0.196411
      0.196411
       0.19641
       0.19641
      0.196409
      0.196409
      0.196408
      0.196407
      0.196406
      0.196404
      0.196403
      0.196402
        0.1964
      0.196398
      0.196397
      0.196395
      0.196394
      0.196394
      0.196393
      0.196394
      0.196394
      0.196395
      0.196397
      0.196398
        0.1964
      0.196402
      0.196403
      0.196404
      0.196406
      0.196407
      0.196408
      0.196409
      0.196409
       0.19641
       0.19641
      0.196411
      0.196411
      0.196411
      0.196411
      0.196412
      0.196412
      0.196412
      0.196412
      0.196412
      0.196412
      0.196412
      0.196412
      0.196412
      0.219338
      0.219337
      0.219338
      0.219337
      0.219338
      0.219337
      0.219337
      0.219337
      0.219337
      0.219336
      0.219337
      0.219336
      0.219336
      0.219336
      0.219336
      0.219335
      0.219335
      0.219333
      0.219333
      0.219332
      0.219331
       0.21933
      0.219329
      0.219327
      0.219327
      0.219325
      0.219325
      0.219323
      0.219323
      0.219323
      0.219323
      0.219323
      0.219325
      0.219325
      0.219327
      0.219327
      0.219329
       0.21933
      0.219331
      0.219332
      0.219333
      0.219333
      0.219335
      0.219335
      0.219336
      0.219336
      0.219336
      0.219336
      0.219337
      0.219336
      0.219337
      0.219337
      0.219337
      0.219337
      0.219338
      0.219337
      0.219338
      0.219337
      0.219338
      0.244674
      0.244674
      0.244674
      0.244674
      0.244674
      0.244674
      0.244674
      0.244674
      0.244674
      0.244674
      0.244674
      0.244673
      0.244673
      0.244673
      0.244673
      0.244672
      0.244672
      0.244671
      0.244671
       0.24467
      0.244669
      0.244668
      0.244668
      0.244666
      0.244666
      0.244665
      0.244664
      0.244663
      0.244663
      0.244663
      0.244663
      0.244663
      0.244664
      0.244665
      0.244666
      0.244666
      0.244668
      0.244668
      0.244669
       0.24467
      0.244671
      0.244671
      0.244672
      0.244672
      0.244673
      0.244673
      0.244673
      0.244673
      0.244674
      0.244674
      0.244674
      0.244674
      0.244674
      0.244674
      0.244674
      0.244674
      0.244674
      0.244674
      0.244674
      0.272449
      0.272448
      0.272449
      0.272448
      0.272449
      0.272448
      0.272449
      0.272448
      0.272449
      0.272448
      0.272449
      0.272447
      0.272448
      0.272447
      0.272448
      0.272446
      0.272447
      0.272446
      0.272446
      0.272445
      0.272445
      0.272443
      0.272444
      0.272442
      0.272442
      0.272441
      0.272441
       0.27244
      0.272441
       0.27244
      0.272441
       0.27244
      0.272441
      0.272441
      0.272442
      0.272442
      0.272444
      0.272443
      0.272445
      0.272445
      0.272446
      0.272446
      0.272447
      0.272446
      0.272448
      0.272447
      0.272448
      0.272447
      0.272449
      0.272448
      0.272449
      0.272448
      0.272449
      0.272448
      0.272449
      0.272448
      0.272449
      0.272448
      0.272449
       0.30267
       0.30267
       0.30267
       0.30267
       0.30267
       0.30267
       0.30267
      0.302669
       0.30267
      0.302669
       0.30267
      0.302669
      0.302669
      0.302669
      0.302669
      0.302668
      0.302668
      0.302668
      0.302668
      0.302667
      0.302667
      0.302666
      0.302666
      0.302665
      0.302665
      0.302664
      0.302664
      0.302663
      0.302664
      0.302663
      0.302664
      0.302663
      0.302664
      0.302664
      0.302665
      0.302665
      0.302666
      0.302666
      0.302667
      0.302667
      0.302668
      0.302668
      0.302668
      0.302668
      0.302669
      0.302669
      0.302669
      0.302669
       0.30267
      0.302669
       0.30267
      0.302669
       0.30267
       0.30267
       0.30267
       0.30267
       0.30267
       0.30267
       0.30267
      0.335338
      0.335337
      0.335338
      0.335337
      0.335338
      0.335337
      0.335338
      0.335337
      0.335338
      0.335337
      0.335338
      0.335337
      0.335338
      0.335336
      0.335337
      0.335336
      0.335337
      0.335335
      0.335336
      0.335335
      0.335336
      0.335334
      0.335335
      0.335333
      0.335334
      0.335333
      0.335334
      0.335332
      0.335333
      0.335332
      0.335333
      0.335332
      0.335334
      0.335333
      0.335334
      0.335333
      0.335335
      0.335334
      0.335336
      0.335335
      0.335336
      0.335335
      0.335337
      0.335336
      0.335337
      0.335336
      0.335338
      0.335337
      0.335338
      0.335337
      0.335338
      0.335337
      0.335338
      0.335337
      0.335338
      0.335337
      0.335338
      0.335337
      0.335338
      0.370429
      0.370428
      0.370429
      0.370428
      0.370429
      0.370428
      0.370429
      0.370428
      0.370429
      0.370428
      0.370428
      0.370428
      0.370428
      0.370428
      0.370428
      0.370427
      0.370428
      0.370427
      0.370427
      0.370427
      0.370427
      0.370426
      0.370426
      0.370425
      0.370426
      0.370425
      0.370425
      0.370425
      0.370425
      0.370424
      0.370425
      0.370425
      0.370425
      0.370425
      0.370426
      0.370425
      0.370426
      0.370426
      0.370427
      0.370427
      0.370427
      0.370427
      0.370428
      0.370427
      0.370428
      0.370428
      0.370428
      0.370428
      0.370428
      0.370428
      0.370429
      0.370428
      0.370429
      0.370428
      0.370429
      0.370428
      0.370429
      0.370428
      0.370429
      0.407907
      0.407906
      0.407907
      0.407906
      0.407907
      0.407906
      0.407907
      0.407906
      0.407907
      0.407906
      0.407907
      0.407905
      0.407907
      0.407905
      0.407906
      0.407905
      0.407906
      0.407905
      0.407906
      0.407904
      0.407905
      0.407904
      0.407905
      0.407903
      0.407905
      0.407903
      0.407904
      0.407903
      0.407904
      0.407903
      0.407904
      0.407903
      0.407904
      0.407903
      0.407905
      0.407903
      0.407905
      0.407904
      0.407905
      0.407904
      0.407906
      0.407905
      0.407906
      0.407905
      0.407906
      0.407905
      0.407907
      0.407905
      0.407907
      0.407906
      0.407907
      0.407906
      0.407907
      0.407906
      0.407907
      0.407906
      0.407907
      0.407906
      0.407907
      0.447708
      0.447707
      0.447708
      0.447707
      0.447708
      0.447707
      0.447708
      0.447707
      0.447708
      0.447707
      0.447708
      0.447707
      0.447708
      0.447707
      0.447707
      0.447707
      0.447707
      0.447707
      0.447707
      0.447706
      0.447707
      0.447706
      0.447706
      0.447706
      0.447706
      0.447705
      0.447706
      0.447705
      0.447706
      0.447705
      0.447706
      0.447705
      0.447706
      0.447705
      0.447706
      0.447706
      0.447706
      0.447706
      0.447707
      0.447706
      0.447707
      0.447707
      0.447707
      0.447707
      0.447707
      0.447707
      0.447708
      0.447707
      0.447708
      0.447707
      0.447708
      0.447707
      0.447708
      0.447707
      0.447708
      0.447707
      0.447708
      0.447707
      0.447708
      0.489755
      0.489753
      0.489755
      0.489753
      0.489755
      0.489753
      0.489755
      0.489753
      0.489755
      0.489753
      0.489755
      0.489753
      0.489754
      0.489753
      0.489754
      0.489753
      0.489754
      0.489753
      0.489754
      0.489752
      0.489754
      0.489752
      0.489754
      0.489752
      0.489753
      0.489752
      0.489753
      0.489752
      0.489753
      0.489752
      0.489753
      0.489752
      0.489753
      0.489752
      0.489753
      0.489752
      0.489754
      0.489752
      0.489754
      0.489752
      0.489754
      0.489753
      0.489754
      0.489753
      0.489754
      0.489753
      0.489754
      0.489753
      0.489755
      0.489753
      0.489755
      0.489753
      0.489755
      0.489753
      0.489755
      0.489753
      0.489755
      0.489753
      0.489755
      0.533937
      0.533937
      0.533937
      0.533937
      0.533937
      0.533937
      0.533937
      0.533937
      0.533937
      0.533937
      0.533937
      0.533937
      0.533937
      0.533937
      0.533937
      0.533937
      0.533937
      0.533936
      0.533937
      0.533936
      0.533937
      0.533936
      0.533936
      0.533936
      0.533936
      0.533936
      0.533936
      0.533936
      0.533936
      0.533936
      0.533936
      0.533936
      0.533936
      0.533936
      0.533936
      0.533936
      0.533936
      0.533936
      0.533937
      0.533936
      0.533937
      0.533936
      0.533937
      0.533937
      0.533937
      0.533937
      0.533937
      0.533937
      0.533937
      0.533937
      0.533937
      0.533937
      0.533937
      0.533937
      0.533937
      0.533937
      0.533937
      0.533937
      0.533937
      0.580134
      0.580133
      0.580134
      0.580133
      0.580134
      0.580133
      0.580134
      0.580133
      0.580134
      0.580133
      0.580134
      0.580133
      0.580134
      0.580133
      0.580134
      0.580132
      0.580134
      0.580132
      0.580134
      0.580132
      0.580134
      0.580132
      0.580133
      0.580132
      0.580133
      0.580132
      0.580133
      0.580132
      0.580133
      0.580132
      0.580133
      0.580132
      0.580133
      0.580132
      0.580133
      0.580132
      0.580133
      0.580132
      0.580134
      0.580132
      0.580134
      0.580132
      0.580134
      0.580132
      0.580134
      0.580133
      0.580134
      0.580133
      0.580134
      0.580133
      0.580134
      0.580133
      0.580134
      0.580133
      0.580134
      0.580133
      0.580134
      0.580133
      0.580134
      0.628189
      0.628189
      0.628189
      0.628189
      0.628189
      0.628189
      0.628189
      0.628189
      0.628189
      0.628189
      0.628189
      0.628189
      0.628189
      0.628189
      0.628189
      0.628189
      0.628189
      0.628189
      0.628189
      0.628189
      0.628189
      0.628189
      0.628189
      0.628188
      0.628189
      0.628188
      0.628189
      0.628188
      0.628189
      0.628188
      0.628189
      0.628188
      0.628189
      0.628188
      0.628189
      0.628188
      0.628189
      0.628189
      0.628189
      0.628189
      0.628189
      0.628189
      0.628189
      0.628189
      0.628189
      0.628189
      0.628189
      0.628189
      0.628189
      0.628189
      0.628189
      0.628189
      0.628189
      0.628189
      0.628189
      0.628189
      0.628189
      0.628189
      0.628189
      0.677937
      0.677936
      0.677937
      0.677936
      0.677937
      0.677936
      0.677937
      0.677936
      0.677937
      0.677936
      0.677937
      0.677936
      0.677937
      0.677936
      0.677937
      0.677936
      0.677937
      0.677936
      0.677937
      0.677936
      0.677937
      0.677936
      0.677937
      0.677936
      0.677937
      0.677936
      0.677937
      0.677936
      0.677937
      0.677936
      0.677937
      0.677936
      0.677937
      0.677936
      0.677937
      0.677936
      0.677937
      0.677936
      0.677937
      0.677936
      0.677937
      0.677936
      0.677937
      0.677936
      0.677937
      0.677936
      0.677937
      0.677936
      0.677937
      0.677936
      0.677937
      0.677936
      0.677937
      0.677936
      0.677937
      0.677936
      0.677937
      0.677936
      0.677937
      0.729181
       0.72918
      0.729181
       0.72918
      0.729181
       0.72918
      0.729181
       0.72918
      0.729181
       0.72918
      0.729181
       0.72918
      0.729181
       0.72918
      0.729181
       0.72918
       0.72918
       0.72918
       0.72918
       0.72918
       0.72918
       0.72918
       0.72918
       0.72918
       0.72918
       0.72918
       0.72918
       0.72918
       0.72918
       0.72918
       0.72918
       0.72918
       0.72918
       0.72918
       0.72918
       0.72918
       0.72918
       0.72918
       0.72918
       0.72918
       0.72918
       0.72918
       0.72918
       0.72918
      0.729181
       0.72918
      0.729181
       0.72918
      0.729181
       0.72918
      0.729181
       0.72918
      0.729181
       0.72918
      0.729181
       0.72918
      0.729181
       0.72918
      0.729181
      0.781713
      0.781713
      0.781713
      0.781713
      0.781713
      0.781713
      0.781713
      0.781713
      0.781713
      0.781713
      0.781713
      0.781713
      0.781713
      0.781713
      0.781713
      0.781713
      0.781713
      0.781713
      0.781713
      0.781713
      0.781713
      0.781712
      0.781713
      0.781712
      0.781713
      0.781712
      0.781713
      0.781712
      0.781713
      0.781712
      0.781713
      0.781712
      0.781713
      0.781712
      0.781713
      0.781712
      0.781713
      0.781712
      0.781713
      0.781713
      0.781713
      0.781713
      0.781713
      0.781713
      0.781713
      0.781713
      0.781713
      0.781713
      0.781713
      0.781713
      0.781713
      0.781713
      0.781713
      0.781713
      0.781713
      0.781713
      0.781713
      0.781713
      0.781713
      0.835306
      0.835305
      0.835306
      0.835305
      0.835306
      0.835305
      0.835306
      0.835305
      0.835306
      0.835305
      0.835306
      0.835305
      0.835306
      0.835305
      0.835306
      0.835305
      0.835306
      0.835305
      0.835305
      0.835305
      0.835305
      0.835305
      0.835305
      0.835305
      0.835305
      0.835305
      0.835305
      0.835305
      0.835305
      0.835305
      0.835305
      0.835305
      0.835305
      0.835305
      0.835305
      0.835305
      0.835305
      0.835305
      0.835305
      0.835305
      0.835305
      0.835305
      0.835306
      0.835305
      0.835306
      0.835305
      0.835306
      0.835305
      0.835306
      0.835305
      0.835306
      0.835305
      0.835306
      0.835305
      0.835306
      0.835305
      0.835306
      0.835305
      0.835306
       0.88972
      0.889719
       0.88972
      0.889719
       0.88972
      0.889719
       0.88972
      0.889719
       0.88972
      0.889719
       0.88972
      0.889719
       0.88972
      0.889719
       0.88972
      0.889719
       0.88972
      0.889719
       0.88972
      0.889719
       0.88972
      0.889719
       0.88972
      0.889719
       0.88972
      0.889719
       0.88972
      0.889719
       0.88972
      0.889719
       0.88972
      0.889719
       0.88972
      0.889719
       0.88972
      0.889719
       0.88972
      0.889719
       0.88972
      0.889719
       0.88972
      0.889719
       0.88972
      0.889719
       0.88972
      0.889719
       0.88972
      0.889719
       0.88972
      0.889719
       0.88972
      0.889719
       0.88972
      0.889719
       0.88972
      0.889719
       0.88972
      0.889719
       0.88972
      0.944703
      0.944703
      0.944703
      0.944703
      0.944703
      0.944703
      0.944703
      0.944703
      0.944703
      0.944703
      0.944703
      0.944703
      0.944703
      0.944703
      0.944703
      0.944703
      0.944703
      0.944703
      0.944703
      0.944703
      0.944703
      0.944703
      0.944703
      0.944703
      0.944703
      0.944703
      0.944703
      0.944703
      0.944703
      0.944703
      0.944703
      0.944703
      0.944703
      0.944703
      0.944703
      0.944703
      0.944703
      0.944703
      0.944703
      0.944703
      0.944703
      0.944703
      0.944703
      0.944703
      0.944703
      0.944703
      0.944703
      0.944703
      0.944703
      0.944703
      0.944703
      0.944703
      0.944703
      0.944703
      0.944703
      0.944703
      0.944703
      0.944703
      0.944703
             1
             1
             1
             1
             1
             1
             1
             1
             1
             1
             1
             1
             1
             1
             1
             1
             1
             1
             1
             1
             1
             1
             1
             1
             1
             1
             1
             1
             1
             1
             1
             1
             1
             1
             1
             1
             1
             1
             1
             1
             1
             1
             1
             1
             1
             1
             1
             1
             1
             1
             1
             1
             1
             1
             1
             1
             1
             1
             1
