             1
             1
             1
             1
             1
             1
             1
             1
             1
             1
             1
             1
             1
             1
             1
             1
             1
             1
             1
             1
             1
             1
             1
             1
             1
             1
             1
             1
             1
             1
             1
             1
             1
             1
             1
             1
             1
             1
             1
             1
             1
             1
             1
             1
             1
             1
             1
             1
             1
             1
             1
             1
             1
             1
             1
             1
             1
             1
             1
       0.94525
       0.94525
       0.94525
       0.94525
       0.94525
       0.94525
       0.94525
       0.94525
       0.94525
       0.94525
       0.94525
       0.94525
       0.94525
       0.94525
       0.94525
       0.94525
       0.94525
       0.94525
       0.94525
       0.94525
       0.94525
       0.94525
       0.94525
       0.94525
       0.94525
       0.94525
       0.94525
       0.94525
       0.94525
       0.94525
       0.94525
       0.94525
       0.94525
       0.94525
       0.94525
       0.94525
       0.94525
       0.94525
       0.94525
       0.94525
       0.94525
       0.94525
       0.94525
       0.94525
       0.94525
       0.94525
       0.94525
       0.94525
       0.94525
       0.94525
       0.94525
       0.94525
       0.94525
       0.94525
       0.94525
       0.94525
       0.94525
       0.94525
       0.94525
      0.890805
      0.890805
      0.890805
      0.890805
      0.890805
      0.890805
      0.890805
      0.890805
      0.890805
      0.890805
      0.890805
      0.890805
      0.890805
      0.890805
      0.890805
      0.890805
      0.890805
      0.890805
      0.890805
      0.890805
      0.890805
      0.890805
      0.890805
      0.890805
      0.890805
      0.890805
      0.890805
      0.890805
      0.890805
      0.890805
      0.890805
      0.890805
      0.890805
      0.890805
      0.890805
      0.890805
      0.890805
      0.890805
      0.890805
      0.890805
      0.890805
      0.890805
      0.890805
      0.890805
      0.890805
      0.890805
      0.890805
      0.890805
      0.890805
      0.890805
      0.890805
      0.890805
      0.890805
      0.890805
      0.890805
      0.890805
      0.890805
      0.890805
      0.890805
      0.836916
      0.836915
      0.836916
      0.836915
      0.836916
      0.836915
      0.836916
      0.836915
      0.836916
      0.836915
      0.836916
      0.836915
      0.836916
      0.836915
      0.836916
      0.836915
      0.836915
      0.836915
      0.836915
      0.836915
      0.836915
      0.836915
      0.836915
      0.836915
      0.836915
      0.836915
      0.836915
      0.836915
      0.836915
      0.836915
      0.836915
      0.836915
      0.836915
      0.836915
      0.836915
      0.836915
      0.836915
      0.836915
      0.836915
      0.836915
      0.836915
      0.836915
      0.836915
      0.836915
      0.836916
      0.836915
      0.836916
      0.836915
      0.836916
      0.836915
      0.836916
      0.836915
      0.836916
      0.836915
      0.836916
      0.836915
      0.836916
      0.836915
      0.836916
      0.783827
      0.783826
      0.783827
      0.783826
      0.783827
      0.783826
      0.783827
      0.783826
      0.783827
      0.783826
      0.783827
      0.783826
      0.783827
      0.783826
      0.783826
      0.783826
      0.783826
      0.783826
      0.783826
      0.783826
      0.783826
      0.783826
      0.783826
      0.783826
      0.783826
      0.783825
      0.783826
      0.783825
      0.783826
      0.783825
      0.783826
      0.783825
      0.783826
      0.783825
      0.783826
      0.783826
      0.783826
      0.783826
      0.783826
      0.783826
      0.783826
      0.783826
      0.783826
      0.783826
      0.783826
      0.783826
      0.783827
      0.783826
      0.783827
      0.783826
      0.783827
      0.783826
      0.783827
      0.783826
      0.783827
      0.783826
      0.783827
      0.783826
      0.783827
      0.731769
      0.731769
      0.731769
      0.731769
      0.731769
      0.731769
      0.731769
      0.731769
      0.731769
      0.731769
      0.731769
      0.731769
      0.731769
      0.731769
      0.731769
      0.731769
      0.731769
      0.731769
      0.731769
      0.731769
      0.731769
      0.731769
      0.731769
      0.731769
      0.731769
      0.731768
      0.731769
      0.731768
      0.731769
      0.731768
      0.731769
      0.731768
      0.731769
      0.731768
      0.731769
      0.731769
      0.731769
      0.731769
      0.731769
      0.731769
      0.731769
      0.731769
      0.731769
      0.731769
      0.731769
      0.731769
      0.731769
      0.731769
      0.731769
      0.731769
      0.731769
      0.731769
      0.731769
      0.731769
      0.731769
      0.731769
      0.731769
      0.731769
      0.731769
      0.680968
      0.680967
      0.680968
      0.680967
      0.680968
      0.680967
      0.680968
      0.680967
      0.680968
      0.680967
      0.680968
      0.680967
      0.680968
      0.680967
      0.680968
      0.680967
      0.680968
      0.680967
      0.680968
      0.680967
      0.680968
      0.680967
      0.680968
      0.680967
      0.680968
      0.680966
      0.680968
      0.680966
      0.680967
      0.680966
      0.680967
      0.680966
      0.680968
      0.680966
      0.680968
      0.680967
      0.680968
      0.680967
      0.680968
      0.680967
      0.680968
      0.680967
      0.680968
      0.680967
      0.680968
      0.680967
      0.680968
      0.680967
      0.680968
      0.680967
      0.680968
      0.680967
      0.680968
      0.680967
      0.680968
      0.680967
      0.680968
      0.680967
      0.680968
      0.631625
      0.631624
      0.631625
      0.631624
      0.631625
      0.631624
      0.631625
      0.631624
      0.631625
      0.631624
      0.631625
      0.631624
      0.631625
      0.631624
      0.631625
      0.631624
      0.631624
      0.631624
      0.631624
      0.631624
      0.631624
      0.631624
      0.631624
      0.631624
      0.631624
      0.631624
      0.631624
      0.631624
      0.631624
      0.631624
      0.631624
      0.631624
      0.631624
      0.631624
      0.631624
      0.631624
      0.631624
      0.631624
      0.631624
      0.631624
      0.631624
      0.631624
      0.631624
      0.631624
      0.631625
      0.631624
      0.631625
      0.631624
      0.631625
      0.631624
      0.631625
      0.631624
      0.631625
      0.631624
      0.631625
      0.631624
      0.631625
      0.631624
      0.631625
      0.583932
      0.583931
      0.583932
      0.583931
      0.583932
      0.583931
      0.583932
      0.583931
      0.583932
       0.58393
      0.583932
       0.58393
      0.583932
       0.58393
      0.583932
       0.58393
      0.583931
       0.58393
      0.583931
       0.58393
      0.583931
       0.58393
      0.583931
       0.58393
      0.583931
       0.58393
      0.583931
       0.58393
      0.583931
      0.583929
      0.583931
       0.58393
      0.583931
       0.58393
      0.583931
       0.58393
      0.583931
       0.58393
      0.583931
       0.58393
      0.583931
       0.58393
      0.583931
       0.58393
      0.583932
       0.58393
      0.583932
       0.58393
      0.583932
       0.58393
      0.583932
      0.583931
      0.583932
      0.583931
      0.583932
      0.583931
      0.583932
      0.583931
      0.583932
      0.538053
      0.538053
      0.538053
      0.538053
      0.538053
      0.538053
      0.538053
      0.538053
      0.538053
      0.538053
      0.538053
      0.538053
      0.538053
      0.538053
      0.538053
      0.538052
      0.538053
      0.538052
      0.538053
      0.538052
      0.538052
      0.538052
      0.538052
      0.538052
      0.538052
      0.538052
      0.538052
      0.538051
      0.538052
      0.538051
      0.538052
      0.538051
      0.538052
      0.538052
      0.538052
      0.538052
      0.538052
      0.538052
      0.538052
      0.538052
      0.538053
      0.538052
      0.538053
      0.538052
      0.538053
      0.538053
      0.538053
      0.538053
      0.538053
      0.538053
      0.538053
      0.538053
      0.538053
      0.538053
      0.538053
      0.538053
      0.538053
      0.538053
      0.538053
      0.494142
      0.494141
      0.494142
      0.494141
      0.494142
      0.494141
      0.494142
      0.494141
      0.494142
      0.494141
      0.494142
      0.494141
      0.494142
      0.494141
      0.494142
       0.49414
      0.494142
       0.49414
      0.494142
       0.49414
      0.494141
       0.49414
      0.494141
       0.49414
      0.494141
      0.494139
      0.494141
      0.494139
       0.49414
      0.494139
       0.49414
      0.494139
      0.494141
      0.494139
      0.494141
       0.49414
      0.494141
       0.49414
      0.494141
       0.49414
      0.494142
       0.49414
      0.494142
       0.49414
      0.494142
      0.494141
      0.494142
      0.494141
      0.494142
      0.494141
      0.494142
      0.494141
      0.494142
      0.494141
      0.494142
      0.494141
      0.494142
      0.494141
      0.494142
       0.45232
       0.45232
       0.45232
       0.45232
       0.45232
       0.45232
       0.45232
       0.45232
       0.45232
       0.45232
       0.45232
       0.45232
       0.45232
       0.45232
       0.45232
      0.452319
       0.45232
      0.452319
      0.452319
      0.452319
      0.452319
      0.452318
      0.452319
      0.452318
      0.452318
      0.452318
      0.452318
      0.452318
      0.452318
      0.452317
      0.452318
      0.452318
      0.452318
      0.452318
      0.452318
      0.452318
      0.452319
      0.452318
      0.452319
      0.452319
      0.452319
      0.452319
       0.45232
      0.452319
       0.45232
       0.45232
       0.45232
       0.45232
       0.45232
       0.45232
       0.45232
       0.45232
       0.45232
       0.45232
       0.45232
       0.45232
       0.45232
       0.45232
       0.45232
      0.412698
      0.412697
      0.412698
      0.412697
      0.412698
      0.412697
      0.412698
      0.412696
      0.412698
      0.412696
      0.412698
      0.412696
      0.412697
      0.412696
      0.412697
      0.412696
      0.412697
      0.412695
      0.412697
      0.412695
      0.412696
      0.412695
      0.412696
      0.412694
      0.412695
      0.412694
      0.412695
      0.412693
      0.412695
      0.412693
      0.412695
      0.412693
      0.412695
      0.412694
      0.412695
      0.412694
      0.412696
      0.412695
      0.412696
      0.412695
      0.412697
      0.412695
      0.412697
      0.412696
      0.412697
      0.412696
      0.412697
      0.412696
      0.412698
      0.412696
      0.412698
      0.412696
      0.412698
      0.412697
      0.412698
      0.412697
      0.412698
      0.412697
      0.412698
      0.375353
      0.375352
      0.375353
      0.375352
      0.375353
      0.375352
      0.375353
      0.375352
      0.375353
      0.375352
      0.375352
      0.375352
      0.375352
      0.375352
      0.375352
      0.375351
      0.375352
      0.375351
      0.375351
       0.37535
      0.375351
       0.37535
       0.37535
      0.375349
      0.375349
      0.375349
      0.375349
      0.375348
      0.375349
      0.375348
      0.375349
      0.375348
      0.375349
      0.375349
      0.375349
      0.375349
       0.37535
       0.37535
      0.375351
       0.37535
      0.375351
      0.375351
      0.375352
      0.375351
      0.375352
      0.375352
      0.375352
      0.375352
      0.375352
      0.375352
      0.375353
      0.375352
      0.375353
      0.375352
      0.375353
      0.375352
      0.375353
      0.375352
      0.375353
      0.340353
      0.340352
      0.340353
      0.340352
      0.340353
      0.340352
      0.340353
      0.340351
      0.340353
      0.340351
      0.340352
      0.340351
      0.340352
      0.340351
      0.340352
       0.34035
      0.340351
       0.34035
      0.340351
      0.340349
       0.34035
      0.340348
      0.340349
      0.340348
      0.340348
      0.340347
      0.340348
      0.340346
      0.340347
      0.340346
      0.340347
      0.340346
      0.340348
      0.340347
      0.340348
      0.340348
      0.340349
      0.340348
       0.34035
      0.340349
      0.340351
       0.34035
      0.340351
       0.34035
      0.340352
      0.340351
      0.340352
      0.340351
      0.340352
      0.340351
      0.340353
      0.340351
      0.340353
      0.340352
      0.340353
      0.340352
      0.340353
      0.340352
      0.340353
      0.307736
      0.307735
      0.307736
      0.307735
      0.307735
      0.307735
      0.307735
      0.307735
      0.307735
      0.307735
      0.307735
      0.307735
      0.307735
      0.307734
      0.307734
      0.307734
      0.307734
      0.307733
      0.307733
      0.307732
      0.307732
      0.307731
      0.307731
       0.30773
       0.30773
      0.307729
      0.307729
      0.307728
      0.307728
      0.307728
      0.307728
      0.307728
      0.307729
      0.307729
       0.30773
       0.30773
      0.307731
      0.307731
      0.307732
      0.307732
      0.307733
      0.307733
      0.307734
      0.307734
      0.307734
      0.307734
      0.307735
      0.307735
      0.307735
      0.307735
      0.307735
      0.307735
      0.307735
      0.307735
      0.307735
      0.307735
      0.307736
      0.307735
      0.307736
       0.27753
      0.277529
       0.27753
      0.277529
       0.27753
      0.277529
       0.27753
      0.277529
       0.27753
      0.277529
      0.277529
      0.277528
      0.277529
      0.277528
      0.277528
      0.277527
      0.277528
      0.277526
      0.277527
      0.277525
      0.277525
      0.277524
      0.277524
      0.277522
      0.277523
      0.277521
      0.277521
       0.27752
      0.277521
       0.27752
      0.277521
       0.27752
      0.277521
      0.277521
      0.277523
      0.277522
      0.277524
      0.277524
      0.277525
      0.277525
      0.277527
      0.277526
      0.277528
      0.277527
      0.277528
      0.277528
      0.277529
      0.277528
      0.277529
      0.277529
       0.27753
      0.277529
       0.27753
      0.277529
       0.27753
      0.277529
       0.27753
      0.277529
       0.27753
      0.249739
      0.249739
      0.249739
      0.249739
      0.249739
      0.249739
      0.249739
      0.249739
      0.249739
      0.249739
      0.249739
      0.249738
      0.249738
      0.249738
      0.249738
      0.249737
      0.249737
      0.249736
      0.249736
      0.249735
      0.249734
      0.249733
      0.249732
      0.249731
       0.24973
      0.249729
      0.249728
      0.249728
      0.249727
      0.249727
      0.249727
      0.249728
      0.249728
      0.249729
       0.24973
      0.249731
      0.249732
      0.249733
      0.249734
      0.249735
      0.249736
      0.249736
      0.249737
      0.249737
      0.249738
      0.249738
      0.249738
      0.249738
      0.249739
      0.249739
      0.249739
      0.249739
      0.249739
      0.249739
      0.249739
      0.249739
      0.249739
      0.249739
      0.249739
      0.224361
       0.22436
      0.224361
       0.22436
      0.224361
       0.22436
      0.224361
       0.22436
      0.224361
       0.22436
       0.22436
      0.224359
       0.22436
      0.224359
      0.224359
      0.224358
      0.224358
      0.224356
      0.224356
      0.224355
      0.224354
      0.224352
      0.224352
       0.22435
      0.224349
      0.224347
      0.224347
      0.224345
      0.224346
      0.224345
      0.224346
      0.224345
      0.224347
      0.224347
      0.224349
       0.22435
      0.224352
      0.224352
      0.224354
      0.224355
      0.224356
      0.224356
      0.224358
      0.224358
      0.224359
      0.224359
       0.22436
      0.224359
       0.22436
       0.22436
      0.224361
       0.22436
      0.224361
       0.22436
      0.224361
       0.22436
      0.224361
       0.22436
      0.224361
      0.201373
      0.201373
      0.201373
      0.201373
      0.201373
      0.201373
      0.201373
      0.201372
      0.201372
      0.201372
      0.201372
      0.201372
      0.201371
      0.201371
      0.201371
       0.20137
      0.201369
      0.201368
      0.201367
      0.201366
      0.201365
      0.201363
      0.201361
       0.20136
      0.201358
      0.201356
      0.201355
      0.201354
      0.201353
      0.201353
      0.201353
      0.201354
      0.201355
      0.201356
      0.201358
       0.20136
      0.201361
      0.201363
      0.201365
      0.201366
      0.201367
      0.201368
      0.201369
       0.20137
      0.201371
      0.201371
      0.201371
      0.201372
      0.201372
      0.201372
      0.201372
      0.201372
      0.201373
      0.201373
      0.201373
      0.201373
      0.201373
      0.201373
      0.201373
      0.180749
      0.180748
      0.180749
      0.180748
      0.180749
      0.180748
      0.180749
      0.180748
      0.180748
      0.180748
      0.180748
      0.180747
      0.180747
      0.180746
      0.180746
      0.180745
      0.180744
      0.180743
      0.180742
       0.18074
      0.180739
      0.180737
      0.180735
      0.180732
       0.18073
      0.180727
      0.180726
      0.180724
      0.180723
      0.180722
      0.180723
      0.180724
      0.180726
      0.180727
       0.18073
      0.180732
      0.180735
      0.180737
      0.180739
       0.18074
      0.180742
      0.180743
      0.180744
      0.180745
      0.180746
      0.180746
      0.180747
      0.180747
      0.180748
      0.180748
      0.180748
      0.180748
      0.180749
      0.180748
      0.180749
      0.180748
      0.180749
      0.180748
      0.180749
      0.162452
      0.162451
      0.162451
      0.162451
      0.162451
      0.162451
      0.162451
      0.162451
      0.162451
      0.162451
       0.16245
       0.16245
       0.16245
      0.162449
      0.162448
      0.162447
      0.162446
      0.162445
      0.162444
      0.162442
       0.16244
      0.162437
      0.162434
      0.162431
      0.162428
      0.162425
      0.162422
       0.16242
      0.162418
      0.162418
      0.162418
       0.16242
      0.162422
      0.162425
      0.162428
      0.162431
      0.162434
      0.162437
       0.16244
      0.162442
      0.162444
      0.162445
      0.162446
      0.162447
      0.162448
      0.162449
       0.16245
       0.16245
       0.16245
      0.162451
      0.162451
      0.162451
      0.162451
      0.162451
      0.162451
      0.162451
      0.162451
      0.162451
      0.162452
      0.146442
      0.146442
      0.146442
      0.146442
      0.146442
      0.146442
      0.146441
      0.146441
      0.146441
      0.146441
      0.146441
       0.14644
       0.14644
      0.146439
      0.146438
      0.146437
      0.146436
      0.146435
      0.146433
       0.14643
      0.146428
      0.146425
      0.146421
      0.146417
      0.146413
      0.146409
      0.146404
      0.146401
      0.146399
      0.146398
      0.146399
      0.146401
      0.146404
      0.146409
      0.146413
      0.146417
      0.146421
      0.146425
      0.146428
       0.14643
      0.146433
      0.146435
      0.146436
      0.146437
      0.146438
      0.146439
       0.14644
       0.14644
      0.146441
      0.146441
      0.146441
      0.146441
      0.146441
      0.146442
      0.146442
      0.146442
      0.146442
      0.146442
      0.146442
      0.132677
      0.132677
      0.132677
      0.132677
      0.132677
      0.132677
      0.132677
      0.132677
      0.132676
      0.132676
      0.132676
      0.132675
      0.132675
      0.132674
      0.132673
      0.132672
      0.132671
      0.132669
      0.132667
      0.132664
      0.132661
      0.132657
      0.132652
      0.132647
      0.132642
      0.132636
       0.13263
      0.132625
      0.132621
       0.13262
      0.132621
      0.132625
       0.13263
      0.132636
      0.132642
      0.132647
      0.132652
      0.132657
      0.132661
      0.132664
      0.132667
      0.132669
      0.132671
      0.132672
      0.132673
      0.132674
      0.132675
      0.132675
      0.132676
      0.132676
      0.132676
      0.132677
      0.132677
      0.132677
      0.132677
      0.132677
      0.132677
      0.132677
      0.132677
      0.121115
      0.121115
      0.121115
      0.121115
      0.121115
      0.121115
      0.121115
      0.121115
      0.121114
      0.121114
      0.121114
      0.121113
      0.121113
      0.121112
      0.121111
       0.12111
      0.121108
      0.121106
      0.121103
      0.121101
      0.121096
      0.121092
      0.121086
       0.12108
      0.121072
      0.121064
      0.121055
      0.121048
      0.121042
       0.12104
      0.121042
      0.121048
      0.121055
      0.121064
      0.121072
       0.12108
      0.121086
      0.121092
      0.121096
      0.121101
      0.121103
      0.121106
      0.121108
       0.12111
      0.121111
      0.121112
      0.121113
      0.121113
      0.121114
      0.121114
      0.121114
      0.121115
      0.121115
      0.121115
      0.121115
      0.121115
      0.121115
      0.121115
      0.121115
      0.111717
      0.111717
      0.111717
      0.111717
      0.111717
      0.111717
      0.111717
      0.111717
      0.111716
      0.111716
      0.111716
      0.111715
      0.111714
      0.111714
      0.111712
      0.111711
      0.111709
      0.111707
      0.111704
      0.111701
      0.111696
      0.111691
      0.111684
      0.111676
      0.111666
      0.111655
      0.111642
       0.11163
      0.111621
      0.111617
      0.111621
       0.11163
      0.111642
      0.111655
      0.111666
      0.111676
      0.111684
      0.111691
      0.111696
      0.111701
      0.111704
      0.111707
      0.111709
      0.111711
      0.111712
      0.111714
      0.111714
      0.111715
      0.111716
      0.111716
      0.111716
      0.111717
      0.111717
      0.111717
      0.111717
      0.111717
      0.111717
      0.111717
      0.111717
      0.104447
      0.104447
      0.104447
      0.104447
      0.104446
      0.104447
      0.104446
      0.104446
      0.104446
      0.104446
      0.104445
      0.104445
      0.104444
      0.104443
      0.104442
      0.104441
      0.104438
      0.104436
      0.104433
      0.104429
      0.104424
      0.104418
      0.104409
        0.1044
      0.104387
      0.104372
      0.104353
      0.104335
      0.104319
      0.104312
      0.104319
      0.104335
      0.104353
      0.104372
      0.104387
        0.1044
      0.104409
      0.104418
      0.104424
      0.104429
      0.104433
      0.104436
      0.104438
      0.104441
      0.104442
      0.104443
      0.104444
      0.104445
      0.104445
      0.104446
      0.104446
      0.104446
      0.104446
      0.104447
      0.104446
      0.104447
      0.104447
      0.104447
      0.104447
     0.0992762
     0.0992764
     0.0992762
     0.0992763
      0.099276
     0.0992761
     0.0992758
     0.0992758
     0.0992753
     0.0992752
     0.0992745
     0.0992741
     0.0992732
     0.0992724
      0.099271
     0.0992696
     0.0992674
     0.0992649
     0.0992614
     0.0992572
     0.0992516
     0.0992447
     0.0992354
     0.0992239
     0.0992087
     0.0991895
     0.0991646
     0.0991345
      0.099102
     0.0990865
      0.099102
     0.0991345
     0.0991646
     0.0991895
     0.0992087
     0.0992239
     0.0992354
     0.0992447
     0.0992516
     0.0992572
     0.0992614
     0.0992649
     0.0992674
     0.0992696
      0.099271
     0.0992724
     0.0992732
     0.0992741
     0.0992745
     0.0992752
     0.0992753
     0.0992758
     0.0992758
     0.0992761
      0.099276
     0.0992763
     0.0992762
     0.0992764
     0.0992762
     0.0961821
     0.0961827
     0.0961821
     0.0961826
     0.0961819
     0.0961824
     0.0961817
      0.096182
     0.0961812
     0.0961814
     0.0961804
     0.0961804
      0.096179
     0.0961786
     0.0961768
     0.0961757
      0.096173
     0.0961708
     0.0961667
     0.0961628
     0.0961564
     0.0961494
     0.0961391
     0.0961267
     0.0961091
     0.0960865
     0.0960543
     0.0960085
     0.0959402
     0.0959015
     0.0959402
     0.0960085
     0.0960543
     0.0960865
     0.0961091
     0.0961267
     0.0961391
     0.0961494
     0.0961564
     0.0961628
     0.0961667
     0.0961708
      0.096173
     0.0961757
     0.0961768
     0.0961786
      0.096179
     0.0961804
     0.0961804
     0.0961814
     0.0961812
      0.096182
     0.0961817
     0.0961824
     0.0961819
     0.0961826
     0.0961821
     0.0961827
     0.0961821
      0.095153
     0.0951532
      0.095153
     0.0951531
     0.0951528
     0.0951529
     0.0951526
     0.0951526
     0.0951521
     0.0951519
     0.0951513
     0.0951509
     0.0951499
     0.0951491
     0.0951476
     0.0951461
     0.0951438
     0.0951412
     0.0951375
     0.0951331
     0.0951269
     0.0951194
     0.0951091
     0.0950959
     0.0950778
     0.0950532
     0.0950176
     0.0949633
     0.0948718
     0.0946951
     0.0948718
     0.0949633
     0.0950176
     0.0950532
     0.0950778
     0.0950959
     0.0951091
     0.0951194
     0.0951269
     0.0951331
     0.0951375
     0.0951412
     0.0951438
     0.0951461
     0.0951476
     0.0951491
     0.0951499
     0.0951509
     0.0951513
     0.0951519
     0.0951521
     0.0951526
     0.0951526
     0.0951529
     0.0951528
     0.0951531
      0.095153
     0.0951532
      0.095153
     0.0961821
     0.0961827
     0.0961821
     0.0961826
     0.0961819
     0.0961824
     0.0961817
      0.096182
     0.0961812
     0.0961814
     0.0961804
     0.0961804
      0.096179
     0.0961786
     0.0961768
     0.0961757
      0.096173
     0.0961708
     0.0961667
     0.0961628
     0.0961564
     0.0961494
     0.0961391
     0.0961267
     0.0961091
     0.0960865
     0.0960543
     0.0960085
     0.0959402
     0.0959015
     0.0959402
     0.0960085
     0.0960543
     0.0960865
     0.0961091
     0.0961267
     0.0961391
     0.0961494
     0.0961564
     0.0961628
     0.0961667
     0.0961708
      0.096173
     0.0961757
     0.0961768
     0.0961786
      0.096179
     0.0961804
     0.0961804
     0.0961814
     0.0961812
      0.096182
     0.0961817
     0.0961824
     0.0961819
     0.0961826
     0.0961821
     0.0961827
     0.0961821
     0.0992762
     0.0992764
     0.0992762
     0.0992763
      0.099276
     0.0992761
     0.0992758
     0.0992758
     0.0992753
     0.0992752
     0.0992745
     0.0992741
     0.0992732
     0.0992724
      0.099271
     0.0992696
     0.0992674
     0.0992649
     0.0992614
     0.0992572
     0.0992516
     0.0992447
     0.0992354
     0.0992239
     0.0992087
     0.0991895
     0.0991646
     0.0991345
      0.099102
     0.0990865
      0.099102
     0.0991345
     0.0991646
     0.0991895
     0.0992087
     0.0992239
     0.0992354
     0.0992447
     0.0992516
     0.0992572
     0.0992614
     0.0992649
     0.0992674
     0.0992696
      0.099271
     0.0992724
     0.0992732
     0.0992741
     0.0992745
     0.0992752
     0.0992753
     0.0992758
     0.0992758
     0.0992761
      0.099276
     0.0992763
     0.0992762
     0.0992764
     0.0992762
      0.104447
      0.104447
      0.104447
      0.104447
      0.104446
      0.104447
      0.104446
      0.104446
      0.104446
      0.104446
      0.104445
      0.104445
      0.104444
      0.104443
      0.104442
      0.104441
      0.104438
      0.104436
      0.104433
      0.104429
      0.104424
      0.104418
      0.104409
        0.1044
      0.104387
      0.104372
      0.104353
      0.104335
      0.104319
      0.104312
      0.104319
      0.104335
      0.104353
      0.104372
      0.104387
        0.1044
      0.104409
      0.104418
      0.104424
      0.104429
      0.104433
      0.104436
      0.104438
      0.104441
      0.104442
      0.104443
      0.104444
      0.104445
      0.104445
      0.104446
      0.104446
      0.104446
      0.104446
      0.104447
      0.104446
      0.104447
      0.104447
      0.104447
      0.104447
      0.111717
      0.111717
      0.111717
      0.111717
      0.111717
      0.111717
      0.111717
      0.111717
      0.111716
      0.111716
      0.111716
      0.111715
      0.111714
      0.111714
      0.111712
      0.111711
      0.111709
      0.111707
      0.111704
      0.111701
      0.111696
      0.111691
      0.111684
      0.111676
      0.111666
      0.111655
      0.111642
       0.11163
      0.111621
      0.111617
      0.111621
       0.11163
      0.111642
      0.111655
      0.111666
      0.111676
      0.111684
      0.111691
      0.111696
      0.111701
      0.111704
      0.111707
      0.111709
      0.111711
      0.111712
      0.111714
      0.111714
      0.111715
      0.111716
      0.111716
      0.111716
      0.111717
      0.111717
      0.111717
      0.111717
      0.111717
      0.111717
      0.111717
      0.111717
      0.121115
      0.121115
      0.121115
      0.121115
      0.121115
      0.121115
      0.121115
      0.121115
      0.121114
      0.121114
      0.121114
      0.121113
      0.121113
      0.121112
      0.121111
       0.12111
      0.121108
      0.121106
      0.121103
      0.121101
      0.121096
      0.121092
      0.121086
       0.12108
      0.121072
      0.121064
      0.121055
      0.121048
      0.121042
       0.12104
      0.121042
      0.121048
      0.121055
      0.121064
      0.121072
       0.12108
      0.121086
      0.121092
      0.121096
      0.121101
      0.121103
      0.121106
      0.121108
       0.12111
      0.121111
      0.121112
      0.121113
      0.121113
      0.121114
      0.121114
      0.121114
      0.121115
      0.121115
      0.121115
      0.121115
      0.121115
      0.121115
      0.121115
      0.121115
      0.132677
      0.132677
      0.132677
      0.132677
      0.132677
      0.132677
      0.132677
      0.132677
      0.132676
      0.132676
      0.132676
      0.132675
      0.132675
      0.132674
      0.132673
      0.132672
      0.132671
      0.132669
      0.132667
      0.132664
      0.132661
      0.132657
      0.132652
      0.132647
      0.132642
      0.132636
       0.13263
      0.132625
      0.132621
       0.13262
      0.132621
      0.132625
       0.13263
      0.132636
      0.132642
      0.132647
      0.132652
      0.132657
      0.132661
      0.132664
      0.132667
      0.132669
      0.132671
      0.132672
      0.132673
      0.132674
      0.132675
      0.132675
      0.132676
      0.132676
      0.132676
      0.132677
      0.132677
      0.132677
      0.132677
      0.132677
      0.132677
      0.132677
      0.132677
      0.146442
      0.146442
      0.146442
      0.146442
      0.146442
      0.146442
      0.146441
      0.146441
      0.146441
      0.146441
      0.146441
       0.14644
       0.14644
      0.146439
      0.146438
      0.146437
      0.146436
      0.146435
      0.146433
       0.14643
      0.146428
      0.146425
      0.146421
      0.146417
      0.146413
      0.146409
      0.146404
      0.146401
      0.146399
      0.146398
      0.146399
      0.146401
      0.146404
      0.146409
      0.146413
      0.146417
      0.146421
      0.146425
      0.146428
       0.14643
      0.146433
      0.146435
      0.146436
      0.146437
      0.146438
      0.146439
       0.14644
       0.14644
      0.146441
      0.146441
      0.146441
      0.146441
      0.146441
      0.146442
      0.146442
      0.146442
      0.146442
      0.146442
      0.146442
      0.162452
      0.162451
      0.162451
      0.162451
      0.162451
      0.162451
      0.162451
      0.162451
      0.162451
      0.162451
       0.16245
       0.16245
       0.16245
      0.162449
      0.162448
      0.162447
      0.162446
      0.162445
      0.162444
      0.162442
       0.16244
      0.162437
      0.162434
      0.162431
      0.162428
      0.162425
      0.162422
       0.16242
      0.162418
      0.162418
      0.162418
       0.16242
      0.162422
      0.162425
      0.162428
      0.162431
      0.162434
      0.162437
       0.16244
      0.162442
      0.162444
      0.162445
      0.162446
      0.162447
      0.162448
      0.162449
       0.16245
       0.16245
       0.16245
      0.162451
      0.162451
      0.162451
      0.162451
      0.162451
      0.162451
      0.162451
      0.162451
      0.162451
      0.162452
      0.180749
      0.180748
      0.180749
      0.180748
      0.180749
      0.180748
      0.180749
      0.180748
      0.180748
      0.180748
      0.180748
      0.180747
      0.180747
      0.180746
      0.180746
      0.180745
      0.180744
      0.180743
      0.180742
       0.18074
      0.180739
      0.180737
      0.180735
      0.180732
       0.18073
      0.180727
      0.180726
      0.180724
      0.180723
      0.180722
      0.180723
      0.180724
      0.180726
      0.180727
       0.18073
      0.180732
      0.180735
      0.180737
      0.180739
       0.18074
      0.180742
      0.180743
      0.180744
      0.180745
      0.180746
      0.180746
      0.180747
      0.180747
      0.180748
      0.180748
      0.180748
      0.180748
      0.180749
      0.180748
      0.180749
      0.180748
      0.180749
      0.180748
      0.180749
      0.201373
      0.201373
      0.201373
      0.201373
      0.201373
      0.201373
      0.201373
      0.201372
      0.201372
      0.201372
      0.201372
      0.201372
      0.201371
      0.201371
      0.201371
       0.20137
      0.201369
      0.201368
      0.201367
      0.201366
      0.201365
      0.201363
      0.201361
       0.20136
      0.201358
      0.201356
      0.201355
      0.201354
      0.201353
      0.201353
      0.201353
      0.201354
      0.201355
      0.201356
      0.201358
       0.20136
      0.201361
      0.201363
      0.201365
      0.201366
      0.201367
      0.201368
      0.201369
       0.20137
      0.201371
      0.201371
      0.201371
      0.201372
      0.201372
      0.201372
      0.201372
      0.201372
      0.201373
      0.201373
      0.201373
      0.201373
      0.201373
      0.201373
      0.201373
      0.224361
       0.22436
      0.224361
       0.22436
      0.224361
       0.22436
      0.224361
       0.22436
      0.224361
       0.22436
       0.22436
      0.224359
       0.22436
      0.224359
      0.224359
      0.224358
      0.224358
      0.224356
      0.224356
      0.224355
      0.224354
      0.224352
      0.224352
       0.22435
      0.224349
      0.224347
      0.224347
      0.224345
      0.224346
      0.224345
      0.224346
      0.224345
      0.224347
      0.224347
      0.224349
       0.22435
      0.224352
      0.224352
      0.224354
      0.224355
      0.224356
      0.224356
      0.224358
      0.224358
      0.224359
      0.224359
       0.22436
      0.224359
       0.22436
       0.22436
      0.224361
       0.22436
      0.224361
       0.22436
      0.224361
       0.22436
      0.224361
       0.22436
      0.224361
      0.249739
      0.249739
      0.249739
      0.249739
      0.249739
      0.249739
      0.249739
      0.249739
      0.249739
      0.249739
      0.249739
      0.249738
      0.249738
      0.249738
      0.249738
      0.249737
      0.249737
      0.249736
      0.249736
      0.249735
      0.249734
      0.249733
      0.249732
      0.249731
       0.24973
      0.249729
      0.249728
      0.249728
      0.249727
      0.249727
      0.249727
      0.249728
      0.249728
      0.249729
       0.24973
      0.249731
      0.249732
      0.249733
      0.249734
      0.249735
      0.249736
      0.249736
      0.249737
      0.249737
      0.249738
      0.249738
      0.249738
      0.249738
      0.249739
      0.249739
      0.249739
      0.249739
      0.249739
      0.249739
      0.249739
      0.249739
      0.249739
      0.249739
      0.249739
       0.27753
      0.277529
       0.27753
      0.277529
       0.27753
      0.277529
       0.27753
      0.277529
       0.27753
      0.277529
      0.277529
      0.277528
      0.277529
      0.277528
      0.277528
      0.277527
      0.277528
      0.277526
      0.277527
      0.277525
      0.277525
      0.277524
      0.277524
      0.277522
      0.277523
      0.277521
      0.277521
       0.27752
      0.277521
       0.27752
      0.277521
       0.27752
      0.277521
      0.277521
      0.277523
      0.277522
      0.277524
      0.277524
      0.277525
      0.277525
      0.277527
      0.277526
      0.277528
      0.277527
      0.277528
      0.277528
      0.277529
      0.277528
      0.277529
      0.277529
       0.27753
      0.277529
       0.27753
      0.277529
       0.27753
      0.277529
       0.27753
      0.277529
       0.27753
      0.307736
      0.307735
      0.307736
      0.307735
      0.307735
      0.307735
      0.307735
      0.307735
      0.307735
      0.307735
      0.307735
      0.307735
      0.307735
      0.307734
      0.307734
      0.307734
      0.307734
      0.307733
      0.307733
      0.307732
      0.307732
      0.307731
      0.307731
       0.30773
       0.30773
      0.307729
      0.307729
      0.307728
      0.307728
      0.307728
      0.307728
      0.307728
      0.307729
      0.307729
       0.30773
       0.30773
      0.307731
      0.307731
      0.307732
      0.307732
      0.307733
      0.307733
      0.307734
      0.307734
      0.307734
      0.307734
      0.307735
      0.307735
      0.307735
      0.307735
      0.307735
      0.307735
      0.307735
      0.307735
      0.307735
      0.307735
      0.307736
      0.307735
      0.307736
      0.340353
      0.340352
      0.340353
      0.340352
      0.340353
      0.340352
      0.340353
      0.340351
      0.340353
      0.340351
      0.340352
      0.340351
      0.340352
      0.340351
      0.340352
       0.34035
      0.340351
       0.34035
      0.340351
      0.340349
       0.34035
      0.340348
      0.340349
      0.340348
      0.340348
      0.340347
      0.340348
      0.340346
      0.340347
      0.340346
      0.340347
      0.340346
      0.340348
      0.340347
      0.340348
      0.340348
      0.340349
      0.340348
       0.34035
      0.340349
      0.340351
       0.34035
      0.340351
       0.34035
      0.340352
      0.340351
      0.340352
      0.340351
      0.340352
      0.340351
      0.340353
      0.340351
      0.340353
      0.340352
      0.340353
      0.340352
      0.340353
      0.340352
      0.340353
      0.375353
      0.375352
      0.375353
      0.375352
      0.375353
      0.375352
      0.375353
      0.375352
      0.375353
      0.375352
      0.375352
      0.375352
      0.375352
      0.375352
      0.375352
      0.375351
      0.375352
      0.375351
      0.375351
       0.37535
      0.375351
       0.37535
       0.37535
      0.375349
      0.375349
      0.375349
      0.375349
      0.375348
      0.375349
      0.375348
      0.375349
      0.375348
      0.375349
      0.375349
      0.375349
      0.375349
       0.37535
       0.37535
      0.375351
       0.37535
      0.375351
      0.375351
      0.375352
      0.375351
      0.375352
      0.375352
      0.375352
      0.375352
      0.375352
      0.375352
      0.375353
      0.375352
      0.375353
      0.375352
      0.375353
      0.375352
      0.375353
      0.375352
      0.375353
      0.412698
      0.412697
      0.412698
      0.412697
      0.412698
      0.412697
      0.412698
      0.412696
      0.412698
      0.412696
      0.412698
      0.412696
      0.412697
      0.412696
      0.412697
      0.412696
      0.412697
      0.412695
      0.412697
      0.412695
      0.412696
      0.412695
      0.412696
      0.412694
      0.412695
      0.412694
      0.412695
      0.412693
      0.412695
      0.412693
      0.412695
      0.412693
      0.412695
      0.412694
      0.412695
      0.412694
      0.412696
      0.412695
      0.412696
      0.412695
      0.412697
      0.412695
      0.412697
      0.412696
      0.412697
      0.412696
      0.412697
      0.412696
      0.412698
      0.412696
      0.412698
      0.412696
      0.412698
      0.412697
      0.412698
      0.412697
      0.412698
      0.412697
      0.412698
       0.45232
       0.45232
       0.45232
       0.45232
       0.45232
       0.45232
       0.45232
       0.45232
       0.45232
       0.45232
       0.45232
       0.45232
       0.45232
       0.45232
       0.45232
      0.452319
       0.45232
      0.452319
      0.452319
      0.452319
      0.452319
      0.452318
      0.452319
      0.452318
      0.452318
      0.452318
      0.452318
      0.452318
      0.452318
      0.452317
      0.452318
      0.452318
      0.452318
      0.452318
      0.452318
      0.452318
      0.452319
      0.452318
      0.452319
      0.452319
      0.452319
      0.452319
       0.45232
      0.452319
       0.45232
       0.45232
       0.45232
       0.45232
       0.45232
       0.45232
       0.45232
       0.45232
       0.45232
       0.45232
       0.45232
       0.45232
       0.45232
       0.45232
       0.45232
      0.494142
      0.494141
      0.494142
      0.494141
      0.494142
      0.494141
      0.494142
      0.494141
      0.494142
      0.494141
      0.494142
      0.494141
      0.494142
      0.494141
      0.494142
       0.49414
      0.494142
       0.49414
      0.494142
       0.49414
      0.494141
       0.49414
      0.494141
       0.49414
      0.494141
      0.494139
      0.494141
      0.494139
       0.49414
      0.494139
       0.49414
      0.494139
      0.494141
      0.494139
      0.494141
       0.49414
      0.494141
       0.49414
      0.494141
       0.49414
      0.494142
       0.49414
      0.494142
       0.49414
      0.494142
      0.494141
      0.494142
      0.494141
      0.494142
      0.494141
      0.494142
      0.494141
      0.494142
      0.494141
      0.494142
      0.494141
      0.494142
      0.494141
      0.494142
      0.538053
      0.538053
      0.538053
      0.538053
      0.538053
      0.538053
      0.538053
      0.538053
      0.538053
      0.538053
      0.538053
      0.538053
      0.538053
      0.538053
      0.538053
      0.538052
      0.538053
      0.538052
      0.538053
      0.538052
      0.538052
      0.538052
      0.538052
      0.538052
      0.538052
      0.538052
      0.538052
      0.538051
      0.538052
      0.538051
      0.538052
      0.538051
      0.538052
      0.538052
      0.538052
      0.538052
      0.538052
      0.538052
      0.538052
      0.538052
      0.538053
      0.538052
      0.538053
      0.538052
      0.538053
      0.538053
      0.538053
      0.538053
      0.538053
      0.538053
      0.538053
      0.538053
      0.538053
      0.538053
      0.538053
      0.538053
      0.538053
      0.538053
      0.538053
      0.583932
      0.583931
      0.583932
      0.583931
      0.583932
      0.583931
      0.583932
      0.583931
      0.583932
       0.58393
      0.583932
       0.58393
      0.583932
       0.58393
      0.583932
       0.58393
      0.583931
       0.58393
      0.583931
       0.58393
      0.583931
       0.58393
      0.583931
       0.58393
      0.583931
       0.58393
      0.583931
       0.58393
      0.583931
      0.583929
      0.583931
       0.58393
      0.583931
       0.58393
      0.583931
       0.58393
      0.583931
       0.58393
      0.583931
       0.58393
      0.583931
       0.58393
      0.583931
       0.58393
      0.583932
       0.58393
      0.583932
       0.58393
      0.583932
       0.58393
      0.583932
      0.583931
      0.583932
      0.583931
      0.583932
      0.583931
      0.583932
      0.583931
      0.583932
      0.631625
      0.631624
      0.631625
      0.631624
      0.631625
      0.631624
      0.631625
      0.631624
      0.631625
      0.631624
      0.631625
      0.631624
      0.631625
      0.631624
      0.631625
      0.631624
      0.631624
      0.631624
      0.631624
      0.631624
      0.631624
      0.631624
      0.631624
      0.631624
      0.631624
      0.631624
      0.631624
      0.631624
      0.631624
      0.631624
      0.631624
      0.631624
      0.631624
      0.631624
      0.631624
      0.631624
      0.631624
      0.631624
      0.631624
      0.631624
      0.631624
      0.631624
      0.631624
      0.631624
      0.631625
      0.631624
      0.631625
      0.631624
      0.631625
      0.631624
      0.631625
      0.631624
      0.631625
      0.631624
      0.631625
      0.631624
      0.631625
      0.631624
      0.631625
      0.680968
      0.680967
      0.680968
      0.680967
      0.680968
      0.680967
      0.680968
      0.680967
      0.680968
      0.680967
      0.680968
      0.680967
      0.680968
      0.680967
      0.680968
      0.680967
      0.680968
      0.680967
      0.680968
      0.680967
      0.680968
      0.680967
      0.680968
      0.680967
      0.680968
      0.680966
      0.680968
      0.680966
      0.680967
      0.680966
      0.680967
      0.680966
      0.680968
      0.680966
      0.680968
      0.680967
      0.680968
      0.680967
      0.680968
      0.680967
      0.680968
      0.680967
      0.680968
      0.680967
      0.680968
      0.680967
      0.680968
      0.680967
      0.680968
      0.680967
      0.680968
      0.680967
      0.680968
      0.680967
      0.680968
      0.680967
      0.680968
      0.680967
      0.680968
      0.731769
      0.731769
      0.731769
      0.731769
      0.731769
      0.731769
      0.731769
      0.731769
      0.731769
      0.731769
      0.731769
      0.731769
      0.731769
      0.731769
      0.731769
      0.731769
      0.731769
      0.731769
      0.731769
      0.731769
      0.731769
      0.731769
      0.731769
      0.731769
      0.731769
      0.731768
      0.731769
      0.731768
      0.731769
      0.731768
      0.731769
      0.731768
      0.731769
      0.731768
      0.731769
      0.731769
      0.731769
      0.731769
      0.731769
      0.731769
      0.731769
      0.731769
      0.731769
      0.731769
      0.731769
      0.731769
      0.731769
      0.731769
      0.731769
      0.731769
      0.731769
      0.731769
      0.731769
      0.731769
      0.731769
      0.731769
      0.731769
      0.731769
      0.731769
      0.783827
      0.783826
      0.783827
      0.783826
      0.783827
      0.783826
      0.783827
      0.783826
      0.783827
      0.783826
      0.783827
      0.783826
      0.783827
      0.783826
      0.783826
      0.783826
      0.783826
      0.783826
      0.783826
      0.783826
      0.783826
      0.783826
      0.783826
      0.783826
      0.783826
      0.783825
      0.783826
      0.783825
      0.783826
      0.783825
      0.783826
      0.783825
      0.783826
      0.783825
      0.783826
      0.783826
      0.783826
      0.783826
      0.783826
      0.783826
      0.783826
      0.783826
      0.783826
      0.783826
      0.783826
      0.783826
      0.783827
      0.783826
      0.783827
      0.783826
      0.783827
      0.783826
      0.783827
      0.783826
      0.783827
      0.783826
      0.783827
      0.783826
      0.783827
      0.836916
      0.836915
      0.836916
      0.836915
      0.836916
      0.836915
      0.836916
      0.836915
      0.836916
      0.836915
      0.836916
      0.836915
      0.836916
      0.836915
      0.836916
      0.836915
      0.836915
      0.836915
      0.836915
      0.836915
      0.836915
      0.836915
      0.836915
      0.836915
      0.836915
      0.836915
      0.836915
      0.836915
      0.836915
      0.836915
      0.836915
      0.836915
      0.836915
      0.836915
      0.836915
      0.836915
      0.836915
      0.836915
      0.836915
      0.836915
      0.836915
      0.836915
      0.836915
      0.836915
      0.836916
      0.836915
      0.836916
      0.836915
      0.836916
      0.836915
      0.836916
      0.836915
      0.836916
      0.836915
      0.836916
      0.836915
      0.836916
      0.836915
      0.836916
      0.890805
      0.890805
      0.890805
      0.890805
      0.890805
      0.890805
      0.890805
      0.890805
      0.890805
      0.890805
      0.890805
      0.890805
      0.890805
      0.890805
      0.890805
      0.890805
      0.890805
      0.890805
      0.890805
      0.890805
      0.890805
      0.890805
      0.890805
      0.890805
      0.890805
      0.890805
      0.890805
      0.890805
      0.890805
      0.890805
      0.890805
      0.890805
      0.890805
      0.890805
      0.890805
      0.890805
      0.890805
      0.890805
      0.890805
      0.890805
      0.890805
      0.890805
      0.890805
      0.890805
      0.890805
      0.890805
      0.890805
      0.890805
      0.890805
      0.890805
      0.890805
      0.890805
      0.890805
      0.890805
      0.890805
      0.890805
      0.890805
      0.890805
      0.890805
       0.94525
       0.94525
       0.94525
       0.94525
       0.94525
       0.94525
       0.94525
       0.94525
       0.94525
       0.94525
       0.94525
       0.94525
       0.94525
       0.94525
       0.94525
       0.94525
       0.94525
       0.94525
       0.94525
       0.94525
       0.94525
       0.94525
       0.94525
       0.94525
       0.94525
       0.94525
       0.94525
       0.94525
       0.94525
       0.94525
       0.94525
       0.94525
       0.94525
       0.94525
       0.94525
       0.94525
       0.94525
       0.94525
       0.94525
       0.94525
       0.94525
       0.94525
       0.94525
       0.94525
       0.94525
       0.94525
       0.94525
       0.94525
       0.94525
       0.94525
       0.94525
       0.94525
       0.94525
       0.94525
       0.94525
       0.94525
       0.94525
       0.94525
       0.94525
             1
             1
             1
             1
             1
             1
             1
             1
             1
             1
             1
             1
             1
             1
             1
             1
             1
             1
             1
             1
             1
             1
             1
             1
             1
             1
             1
             1
             1
             1
             1
             1
             1
             1
             1
             1
             1
             1
             1
             1
             1
             1
             1
             1
             1
             1
             1
             1
             1
             1
             1
             1
             1
             1
             1
             1
             1
             1
             1
