             1
             1
             1
             1
             1
             1
             1
             1
             1
             1
             1
             1
             1
             1
             1
             1
             1
             1
             1
             1
             1
             1
             1
             1
             1
             1
             1
             1
             1
             1
             1
             1
             1
             1
             1
             1
             1
             1
             1
             1
             1
             1
             1
             1
             1
             1
             1
             1
             1
             1
             1
             1
             1
             1
             1
             1
             1
             1
             1
      0.945781
      0.945781
      0.945781
      0.945781
      0.945781
      0.945781
      0.945781
      0.945781
      0.945781
      0.945781
      0.945781
      0.945781
      0.945781
      0.945781
      0.945781
      0.945781
      0.945781
      0.945781
      0.945781
      0.945781
      0.945781
      0.945781
      0.945781
      0.945781
      0.945781
      0.945781
      0.945781
      0.945781
      0.945781
      0.945781
      0.945781
      0.945781
      0.945781
      0.945781
      0.945781
      0.945781
      0.945781
      0.945781
      0.945781
      0.945781
      0.945781
      0.945781
      0.945781
      0.945781
      0.945781
      0.945781
      0.945781
      0.945781
      0.945781
      0.945781
      0.945781
      0.945781
      0.945781
      0.945781
      0.945781
      0.945781
      0.945781
      0.945781
      0.945781
      0.891861
       0.89186
      0.891861
       0.89186
      0.891861
       0.89186
      0.891861
       0.89186
      0.891861
       0.89186
      0.891861
       0.89186
      0.891861
       0.89186
      0.891861
       0.89186
      0.891861
       0.89186
      0.891861
       0.89186
      0.891861
       0.89186
      0.891861
       0.89186
      0.891861
       0.89186
      0.891861
       0.89186
      0.891861
       0.89186
      0.891861
       0.89186
      0.891861
       0.89186
      0.891861
       0.89186
      0.891861
       0.89186
      0.891861
       0.89186
      0.891861
       0.89186
      0.891861
       0.89186
      0.891861
       0.89186
      0.891861
       0.89186
      0.891861
       0.89186
      0.891861
       0.89186
      0.891861
       0.89186
      0.891861
       0.89186
      0.891861
       0.89186
      0.891861
      0.838482
      0.838482
      0.838482
      0.838482
      0.838482
      0.838482
      0.838482
      0.838482
      0.838482
      0.838482
      0.838482
      0.838482
      0.838482
      0.838482
      0.838482
      0.838481
      0.838482
      0.838481
      0.838482
      0.838481
      0.838482
      0.838481
      0.838482
      0.838481
      0.838482
      0.838481
      0.838482
      0.838481
      0.838482
      0.838481
      0.838482
      0.838481
      0.838482
      0.838481
      0.838482
      0.838481
      0.838482
      0.838481
      0.838482
      0.838481
      0.838482
      0.838481
      0.838482
      0.838481
      0.838482
      0.838482
      0.838482
      0.838482
      0.838482
      0.838482
      0.838482
      0.838482
      0.838482
      0.838482
      0.838482
      0.838482
      0.838482
      0.838482
      0.838482
      0.785883
      0.785882
      0.785883
      0.785882
      0.785883
      0.785882
      0.785883
      0.785882
      0.785883
      0.785882
      0.785883
      0.785882
      0.785883
      0.785882
      0.785883
      0.785882
      0.785883
      0.785882
      0.785883
      0.785882
      0.785883
      0.785882
      0.785883
      0.785882
      0.785883
      0.785882
      0.785883
      0.785882
      0.785883
      0.785882
      0.785883
      0.785882
      0.785883
      0.785882
      0.785883
      0.785882
      0.785883
      0.785882
      0.785883
      0.785882
      0.785883
      0.785882
      0.785883
      0.785882
      0.785883
      0.785882
      0.785883
      0.785882
      0.785883
      0.785882
      0.785883
      0.785882
      0.785883
      0.785882
      0.785883
      0.785882
      0.785883
      0.785882
      0.785883
       0.73429
      0.734289
       0.73429
      0.734289
       0.73429
      0.734289
       0.73429
      0.734289
       0.73429
      0.734289
       0.73429
      0.734289
       0.73429
      0.734289
       0.73429
      0.734289
       0.73429
      0.734289
      0.734289
      0.734289
      0.734289
      0.734289
      0.734289
      0.734289
      0.734289
      0.734289
      0.734289
      0.734289
      0.734289
      0.734289
      0.734289
      0.734289
      0.734289
      0.734289
      0.734289
      0.734289
      0.734289
      0.734289
      0.734289
      0.734289
      0.734289
      0.734289
       0.73429
      0.734289
       0.73429
      0.734289
       0.73429
      0.734289
       0.73429
      0.734289
       0.73429
      0.734289
       0.73429
      0.734289
       0.73429
      0.734289
       0.73429
      0.734289
       0.73429
      0.683921
       0.68392
      0.683921
       0.68392
      0.683921
       0.68392
      0.683921
       0.68392
      0.683921
       0.68392
      0.683921
       0.68392
      0.683921
       0.68392
      0.683921
       0.68392
      0.683921
       0.68392
      0.683921
       0.68392
      0.683921
       0.68392
      0.683921
      0.683919
      0.683921
      0.683919
       0.68392
      0.683919
       0.68392
      0.683919
       0.68392
      0.683919
       0.68392
      0.683919
      0.683921
      0.683919
      0.683921
       0.68392
      0.683921
       0.68392
      0.683921
       0.68392
      0.683921
       0.68392
      0.683921
       0.68392
      0.683921
       0.68392
      0.683921
       0.68392
      0.683921
       0.68392
      0.683921
       0.68392
      0.683921
       0.68392
      0.683921
       0.68392
      0.683921
      0.634974
      0.634974
      0.634974
      0.634974
      0.634974
      0.634974
      0.634974
      0.634974
      0.634974
      0.634974
      0.634974
      0.634974
      0.634974
      0.634974
      0.634974
      0.634974
      0.634974
      0.634974
      0.634974
      0.634973
      0.634974
      0.634973
      0.634974
      0.634973
      0.634973
      0.634973
      0.634973
      0.634973
      0.634973
      0.634973
      0.634973
      0.634973
      0.634973
      0.634973
      0.634973
      0.634973
      0.634974
      0.634973
      0.634974
      0.634973
      0.634974
      0.634974
      0.634974
      0.634974
      0.634974
      0.634974
      0.634974
      0.634974
      0.634974
      0.634974
      0.634974
      0.634974
      0.634974
      0.634974
      0.634974
      0.634974
      0.634974
      0.634974
      0.634974
      0.587638
      0.587637
      0.587638
      0.587637
      0.587638
      0.587637
      0.587638
      0.587637
      0.587638
      0.587637
      0.587638
      0.587637
      0.587638
      0.587637
      0.587638
      0.587637
      0.587638
      0.587636
      0.587638
      0.587636
      0.587637
      0.587636
      0.587637
      0.587636
      0.587637
      0.587636
      0.587637
      0.587636
      0.587637
      0.587636
      0.587637
      0.587636
      0.587637
      0.587636
      0.587637
      0.587636
      0.587637
      0.587636
      0.587637
      0.587636
      0.587638
      0.587636
      0.587638
      0.587637
      0.587638
      0.587637
      0.587638
      0.587637
      0.587638
      0.587637
      0.587638
      0.587637
      0.587638
      0.587637
      0.587638
      0.587637
      0.587638
      0.587637
      0.587638
      0.542074
      0.542074
      0.542074
      0.542074
      0.542074
      0.542074
      0.542074
      0.542074
      0.542074
      0.542073
      0.542074
      0.542073
      0.542074
      0.542073
      0.542074
      0.542073
      0.542074
      0.542073
      0.542073
      0.542073
      0.542073
      0.542073
      0.542073
      0.542072
      0.542073
      0.542072
      0.542073
      0.542072
      0.542072
      0.542072
      0.542072
      0.542072
      0.542073
      0.542072
      0.542073
      0.542072
      0.542073
      0.542073
      0.542073
      0.542073
      0.542073
      0.542073
      0.542074
      0.542073
      0.542074
      0.542073
      0.542074
      0.542073
      0.542074
      0.542073
      0.542074
      0.542074
      0.542074
      0.542074
      0.542074
      0.542074
      0.542074
      0.542074
      0.542074
      0.498433
      0.498432
      0.498433
      0.498432
      0.498433
      0.498432
      0.498433
      0.498432
      0.498433
      0.498432
      0.498433
      0.498432
      0.498433
      0.498432
      0.498433
      0.498432
      0.498433
      0.498431
      0.498432
      0.498431
      0.498432
      0.498431
      0.498432
       0.49843
      0.498432
       0.49843
      0.498431
       0.49843
      0.498431
       0.49843
      0.498431
       0.49843
      0.498431
       0.49843
      0.498432
       0.49843
      0.498432
      0.498431
      0.498432
      0.498431
      0.498432
      0.498431
      0.498433
      0.498432
      0.498433
      0.498432
      0.498433
      0.498432
      0.498433
      0.498432
      0.498433
      0.498432
      0.498433
      0.498432
      0.498433
      0.498432
      0.498433
      0.498432
      0.498433
      0.456837
      0.456837
      0.456837
      0.456837
      0.456837
      0.456837
      0.456837
      0.456837
      0.456837
      0.456837
      0.456837
      0.456836
      0.456837
      0.456836
      0.456837
      0.456836
      0.456836
      0.456836
      0.456836
      0.456835
      0.456836
      0.456835
      0.456835
      0.456835
      0.456835
      0.456834
      0.456835
      0.456834
      0.456834
      0.456834
      0.456834
      0.456834
      0.456835
      0.456834
      0.456835
      0.456835
      0.456835
      0.456835
      0.456836
      0.456835
      0.456836
      0.456836
      0.456836
      0.456836
      0.456837
      0.456836
      0.456837
      0.456836
      0.456837
      0.456837
      0.456837
      0.456837
      0.456837
      0.456837
      0.456837
      0.456837
      0.456837
      0.456837
      0.456837
      0.417396
      0.417394
      0.417396
      0.417394
      0.417396
      0.417394
      0.417396
      0.417394
      0.417396
      0.417394
      0.417395
      0.417394
      0.417395
      0.417394
      0.417395
      0.417394
      0.417395
      0.417393
      0.417394
      0.417393
      0.417394
      0.417392
      0.417393
      0.417392
      0.417393
      0.417391
      0.417392
      0.417391
      0.417392
      0.417391
      0.417392
      0.417391
      0.417392
      0.417391
      0.417393
      0.417392
      0.417393
      0.417392
      0.417394
      0.417393
      0.417394
      0.417393
      0.417395
      0.417394
      0.417395
      0.417394
      0.417395
      0.417394
      0.417395
      0.417394
      0.417396
      0.417394
      0.417396
      0.417394
      0.417396
      0.417394
      0.417396
      0.417394
      0.417396
      0.380189
      0.380188
      0.380189
      0.380188
      0.380189
      0.380188
      0.380188
      0.380188
      0.380188
      0.380188
      0.380188
      0.380188
      0.380188
      0.380187
      0.380188
      0.380187
      0.380187
      0.380187
      0.380187
      0.380186
      0.380186
      0.380185
      0.380185
      0.380185
      0.380185
      0.380184
      0.380184
      0.380184
      0.380184
      0.380183
      0.380184
      0.380184
      0.380184
      0.380184
      0.380185
      0.380185
      0.380185
      0.380185
      0.380186
      0.380186
      0.380187
      0.380187
      0.380187
      0.380187
      0.380188
      0.380187
      0.380188
      0.380188
      0.380188
      0.380188
      0.380188
      0.380188
      0.380188
      0.380188
      0.380189
      0.380188
      0.380189
      0.380188
      0.380189
      0.345285
      0.345284
      0.345285
      0.345284
      0.345285
      0.345284
      0.345285
      0.345284
      0.345285
      0.345284
      0.345285
      0.345284
      0.345285
      0.345283
      0.345284
      0.345283
      0.345284
      0.345282
      0.345283
      0.345282
      0.345282
      0.345281
      0.345281
       0.34528
       0.34528
      0.345279
       0.34528
      0.345278
      0.345279
      0.345278
      0.345279
      0.345278
       0.34528
      0.345279
       0.34528
       0.34528
      0.345281
      0.345281
      0.345282
      0.345282
      0.345283
      0.345282
      0.345284
      0.345283
      0.345284
      0.345283
      0.345285
      0.345284
      0.345285
      0.345284
      0.345285
      0.345284
      0.345285
      0.345284
      0.345285
      0.345284
      0.345285
      0.345284
      0.345285
      0.312727
      0.312727
      0.312727
      0.312727
      0.312727
      0.312727
      0.312727
      0.312727
      0.312727
      0.312726
      0.312727
      0.312726
      0.312726
      0.312726
      0.312726
      0.312725
      0.312725
      0.312724
      0.312724
      0.312723
      0.312723
      0.312722
      0.312722
      0.312721
      0.312721
       0.31272
       0.31272
      0.312719
      0.312719
      0.312719
      0.312719
      0.312719
       0.31272
       0.31272
      0.312721
      0.312721
      0.312722
      0.312722
      0.312723
      0.312723
      0.312724
      0.312724
      0.312725
      0.312725
      0.312726
      0.312726
      0.312726
      0.312726
      0.312727
      0.312726
      0.312727
      0.312727
      0.312727
      0.312727
      0.312727
      0.312727
      0.312727
      0.312727
      0.312727
      0.282546
      0.282545
      0.282546
      0.282545
      0.282546
      0.282545
      0.282546
      0.282545
      0.282546
      0.282545
      0.282545
      0.282544
      0.282545
      0.282544
      0.282544
      0.282543
      0.282544
      0.282542
      0.282542
      0.282541
      0.282541
      0.282539
      0.282539
      0.282538
      0.282538
      0.282536
      0.282537
      0.282535
      0.282536
      0.282535
      0.282536
      0.282535
      0.282537
      0.282536
      0.282538
      0.282538
      0.282539
      0.282539
      0.282541
      0.282541
      0.282542
      0.282542
      0.282544
      0.282543
      0.282544
      0.282544
      0.282545
      0.282544
      0.282545
      0.282545
      0.282546
      0.282545
      0.282546
      0.282545
      0.282546
      0.282545
      0.282546
      0.282545
      0.282546
       0.25475
       0.25475
       0.25475
       0.25475
       0.25475
       0.25475
       0.25475
       0.25475
       0.25475
      0.254749
      0.254749
      0.254749
      0.254749
      0.254748
      0.254748
      0.254747
      0.254747
      0.254746
      0.254746
      0.254745
      0.254744
      0.254743
      0.254742
      0.254741
       0.25474
      0.254739
      0.254738
      0.254737
      0.254737
      0.254737
      0.254737
      0.254737
      0.254738
      0.254739
       0.25474
      0.254741
      0.254742
      0.254743
      0.254744
      0.254745
      0.254746
      0.254746
      0.254747
      0.254747
      0.254748
      0.254748
      0.254749
      0.254749
      0.254749
      0.254749
       0.25475
       0.25475
       0.25475
       0.25475
       0.25475
       0.25475
       0.25475
       0.25475
       0.25475
      0.229341
       0.22934
      0.229341
       0.22934
      0.229341
       0.22934
       0.22934
       0.22934
       0.22934
      0.229339
       0.22934
      0.229339
      0.229339
      0.229338
      0.229338
      0.229337
      0.229337
      0.229336
      0.229335
      0.229334
      0.229333
      0.229331
      0.229331
      0.229329
      0.229328
      0.229326
      0.229325
      0.229324
      0.229324
      0.229323
      0.229324
      0.229324
      0.229325
      0.229326
      0.229328
      0.229329
      0.229331
      0.229331
      0.229333
      0.229334
      0.229335
      0.229336
      0.229337
      0.229337
      0.229338
      0.229338
      0.229339
      0.229339
       0.22934
      0.229339
       0.22934
       0.22934
       0.22934
       0.22934
      0.229341
       0.22934
      0.229341
       0.22934
      0.229341
      0.206301
      0.206301
      0.206301
      0.206301
      0.206301
      0.206301
      0.206301
      0.206301
      0.206301
        0.2063
        0.2063
        0.2063
        0.2063
      0.206299
      0.206299
      0.206298
      0.206297
      0.206296
      0.206295
      0.206294
      0.206292
       0.20629
      0.206289
      0.206287
      0.206285
      0.206283
      0.206282
       0.20628
       0.20628
      0.206279
       0.20628
       0.20628
      0.206282
      0.206283
      0.206285
      0.206287
      0.206289
       0.20629
      0.206292
      0.206294
      0.206295
      0.206296
      0.206297
      0.206298
      0.206299
      0.206299
        0.2063
        0.2063
        0.2063
        0.2063
      0.206301
      0.206301
      0.206301
      0.206301
      0.206301
      0.206301
      0.206301
      0.206301
      0.206301
      0.185611
       0.18561
      0.185611
       0.18561
      0.185611
       0.18561
       0.18561
       0.18561
       0.18561
       0.18561
       0.18561
      0.185609
      0.185609
      0.185608
      0.185608
      0.185607
      0.185606
      0.185604
      0.185603
      0.185601
        0.1856
      0.185597
      0.185595
      0.185593
       0.18559
      0.185588
      0.185586
      0.185584
      0.185583
      0.185582
      0.185583
      0.185584
      0.185586
      0.185588
       0.18559
      0.185593
      0.185595
      0.185597
        0.1856
      0.185601
      0.185603
      0.185604
      0.185606
      0.185607
      0.185608
      0.185608
      0.185609
      0.185609
       0.18561
       0.18561
       0.18561
       0.18561
       0.18561
       0.18561
      0.185611
       0.18561
      0.185611
       0.18561
      0.185611
      0.167237
      0.167237
      0.167237
      0.167237
      0.167237
      0.167237
      0.167237
      0.167236
      0.167236
      0.167236
      0.167236
      0.167235
      0.167235
      0.167234
      0.167233
      0.167232
      0.167231
       0.16723
      0.167228
      0.167226
      0.167224
      0.167221
      0.167218
      0.167215
      0.167212
      0.167208
      0.167205
      0.167203
      0.167201
        0.1672
      0.167201
      0.167203
      0.167205
      0.167208
      0.167212
      0.167215
      0.167218
      0.167221
      0.167224
      0.167226
      0.167228
       0.16723
      0.167231
      0.167232
      0.167233
      0.167234
      0.167235
      0.167235
      0.167236
      0.167236
      0.167236
      0.167236
      0.167237
      0.167237
      0.167237
      0.167237
      0.167237
      0.167237
      0.167237
      0.151146
      0.151146
      0.151146
      0.151146
      0.151146
      0.151146
      0.151145
      0.151145
      0.151145
      0.151145
      0.151144
      0.151144
      0.151143
      0.151143
      0.151142
      0.151141
      0.151139
      0.151138
      0.151136
      0.151133
       0.15113
      0.151127
      0.151123
      0.151119
      0.151115
       0.15111
      0.151106
      0.151102
      0.151099
      0.151099
      0.151099
      0.151102
      0.151106
       0.15111
      0.151115
      0.151119
      0.151123
      0.151127
       0.15113
      0.151133
      0.151136
      0.151138
      0.151139
      0.151141
      0.151142
      0.151143
      0.151143
      0.151144
      0.151144
      0.151145
      0.151145
      0.151145
      0.151145
      0.151146
      0.151146
      0.151146
      0.151146
      0.151146
      0.151146
        0.1373
        0.1373
        0.1373
        0.1373
      0.137299
      0.137299
      0.137299
      0.137299
      0.137299
      0.137299
      0.137298
      0.137298
      0.137297
      0.137296
      0.137295
      0.137294
      0.137292
      0.137291
      0.137288
      0.137285
      0.137282
      0.137278
      0.137273
      0.137267
      0.137261
      0.137255
      0.137249
      0.137243
       0.13724
      0.137238
       0.13724
      0.137243
      0.137249
      0.137255
      0.137261
      0.137267
      0.137273
      0.137278
      0.137282
      0.137285
      0.137288
      0.137291
      0.137292
      0.137294
      0.137295
      0.137296
      0.137297
      0.137298
      0.137298
      0.137299
      0.137299
      0.137299
      0.137299
      0.137299
      0.137299
        0.1373
        0.1373
        0.1373
        0.1373
       0.12566
      0.125661
       0.12566
      0.125661
       0.12566
       0.12566
       0.12566
       0.12566
       0.12566
      0.125659
      0.125659
      0.125658
      0.125658
      0.125657
      0.125656
      0.125654
      0.125652
      0.125651
      0.125648
      0.125644
       0.12564
      0.125635
      0.125629
      0.125622
      0.125614
      0.125606
      0.125596
      0.125588
      0.125582
       0.12558
      0.125582
      0.125588
      0.125596
      0.125606
      0.125614
      0.125622
      0.125629
      0.125635
       0.12564
      0.125644
      0.125648
      0.125651
      0.125652
      0.125654
      0.125656
      0.125657
      0.125658
      0.125658
      0.125659
      0.125659
       0.12566
       0.12566
       0.12566
       0.12566
       0.12566
      0.125661
       0.12566
      0.125661
       0.12566
      0.116193
      0.116194
      0.116193
      0.116193
      0.116193
      0.116193
      0.116193
      0.116193
      0.116193
      0.116192
      0.116192
      0.116191
       0.11619
       0.11619
      0.116188
      0.116187
      0.116185
      0.116182
      0.116179
      0.116176
      0.116171
      0.116165
      0.116158
      0.116149
      0.116138
      0.116126
      0.116113
      0.116101
      0.116091
      0.116087
      0.116091
      0.116101
      0.116113
      0.116126
      0.116138
      0.116149
      0.116158
      0.116165
      0.116171
      0.116176
      0.116179
      0.116182
      0.116185
      0.116187
      0.116188
       0.11619
       0.11619
      0.116191
      0.116192
      0.116192
      0.116193
      0.116193
      0.116193
      0.116193
      0.116193
      0.116193
      0.116193
      0.116194
      0.116193
      0.108866
      0.108866
      0.108866
      0.108866
      0.108866
      0.108866
      0.108865
      0.108865
      0.108865
      0.108865
      0.108864
      0.108864
      0.108863
      0.108862
       0.10886
      0.108859
      0.108856
      0.108854
       0.10885
      0.108847
      0.108841
      0.108834
      0.108826
      0.108815
      0.108802
      0.108786
      0.108766
      0.108747
       0.10873
      0.108722
       0.10873
      0.108747
      0.108766
      0.108786
      0.108802
      0.108815
      0.108826
      0.108834
      0.108841
      0.108847
       0.10885
      0.108854
      0.108856
      0.108859
       0.10886
      0.108862
      0.108863
      0.108864
      0.108864
      0.108865
      0.108865
      0.108865
      0.108865
      0.108866
      0.108866
      0.108866
      0.108866
      0.108866
      0.108866
      0.103652
      0.103653
      0.103652
      0.103652
      0.103652
      0.103652
      0.103652
      0.103652
      0.103651
      0.103651
      0.103651
       0.10365
      0.103649
      0.103648
      0.103647
      0.103645
      0.103643
       0.10364
      0.103636
      0.103632
      0.103626
      0.103618
      0.103609
      0.103596
       0.10358
       0.10356
      0.103534
      0.103502
      0.103468
      0.103452
      0.103468
      0.103502
      0.103534
       0.10356
       0.10358
      0.103596
      0.103609
      0.103618
      0.103626
      0.103632
      0.103636
       0.10364
      0.103643
      0.103645
      0.103647
      0.103648
      0.103649
       0.10365
      0.103651
      0.103651
      0.103651
      0.103652
      0.103652
      0.103652
      0.103652
      0.103652
      0.103652
      0.103653
      0.103652
      0.100532
      0.100532
      0.100532
      0.100532
      0.100532
      0.100532
      0.100531
      0.100532
      0.100531
      0.100531
       0.10053
       0.10053
      0.100528
      0.100528
      0.100526
      0.100525
      0.100522
      0.100519
      0.100515
      0.100511
      0.100504
      0.100496
      0.100486
      0.100472
      0.100454
       0.10043
      0.100396
      0.100348
      0.100276
      0.100236
      0.100276
      0.100348
      0.100396
       0.10043
      0.100454
      0.100472
      0.100486
      0.100496
      0.100504
      0.100511
      0.100515
      0.100519
      0.100522
      0.100525
      0.100526
      0.100528
      0.100528
       0.10053
       0.10053
      0.100531
      0.100531
      0.100532
      0.100531
      0.100532
      0.100532
      0.100532
      0.100532
      0.100532
      0.100532
     0.0994937
     0.0994938
     0.0994936
     0.0994937
     0.0994935
     0.0994935
     0.0994932
     0.0994931
     0.0994926
     0.0994924
     0.0994917
     0.0994912
     0.0994902
     0.0994893
     0.0994877
     0.0994861
     0.0994836
     0.0994807
     0.0994767
      0.099472
     0.0994654
     0.0994574
     0.0994465
     0.0994325
     0.0994134
     0.0993874
       0.09935
     0.0992929
     0.0991971
     0.0990122
     0.0991971
     0.0992929
       0.09935
     0.0993874
     0.0994134
     0.0994325
     0.0994465
     0.0994574
     0.0994654
      0.099472
     0.0994767
     0.0994807
     0.0994836
     0.0994861
     0.0994877
     0.0994893
     0.0994902
     0.0994912
     0.0994917
     0.0994924
     0.0994926
     0.0994931
     0.0994932
     0.0994935
     0.0994935
     0.0994937
     0.0994936
     0.0994938
     0.0994937
      0.100532
      0.100532
      0.100532
      0.100532
      0.100532
      0.100532
      0.100531
      0.100532
      0.100531
      0.100531
       0.10053
       0.10053
      0.100528
      0.100528
      0.100526
      0.100525
      0.100522
      0.100519
      0.100515
      0.100511
      0.100504
      0.100496
      0.100486
      0.100472
      0.100454
       0.10043
      0.100396
      0.100348
      0.100276
      0.100236
      0.100276
      0.100348
      0.100396
       0.10043
      0.100454
      0.100472
      0.100486
      0.100496
      0.100504
      0.100511
      0.100515
      0.100519
      0.100522
      0.100525
      0.100526
      0.100528
      0.100528
       0.10053
       0.10053
      0.100531
      0.100531
      0.100532
      0.100531
      0.100532
      0.100532
      0.100532
      0.100532
      0.100532
      0.100532
      0.103652
      0.103653
      0.103652
      0.103652
      0.103652
      0.103652
      0.103652
      0.103652
      0.103651
      0.103651
      0.103651
       0.10365
      0.103649
      0.103648
      0.103647
      0.103645
      0.103643
       0.10364
      0.103636
      0.103632
      0.103626
      0.103618
      0.103609
      0.103596
       0.10358
       0.10356
      0.103534
      0.103502
      0.103468
      0.103452
      0.103468
      0.103502
      0.103534
       0.10356
       0.10358
      0.103596
      0.103609
      0.103618
      0.103626
      0.103632
      0.103636
       0.10364
      0.103643
      0.103645
      0.103647
      0.103648
      0.103649
       0.10365
      0.103651
      0.103651
      0.103651
      0.103652
      0.103652
      0.103652
      0.103652
      0.103652
      0.103652
      0.103653
      0.103652
      0.108866
      0.108866
      0.108866
      0.108866
      0.108866
      0.108866
      0.108865
      0.108865
      0.108865
      0.108865
      0.108864
      0.108864
      0.108863
      0.108862
       0.10886
      0.108859
      0.108856
      0.108854
       0.10885
      0.108847
      0.108841
      0.108834
      0.108826
      0.108815
      0.108802
      0.108786
      0.108766
      0.108747
       0.10873
      0.108722
       0.10873
      0.108747
      0.108766
      0.108786
      0.108802
      0.108815
      0.108826
      0.108834
      0.108841
      0.108847
       0.10885
      0.108854
      0.108856
      0.108859
       0.10886
      0.108862
      0.108863
      0.108864
      0.108864
      0.108865
      0.108865
      0.108865
      0.108865
      0.108866
      0.108866
      0.108866
      0.108866
      0.108866
      0.108866
      0.116193
      0.116194
      0.116193
      0.116193
      0.116193
      0.116193
      0.116193
      0.116193
      0.116193
      0.116192
      0.116192
      0.116191
       0.11619
       0.11619
      0.116188
      0.116187
      0.116185
      0.116182
      0.116179
      0.116176
      0.116171
      0.116165
      0.116158
      0.116149
      0.116138
      0.116126
      0.116113
      0.116101
      0.116091
      0.116087
      0.116091
      0.116101
      0.116113
      0.116126
      0.116138
      0.116149
      0.116158
      0.116165
      0.116171
      0.116176
      0.116179
      0.116182
      0.116185
      0.116187
      0.116188
       0.11619
       0.11619
      0.116191
      0.116192
      0.116192
      0.116193
      0.116193
      0.116193
      0.116193
      0.116193
      0.116193
      0.116193
      0.116194
      0.116193
       0.12566
      0.125661
       0.12566
      0.125661
       0.12566
       0.12566
       0.12566
       0.12566
       0.12566
      0.125659
      0.125659
      0.125658
      0.125658
      0.125657
      0.125656
      0.125654
      0.125652
      0.125651
      0.125648
      0.125644
       0.12564
      0.125635
      0.125629
      0.125622
      0.125614
      0.125606
      0.125596
      0.125588
      0.125582
       0.12558
      0.125582
      0.125588
      0.125596
      0.125606
      0.125614
      0.125622
      0.125629
      0.125635
       0.12564
      0.125644
      0.125648
      0.125651
      0.125652
      0.125654
      0.125656
      0.125657
      0.125658
      0.125658
      0.125659
      0.125659
       0.12566
       0.12566
       0.12566
       0.12566
       0.12566
      0.125661
       0.12566
      0.125661
       0.12566
        0.1373
        0.1373
        0.1373
        0.1373
      0.137299
      0.137299
      0.137299
      0.137299
      0.137299
      0.137299
      0.137298
      0.137298
      0.137297
      0.137296
      0.137295
      0.137294
      0.137292
      0.137291
      0.137288
      0.137285
      0.137282
      0.137278
      0.137273
      0.137267
      0.137261
      0.137255
      0.137249
      0.137243
       0.13724
      0.137238
       0.13724
      0.137243
      0.137249
      0.137255
      0.137261
      0.137267
      0.137273
      0.137278
      0.137282
      0.137285
      0.137288
      0.137291
      0.137292
      0.137294
      0.137295
      0.137296
      0.137297
      0.137298
      0.137298
      0.137299
      0.137299
      0.137299
      0.137299
      0.137299
      0.137299
        0.1373
        0.1373
        0.1373
        0.1373
      0.151146
      0.151146
      0.151146
      0.151146
      0.151146
      0.151146
      0.151145
      0.151145
      0.151145
      0.151145
      0.151144
      0.151144
      0.151143
      0.151143
      0.151142
      0.151141
      0.151139
      0.151138
      0.151136
      0.151133
       0.15113
      0.151127
      0.151123
      0.151119
      0.151115
       0.15111
      0.151106
      0.151102
      0.151099
      0.151099
      0.151099
      0.151102
      0.151106
       0.15111
      0.151115
      0.151119
      0.151123
      0.151127
       0.15113
      0.151133
      0.151136
      0.151138
      0.151139
      0.151141
      0.151142
      0.151143
      0.151143
      0.151144
      0.151144
      0.151145
      0.151145
      0.151145
      0.151145
      0.151146
      0.151146
      0.151146
      0.151146
      0.151146
      0.151146
      0.167237
      0.167237
      0.167237
      0.167237
      0.167237
      0.167237
      0.167237
      0.167236
      0.167236
      0.167236
      0.167236
      0.167235
      0.167235
      0.167234
      0.167233
      0.167232
      0.167231
       0.16723
      0.167228
      0.167226
      0.167224
      0.167221
      0.167218
      0.167215
      0.167212
      0.167208
      0.167205
      0.167203
      0.167201
        0.1672
      0.167201
      0.167203
      0.167205
      0.167208
      0.167212
      0.167215
      0.167218
      0.167221
      0.167224
      0.167226
      0.167228
       0.16723
      0.167231
      0.167232
      0.167233
      0.167234
      0.167235
      0.167235
      0.167236
      0.167236
      0.167236
      0.167236
      0.167237
      0.167237
      0.167237
      0.167237
      0.167237
      0.167237
      0.167237
      0.185611
       0.18561
      0.185611
       0.18561
      0.185611
       0.18561
       0.18561
       0.18561
       0.18561
       0.18561
       0.18561
      0.185609
      0.185609
      0.185608
      0.185608
      0.185607
      0.185606
      0.185604
      0.185603
      0.185601
        0.1856
      0.185597
      0.185595
      0.185593
       0.18559
      0.185588
      0.185586
      0.185584
      0.185583
      0.185582
      0.185583
      0.185584
      0.185586
      0.185588
       0.18559
      0.185593
      0.185595
      0.185597
        0.1856
      0.185601
      0.185603
      0.185604
      0.185606
      0.185607
      0.185608
      0.185608
      0.185609
      0.185609
       0.18561
       0.18561
       0.18561
       0.18561
       0.18561
       0.18561
      0.185611
       0.18561
      0.185611
       0.18561
      0.185611
      0.206301
      0.206301
      0.206301
      0.206301
      0.206301
      0.206301
      0.206301
      0.206301
      0.206301
        0.2063
        0.2063
        0.2063
        0.2063
      0.206299
      0.206299
      0.206298
      0.206297
      0.206296
      0.206295
      0.206294
      0.206292
       0.20629
      0.206289
      0.206287
      0.206285
      0.206283
      0.206282
       0.20628
       0.20628
      0.206279
       0.20628
       0.20628
      0.206282
      0.206283
      0.206285
      0.206287
      0.206289
       0.20629
      0.206292
      0.206294
      0.206295
      0.206296
      0.206297
      0.206298
      0.206299
      0.206299
        0.2063
        0.2063
        0.2063
        0.2063
      0.206301
      0.206301
      0.206301
      0.206301
      0.206301
      0.206301
      0.206301
      0.206301
      0.206301
      0.229341
       0.22934
      0.229341
       0.22934
      0.229341
       0.22934
       0.22934
       0.22934
       0.22934
      0.229339
       0.22934
      0.229339
      0.229339
      0.229338
      0.229338
      0.229337
      0.229337
      0.229336
      0.229335
      0.229334
      0.229333
      0.229331
      0.229331
      0.229329
      0.229328
      0.229326
      0.229325
      0.229324
      0.229324
      0.229323
      0.229324
      0.229324
      0.229325
      0.229326
      0.229328
      0.229329
      0.229331
      0.229331
      0.229333
      0.229334
      0.229335
      0.229336
      0.229337
      0.229337
      0.229338
      0.229338
      0.229339
      0.229339
       0.22934
      0.229339
       0.22934
       0.22934
       0.22934
       0.22934
      0.229341
       0.22934
      0.229341
       0.22934
      0.229341
       0.25475
       0.25475
       0.25475
       0.25475
       0.25475
       0.25475
       0.25475
       0.25475
       0.25475
      0.254749
      0.254749
      0.254749
      0.254749
      0.254748
      0.254748
      0.254747
      0.254747
      0.254746
      0.254746
      0.254745
      0.254744
      0.254743
      0.254742
      0.254741
       0.25474
      0.254739
      0.254738
      0.254737
      0.254737
      0.254737
      0.254737
      0.254737
      0.254738
      0.254739
       0.25474
      0.254741
      0.254742
      0.254743
      0.254744
      0.254745
      0.254746
      0.254746
      0.254747
      0.254747
      0.254748
      0.254748
      0.254749
      0.254749
      0.254749
      0.254749
       0.25475
       0.25475
       0.25475
       0.25475
       0.25475
       0.25475
       0.25475
       0.25475
       0.25475
      0.282546
      0.282545
      0.282546
      0.282545
      0.282546
      0.282545
      0.282546
      0.282545
      0.282546
      0.282545
      0.282545
      0.282544
      0.282545
      0.282544
      0.282544
      0.282543
      0.282544
      0.282542
      0.282542
      0.282541
      0.282541
      0.282539
      0.282539
      0.282538
      0.282538
      0.282536
      0.282537
      0.282535
      0.282536
      0.282535
      0.282536
      0.282535
      0.282537
      0.282536
      0.282538
      0.282538
      0.282539
      0.282539
      0.282541
      0.282541
      0.282542
      0.282542
      0.282544
      0.282543
      0.282544
      0.282544
      0.282545
      0.282544
      0.282545
      0.282545
      0.282546
      0.282545
      0.282546
      0.282545
      0.282546
      0.282545
      0.282546
      0.282545
      0.282546
      0.312727
      0.312727
      0.312727
      0.312727
      0.312727
      0.312727
      0.312727
      0.312727
      0.312727
      0.312726
      0.312727
      0.312726
      0.312726
      0.312726
      0.312726
      0.312725
      0.312725
      0.312724
      0.312724
      0.312723
      0.312723
      0.312722
      0.312722
      0.312721
      0.312721
       0.31272
       0.31272
      0.312719
      0.312719
      0.312719
      0.312719
      0.312719
       0.31272
       0.31272
      0.312721
      0.312721
      0.312722
      0.312722
      0.312723
      0.312723
      0.312724
      0.312724
      0.312725
      0.312725
      0.312726
      0.312726
      0.312726
      0.312726
      0.312727
      0.312726
      0.312727
      0.312727
      0.312727
      0.312727
      0.312727
      0.312727
      0.312727
      0.312727
      0.312727
      0.345285
      0.345284
      0.345285
      0.345284
      0.345285
      0.345284
      0.345285
      0.345284
      0.345285
      0.345284
      0.345285
      0.345284
      0.345285
      0.345283
      0.345284
      0.345283
      0.345284
      0.345282
      0.345283
      0.345282
      0.345282
      0.345281
      0.345281
       0.34528
       0.34528
      0.345279
       0.34528
      0.345278
      0.345279
      0.345278
      0.345279
      0.345278
       0.34528
      0.345279
       0.34528
       0.34528
      0.345281
      0.345281
      0.345282
      0.345282
      0.345283
      0.345282
      0.345284
      0.345283
      0.345284
      0.345283
      0.345285
      0.345284
      0.345285
      0.345284
      0.345285
      0.345284
      0.345285
      0.345284
      0.345285
      0.345284
      0.345285
      0.345284
      0.345285
      0.380189
      0.380188
      0.380189
      0.380188
      0.380189
      0.380188
      0.380188
      0.380188
      0.380188
      0.380188
      0.380188
      0.380188
      0.380188
      0.380187
      0.380188
      0.380187
      0.380187
      0.380187
      0.380187
      0.380186
      0.380186
      0.380185
      0.380185
      0.380185
      0.380185
      0.380184
      0.380184
      0.380184
      0.380184
      0.380183
      0.380184
      0.380184
      0.380184
      0.380184
      0.380185
      0.380185
      0.380185
      0.380185
      0.380186
      0.380186
      0.380187
      0.380187
      0.380187
      0.380187
      0.380188
      0.380187
      0.380188
      0.380188
      0.380188
      0.380188
      0.380188
      0.380188
      0.380188
      0.380188
      0.380189
      0.380188
      0.380189
      0.380188
      0.380189
      0.417396
      0.417394
      0.417396
      0.417394
      0.417396
      0.417394
      0.417396
      0.417394
      0.417396
      0.417394
      0.417395
      0.417394
      0.417395
      0.417394
      0.417395
      0.417394
      0.417395
      0.417393
      0.417394
      0.417393
      0.417394
      0.417392
      0.417393
      0.417392
      0.417393
      0.417391
      0.417392
      0.417391
      0.417392
      0.417391
      0.417392
      0.417391
      0.417392
      0.417391
      0.417393
      0.417392
      0.417393
      0.417392
      0.417394
      0.417393
      0.417394
      0.417393
      0.417395
      0.417394
      0.417395
      0.417394
      0.417395
      0.417394
      0.417395
      0.417394
      0.417396
      0.417394
      0.417396
      0.417394
      0.417396
      0.417394
      0.417396
      0.417394
      0.417396
      0.456837
      0.456837
      0.456837
      0.456837
      0.456837
      0.456837
      0.456837
      0.456837
      0.456837
      0.456837
      0.456837
      0.456836
      0.456837
      0.456836
      0.456837
      0.456836
      0.456836
      0.456836
      0.456836
      0.456835
      0.456836
      0.456835
      0.456835
      0.456835
      0.456835
      0.456834
      0.456835
      0.456834
      0.456834
      0.456834
      0.456834
      0.456834
      0.456835
      0.456834
      0.456835
      0.456835
      0.456835
      0.456835
      0.456836
      0.456835
      0.456836
      0.456836
      0.456836
      0.456836
      0.456837
      0.456836
      0.456837
      0.456836
      0.456837
      0.456837
      0.456837
      0.456837
      0.456837
      0.456837
      0.456837
      0.456837
      0.456837
      0.456837
      0.456837
      0.498433
      0.498432
      0.498433
      0.498432
      0.498433
      0.498432
      0.498433
      0.498432
      0.498433
      0.498432
      0.498433
      0.498432
      0.498433
      0.498432
      0.498433
      0.498432
      0.498433
      0.498431
      0.498432
      0.498431
      0.498432
      0.498431
      0.498432
       0.49843
      0.498432
       0.49843
      0.498431
       0.49843
      0.498431
       0.49843
      0.498431
       0.49843
      0.498431
       0.49843
      0.498432
       0.49843
      0.498432
      0.498431
      0.498432
      0.498431
      0.498432
      0.498431
      0.498433
      0.498432
      0.498433
      0.498432
      0.498433
      0.498432
      0.498433
      0.498432
      0.498433
      0.498432
      0.498433
      0.498432
      0.498433
      0.498432
      0.498433
      0.498432
      0.498433
      0.542074
      0.542074
      0.542074
      0.542074
      0.542074
      0.542074
      0.542074
      0.542074
      0.542074
      0.542073
      0.542074
      0.542073
      0.542074
      0.542073
      0.542074
      0.542073
      0.542074
      0.542073
      0.542073
      0.542073
      0.542073
      0.542073
      0.542073
      0.542072
      0.542073
      0.542072
      0.542073
      0.542072
      0.542072
      0.542072
      0.542072
      0.542072
      0.542073
      0.542072
      0.542073
      0.542072
      0.542073
      0.542073
      0.542073
      0.542073
      0.542073
      0.542073
      0.542074
      0.542073
      0.542074
      0.542073
      0.542074
      0.542073
      0.542074
      0.542073
      0.542074
      0.542074
      0.542074
      0.542074
      0.542074
      0.542074
      0.542074
      0.542074
      0.542074
      0.587638
      0.587637
      0.587638
      0.587637
      0.587638
      0.587637
      0.587638
      0.587637
      0.587638
      0.587637
      0.587638
      0.587637
      0.587638
      0.587637
      0.587638
      0.587637
      0.587638
      0.587636
      0.587638
      0.587636
      0.587637
      0.587636
      0.587637
      0.587636
      0.587637
      0.587636
      0.587637
      0.587636
      0.587637
      0.587636
      0.587637
      0.587636
      0.587637
      0.587636
      0.587637
      0.587636
      0.587637
      0.587636
      0.587637
      0.587636
      0.587638
      0.587636
      0.587638
      0.587637
      0.587638
      0.587637
      0.587638
      0.587637
      0.587638
      0.587637
      0.587638
      0.587637
      0.587638
      0.587637
      0.587638
      0.587637
      0.587638
      0.587637
      0.587638
      0.634974
      0.634974
      0.634974
      0.634974
      0.634974
      0.634974
      0.634974
      0.634974
      0.634974
      0.634974
      0.634974
      0.634974
      0.634974
      0.634974
      0.634974
      0.634974
      0.634974
      0.634974
      0.634974
      0.634973
      0.634974
      0.634973
      0.634974
      0.634973
      0.634973
      0.634973
      0.634973
      0.634973
      0.634973
      0.634973
      0.634973
      0.634973
      0.634973
      0.634973
      0.634973
      0.634973
      0.634974
      0.634973
      0.634974
      0.634973
      0.634974
      0.634974
      0.634974
      0.634974
      0.634974
      0.634974
      0.634974
      0.634974
      0.634974
      0.634974
      0.634974
      0.634974
      0.634974
      0.634974
      0.634974
      0.634974
      0.634974
      0.634974
      0.634974
      0.683921
       0.68392
      0.683921
       0.68392
      0.683921
       0.68392
      0.683921
       0.68392
      0.683921
       0.68392
      0.683921
       0.68392
      0.683921
       0.68392
      0.683921
       0.68392
      0.683921
       0.68392
      0.683921
       0.68392
      0.683921
       0.68392
      0.683921
      0.683919
      0.683921
      0.683919
       0.68392
      0.683919
       0.68392
      0.683919
       0.68392
      0.683919
       0.68392
      0.683919
      0.683921
      0.683919
      0.683921
       0.68392
      0.683921
       0.68392
      0.683921
       0.68392
      0.683921
       0.68392
      0.683921
       0.68392
      0.683921
       0.68392
      0.683921
       0.68392
      0.683921
       0.68392
      0.683921
       0.68392
      0.683921
       0.68392
      0.683921
       0.68392
      0.683921
       0.73429
      0.734289
       0.73429
      0.734289
       0.73429
      0.734289
       0.73429
      0.734289
       0.73429
      0.734289
       0.73429
      0.734289
       0.73429
      0.734289
       0.73429
      0.734289
       0.73429
      0.734289
      0.734289
      0.734289
      0.734289
      0.734289
      0.734289
      0.734289
      0.734289
      0.734289
      0.734289
      0.734289
      0.734289
      0.734289
      0.734289
      0.734289
      0.734289
      0.734289
      0.734289
      0.734289
      0.734289
      0.734289
      0.734289
      0.734289
      0.734289
      0.734289
       0.73429
      0.734289
       0.73429
      0.734289
       0.73429
      0.734289
       0.73429
      0.734289
       0.73429
      0.734289
       0.73429
      0.734289
       0.73429
      0.734289
       0.73429
      0.734289
       0.73429
      0.785883
      0.785882
      0.785883
      0.785882
      0.785883
      0.785882
      0.785883
      0.785882
      0.785883
      0.785882
      0.785883
      0.785882
      0.785883
      0.785882
      0.785883
      0.785882
      0.785883
      0.785882
      0.785883
      0.785882
      0.785883
      0.785882
      0.785883
      0.785882
      0.785883
      0.785882
      0.785883
      0.785882
      0.785883
      0.785882
      0.785883
      0.785882
      0.785883
      0.785882
      0.785883
      0.785882
      0.785883
      0.785882
      0.785883
      0.785882
      0.785883
      0.785882
      0.785883
      0.785882
      0.785883
      0.785882
      0.785883
      0.785882
      0.785883
      0.785882
      0.785883
      0.785882
      0.785883
      0.785882
      0.785883
      0.785882
      0.785883
      0.785882
      0.785883
      0.838482
      0.838482
      0.838482
      0.838482
      0.838482
      0.838482
      0.838482
      0.838482
      0.838482
      0.838482
      0.838482
      0.838482
      0.838482
      0.838482
      0.838482
      0.838481
      0.838482
      0.838481
      0.838482
      0.838481
      0.838482
      0.838481
      0.838482
      0.838481
      0.838482
      0.838481
      0.838482
      0.838481
      0.838482
      0.838481
      0.838482
      0.838481
      0.838482
      0.838481
      0.838482
      0.838481
      0.838482
      0.838481
      0.838482
      0.838481
      0.838482
      0.838481
      0.838482
      0.838481
      0.838482
      0.838482
      0.838482
      0.838482
      0.838482
      0.838482
      0.838482
      0.838482
      0.838482
      0.838482
      0.838482
      0.838482
      0.838482
      0.838482
      0.838482
      0.891861
       0.89186
      0.891861
       0.89186
      0.891861
       0.89186
      0.891861
       0.89186
      0.891861
       0.89186
      0.891861
       0.89186
      0.891861
       0.89186
      0.891861
       0.89186
      0.891861
       0.89186
      0.891861
       0.89186
      0.891861
       0.89186
      0.891861
       0.89186
      0.891861
       0.89186
      0.891861
       0.89186
      0.891861
       0.89186
      0.891861
       0.89186
      0.891861
       0.89186
      0.891861
       0.89186
      0.891861
       0.89186
      0.891861
       0.89186
      0.891861
       0.89186
      0.891861
       0.89186
      0.891861
       0.89186
      0.891861
       0.89186
      0.891861
       0.89186
      0.891861
       0.89186
      0.891861
       0.89186
      0.891861
       0.89186
      0.891861
       0.89186
      0.891861
      0.945781
      0.945781
      0.945781
      0.945781
      0.945781
      0.945781
      0.945781
      0.945781
      0.945781
      0.945781
      0.945781
      0.945781
      0.945781
      0.945781
      0.945781
      0.945781
      0.945781
      0.945781
      0.945781
      0.945781
      0.945781
      0.945781
      0.945781
      0.945781
      0.945781
      0.945781
      0.945781
      0.945781
      0.945781
      0.945781
      0.945781
      0.945781
      0.945781
      0.945781
      0.945781
      0.945781
      0.945781
      0.945781
      0.945781
      0.945781
      0.945781
      0.945781
      0.945781
      0.945781
      0.945781
      0.945781
      0.945781
      0.945781
      0.945781
      0.945781
      0.945781
      0.945781
      0.945781
      0.945781
      0.945781
      0.945781
      0.945781
      0.945781
      0.945781
             1
             1
             1
             1
             1
             1
             1
             1
             1
             1
             1
             1
             1
             1
             1
             1
             1
             1
             1
             1
             1
             1
             1
             1
             1
             1
             1
             1
             1
             1
             1
             1
             1
             1
             1
             1
             1
             1
             1
             1
             1
             1
             1
             1
             1
             1
             1
             1
             1
             1
             1
             1
             1
             1
             1
             1
             1
             1
             1
