             1
             1
             1
             1
             1
             1
             1
             1
             1
             1
             1
             1
             1
             1
             1
             1
             1
             1
             1
             1
             1
             1
             1
             1
             1
             1
             1
             1
             1
             1
             1
             1
             1
             1
             1
             1
             1
             1
             1
             1
             1
             1
             1
             1
             1
             1
             1
             1
             1
             1
             1
             1
             1
             1
             1
             1
             1
             1
             1
      0.946802
      0.946801
      0.946801
      0.946801
      0.946801
      0.946801
      0.946801
      0.946801
      0.946801
      0.946801
      0.946801
      0.946801
      0.946801
      0.946801
      0.946801
      0.946801
      0.946801
      0.946801
      0.946801
      0.946801
      0.946801
      0.946801
      0.946801
      0.946801
      0.946801
      0.946801
      0.946801
      0.946801
      0.946801
      0.946801
      0.946801
      0.946801
      0.946801
      0.946801
      0.946801
      0.946801
      0.946801
      0.946801
      0.946801
      0.946801
      0.946801
      0.946801
      0.946801
      0.946801
      0.946801
      0.946801
      0.946801
      0.946801
      0.946801
      0.946801
      0.946801
      0.946801
      0.946801
      0.946801
      0.946801
      0.946801
      0.946801
      0.946801
      0.946802
      0.893889
      0.893888
      0.893889
      0.893888
      0.893889
      0.893888
      0.893889
      0.893888
      0.893889
      0.893888
      0.893889
      0.893888
      0.893889
      0.893888
      0.893889
      0.893888
      0.893889
      0.893888
      0.893889
      0.893888
      0.893889
      0.893888
      0.893889
      0.893888
      0.893889
      0.893888
      0.893889
      0.893888
      0.893889
      0.893888
      0.893889
      0.893888
      0.893889
      0.893888
      0.893889
      0.893888
      0.893889
      0.893888
      0.893889
      0.893888
      0.893889
      0.893888
      0.893889
      0.893888
      0.893889
      0.893888
      0.893889
      0.893888
      0.893889
      0.893888
      0.893889
      0.893888
      0.893889
      0.893888
      0.893889
      0.893888
      0.893889
      0.893888
      0.893889
      0.841492
      0.841491
      0.841492
      0.841491
      0.841492
      0.841491
      0.841492
      0.841491
      0.841492
      0.841491
      0.841492
      0.841491
      0.841492
      0.841491
      0.841492
      0.841491
      0.841492
      0.841491
      0.841491
      0.841491
      0.841491
      0.841491
      0.841491
      0.841491
      0.841491
      0.841491
      0.841491
      0.841491
      0.841491
      0.841491
      0.841491
      0.841491
      0.841491
      0.841491
      0.841491
      0.841491
      0.841491
      0.841491
      0.841491
      0.841491
      0.841491
      0.841491
      0.841492
      0.841491
      0.841492
      0.841491
      0.841492
      0.841491
      0.841492
      0.841491
      0.841492
      0.841491
      0.841492
      0.841491
      0.841492
      0.841491
      0.841492
      0.841491
      0.841492
      0.789837
      0.789837
      0.789837
      0.789837
      0.789837
      0.789837
      0.789837
      0.789837
      0.789837
      0.789837
      0.789837
      0.789837
      0.789837
      0.789836
      0.789837
      0.789836
      0.789837
      0.789836
      0.789837
      0.789836
      0.789837
      0.789836
      0.789837
      0.789836
      0.789837
      0.789836
      0.789837
      0.789836
      0.789837
      0.789836
      0.789837
      0.789836
      0.789837
      0.789836
      0.789837
      0.789836
      0.789837
      0.789836
      0.789837
      0.789836
      0.789837
      0.789836
      0.789837
      0.789836
      0.789837
      0.789836
      0.789837
      0.789837
      0.789837
      0.789837
      0.789837
      0.789837
      0.789837
      0.789837
      0.789837
      0.789837
      0.789837
      0.789837
      0.789837
       0.73914
       0.73914
       0.73914
       0.73914
       0.73914
       0.73914
       0.73914
       0.73914
       0.73914
       0.73914
       0.73914
       0.73914
       0.73914
       0.73914
       0.73914
       0.73914
       0.73914
      0.739139
       0.73914
      0.739139
       0.73914
      0.739139
       0.73914
      0.739139
      0.739139
      0.739139
      0.739139
      0.739139
      0.739139
      0.739139
      0.739139
      0.739139
      0.739139
      0.739139
      0.739139
      0.739139
       0.73914
      0.739139
       0.73914
      0.739139
       0.73914
      0.739139
       0.73914
       0.73914
       0.73914
       0.73914
       0.73914
       0.73914
       0.73914
       0.73914
       0.73914
       0.73914
       0.73914
       0.73914
       0.73914
       0.73914
       0.73914
       0.73914
       0.73914
      0.689609
      0.689608
      0.689609
      0.689608
      0.689609
      0.689608
      0.689609
      0.689608
      0.689609
      0.689608
      0.689609
      0.689608
      0.689609
      0.689608
      0.689609
      0.689608
      0.689609
      0.689608
      0.689608
      0.689607
      0.689608
      0.689607
      0.689608
      0.689607
      0.689608
      0.689607
      0.689608
      0.689607
      0.689608
      0.689607
      0.689608
      0.689607
      0.689608
      0.689607
      0.689608
      0.689607
      0.689608
      0.689607
      0.689608
      0.689607
      0.689608
      0.689608
      0.689609
      0.689608
      0.689609
      0.689608
      0.689609
      0.689608
      0.689609
      0.689608
      0.689609
      0.689608
      0.689609
      0.689608
      0.689609
      0.689608
      0.689609
      0.689608
      0.689609
      0.641433
      0.641432
      0.641433
      0.641432
      0.641433
      0.641432
      0.641433
      0.641432
      0.641433
      0.641432
      0.641433
      0.641432
      0.641433
      0.641432
      0.641433
      0.641432
      0.641432
      0.641432
      0.641432
      0.641432
      0.641432
      0.641432
      0.641432
      0.641432
      0.641432
      0.641431
      0.641432
      0.641431
      0.641432
      0.641431
      0.641432
      0.641431
      0.641432
      0.641431
      0.641432
      0.641432
      0.641432
      0.641432
      0.641432
      0.641432
      0.641432
      0.641432
      0.641432
      0.641432
      0.641433
      0.641432
      0.641433
      0.641432
      0.641433
      0.641432
      0.641433
      0.641432
      0.641433
      0.641432
      0.641433
      0.641432
      0.641433
      0.641432
      0.641433
      0.594794
      0.594793
      0.594794
      0.594792
      0.594794
      0.594792
      0.594794
      0.594792
      0.594794
      0.594792
      0.594793
      0.594792
      0.594793
      0.594792
      0.594793
      0.594792
      0.594793
      0.594792
      0.594793
      0.594792
      0.594793
      0.594791
      0.594792
      0.594791
      0.594792
      0.594791
      0.594792
      0.594791
      0.594792
      0.594791
      0.594792
      0.594791
      0.594792
      0.594791
      0.594792
      0.594791
      0.594792
      0.594791
      0.594793
      0.594792
      0.594793
      0.594792
      0.594793
      0.594792
      0.594793
      0.594792
      0.594793
      0.594792
      0.594793
      0.594792
      0.594794
      0.594792
      0.594794
      0.594792
      0.594794
      0.594792
      0.594794
      0.594793
      0.594794
      0.549848
      0.549847
      0.549848
      0.549847
      0.549848
      0.549847
      0.549848
      0.549847
      0.549848
      0.549847
      0.549848
      0.549847
      0.549848
      0.549847
      0.549847
      0.549847
      0.549847
      0.549847
      0.549847
      0.549846
      0.549847
      0.549846
      0.549846
      0.549846
      0.549846
      0.549846
      0.549846
      0.549845
      0.549846
      0.549845
      0.549846
      0.549845
      0.549846
      0.549846
      0.549846
      0.549846
      0.549846
      0.549846
      0.549847
      0.549846
      0.549847
      0.549847
      0.549847
      0.549847
      0.549847
      0.549847
      0.549848
      0.549847
      0.549848
      0.549847
      0.549848
      0.549847
      0.549848
      0.549847
      0.549848
      0.549847
      0.549848
      0.549847
      0.549848
      0.506743
      0.506742
      0.506743
      0.506742
      0.506743
      0.506742
      0.506743
      0.506742
      0.506743
      0.506742
      0.506743
      0.506742
      0.506743
      0.506742
      0.506743
      0.506741
      0.506742
      0.506741
      0.506742
      0.506741
      0.506742
       0.50674
      0.506741
       0.50674
      0.506741
       0.50674
      0.506741
      0.506739
      0.506741
      0.506739
      0.506741
      0.506739
      0.506741
       0.50674
      0.506741
       0.50674
      0.506741
       0.50674
      0.506742
      0.506741
      0.506742
      0.506741
      0.506742
      0.506741
      0.506743
      0.506742
      0.506743
      0.506742
      0.506743
      0.506742
      0.506743
      0.506742
      0.506743
      0.506742
      0.506743
      0.506742
      0.506743
      0.506742
      0.506743
        0.4656
      0.465599
        0.4656
      0.465599
        0.4656
      0.465599
        0.4656
      0.465599
        0.4656
      0.465599
      0.465599
      0.465599
      0.465599
      0.465599
      0.465599
      0.465598
      0.465599
      0.465598
      0.465598
      0.465598
      0.465598
      0.465597
      0.465597
      0.465597
      0.465597
      0.465596
      0.465596
      0.465596
      0.465596
      0.465596
      0.465596
      0.465596
      0.465596
      0.465596
      0.465597
      0.465597
      0.465597
      0.465597
      0.465598
      0.465598
      0.465598
      0.465598
      0.465599
      0.465598
      0.465599
      0.465599
      0.465599
      0.465599
      0.465599
      0.465599
        0.4656
      0.465599
        0.4656
      0.465599
        0.4656
      0.465599
        0.4656
      0.465599
        0.4656
      0.426528
      0.426526
      0.426528
      0.426526
      0.426528
      0.426526
      0.426528
      0.426526
      0.426527
      0.426526
      0.426527
      0.426526
      0.426527
      0.426526
      0.426527
      0.426525
      0.426526
      0.426525
      0.426526
      0.426524
      0.426525
      0.426524
      0.426525
      0.426523
      0.426524
      0.426523
      0.426523
      0.426522
      0.426523
      0.426522
      0.426523
      0.426522
      0.426523
      0.426523
      0.426524
      0.426523
      0.426525
      0.426524
      0.426525
      0.426524
      0.426526
      0.426525
      0.426526
      0.426525
      0.426527
      0.426526
      0.426527
      0.426526
      0.426527
      0.426526
      0.426527
      0.426526
      0.426528
      0.426526
      0.426528
      0.426526
      0.426528
      0.426526
      0.426528
      0.389609
      0.389609
      0.389609
      0.389609
      0.389609
      0.389609
      0.389609
      0.389609
      0.389609
      0.389608
      0.389609
      0.389608
      0.389608
      0.389608
      0.389608
      0.389607
      0.389608
      0.389607
      0.389607
      0.389606
      0.389606
      0.389605
      0.389605
      0.389605
      0.389604
      0.389604
      0.389604
      0.389603
      0.389604
      0.389603
      0.389604
      0.389603
      0.389604
      0.389604
      0.389604
      0.389605
      0.389605
      0.389605
      0.389606
      0.389606
      0.389607
      0.389607
      0.389608
      0.389607
      0.389608
      0.389608
      0.389608
      0.389608
      0.389609
      0.389608
      0.389609
      0.389609
      0.389609
      0.389609
      0.389609
      0.389609
      0.389609
      0.389609
      0.389609
      0.354917
      0.354916
      0.354917
      0.354916
      0.354917
      0.354916
      0.354917
      0.354916
      0.354917
      0.354916
      0.354917
      0.354916
      0.354916
      0.354915
      0.354916
      0.354915
      0.354915
      0.354914
      0.354914
      0.354913
      0.354913
      0.354912
      0.354912
      0.354911
      0.354911
       0.35491
      0.354911
      0.354909
       0.35491
      0.354909
       0.35491
      0.354909
      0.354911
       0.35491
      0.354911
      0.354911
      0.354912
      0.354912
      0.354913
      0.354913
      0.354914
      0.354914
      0.354915
      0.354915
      0.354916
      0.354915
      0.354916
      0.354916
      0.354917
      0.354916
      0.354917
      0.354916
      0.354917
      0.354916
      0.354917
      0.354916
      0.354917
      0.354916
      0.354917
      0.322499
      0.322499
      0.322499
      0.322498
      0.322499
      0.322498
      0.322499
      0.322498
      0.322498
      0.322498
      0.322498
      0.322498
      0.322498
      0.322497
      0.322497
      0.322496
      0.322496
      0.322496
      0.322495
      0.322494
      0.322494
      0.322493
      0.322493
      0.322492
      0.322491
       0.32249
       0.32249
      0.322489
      0.322489
      0.322489
      0.322489
      0.322489
       0.32249
       0.32249
      0.322491
      0.322492
      0.322493
      0.322493
      0.322494
      0.322494
      0.322495
      0.322496
      0.322496
      0.322496
      0.322497
      0.322497
      0.322498
      0.322498
      0.322498
      0.322498
      0.322498
      0.322498
      0.322499
      0.322498
      0.322499
      0.322498
      0.322499
      0.322499
      0.322499
      0.292392
      0.292391
      0.292392
      0.292391
      0.292392
      0.292391
      0.292392
      0.292391
      0.292392
      0.292391
      0.292391
       0.29239
      0.292391
       0.29239
       0.29239
      0.292389
      0.292389
      0.292388
      0.292388
      0.292386
      0.292386
      0.292384
      0.292384
      0.292382
      0.292382
      0.292381
      0.292381
      0.292379
       0.29238
      0.292379
       0.29238
      0.292379
      0.292381
      0.292381
      0.292382
      0.292382
      0.292384
      0.292384
      0.292386
      0.292386
      0.292388
      0.292388
      0.292389
      0.292389
       0.29239
       0.29239
      0.292391
       0.29239
      0.292391
      0.292391
      0.292392
      0.292391
      0.292392
      0.292391
      0.292392
      0.292391
      0.292392
      0.292391
      0.292392
      0.264613
      0.264613
      0.264613
      0.264613
      0.264613
      0.264613
      0.264613
      0.264613
      0.264613
      0.264612
      0.264612
      0.264612
      0.264612
      0.264611
      0.264611
       0.26461
       0.26461
      0.264609
      0.264608
      0.264607
      0.264606
      0.264604
      0.264603
      0.264602
      0.264601
        0.2646
      0.264599
      0.264598
      0.264598
      0.264597
      0.264598
      0.264598
      0.264599
        0.2646
      0.264601
      0.264602
      0.264603
      0.264604
      0.264606
      0.264607
      0.264608
      0.264609
       0.26461
       0.26461
      0.264611
      0.264611
      0.264612
      0.264612
      0.264612
      0.264612
      0.264613
      0.264613
      0.264613
      0.264613
      0.264613
      0.264613
      0.264613
      0.264613
      0.264613
      0.239172
      0.239171
      0.239172
      0.239171
      0.239172
      0.239171
      0.239172
      0.239171
      0.239171
      0.239171
      0.239171
       0.23917
       0.23917
      0.239169
      0.239169
      0.239168
      0.239168
      0.239166
      0.239166
      0.239164
      0.239163
      0.239161
       0.23916
      0.239158
      0.239157
      0.239154
      0.239154
      0.239152
      0.239152
      0.239151
      0.239152
      0.239152
      0.239154
      0.239154
      0.239157
      0.239158
       0.23916
      0.239161
      0.239163
      0.239164
      0.239166
      0.239166
      0.239168
      0.239168
      0.239169
      0.239169
       0.23917
       0.23917
      0.239171
      0.239171
      0.239171
      0.239171
      0.239172
      0.239171
      0.239172
      0.239171
      0.239172
      0.239171
      0.239172
      0.216061
      0.216061
      0.216061
      0.216061
      0.216061
      0.216061
      0.216061
       0.21606
       0.21606
       0.21606
       0.21606
      0.216059
      0.216059
      0.216058
      0.216058
      0.216057
      0.216056
      0.216055
      0.216053
      0.216052
       0.21605
      0.216048
      0.216046
      0.216044
      0.216042
       0.21604
      0.216038
      0.216036
      0.216036
      0.216035
      0.216036
      0.216036
      0.216038
       0.21604
      0.216042
      0.216044
      0.216046
      0.216048
       0.21605
      0.216052
      0.216053
      0.216055
      0.216056
      0.216057
      0.216058
      0.216058
      0.216059
      0.216059
       0.21606
       0.21606
       0.21606
       0.21606
      0.216061
      0.216061
      0.216061
      0.216061
      0.216061
      0.216061
      0.216061
      0.195269
      0.195268
      0.195269
      0.195268
      0.195268
      0.195268
      0.195268
      0.195268
      0.195268
      0.195267
      0.195267
      0.195266
      0.195266
      0.195265
      0.195265
      0.195264
      0.195263
      0.195261
       0.19526
      0.195257
      0.195256
      0.195253
       0.19525
      0.195247
      0.195245
      0.195242
      0.195239
      0.195237
      0.195236
      0.195235
      0.195236
      0.195237
      0.195239
      0.195242
      0.195245
      0.195247
       0.19525
      0.195253
      0.195256
      0.195257
       0.19526
      0.195261
      0.195263
      0.195264
      0.195265
      0.195265
      0.195266
      0.195266
      0.195267
      0.195267
      0.195268
      0.195268
      0.195268
      0.195268
      0.195268
      0.195268
      0.195269
      0.195268
      0.195269
      0.176772
      0.176772
      0.176772
      0.176772
      0.176772
      0.176772
      0.176772
      0.176772
      0.176771
      0.176771
      0.176771
       0.17677
       0.17677
      0.176769
      0.176768
      0.176767
      0.176766
      0.176764
      0.176762
       0.17676
      0.176757
      0.176754
       0.17675
      0.176747
      0.176743
      0.176739
      0.176735
      0.176733
      0.176731
       0.17673
      0.176731
      0.176733
      0.176735
      0.176739
      0.176743
      0.176747
       0.17675
      0.176754
      0.176757
       0.17676
      0.176762
      0.176764
      0.176766
      0.176767
      0.176768
      0.176769
       0.17677
       0.17677
      0.176771
      0.176771
      0.176771
      0.176772
      0.176772
      0.176772
      0.176772
      0.176772
      0.176772
      0.176772
      0.176772
      0.160547
      0.160547
      0.160547
      0.160547
      0.160547
      0.160547
      0.160547
      0.160547
      0.160546
      0.160546
      0.160546
      0.160545
      0.160544
      0.160544
      0.160543
      0.160541
       0.16054
      0.160538
      0.160535
      0.160533
      0.160529
      0.160525
      0.160521
      0.160516
      0.160511
      0.160506
      0.160501
      0.160497
      0.160494
      0.160493
      0.160494
      0.160497
      0.160501
      0.160506
      0.160511
      0.160516
      0.160521
      0.160525
      0.160529
      0.160533
      0.160535
      0.160538
       0.16054
      0.160541
      0.160543
      0.160544
      0.160544
      0.160545
      0.160546
      0.160546
      0.160546
      0.160547
      0.160547
      0.160547
      0.160547
      0.160547
      0.160547
      0.160547
      0.160547
      0.146565
      0.146565
      0.146565
      0.146565
      0.146565
      0.146564
      0.146564
      0.146564
      0.146564
      0.146563
      0.146563
      0.146562
      0.146562
      0.146561
      0.146559
      0.146558
      0.146556
      0.146554
      0.146551
      0.146548
      0.146544
      0.146539
      0.146534
      0.146527
      0.146521
      0.146513
      0.146506
        0.1465
      0.146496
      0.146495
      0.146496
        0.1465
      0.146506
      0.146513
      0.146521
      0.146527
      0.146534
      0.146539
      0.146544
      0.146548
      0.146551
      0.146554
      0.146556
      0.146558
      0.146559
      0.146561
      0.146562
      0.146562
      0.146563
      0.146563
      0.146564
      0.146564
      0.146564
      0.146564
      0.146565
      0.146565
      0.146565
      0.146565
      0.146565
      0.134795
      0.134795
      0.134795
      0.134795
      0.134795
      0.134795
      0.134795
      0.134794
      0.134794
      0.134794
      0.134793
      0.134793
      0.134792
      0.134791
      0.134789
      0.134788
      0.134786
      0.134783
       0.13478
      0.134776
      0.134771
      0.134766
      0.134759
      0.134751
      0.134742
      0.134732
      0.134722
      0.134713
      0.134707
      0.134704
      0.134707
      0.134713
      0.134722
      0.134732
      0.134742
      0.134751
      0.134759
      0.134766
      0.134771
      0.134776
       0.13478
      0.134783
      0.134786
      0.134788
      0.134789
      0.134791
      0.134792
      0.134793
      0.134793
      0.134794
      0.134794
      0.134794
      0.134795
      0.134795
      0.134795
      0.134795
      0.134795
      0.134795
      0.134795
      0.125211
      0.125211
      0.125211
      0.125211
       0.12521
       0.12521
       0.12521
       0.12521
      0.125209
      0.125209
      0.125208
      0.125208
      0.125207
      0.125206
      0.125204
      0.125203
        0.1252
      0.125197
      0.125194
       0.12519
      0.125184
      0.125177
      0.125169
      0.125159
      0.125148
      0.125134
       0.12512
      0.125106
      0.125095
      0.125091
      0.125095
      0.125106
       0.12512
      0.125134
      0.125148
      0.125159
      0.125169
      0.125177
      0.125184
       0.12519
      0.125194
      0.125197
        0.1252
      0.125203
      0.125204
      0.125206
      0.125207
      0.125208
      0.125208
      0.125209
      0.125209
       0.12521
       0.12521
       0.12521
       0.12521
      0.125211
      0.125211
      0.125211
      0.125211
      0.117785
      0.117785
      0.117785
      0.117785
      0.117785
      0.117785
      0.117784
      0.117784
      0.117784
      0.117783
      0.117783
      0.117782
      0.117781
       0.11778
      0.117778
      0.117777
      0.117774
      0.117771
      0.117767
      0.117762
      0.117756
      0.117748
      0.117738
      0.117727
      0.117712
      0.117694
      0.117673
      0.117652
      0.117633
      0.117624
      0.117633
      0.117652
      0.117673
      0.117694
      0.117712
      0.117727
      0.117738
      0.117748
      0.117756
      0.117762
      0.117767
      0.117771
      0.117774
      0.117777
      0.117778
       0.11778
      0.117781
      0.117782
      0.117783
      0.117783
      0.117784
      0.117784
      0.117784
      0.117785
      0.117785
      0.117785
      0.117785
      0.117785
      0.117785
      0.112498
      0.112498
      0.112497
      0.112498
      0.112497
      0.112497
      0.112497
      0.112497
      0.112496
      0.112496
      0.112495
      0.112495
      0.112493
      0.112492
      0.112491
      0.112489
      0.112486
      0.112483
      0.112479
      0.112473
      0.112467
      0.112458
      0.112447
      0.112433
      0.112416
      0.112393
      0.112364
      0.112329
      0.112292
      0.112274
      0.112292
      0.112329
      0.112364
      0.112393
      0.112416
      0.112433
      0.112447
      0.112458
      0.112467
      0.112473
      0.112479
      0.112483
      0.112486
      0.112489
      0.112491
      0.112492
      0.112493
      0.112495
      0.112495
      0.112496
      0.112496
      0.112497
      0.112497
      0.112497
      0.112497
      0.112498
      0.112497
      0.112498
      0.112498
      0.109331
      0.109332
      0.109331
      0.109332
      0.109331
      0.109331
      0.109331
      0.109331
       0.10933
       0.10933
      0.109329
      0.109329
      0.109327
      0.109326
      0.109324
      0.109322
      0.109319
      0.109316
      0.109312
      0.109306
      0.109299
       0.10929
      0.109278
      0.109263
      0.109243
      0.109216
      0.109179
      0.109126
      0.109048
      0.109004
      0.109048
      0.109126
      0.109179
      0.109216
      0.109243
      0.109263
      0.109278
       0.10929
      0.109299
      0.109306
      0.109312
      0.109316
      0.109319
      0.109322
      0.109324
      0.109326
      0.109327
      0.109329
      0.109329
       0.10933
       0.10933
      0.109331
      0.109331
      0.109331
      0.109331
      0.109332
      0.109331
      0.109332
      0.109331
      0.108278
      0.108278
      0.108277
      0.108278
      0.108277
      0.108277
      0.108277
      0.108277
      0.108276
      0.108276
      0.108275
      0.108274
      0.108273
      0.108272
       0.10827
      0.108268
      0.108265
      0.108262
      0.108258
      0.108252
      0.108245
      0.108236
      0.108223
      0.108208
      0.108187
      0.108158
      0.108117
      0.108054
       0.10795
      0.107748
       0.10795
      0.108054
      0.108117
      0.108158
      0.108187
      0.108208
      0.108223
      0.108236
      0.108245
      0.108252
      0.108258
      0.108262
      0.108265
      0.108268
       0.10827
      0.108272
      0.108273
      0.108274
      0.108275
      0.108276
      0.108276
      0.108277
      0.108277
      0.108277
      0.108277
      0.108278
      0.108277
      0.108278
      0.108278
      0.109331
      0.109332
      0.109331
      0.109332
      0.109331
      0.109331
      0.109331
      0.109331
       0.10933
       0.10933
      0.109329
      0.109329
      0.109327
      0.109326
      0.109324
      0.109322
      0.109319
      0.109316
      0.109312
      0.109306
      0.109299
       0.10929
      0.109278
      0.109263
      0.109243
      0.109216
      0.109179
      0.109126
      0.109048
      0.109004
      0.109048
      0.109126
      0.109179
      0.109216
      0.109243
      0.109263
      0.109278
       0.10929
      0.109299
      0.109306
      0.109312
      0.109316
      0.109319
      0.109322
      0.109324
      0.109326
      0.109327
      0.109329
      0.109329
       0.10933
       0.10933
      0.109331
      0.109331
      0.109331
      0.109331
      0.109332
      0.109331
      0.109332
      0.109331
      0.112498
      0.112498
      0.112497
      0.112498
      0.112497
      0.112497
      0.112497
      0.112497
      0.112496
      0.112496
      0.112495
      0.112495
      0.112493
      0.112492
      0.112491
      0.112489
      0.112486
      0.112483
      0.112479
      0.112473
      0.112467
      0.112458
      0.112447
      0.112433
      0.112416
      0.112393
      0.112364
      0.112329
      0.112292
      0.112274
      0.112292
      0.112329
      0.112364
      0.112393
      0.112416
      0.112433
      0.112447
      0.112458
      0.112467
      0.112473
      0.112479
      0.112483
      0.112486
      0.112489
      0.112491
      0.112492
      0.112493
      0.112495
      0.112495
      0.112496
      0.112496
      0.112497
      0.112497
      0.112497
      0.112497
      0.112498
      0.112497
      0.112498
      0.112498
      0.117785
      0.117785
      0.117785
      0.117785
      0.117785
      0.117785
      0.117784
      0.117784
      0.117784
      0.117783
      0.117783
      0.117782
      0.117781
       0.11778
      0.117778
      0.117777
      0.117774
      0.117771
      0.117767
      0.117762
      0.117756
      0.117748
      0.117738
      0.117727
      0.117712
      0.117694
      0.117673
      0.117652
      0.117633
      0.117624
      0.117633
      0.117652
      0.117673
      0.117694
      0.117712
      0.117727
      0.117738
      0.117748
      0.117756
      0.117762
      0.117767
      0.117771
      0.117774
      0.117777
      0.117778
       0.11778
      0.117781
      0.117782
      0.117783
      0.117783
      0.117784
      0.117784
      0.117784
      0.117785
      0.117785
      0.117785
      0.117785
      0.117785
      0.117785
      0.125211
      0.125211
      0.125211
      0.125211
       0.12521
       0.12521
       0.12521
       0.12521
      0.125209
      0.125209
      0.125208
      0.125208
      0.125207
      0.125206
      0.125204
      0.125203
        0.1252
      0.125197
      0.125194
       0.12519
      0.125184
      0.125177
      0.125169
      0.125159
      0.125148
      0.125134
       0.12512
      0.125106
      0.125095
      0.125091
      0.125095
      0.125106
       0.12512
      0.125134
      0.125148
      0.125159
      0.125169
      0.125177
      0.125184
       0.12519
      0.125194
      0.125197
        0.1252
      0.125203
      0.125204
      0.125206
      0.125207
      0.125208
      0.125208
      0.125209
      0.125209
       0.12521
       0.12521
       0.12521
       0.12521
      0.125211
      0.125211
      0.125211
      0.125211
      0.134795
      0.134795
      0.134795
      0.134795
      0.134795
      0.134795
      0.134795
      0.134794
      0.134794
      0.134794
      0.134793
      0.134793
      0.134792
      0.134791
      0.134789
      0.134788
      0.134786
      0.134783
       0.13478
      0.134776
      0.134771
      0.134766
      0.134759
      0.134751
      0.134742
      0.134732
      0.134722
      0.134713
      0.134707
      0.134704
      0.134707
      0.134713
      0.134722
      0.134732
      0.134742
      0.134751
      0.134759
      0.134766
      0.134771
      0.134776
       0.13478
      0.134783
      0.134786
      0.134788
      0.134789
      0.134791
      0.134792
      0.134793
      0.134793
      0.134794
      0.134794
      0.134794
      0.134795
      0.134795
      0.134795
      0.134795
      0.134795
      0.134795
      0.134795
      0.146565
      0.146565
      0.146565
      0.146565
      0.146565
      0.146564
      0.146564
      0.146564
      0.146564
      0.146563
      0.146563
      0.146562
      0.146562
      0.146561
      0.146559
      0.146558
      0.146556
      0.146554
      0.146551
      0.146548
      0.146544
      0.146539
      0.146534
      0.146527
      0.146521
      0.146513
      0.146506
        0.1465
      0.146496
      0.146495
      0.146496
        0.1465
      0.146506
      0.146513
      0.146521
      0.146527
      0.146534
      0.146539
      0.146544
      0.146548
      0.146551
      0.146554
      0.146556
      0.146558
      0.146559
      0.146561
      0.146562
      0.146562
      0.146563
      0.146563
      0.146564
      0.146564
      0.146564
      0.146564
      0.146565
      0.146565
      0.146565
      0.146565
      0.146565
      0.160547
      0.160547
      0.160547
      0.160547
      0.160547
      0.160547
      0.160547
      0.160547
      0.160546
      0.160546
      0.160546
      0.160545
      0.160544
      0.160544
      0.160543
      0.160541
       0.16054
      0.160538
      0.160535
      0.160533
      0.160529
      0.160525
      0.160521
      0.160516
      0.160511
      0.160506
      0.160501
      0.160497
      0.160494
      0.160493
      0.160494
      0.160497
      0.160501
      0.160506
      0.160511
      0.160516
      0.160521
      0.160525
      0.160529
      0.160533
      0.160535
      0.160538
       0.16054
      0.160541
      0.160543
      0.160544
      0.160544
      0.160545
      0.160546
      0.160546
      0.160546
      0.160547
      0.160547
      0.160547
      0.160547
      0.160547
      0.160547
      0.160547
      0.160547
      0.176772
      0.176772
      0.176772
      0.176772
      0.176772
      0.176772
      0.176772
      0.176772
      0.176771
      0.176771
      0.176771
       0.17677
       0.17677
      0.176769
      0.176768
      0.176767
      0.176766
      0.176764
      0.176762
       0.17676
      0.176757
      0.176754
       0.17675
      0.176747
      0.176743
      0.176739
      0.176735
      0.176733
      0.176731
       0.17673
      0.176731
      0.176733
      0.176735
      0.176739
      0.176743
      0.176747
       0.17675
      0.176754
      0.176757
       0.17676
      0.176762
      0.176764
      0.176766
      0.176767
      0.176768
      0.176769
       0.17677
       0.17677
      0.176771
      0.176771
      0.176771
      0.176772
      0.176772
      0.176772
      0.176772
      0.176772
      0.176772
      0.176772
      0.176772
      0.195269
      0.195268
      0.195269
      0.195268
      0.195268
      0.195268
      0.195268
      0.195268
      0.195268
      0.195267
      0.195267
      0.195266
      0.195266
      0.195265
      0.195265
      0.195264
      0.195263
      0.195261
       0.19526
      0.195257
      0.195256
      0.195253
       0.19525
      0.195247
      0.195245
      0.195242
      0.195239
      0.195237
      0.195236
      0.195235
      0.195236
      0.195237
      0.195239
      0.195242
      0.195245
      0.195247
       0.19525
      0.195253
      0.195256
      0.195257
       0.19526
      0.195261
      0.195263
      0.195264
      0.195265
      0.195265
      0.195266
      0.195266
      0.195267
      0.195267
      0.195268
      0.195268
      0.195268
      0.195268
      0.195268
      0.195268
      0.195269
      0.195268
      0.195269
      0.216061
      0.216061
      0.216061
      0.216061
      0.216061
      0.216061
      0.216061
       0.21606
       0.21606
       0.21606
       0.21606
      0.216059
      0.216059
      0.216058
      0.216058
      0.216057
      0.216056
      0.216055
      0.216053
      0.216052
       0.21605
      0.216048
      0.216046
      0.216044
      0.216042
       0.21604
      0.216038
      0.216036
      0.216036
      0.216035
      0.216036
      0.216036
      0.216038
       0.21604
      0.216042
      0.216044
      0.216046
      0.216048
       0.21605
      0.216052
      0.216053
      0.216055
      0.216056
      0.216057
      0.216058
      0.216058
      0.216059
      0.216059
       0.21606
       0.21606
       0.21606
       0.21606
      0.216061
      0.216061
      0.216061
      0.216061
      0.216061
      0.216061
      0.216061
      0.239172
      0.239171
      0.239172
      0.239171
      0.239172
      0.239171
      0.239172
      0.239171
      0.239171
      0.239171
      0.239171
       0.23917
       0.23917
      0.239169
      0.239169
      0.239168
      0.239168
      0.239166
      0.239166
      0.239164
      0.239163
      0.239161
       0.23916
      0.239158
      0.239157
      0.239154
      0.239154
      0.239152
      0.239152
      0.239151
      0.239152
      0.239152
      0.239154
      0.239154
      0.239157
      0.239158
       0.23916
      0.239161
      0.239163
      0.239164
      0.239166
      0.239166
      0.239168
      0.239168
      0.239169
      0.239169
       0.23917
       0.23917
      0.239171
      0.239171
      0.239171
      0.239171
      0.239172
      0.239171
      0.239172
      0.239171
      0.239172
      0.239171
      0.239172
      0.264613
      0.264613
      0.264613
      0.264613
      0.264613
      0.264613
      0.264613
      0.264613
      0.264613
      0.264612
      0.264612
      0.264612
      0.264612
      0.264611
      0.264611
       0.26461
       0.26461
      0.264609
      0.264608
      0.264607
      0.264606
      0.264604
      0.264603
      0.264602
      0.264601
        0.2646
      0.264599
      0.264598
      0.264598
      0.264597
      0.264598
      0.264598
      0.264599
        0.2646
      0.264601
      0.264602
      0.264603
      0.264604
      0.264606
      0.264607
      0.264608
      0.264609
       0.26461
       0.26461
      0.264611
      0.264611
      0.264612
      0.264612
      0.264612
      0.264612
      0.264613
      0.264613
      0.264613
      0.264613
      0.264613
      0.264613
      0.264613
      0.264613
      0.264613
      0.292392
      0.292391
      0.292392
      0.292391
      0.292392
      0.292391
      0.292392
      0.292391
      0.292392
      0.292391
      0.292391
       0.29239
      0.292391
       0.29239
       0.29239
      0.292389
      0.292389
      0.292388
      0.292388
      0.292386
      0.292386
      0.292384
      0.292384
      0.292382
      0.292382
      0.292381
      0.292381
      0.292379
       0.29238
      0.292379
       0.29238
      0.292379
      0.292381
      0.292381
      0.292382
      0.292382
      0.292384
      0.292384
      0.292386
      0.292386
      0.292388
      0.292388
      0.292389
      0.292389
       0.29239
       0.29239
      0.292391
       0.29239
      0.292391
      0.292391
      0.292392
      0.292391
      0.292392
      0.292391
      0.292392
      0.292391
      0.292392
      0.292391
      0.292392
      0.322499
      0.322499
      0.322499
      0.322498
      0.322499
      0.322498
      0.322499
      0.322498
      0.322498
      0.322498
      0.322498
      0.322498
      0.322498
      0.322497
      0.322497
      0.322496
      0.322496
      0.322496
      0.322495
      0.322494
      0.322494
      0.322493
      0.322493
      0.322492
      0.322491
       0.32249
       0.32249
      0.322489
      0.322489
      0.322489
      0.322489
      0.322489
       0.32249
       0.32249
      0.322491
      0.322492
      0.322493
      0.322493
      0.322494
      0.322494
      0.322495
      0.322496
      0.322496
      0.322496
      0.322497
      0.322497
      0.322498
      0.322498
      0.322498
      0.322498
      0.322498
      0.322498
      0.322499
      0.322498
      0.322499
      0.322498
      0.322499
      0.322499
      0.322499
      0.354917
      0.354916
      0.354917
      0.354916
      0.354917
      0.354916
      0.354917
      0.354916
      0.354917
      0.354916
      0.354917
      0.354916
      0.354916
      0.354915
      0.354916
      0.354915
      0.354915
      0.354914
      0.354914
      0.354913
      0.354913
      0.354912
      0.354912
      0.354911
      0.354911
       0.35491
      0.354911
      0.354909
       0.35491
      0.354909
       0.35491
      0.354909
      0.354911
       0.35491
      0.354911
      0.354911
      0.354912
      0.354912
      0.354913
      0.354913
      0.354914
      0.354914
      0.354915
      0.354915
      0.354916
      0.354915
      0.354916
      0.354916
      0.354917
      0.354916
      0.354917
      0.354916
      0.354917
      0.354916
      0.354917
      0.354916
      0.354917
      0.354916
      0.354917
      0.389609
      0.389609
      0.389609
      0.389609
      0.389609
      0.389609
      0.389609
      0.389609
      0.389609
      0.389608
      0.389609
      0.389608
      0.389608
      0.389608
      0.389608
      0.389607
      0.389608
      0.389607
      0.389607
      0.389606
      0.389606
      0.389605
      0.389605
      0.389605
      0.389604
      0.389604
      0.389604
      0.389603
      0.389604
      0.389603
      0.389604
      0.389603
      0.389604
      0.389604
      0.389604
      0.389605
      0.389605
      0.389605
      0.389606
      0.389606
      0.389607
      0.389607
      0.389608
      0.389607
      0.389608
      0.389608
      0.389608
      0.389608
      0.389609
      0.389608
      0.389609
      0.389609
      0.389609
      0.389609
      0.389609
      0.389609
      0.389609
      0.389609
      0.389609
      0.426528
      0.426526
      0.426528
      0.426526
      0.426528
      0.426526
      0.426528
      0.426526
      0.426527
      0.426526
      0.426527
      0.426526
      0.426527
      0.426526
      0.426527
      0.426525
      0.426526
      0.426525
      0.426526
      0.426524
      0.426525
      0.426524
      0.426525
      0.426523
      0.426524
      0.426523
      0.426523
      0.426522
      0.426523
      0.426522
      0.426523
      0.426522
      0.426523
      0.426523
      0.426524
      0.426523
      0.426525
      0.426524
      0.426525
      0.426524
      0.426526
      0.426525
      0.426526
      0.426525
      0.426527
      0.426526
      0.426527
      0.426526
      0.426527
      0.426526
      0.426527
      0.426526
      0.426528
      0.426526
      0.426528
      0.426526
      0.426528
      0.426526
      0.426528
        0.4656
      0.465599
        0.4656
      0.465599
        0.4656
      0.465599
        0.4656
      0.465599
        0.4656
      0.465599
      0.465599
      0.465599
      0.465599
      0.465599
      0.465599
      0.465598
      0.465599
      0.465598
      0.465598
      0.465598
      0.465598
      0.465597
      0.465597
      0.465597
      0.465597
      0.465596
      0.465596
      0.465596
      0.465596
      0.465596
      0.465596
      0.465596
      0.465596
      0.465596
      0.465597
      0.465597
      0.465597
      0.465597
      0.465598
      0.465598
      0.465598
      0.465598
      0.465599
      0.465598
      0.465599
      0.465599
      0.465599
      0.465599
      0.465599
      0.465599
        0.4656
      0.465599
        0.4656
      0.465599
        0.4656
      0.465599
        0.4656
      0.465599
        0.4656
      0.506743
      0.506742
      0.506743
      0.506742
      0.506743
      0.506742
      0.506743
      0.506742
      0.506743
      0.506742
      0.506743
      0.506742
      0.506743
      0.506742
      0.506743
      0.506741
      0.506742
      0.506741
      0.506742
      0.506741
      0.506742
       0.50674
      0.506741
       0.50674
      0.506741
       0.50674
      0.506741
      0.506739
      0.506741
      0.506739
      0.506741
      0.506739
      0.506741
       0.50674
      0.506741
       0.50674
      0.506741
       0.50674
      0.506742
      0.506741
      0.506742
      0.506741
      0.506742
      0.506741
      0.506743
      0.506742
      0.506743
      0.506742
      0.506743
      0.506742
      0.506743
      0.506742
      0.506743
      0.506742
      0.506743
      0.506742
      0.506743
      0.506742
      0.506743
      0.549848
      0.549847
      0.549848
      0.549847
      0.549848
      0.549847
      0.549848
      0.549847
      0.549848
      0.549847
      0.549848
      0.549847
      0.549848
      0.549847
      0.549847
      0.549847
      0.549847
      0.549847
      0.549847
      0.549846
      0.549847
      0.549846
      0.549846
      0.549846
      0.549846
      0.549846
      0.549846
      0.549845
      0.549846
      0.549845
      0.549846
      0.549845
      0.549846
      0.549846
      0.549846
      0.549846
      0.549846
      0.549846
      0.549847
      0.549846
      0.549847
      0.549847
      0.549847
      0.549847
      0.549847
      0.549847
      0.549848
      0.549847
      0.549848
      0.549847
      0.549848
      0.549847
      0.549848
      0.549847
      0.549848
      0.549847
      0.549848
      0.549847
      0.549848
      0.594794
      0.594793
      0.594794
      0.594792
      0.594794
      0.594792
      0.594794
      0.594792
      0.594794
      0.594792
      0.594793
      0.594792
      0.594793
      0.594792
      0.594793
      0.594792
      0.594793
      0.594792
      0.594793
      0.594792
      0.594793
      0.594791
      0.594792
      0.594791
      0.594792
      0.594791
      0.594792
      0.594791
      0.594792
      0.594791
      0.594792
      0.594791
      0.594792
      0.594791
      0.594792
      0.594791
      0.594792
      0.594791
      0.594793
      0.594792
      0.594793
      0.594792
      0.594793
      0.594792
      0.594793
      0.594792
      0.594793
      0.594792
      0.594793
      0.594792
      0.594794
      0.594792
      0.594794
      0.594792
      0.594794
      0.594792
      0.594794
      0.594793
      0.594794
      0.641433
      0.641432
      0.641433
      0.641432
      0.641433
      0.641432
      0.641433
      0.641432
      0.641433
      0.641432
      0.641433
      0.641432
      0.641433
      0.641432
      0.641433
      0.641432
      0.641432
      0.641432
      0.641432
      0.641432
      0.641432
      0.641432
      0.641432
      0.641432
      0.641432
      0.641431
      0.641432
      0.641431
      0.641432
      0.641431
      0.641432
      0.641431
      0.641432
      0.641431
      0.641432
      0.641432
      0.641432
      0.641432
      0.641432
      0.641432
      0.641432
      0.641432
      0.641432
      0.641432
      0.641433
      0.641432
      0.641433
      0.641432
      0.641433
      0.641432
      0.641433
      0.641432
      0.641433
      0.641432
      0.641433
      0.641432
      0.641433
      0.641432
      0.641433
      0.689609
      0.689608
      0.689609
      0.689608
      0.689609
      0.689608
      0.689609
      0.689608
      0.689609
      0.689608
      0.689609
      0.689608
      0.689609
      0.689608
      0.689609
      0.689608
      0.689609
      0.689608
      0.689608
      0.689607
      0.689608
      0.689607
      0.689608
      0.689607
      0.689608
      0.689607
      0.689608
      0.689607
      0.689608
      0.689607
      0.689608
      0.689607
      0.689608
      0.689607
      0.689608
      0.689607
      0.689608
      0.689607
      0.689608
      0.689607
      0.689608
      0.689608
      0.689609
      0.689608
      0.689609
      0.689608
      0.689609
      0.689608
      0.689609
      0.689608
      0.689609
      0.689608
      0.689609
      0.689608
      0.689609
      0.689608
      0.689609
      0.689608
      0.689609
       0.73914
       0.73914
       0.73914
       0.73914
       0.73914
       0.73914
       0.73914
       0.73914
       0.73914
       0.73914
       0.73914
       0.73914
       0.73914
       0.73914
       0.73914
       0.73914
       0.73914
      0.739139
       0.73914
      0.739139
       0.73914
      0.739139
       0.73914
      0.739139
      0.739139
      0.739139
      0.739139
      0.739139
      0.739139
      0.739139
      0.739139
      0.739139
      0.739139
      0.739139
      0.739139
      0.739139
       0.73914
      0.739139
       0.73914
      0.739139
       0.73914
      0.739139
       0.73914
       0.73914
       0.73914
       0.73914
       0.73914
       0.73914
       0.73914
       0.73914
       0.73914
       0.73914
       0.73914
       0.73914
       0.73914
       0.73914
       0.73914
       0.73914
       0.73914
      0.789837
      0.789837
      0.789837
      0.789837
      0.789837
      0.789837
      0.789837
      0.789837
      0.789837
      0.789837
      0.789837
      0.789837
      0.789837
      0.789836
      0.789837
      0.789836
      0.789837
      0.789836
      0.789837
      0.789836
      0.789837
      0.789836
      0.789837
      0.789836
      0.789837
      0.789836
      0.789837
      0.789836
      0.789837
      0.789836
      0.789837
      0.789836
      0.789837
      0.789836
      0.789837
      0.789836
      0.789837
      0.789836
      0.789837
      0.789836
      0.789837
      0.789836
      0.789837
      0.789836
      0.789837
      0.789836
      0.789837
      0.789837
      0.789837
      0.789837
      0.789837
      0.789837
      0.789837
      0.789837
      0.789837
      0.789837
      0.789837
      0.789837
      0.789837
      0.841492
      0.841491
      0.841492
      0.841491
      0.841492
      0.841491
      0.841492
      0.841491
      0.841492
      0.841491
      0.841492
      0.841491
      0.841492
      0.841491
      0.841492
      0.841491
      0.841492
      0.841491
      0.841491
      0.841491
      0.841491
      0.841491
      0.841491
      0.841491
      0.841491
      0.841491
      0.841491
      0.841491
      0.841491
      0.841491
      0.841491
      0.841491
      0.841491
      0.841491
      0.841491
      0.841491
      0.841491
      0.841491
      0.841491
      0.841491
      0.841491
      0.841491
      0.841492
      0.841491
      0.841492
      0.841491
      0.841492
      0.841491
      0.841492
      0.841491
      0.841492
      0.841491
      0.841492
      0.841491
      0.841492
      0.841491
      0.841492
      0.841491
      0.841492
      0.893889
      0.893888
      0.893889
      0.893888
      0.893889
      0.893888
      0.893889
      0.893888
      0.893889
      0.893888
      0.893889
      0.893888
      0.893889
      0.893888
      0.893889
      0.893888
      0.893889
      0.893888
      0.893889
      0.893888
      0.893889
      0.893888
      0.893889
      0.893888
      0.893889
      0.893888
      0.893889
      0.893888
      0.893889
      0.893888
      0.893889
      0.893888
      0.893889
      0.893888
      0.893889
      0.893888
      0.893889
      0.893888
      0.893889
      0.893888
      0.893889
      0.893888
      0.893889
      0.893888
      0.893889
      0.893888
      0.893889
      0.893888
      0.893889
      0.893888
      0.893889
      0.893888
      0.893889
      0.893888
      0.893889
      0.893888
      0.893889
      0.893888
      0.893889
      0.946802
      0.946801
      0.946801
      0.946801
      0.946801
      0.946801
      0.946801
      0.946801
      0.946801
      0.946801
      0.946801
      0.946801
      0.946801
      0.946801
      0.946801
      0.946801
      0.946801
      0.946801
      0.946801
      0.946801
      0.946801
      0.946801
      0.946801
      0.946801
      0.946801
      0.946801
      0.946801
      0.946801
      0.946801
      0.946801
      0.946801
      0.946801
      0.946801
      0.946801
      0.946801
      0.946801
      0.946801
      0.946801
      0.946801
      0.946801
      0.946801
      0.946801
      0.946801
      0.946801
      0.946801
      0.946801
      0.946801
      0.946801
      0.946801
      0.946801
      0.946801
      0.946801
      0.946801
      0.946801
      0.946801
      0.946801
      0.946801
      0.946801
      0.946802
             1
             1
             1
             1
             1
             1
             1
             1
             1
             1
             1
             1
             1
             1
             1
             1
             1
             1
             1
             1
             1
             1
             1
             1
             1
             1
             1
             1
             1
             1
             1
             1
             1
             1
             1
             1
             1
             1
             1
             1
             1
             1
             1
             1
             1
             1
             1
             1
             1
             1
             1
             1
             1
             1
             1
             1
             1
             1
             1
