             1
             1
             1
             1
             1
             1
             1
             1
             1
             1
             1
             1
             1
             1
             1
             1
             1
             1
             1
             1
             1
             1
             1
             1
             1
             1
             1
             1
             1
             1
             1
             1
             1
             1
             1
             1
             1
             1
             1
             1
             1
             1
             1
             1
             1
             1
             1
             1
             1
             1
             1
             1
             1
             1
             1
             1
             1
             1
             1
      0.947292
      0.947292
      0.947292
      0.947292
      0.947292
      0.947292
      0.947292
      0.947292
      0.947292
      0.947292
      0.947292
      0.947292
      0.947292
      0.947292
      0.947292
      0.947292
      0.947292
      0.947292
      0.947292
      0.947292
      0.947292
      0.947292
      0.947292
      0.947292
      0.947292
      0.947292
      0.947292
      0.947292
      0.947292
      0.947292
      0.947292
      0.947292
      0.947292
      0.947292
      0.947292
      0.947292
      0.947292
      0.947292
      0.947292
      0.947292
      0.947292
      0.947292
      0.947292
      0.947292
      0.947292
      0.947292
      0.947292
      0.947292
      0.947292
      0.947292
      0.947292
      0.947292
      0.947292
      0.947292
      0.947292
      0.947292
      0.947292
      0.947292
      0.947292
      0.894864
      0.894863
      0.894864
      0.894863
      0.894864
      0.894863
      0.894864
      0.894863
      0.894864
      0.894863
      0.894864
      0.894863
      0.894864
      0.894863
      0.894864
      0.894863
      0.894864
      0.894863
      0.894864
      0.894863
      0.894864
      0.894863
      0.894864
      0.894863
      0.894864
      0.894863
      0.894864
      0.894863
      0.894864
      0.894863
      0.894864
      0.894863
      0.894864
      0.894863
      0.894864
      0.894863
      0.894864
      0.894863
      0.894864
      0.894863
      0.894864
      0.894863
      0.894864
      0.894863
      0.894864
      0.894863
      0.894864
      0.894863
      0.894864
      0.894863
      0.894864
      0.894863
      0.894864
      0.894863
      0.894864
      0.894863
      0.894864
      0.894863
      0.894864
      0.842939
      0.842939
      0.842939
      0.842939
      0.842939
      0.842939
      0.842939
      0.842939
      0.842939
      0.842939
      0.842939
      0.842939
      0.842939
      0.842939
      0.842939
      0.842939
      0.842939
      0.842939
      0.842939
      0.842939
      0.842939
      0.842939
      0.842939
      0.842939
      0.842939
      0.842939
      0.842939
      0.842939
      0.842939
      0.842939
      0.842939
      0.842939
      0.842939
      0.842939
      0.842939
      0.842939
      0.842939
      0.842939
      0.842939
      0.842939
      0.842939
      0.842939
      0.842939
      0.842939
      0.842939
      0.842939
      0.842939
      0.842939
      0.842939
      0.842939
      0.842939
      0.842939
      0.842939
      0.842939
      0.842939
      0.842939
      0.842939
      0.842939
      0.842939
       0.79174
       0.79174
       0.79174
       0.79174
       0.79174
       0.79174
       0.79174
       0.79174
       0.79174
       0.79174
       0.79174
       0.79174
       0.79174
       0.79174
       0.79174
       0.79174
       0.79174
      0.791739
       0.79174
      0.791739
       0.79174
      0.791739
       0.79174
      0.791739
       0.79174
      0.791739
       0.79174
      0.791739
       0.79174
      0.791739
       0.79174
      0.791739
       0.79174
      0.791739
       0.79174
      0.791739
       0.79174
      0.791739
       0.79174
      0.791739
       0.79174
      0.791739
       0.79174
       0.79174
       0.79174
       0.79174
       0.79174
       0.79174
       0.79174
       0.79174
       0.79174
       0.79174
       0.79174
       0.79174
       0.79174
       0.79174
       0.79174
       0.79174
       0.79174
      0.741476
      0.741476
      0.741476
      0.741476
      0.741476
      0.741476
      0.741476
      0.741476
      0.741476
      0.741476
      0.741476
      0.741476
      0.741476
      0.741476
      0.741476
      0.741476
      0.741476
      0.741475
      0.741476
      0.741475
      0.741476
      0.741475
      0.741475
      0.741475
      0.741475
      0.741475
      0.741475
      0.741475
      0.741475
      0.741475
      0.741475
      0.741475
      0.741475
      0.741475
      0.741475
      0.741475
      0.741475
      0.741475
      0.741476
      0.741475
      0.741476
      0.741475
      0.741476
      0.741476
      0.741476
      0.741476
      0.741476
      0.741476
      0.741476
      0.741476
      0.741476
      0.741476
      0.741476
      0.741476
      0.741476
      0.741476
      0.741476
      0.741476
      0.741476
      0.692351
       0.69235
      0.692351
       0.69235
      0.692351
       0.69235
      0.692351
       0.69235
      0.692351
       0.69235
       0.69235
       0.69235
       0.69235
      0.692349
       0.69235
      0.692349
       0.69235
      0.692349
       0.69235
      0.692349
       0.69235
      0.692349
       0.69235
      0.692349
       0.69235
      0.692349
       0.69235
      0.692349
       0.69235
      0.692349
       0.69235
      0.692349
       0.69235
      0.692349
       0.69235
      0.692349
       0.69235
      0.692349
       0.69235
      0.692349
       0.69235
      0.692349
       0.69235
      0.692349
       0.69235
      0.692349
       0.69235
       0.69235
       0.69235
       0.69235
      0.692351
       0.69235
      0.692351
       0.69235
      0.692351
       0.69235
      0.692351
       0.69235
      0.692351
      0.644549
      0.644549
      0.644549
      0.644549
      0.644549
      0.644549
      0.644549
      0.644549
      0.644549
      0.644549
      0.644549
      0.644549
      0.644549
      0.644549
      0.644549
      0.644549
      0.644549
      0.644549
      0.644549
      0.644548
      0.644549
      0.644548
      0.644548
      0.644548
      0.644548
      0.644548
      0.644548
      0.644548
      0.644548
      0.644548
      0.644548
      0.644548
      0.644548
      0.644548
      0.644548
      0.644548
      0.644548
      0.644548
      0.644549
      0.644548
      0.644549
      0.644549
      0.644549
      0.644549
      0.644549
      0.644549
      0.644549
      0.644549
      0.644549
      0.644549
      0.644549
      0.644549
      0.644549
      0.644549
      0.644549
      0.644549
      0.644549
      0.644549
      0.644549
      0.598251
       0.59825
      0.598251
       0.59825
      0.598251
       0.59825
      0.598251
       0.59825
      0.598251
       0.59825
      0.598251
       0.59825
      0.598251
      0.598249
       0.59825
      0.598249
       0.59825
      0.598249
       0.59825
      0.598249
       0.59825
      0.598249
       0.59825
      0.598248
      0.598249
      0.598248
      0.598249
      0.598248
      0.598249
      0.598248
      0.598249
      0.598248
      0.598249
      0.598248
      0.598249
      0.598248
       0.59825
      0.598249
       0.59825
      0.598249
       0.59825
      0.598249
       0.59825
      0.598249
       0.59825
      0.598249
      0.598251
       0.59825
      0.598251
       0.59825
      0.598251
       0.59825
      0.598251
       0.59825
      0.598251
       0.59825
      0.598251
       0.59825
      0.598251
      0.553609
      0.553609
      0.553609
      0.553609
      0.553609
      0.553609
      0.553609
      0.553609
      0.553609
      0.553609
      0.553609
      0.553608
      0.553609
      0.553608
      0.553609
      0.553608
      0.553608
      0.553608
      0.553608
      0.553607
      0.553608
      0.553607
      0.553607
      0.553607
      0.553607
      0.553607
      0.553607
      0.553606
      0.553607
      0.553606
      0.553607
      0.553606
      0.553607
      0.553607
      0.553607
      0.553607
      0.553607
      0.553607
      0.553608
      0.553607
      0.553608
      0.553608
      0.553608
      0.553608
      0.553609
      0.553608
      0.553609
      0.553608
      0.553609
      0.553609
      0.553609
      0.553609
      0.553609
      0.553609
      0.553609
      0.553609
      0.553609
      0.553609
      0.553609
       0.51077
      0.510769
       0.51077
      0.510769
       0.51077
      0.510769
       0.51077
      0.510769
       0.51077
      0.510769
       0.51077
      0.510769
       0.51077
      0.510768
      0.510769
      0.510768
      0.510769
      0.510768
      0.510769
      0.510767
      0.510768
      0.510767
      0.510768
      0.510767
      0.510768
      0.510766
      0.510767
      0.510766
      0.510767
      0.510766
      0.510767
      0.510766
      0.510767
      0.510766
      0.510768
      0.510767
      0.510768
      0.510767
      0.510768
      0.510767
      0.510769
      0.510768
      0.510769
      0.510768
      0.510769
      0.510768
       0.51077
      0.510769
       0.51077
      0.510769
       0.51077
      0.510769
       0.51077
      0.510769
       0.51077
      0.510769
       0.51077
      0.510769
       0.51077
      0.469853
      0.469853
      0.469853
      0.469853
      0.469853
      0.469853
      0.469853
      0.469853
      0.469853
      0.469853
      0.469853
      0.469853
      0.469853
      0.469852
      0.469853
      0.469852
      0.469852
      0.469852
      0.469852
      0.469851
      0.469851
      0.469851
      0.469851
       0.46985
       0.46985
       0.46985
       0.46985
      0.469849
       0.46985
      0.469849
       0.46985
      0.469849
       0.46985
       0.46985
       0.46985
       0.46985
      0.469851
      0.469851
      0.469851
      0.469851
      0.469852
      0.469852
      0.469852
      0.469852
      0.469853
      0.469852
      0.469853
      0.469853
      0.469853
      0.469853
      0.469853
      0.469853
      0.469853
      0.469853
      0.469853
      0.469853
      0.469853
      0.469853
      0.469853
      0.430969
      0.430968
      0.430969
      0.430968
      0.430969
      0.430968
      0.430969
      0.430968
      0.430969
      0.430968
      0.430969
      0.430967
      0.430968
      0.430967
      0.430968
      0.430967
      0.430968
      0.430966
      0.430967
      0.430966
      0.430966
      0.430965
      0.430966
      0.430964
      0.430965
      0.430964
      0.430965
      0.430963
      0.430964
      0.430963
      0.430964
      0.430963
      0.430965
      0.430964
      0.430965
      0.430964
      0.430966
      0.430965
      0.430966
      0.430966
      0.430967
      0.430966
      0.430968
      0.430967
      0.430968
      0.430967
      0.430968
      0.430967
      0.430969
      0.430968
      0.430969
      0.430968
      0.430969
      0.430968
      0.430969
      0.430968
      0.430969
      0.430968
      0.430969
      0.394201
        0.3942
      0.394201
        0.3942
      0.394201
        0.3942
      0.394201
        0.3942
        0.3942
        0.3942
        0.3942
        0.3942
        0.3942
      0.394199
      0.394199
      0.394199
      0.394199
      0.394198
      0.394198
      0.394197
      0.394197
      0.394196
      0.394196
      0.394196
      0.394195
      0.394195
      0.394195
      0.394194
      0.394194
      0.394194
      0.394194
      0.394194
      0.394195
      0.394195
      0.394195
      0.394196
      0.394196
      0.394196
      0.394197
      0.394197
      0.394198
      0.394198
      0.394199
      0.394199
      0.394199
      0.394199
        0.3942
        0.3942
        0.3942
        0.3942
        0.3942
        0.3942
      0.394201
        0.3942
      0.394201
        0.3942
      0.394201
        0.3942
      0.394201
      0.359622
      0.359621
      0.359622
      0.359621
      0.359622
      0.359621
      0.359622
      0.359621
      0.359622
      0.359621
      0.359622
      0.359621
      0.359621
       0.35962
      0.359621
       0.35962
       0.35962
      0.359619
      0.359619
      0.359618
      0.359618
      0.359617
      0.359617
      0.359615
      0.359616
      0.359614
      0.359615
      0.359614
      0.359614
      0.359613
      0.359614
      0.359614
      0.359615
      0.359614
      0.359616
      0.359615
      0.359617
      0.359617
      0.359618
      0.359618
      0.359619
      0.359619
       0.35962
       0.35962
      0.359621
       0.35962
      0.359621
      0.359621
      0.359622
      0.359621
      0.359622
      0.359621
      0.359622
      0.359621
      0.359622
      0.359621
      0.359622
      0.359621
      0.359622
      0.327284
      0.327283
      0.327284
      0.327283
      0.327284
      0.327283
      0.327283
      0.327283
      0.327283
      0.327283
      0.327283
      0.327282
      0.327282
      0.327282
      0.327282
      0.327281
      0.327281
       0.32728
       0.32728
      0.327279
      0.327278
      0.327277
      0.327277
      0.327276
      0.327275
      0.327274
      0.327274
      0.327273
      0.327273
      0.327273
      0.327273
      0.327273
      0.327274
      0.327274
      0.327275
      0.327276
      0.327277
      0.327277
      0.327278
      0.327279
       0.32728
       0.32728
      0.327281
      0.327281
      0.327282
      0.327282
      0.327282
      0.327282
      0.327283
      0.327283
      0.327283
      0.327283
      0.327283
      0.327283
      0.327284
      0.327283
      0.327284
      0.327283
      0.327284
      0.297226
      0.297225
      0.297226
      0.297225
      0.297226
      0.297225
      0.297225
      0.297225
      0.297225
      0.297224
      0.297225
      0.297224
      0.297224
      0.297223
      0.297223
      0.297222
      0.297222
      0.297221
      0.297221
      0.297219
      0.297219
      0.297217
      0.297217
      0.297215
      0.297215
      0.297213
      0.297213
      0.297212
      0.297213
      0.297212
      0.297213
      0.297212
      0.297213
      0.297213
      0.297215
      0.297215
      0.297217
      0.297217
      0.297219
      0.297219
      0.297221
      0.297221
      0.297222
      0.297222
      0.297223
      0.297223
      0.297224
      0.297224
      0.297225
      0.297224
      0.297225
      0.297225
      0.297225
      0.297225
      0.297226
      0.297225
      0.297226
      0.297225
      0.297226
      0.269468
      0.269468
      0.269468
      0.269468
      0.269468
      0.269468
      0.269468
      0.269468
      0.269468
      0.269467
      0.269467
      0.269467
      0.269467
      0.269466
      0.269466
      0.269465
      0.269464
      0.269463
      0.269462
      0.269461
       0.26946
      0.269459
      0.269458
      0.269456
      0.269455
      0.269454
      0.269453
      0.269452
      0.269451
      0.269451
      0.269451
      0.269452
      0.269453
      0.269454
      0.269455
      0.269456
      0.269458
      0.269459
       0.26946
      0.269461
      0.269462
      0.269463
      0.269464
      0.269465
      0.269466
      0.269466
      0.269467
      0.269467
      0.269467
      0.269467
      0.269468
      0.269468
      0.269468
      0.269468
      0.269468
      0.269468
      0.269468
      0.269468
      0.269468
      0.244025
      0.244024
      0.244025
      0.244024
      0.244025
      0.244024
      0.244025
      0.244024
      0.244024
      0.244023
      0.244024
      0.244023
      0.244023
      0.244022
      0.244022
       0.24402
       0.24402
      0.244019
      0.244018
      0.244016
      0.244015
      0.244013
      0.244012
      0.244009
      0.244008
      0.244006
      0.244005
      0.244004
      0.244003
      0.244003
      0.244003
      0.244004
      0.244005
      0.244006
      0.244008
      0.244009
      0.244012
      0.244013
      0.244015
      0.244016
      0.244018
      0.244019
       0.24402
       0.24402
      0.244022
      0.244022
      0.244023
      0.244023
      0.244024
      0.244023
      0.244024
      0.244024
      0.244025
      0.244024
      0.244025
      0.244024
      0.244025
      0.244024
      0.244025
      0.220892
      0.220892
      0.220892
      0.220892
      0.220892
      0.220892
      0.220892
      0.220892
      0.220892
      0.220891
      0.220891
      0.220891
       0.22089
      0.220889
      0.220889
      0.220888
      0.220887
      0.220886
      0.220884
      0.220882
      0.220881
      0.220878
      0.220876
      0.220874
      0.220872
      0.220869
      0.220868
      0.220866
      0.220865
      0.220865
      0.220865
      0.220866
      0.220868
      0.220869
      0.220872
      0.220874
      0.220876
      0.220878
      0.220881
      0.220882
      0.220884
      0.220886
      0.220887
      0.220888
      0.220889
      0.220889
       0.22089
      0.220891
      0.220891
      0.220891
      0.220892
      0.220892
      0.220892
      0.220892
      0.220892
      0.220892
      0.220892
      0.220892
      0.220892
      0.200064
      0.200063
      0.200064
      0.200063
      0.200063
      0.200063
      0.200063
      0.200063
      0.200063
      0.200062
      0.200062
      0.200061
      0.200061
       0.20006
      0.200059
      0.200058
      0.200057
      0.200055
      0.200054
      0.200052
      0.200049
      0.200047
      0.200044
      0.200041
      0.200038
      0.200035
      0.200032
       0.20003
      0.200029
      0.200028
      0.200029
       0.20003
      0.200032
      0.200035
      0.200038
      0.200041
      0.200044
      0.200047
      0.200049
      0.200052
      0.200054
      0.200055
      0.200057
      0.200058
      0.200059
       0.20006
      0.200061
      0.200061
      0.200062
      0.200062
      0.200063
      0.200063
      0.200063
      0.200063
      0.200063
      0.200063
      0.200064
      0.200063
      0.200064
       0.18152
       0.18152
       0.18152
       0.18152
       0.18152
       0.18152
       0.18152
       0.18152
      0.181519
      0.181519
      0.181519
      0.181518
      0.181517
      0.181516
      0.181516
      0.181514
      0.181513
      0.181511
      0.181509
      0.181506
      0.181504
        0.1815
      0.181497
      0.181493
      0.181489
      0.181484
      0.181481
      0.181478
      0.181476
      0.181475
      0.181476
      0.181478
      0.181481
      0.181484
      0.181489
      0.181493
      0.181497
        0.1815
      0.181504
      0.181506
      0.181509
      0.181511
      0.181513
      0.181514
      0.181516
      0.181516
      0.181517
      0.181518
      0.181519
      0.181519
      0.181519
       0.18152
       0.18152
       0.18152
       0.18152
       0.18152
       0.18152
       0.18152
       0.18152
      0.165242
      0.165242
      0.165242
      0.165242
      0.165242
      0.165241
      0.165241
      0.165241
      0.165241
       0.16524
       0.16524
      0.165239
      0.165239
      0.165238
      0.165237
      0.165235
      0.165233
      0.165231
      0.165229
      0.165226
      0.165222
      0.165218
      0.165214
      0.165208
      0.165203
      0.165197
      0.165192
      0.165188
      0.165185
      0.165184
      0.165185
      0.165188
      0.165192
      0.165197
      0.165203
      0.165208
      0.165214
      0.165218
      0.165222
      0.165226
      0.165229
      0.165231
      0.165233
      0.165235
      0.165237
      0.165238
      0.165239
      0.165239
       0.16524
       0.16524
      0.165241
      0.165241
      0.165241
      0.165241
      0.165242
      0.165242
      0.165242
      0.165242
      0.165242
      0.151204
      0.151204
      0.151204
      0.151203
      0.151203
      0.151203
      0.151203
      0.151203
      0.151202
      0.151202
      0.151202
      0.151201
        0.1512
      0.151199
      0.151198
      0.151196
      0.151194
      0.151192
      0.151189
      0.151185
      0.151181
      0.151176
       0.15117
      0.151164
      0.151156
      0.151149
      0.151141
      0.151135
      0.151131
      0.151129
      0.151131
      0.151135
      0.151141
      0.151149
      0.151156
      0.151164
       0.15117
      0.151176
      0.151181
      0.151185
      0.151189
      0.151192
      0.151194
      0.151196
      0.151198
      0.151199
        0.1512
      0.151201
      0.151202
      0.151202
      0.151202
      0.151203
      0.151203
      0.151203
      0.151203
      0.151203
      0.151204
      0.151204
      0.151204
       0.13938
       0.13938
       0.13938
       0.13938
       0.13938
       0.13938
      0.139379
      0.139379
      0.139379
      0.139378
      0.139378
      0.139377
      0.139376
      0.139375
      0.139373
      0.139372
      0.139369
      0.139367
      0.139363
      0.139359
      0.139354
      0.139348
      0.139341
      0.139333
      0.139323
      0.139313
      0.139302
      0.139293
      0.139286
      0.139283
      0.139286
      0.139293
      0.139302
      0.139313
      0.139323
      0.139333
      0.139341
      0.139348
      0.139354
      0.139359
      0.139363
      0.139367
      0.139369
      0.139372
      0.139373
      0.139375
      0.139376
      0.139377
      0.139378
      0.139378
      0.139379
      0.139379
      0.139379
       0.13938
       0.13938
       0.13938
       0.13938
       0.13938
       0.13938
      0.129746
      0.129746
      0.129746
      0.129746
      0.129746
      0.129746
      0.129745
      0.129745
      0.129745
      0.129744
      0.129744
      0.129743
      0.129742
      0.129741
      0.129739
      0.129737
      0.129735
      0.129732
      0.129728
      0.129723
      0.129717
       0.12971
      0.129702
      0.129691
      0.129679
      0.129665
       0.12965
      0.129635
      0.129624
      0.129619
      0.129624
      0.129635
       0.12965
      0.129665
      0.129679
      0.129691
      0.129702
       0.12971
      0.129717
      0.129723
      0.129728
      0.129732
      0.129735
      0.129737
      0.129739
      0.129741
      0.129742
      0.129743
      0.129744
      0.129744
      0.129745
      0.129745
      0.129745
      0.129746
      0.129746
      0.129746
      0.129746
      0.129746
      0.129746
      0.122279
      0.122279
      0.122279
      0.122279
      0.122279
      0.122279
      0.122278
      0.122278
      0.122277
      0.122277
      0.122276
      0.122276
      0.122275
      0.122273
      0.122272
       0.12227
      0.122267
      0.122264
      0.122259
      0.122254
      0.122248
       0.12224
      0.122229
      0.122217
      0.122201
      0.122183
       0.12216
      0.122138
      0.122118
      0.122109
      0.122118
      0.122138
       0.12216
      0.122183
      0.122201
      0.122217
      0.122229
       0.12224
      0.122248
      0.122254
      0.122259
      0.122264
      0.122267
       0.12227
      0.122272
      0.122273
      0.122275
      0.122276
      0.122276
      0.122277
      0.122277
      0.122278
      0.122278
      0.122279
      0.122279
      0.122279
      0.122279
      0.122279
      0.122279
       0.11696
       0.11696
       0.11696
       0.11696
       0.11696
       0.11696
       0.11696
      0.116959
      0.116959
      0.116958
      0.116958
      0.116957
      0.116956
      0.116954
      0.116953
      0.116951
      0.116948
      0.116944
       0.11694
      0.116934
      0.116927
      0.116918
      0.116906
      0.116892
      0.116873
      0.116849
      0.116819
      0.116783
      0.116744
      0.116725
      0.116744
      0.116783
      0.116819
      0.116849
      0.116873
      0.116892
      0.116906
      0.116918
      0.116927
      0.116934
       0.11694
      0.116944
      0.116948
      0.116951
      0.116953
      0.116954
      0.116956
      0.116957
      0.116958
      0.116958
      0.116959
      0.116959
       0.11696
       0.11696
       0.11696
       0.11696
       0.11696
       0.11696
       0.11696
      0.113774
      0.113775
      0.113774
      0.113775
      0.113774
      0.113774
      0.113774
      0.113774
      0.113773
      0.113773
      0.113772
      0.113771
       0.11377
      0.113769
      0.113767
      0.113765
      0.113762
      0.113758
      0.113753
      0.113748
       0.11374
      0.113731
      0.113718
      0.113702
      0.113681
      0.113653
      0.113614
      0.113558
      0.113477
      0.113431
      0.113477
      0.113558
      0.113614
      0.113653
      0.113681
      0.113702
      0.113718
      0.113731
       0.11374
      0.113748
      0.113753
      0.113758
      0.113762
      0.113765
      0.113767
      0.113769
       0.11377
      0.113771
      0.113772
      0.113773
      0.113773
      0.113774
      0.113774
      0.113774
      0.113774
      0.113775
      0.113774
      0.113775
      0.113774
      0.112714
      0.112714
      0.112714
      0.112714
      0.112714
      0.112714
      0.112713
      0.112713
      0.112713
      0.112712
      0.112711
      0.112711
      0.112709
      0.112708
      0.112706
      0.112704
      0.112701
      0.112697
      0.112693
      0.112687
      0.112679
      0.112669
      0.112656
       0.11264
      0.112618
      0.112587
      0.112544
      0.112479
       0.11237
       0.11216
       0.11237
      0.112479
      0.112544
      0.112587
      0.112618
       0.11264
      0.112656
      0.112669
      0.112679
      0.112687
      0.112693
      0.112697
      0.112701
      0.112704
      0.112706
      0.112708
      0.112709
      0.112711
      0.112711
      0.112712
      0.112713
      0.112713
      0.112713
      0.112714
      0.112714
      0.112714
      0.112714
      0.112714
      0.112714
      0.113774
      0.113775
      0.113774
      0.113775
      0.113774
      0.113774
      0.113774
      0.113774
      0.113773
      0.113773
      0.113772
      0.113771
       0.11377
      0.113769
      0.113767
      0.113765
      0.113762
      0.113758
      0.113753
      0.113748
       0.11374
      0.113731
      0.113718
      0.113702
      0.113681
      0.113653
      0.113614
      0.113558
      0.113477
      0.113431
      0.113477
      0.113558
      0.113614
      0.113653
      0.113681
      0.113702
      0.113718
      0.113731
       0.11374
      0.113748
      0.113753
      0.113758
      0.113762
      0.113765
      0.113767
      0.113769
       0.11377
      0.113771
      0.113772
      0.113773
      0.113773
      0.113774
      0.113774
      0.113774
      0.113774
      0.113775
      0.113774
      0.113775
      0.113774
       0.11696
       0.11696
       0.11696
       0.11696
       0.11696
       0.11696
       0.11696
      0.116959
      0.116959
      0.116958
      0.116958
      0.116957
      0.116956
      0.116954
      0.116953
      0.116951
      0.116948
      0.116944
       0.11694
      0.116934
      0.116927
      0.116918
      0.116906
      0.116892
      0.116873
      0.116849
      0.116819
      0.116783
      0.116744
      0.116725
      0.116744
      0.116783
      0.116819
      0.116849
      0.116873
      0.116892
      0.116906
      0.116918
      0.116927
      0.116934
       0.11694
      0.116944
      0.116948
      0.116951
      0.116953
      0.116954
      0.116956
      0.116957
      0.116958
      0.116958
      0.116959
      0.116959
       0.11696
       0.11696
       0.11696
       0.11696
       0.11696
       0.11696
       0.11696
      0.122279
      0.122279
      0.122279
      0.122279
      0.122279
      0.122279
      0.122278
      0.122278
      0.122277
      0.122277
      0.122276
      0.122276
      0.122275
      0.122273
      0.122272
       0.12227
      0.122267
      0.122264
      0.122259
      0.122254
      0.122248
       0.12224
      0.122229
      0.122217
      0.122201
      0.122183
       0.12216
      0.122138
      0.122118
      0.122109
      0.122118
      0.122138
       0.12216
      0.122183
      0.122201
      0.122217
      0.122229
       0.12224
      0.122248
      0.122254
      0.122259
      0.122264
      0.122267
       0.12227
      0.122272
      0.122273
      0.122275
      0.122276
      0.122276
      0.122277
      0.122277
      0.122278
      0.122278
      0.122279
      0.122279
      0.122279
      0.122279
      0.122279
      0.122279
      0.129746
      0.129746
      0.129746
      0.129746
      0.129746
      0.129746
      0.129745
      0.129745
      0.129745
      0.129744
      0.129744
      0.129743
      0.129742
      0.129741
      0.129739
      0.129737
      0.129735
      0.129732
      0.129728
      0.129723
      0.129717
       0.12971
      0.129702
      0.129691
      0.129679
      0.129665
       0.12965
      0.129635
      0.129624
      0.129619
      0.129624
      0.129635
       0.12965
      0.129665
      0.129679
      0.129691
      0.129702
       0.12971
      0.129717
      0.129723
      0.129728
      0.129732
      0.129735
      0.129737
      0.129739
      0.129741
      0.129742
      0.129743
      0.129744
      0.129744
      0.129745
      0.129745
      0.129745
      0.129746
      0.129746
      0.129746
      0.129746
      0.129746
      0.129746
       0.13938
       0.13938
       0.13938
       0.13938
       0.13938
       0.13938
      0.139379
      0.139379
      0.139379
      0.139378
      0.139378
      0.139377
      0.139376
      0.139375
      0.139373
      0.139372
      0.139369
      0.139367
      0.139363
      0.139359
      0.139354
      0.139348
      0.139341
      0.139333
      0.139323
      0.139313
      0.139302
      0.139293
      0.139286
      0.139283
      0.139286
      0.139293
      0.139302
      0.139313
      0.139323
      0.139333
      0.139341
      0.139348
      0.139354
      0.139359
      0.139363
      0.139367
      0.139369
      0.139372
      0.139373
      0.139375
      0.139376
      0.139377
      0.139378
      0.139378
      0.139379
      0.139379
      0.139379
       0.13938
       0.13938
       0.13938
       0.13938
       0.13938
       0.13938
      0.151204
      0.151204
      0.151204
      0.151203
      0.151203
      0.151203
      0.151203
      0.151203
      0.151202
      0.151202
      0.151202
      0.151201
        0.1512
      0.151199
      0.151198
      0.151196
      0.151194
      0.151192
      0.151189
      0.151185
      0.151181
      0.151176
       0.15117
      0.151164
      0.151156
      0.151149
      0.151141
      0.151135
      0.151131
      0.151129
      0.151131
      0.151135
      0.151141
      0.151149
      0.151156
      0.151164
       0.15117
      0.151176
      0.151181
      0.151185
      0.151189
      0.151192
      0.151194
      0.151196
      0.151198
      0.151199
        0.1512
      0.151201
      0.151202
      0.151202
      0.151202
      0.151203
      0.151203
      0.151203
      0.151203
      0.151203
      0.151204
      0.151204
      0.151204
      0.165242
      0.165242
      0.165242
      0.165242
      0.165242
      0.165241
      0.165241
      0.165241
      0.165241
       0.16524
       0.16524
      0.165239
      0.165239
      0.165238
      0.165237
      0.165235
      0.165233
      0.165231
      0.165229
      0.165226
      0.165222
      0.165218
      0.165214
      0.165208
      0.165203
      0.165197
      0.165192
      0.165188
      0.165185
      0.165184
      0.165185
      0.165188
      0.165192
      0.165197
      0.165203
      0.165208
      0.165214
      0.165218
      0.165222
      0.165226
      0.165229
      0.165231
      0.165233
      0.165235
      0.165237
      0.165238
      0.165239
      0.165239
       0.16524
       0.16524
      0.165241
      0.165241
      0.165241
      0.165241
      0.165242
      0.165242
      0.165242
      0.165242
      0.165242
       0.18152
       0.18152
       0.18152
       0.18152
       0.18152
       0.18152
       0.18152
       0.18152
      0.181519
      0.181519
      0.181519
      0.181518
      0.181517
      0.181516
      0.181516
      0.181514
      0.181513
      0.181511
      0.181509
      0.181506
      0.181504
        0.1815
      0.181497
      0.181493
      0.181489
      0.181484
      0.181481
      0.181478
      0.181476
      0.181475
      0.181476
      0.181478
      0.181481
      0.181484
      0.181489
      0.181493
      0.181497
        0.1815
      0.181504
      0.181506
      0.181509
      0.181511
      0.181513
      0.181514
      0.181516
      0.181516
      0.181517
      0.181518
      0.181519
      0.181519
      0.181519
       0.18152
       0.18152
       0.18152
       0.18152
       0.18152
       0.18152
       0.18152
       0.18152
      0.200064
      0.200063
      0.200064
      0.200063
      0.200063
      0.200063
      0.200063
      0.200063
      0.200063
      0.200062
      0.200062
      0.200061
      0.200061
       0.20006
      0.200059
      0.200058
      0.200057
      0.200055
      0.200054
      0.200052
      0.200049
      0.200047
      0.200044
      0.200041
      0.200038
      0.200035
      0.200032
       0.20003
      0.200029
      0.200028
      0.200029
       0.20003
      0.200032
      0.200035
      0.200038
      0.200041
      0.200044
      0.200047
      0.200049
      0.200052
      0.200054
      0.200055
      0.200057
      0.200058
      0.200059
       0.20006
      0.200061
      0.200061
      0.200062
      0.200062
      0.200063
      0.200063
      0.200063
      0.200063
      0.200063
      0.200063
      0.200064
      0.200063
      0.200064
      0.220892
      0.220892
      0.220892
      0.220892
      0.220892
      0.220892
      0.220892
      0.220892
      0.220892
      0.220891
      0.220891
      0.220891
       0.22089
      0.220889
      0.220889
      0.220888
      0.220887
      0.220886
      0.220884
      0.220882
      0.220881
      0.220878
      0.220876
      0.220874
      0.220872
      0.220869
      0.220868
      0.220866
      0.220865
      0.220865
      0.220865
      0.220866
      0.220868
      0.220869
      0.220872
      0.220874
      0.220876
      0.220878
      0.220881
      0.220882
      0.220884
      0.220886
      0.220887
      0.220888
      0.220889
      0.220889
       0.22089
      0.220891
      0.220891
      0.220891
      0.220892
      0.220892
      0.220892
      0.220892
      0.220892
      0.220892
      0.220892
      0.220892
      0.220892
      0.244025
      0.244024
      0.244025
      0.244024
      0.244025
      0.244024
      0.244025
      0.244024
      0.244024
      0.244023
      0.244024
      0.244023
      0.244023
      0.244022
      0.244022
       0.24402
       0.24402
      0.244019
      0.244018
      0.244016
      0.244015
      0.244013
      0.244012
      0.244009
      0.244008
      0.244006
      0.244005
      0.244004
      0.244003
      0.244003
      0.244003
      0.244004
      0.244005
      0.244006
      0.244008
      0.244009
      0.244012
      0.244013
      0.244015
      0.244016
      0.244018
      0.244019
       0.24402
       0.24402
      0.244022
      0.244022
      0.244023
      0.244023
      0.244024
      0.244023
      0.244024
      0.244024
      0.244025
      0.244024
      0.244025
      0.244024
      0.244025
      0.244024
      0.244025
      0.269468
      0.269468
      0.269468
      0.269468
      0.269468
      0.269468
      0.269468
      0.269468
      0.269468
      0.269467
      0.269467
      0.269467
      0.269467
      0.269466
      0.269466
      0.269465
      0.269464
      0.269463
      0.269462
      0.269461
       0.26946
      0.269459
      0.269458
      0.269456
      0.269455
      0.269454
      0.269453
      0.269452
      0.269451
      0.269451
      0.269451
      0.269452
      0.269453
      0.269454
      0.269455
      0.269456
      0.269458
      0.269459
       0.26946
      0.269461
      0.269462
      0.269463
      0.269464
      0.269465
      0.269466
      0.269466
      0.269467
      0.269467
      0.269467
      0.269467
      0.269468
      0.269468
      0.269468
      0.269468
      0.269468
      0.269468
      0.269468
      0.269468
      0.269468
      0.297226
      0.297225
      0.297226
      0.297225
      0.297226
      0.297225
      0.297225
      0.297225
      0.297225
      0.297224
      0.297225
      0.297224
      0.297224
      0.297223
      0.297223
      0.297222
      0.297222
      0.297221
      0.297221
      0.297219
      0.297219
      0.297217
      0.297217
      0.297215
      0.297215
      0.297213
      0.297213
      0.297212
      0.297213
      0.297212
      0.297213
      0.297212
      0.297213
      0.297213
      0.297215
      0.297215
      0.297217
      0.297217
      0.297219
      0.297219
      0.297221
      0.297221
      0.297222
      0.297222
      0.297223
      0.297223
      0.297224
      0.297224
      0.297225
      0.297224
      0.297225
      0.297225
      0.297225
      0.297225
      0.297226
      0.297225
      0.297226
      0.297225
      0.297226
      0.327284
      0.327283
      0.327284
      0.327283
      0.327284
      0.327283
      0.327283
      0.327283
      0.327283
      0.327283
      0.327283
      0.327282
      0.327282
      0.327282
      0.327282
      0.327281
      0.327281
       0.32728
       0.32728
      0.327279
      0.327278
      0.327277
      0.327277
      0.327276
      0.327275
      0.327274
      0.327274
      0.327273
      0.327273
      0.327273
      0.327273
      0.327273
      0.327274
      0.327274
      0.327275
      0.327276
      0.327277
      0.327277
      0.327278
      0.327279
       0.32728
       0.32728
      0.327281
      0.327281
      0.327282
      0.327282
      0.327282
      0.327282
      0.327283
      0.327283
      0.327283
      0.327283
      0.327283
      0.327283
      0.327284
      0.327283
      0.327284
      0.327283
      0.327284
      0.359622
      0.359621
      0.359622
      0.359621
      0.359622
      0.359621
      0.359622
      0.359621
      0.359622
      0.359621
      0.359622
      0.359621
      0.359621
       0.35962
      0.359621
       0.35962
       0.35962
      0.359619
      0.359619
      0.359618
      0.359618
      0.359617
      0.359617
      0.359615
      0.359616
      0.359614
      0.359615
      0.359614
      0.359614
      0.359613
      0.359614
      0.359614
      0.359615
      0.359614
      0.359616
      0.359615
      0.359617
      0.359617
      0.359618
      0.359618
      0.359619
      0.359619
       0.35962
       0.35962
      0.359621
       0.35962
      0.359621
      0.359621
      0.359622
      0.359621
      0.359622
      0.359621
      0.359622
      0.359621
      0.359622
      0.359621
      0.359622
      0.359621
      0.359622
      0.394201
        0.3942
      0.394201
        0.3942
      0.394201
        0.3942
      0.394201
        0.3942
        0.3942
        0.3942
        0.3942
        0.3942
        0.3942
      0.394199
      0.394199
      0.394199
      0.394199
      0.394198
      0.394198
      0.394197
      0.394197
      0.394196
      0.394196
      0.394196
      0.394195
      0.394195
      0.394195
      0.394194
      0.394194
      0.394194
      0.394194
      0.394194
      0.394195
      0.394195
      0.394195
      0.394196
      0.394196
      0.394196
      0.394197
      0.394197
      0.394198
      0.394198
      0.394199
      0.394199
      0.394199
      0.394199
        0.3942
        0.3942
        0.3942
        0.3942
        0.3942
        0.3942
      0.394201
        0.3942
      0.394201
        0.3942
      0.394201
        0.3942
      0.394201
      0.430969
      0.430968
      0.430969
      0.430968
      0.430969
      0.430968
      0.430969
      0.430968
      0.430969
      0.430968
      0.430969
      0.430967
      0.430968
      0.430967
      0.430968
      0.430967
      0.430968
      0.430966
      0.430967
      0.430966
      0.430966
      0.430965
      0.430966
      0.430964
      0.430965
      0.430964
      0.430965
      0.430963
      0.430964
      0.430963
      0.430964
      0.430963
      0.430965
      0.430964
      0.430965
      0.430964
      0.430966
      0.430965
      0.430966
      0.430966
      0.430967
      0.430966
      0.430968
      0.430967
      0.430968
      0.430967
      0.430968
      0.430967
      0.430969
      0.430968
      0.430969
      0.430968
      0.430969
      0.430968
      0.430969
      0.430968
      0.430969
      0.430968
      0.430969
      0.469853
      0.469853
      0.469853
      0.469853
      0.469853
      0.469853
      0.469853
      0.469853
      0.469853
      0.469853
      0.469853
      0.469853
      0.469853
      0.469852
      0.469853
      0.469852
      0.469852
      0.469852
      0.469852
      0.469851
      0.469851
      0.469851
      0.469851
       0.46985
       0.46985
       0.46985
       0.46985
      0.469849
       0.46985
      0.469849
       0.46985
      0.469849
       0.46985
       0.46985
       0.46985
       0.46985
      0.469851
      0.469851
      0.469851
      0.469851
      0.469852
      0.469852
      0.469852
      0.469852
      0.469853
      0.469852
      0.469853
      0.469853
      0.469853
      0.469853
      0.469853
      0.469853
      0.469853
      0.469853
      0.469853
      0.469853
      0.469853
      0.469853
      0.469853
       0.51077
      0.510769
       0.51077
      0.510769
       0.51077
      0.510769
       0.51077
      0.510769
       0.51077
      0.510769
       0.51077
      0.510769
       0.51077
      0.510768
      0.510769
      0.510768
      0.510769
      0.510768
      0.510769
      0.510767
      0.510768
      0.510767
      0.510768
      0.510767
      0.510768
      0.510766
      0.510767
      0.510766
      0.510767
      0.510766
      0.510767
      0.510766
      0.510767
      0.510766
      0.510768
      0.510767
      0.510768
      0.510767
      0.510768
      0.510767
      0.510769
      0.510768
      0.510769
      0.510768
      0.510769
      0.510768
       0.51077
      0.510769
       0.51077
      0.510769
       0.51077
      0.510769
       0.51077
      0.510769
       0.51077
      0.510769
       0.51077
      0.510769
       0.51077
      0.553609
      0.553609
      0.553609
      0.553609
      0.553609
      0.553609
      0.553609
      0.553609
      0.553609
      0.553609
      0.553609
      0.553608
      0.553609
      0.553608
      0.553609
      0.553608
      0.553608
      0.553608
      0.553608
      0.553607
      0.553608
      0.553607
      0.553607
      0.553607
      0.553607
      0.553607
      0.553607
      0.553606
      0.553607
      0.553606
      0.553607
      0.553606
      0.553607
      0.553607
      0.553607
      0.553607
      0.553607
      0.553607
      0.553608
      0.553607
      0.553608
      0.553608
      0.553608
      0.553608
      0.553609
      0.553608
      0.553609
      0.553608
      0.553609
      0.553609
      0.553609
      0.553609
      0.553609
      0.553609
      0.553609
      0.553609
      0.553609
      0.553609
      0.553609
      0.598251
       0.59825
      0.598251
       0.59825
      0.598251
       0.59825
      0.598251
       0.59825
      0.598251
       0.59825
      0.598251
       0.59825
      0.598251
      0.598249
       0.59825
      0.598249
       0.59825
      0.598249
       0.59825
      0.598249
       0.59825
      0.598249
       0.59825
      0.598248
      0.598249
      0.598248
      0.598249
      0.598248
      0.598249
      0.598248
      0.598249
      0.598248
      0.598249
      0.598248
      0.598249
      0.598248
       0.59825
      0.598249
       0.59825
      0.598249
       0.59825
      0.598249
       0.59825
      0.598249
       0.59825
      0.598249
      0.598251
       0.59825
      0.598251
       0.59825
      0.598251
       0.59825
      0.598251
       0.59825
      0.598251
       0.59825
      0.598251
       0.59825
      0.598251
      0.644549
      0.644549
      0.644549
      0.644549
      0.644549
      0.644549
      0.644549
      0.644549
      0.644549
      0.644549
      0.644549
      0.644549
      0.644549
      0.644549
      0.644549
      0.644549
      0.644549
      0.644549
      0.644549
      0.644548
      0.644549
      0.644548
      0.644548
      0.644548
      0.644548
      0.644548
      0.644548
      0.644548
      0.644548
      0.644548
      0.644548
      0.644548
      0.644548
      0.644548
      0.644548
      0.644548
      0.644548
      0.644548
      0.644549
      0.644548
      0.644549
      0.644549
      0.644549
      0.644549
      0.644549
      0.644549
      0.644549
      0.644549
      0.644549
      0.644549
      0.644549
      0.644549
      0.644549
      0.644549
      0.644549
      0.644549
      0.644549
      0.644549
      0.644549
      0.692351
       0.69235
      0.692351
       0.69235
      0.692351
       0.69235
      0.692351
       0.69235
      0.692351
       0.69235
       0.69235
       0.69235
       0.69235
      0.692349
       0.69235
      0.692349
       0.69235
      0.692349
       0.69235
      0.692349
       0.69235
      0.692349
       0.69235
      0.692349
       0.69235
      0.692349
       0.69235
      0.692349
       0.69235
      0.692349
       0.69235
      0.692349
       0.69235
      0.692349
       0.69235
      0.692349
       0.69235
      0.692349
       0.69235
      0.692349
       0.69235
      0.692349
       0.69235
      0.692349
       0.69235
      0.692349
       0.69235
       0.69235
       0.69235
       0.69235
      0.692351
       0.69235
      0.692351
       0.69235
      0.692351
       0.69235
      0.692351
       0.69235
      0.692351
      0.741476
      0.741476
      0.741476
      0.741476
      0.741476
      0.741476
      0.741476
      0.741476
      0.741476
      0.741476
      0.741476
      0.741476
      0.741476
      0.741476
      0.741476
      0.741476
      0.741476
      0.741475
      0.741476
      0.741475
      0.741476
      0.741475
      0.741475
      0.741475
      0.741475
      0.741475
      0.741475
      0.741475
      0.741475
      0.741475
      0.741475
      0.741475
      0.741475
      0.741475
      0.741475
      0.741475
      0.741475
      0.741475
      0.741476
      0.741475
      0.741476
      0.741475
      0.741476
      0.741476
      0.741476
      0.741476
      0.741476
      0.741476
      0.741476
      0.741476
      0.741476
      0.741476
      0.741476
      0.741476
      0.741476
      0.741476
      0.741476
      0.741476
      0.741476
       0.79174
       0.79174
       0.79174
       0.79174
       0.79174
       0.79174
       0.79174
       0.79174
       0.79174
       0.79174
       0.79174
       0.79174
       0.79174
       0.79174
       0.79174
       0.79174
       0.79174
      0.791739
       0.79174
      0.791739
       0.79174
      0.791739
       0.79174
      0.791739
       0.79174
      0.791739
       0.79174
      0.791739
       0.79174
      0.791739
       0.79174
      0.791739
       0.79174
      0.791739
       0.79174
      0.791739
       0.79174
      0.791739
       0.79174
      0.791739
       0.79174
      0.791739
       0.79174
       0.79174
       0.79174
       0.79174
       0.79174
       0.79174
       0.79174
       0.79174
       0.79174
       0.79174
       0.79174
       0.79174
       0.79174
       0.79174
       0.79174
       0.79174
       0.79174
      0.842939
      0.842939
      0.842939
      0.842939
      0.842939
      0.842939
      0.842939
      0.842939
      0.842939
      0.842939
      0.842939
      0.842939
      0.842939
      0.842939
      0.842939
      0.842939
      0.842939
      0.842939
      0.842939
      0.842939
      0.842939
      0.842939
      0.842939
      0.842939
      0.842939
      0.842939
      0.842939
      0.842939
      0.842939
      0.842939
      0.842939
      0.842939
      0.842939
      0.842939
      0.842939
      0.842939
      0.842939
      0.842939
      0.842939
      0.842939
      0.842939
      0.842939
      0.842939
      0.842939
      0.842939
      0.842939
      0.842939
      0.842939
      0.842939
      0.842939
      0.842939
      0.842939
      0.842939
      0.842939
      0.842939
      0.842939
      0.842939
      0.842939
      0.842939
      0.894864
      0.894863
      0.894864
      0.894863
      0.894864
      0.894863
      0.894864
      0.894863
      0.894864
      0.894863
      0.894864
      0.894863
      0.894864
      0.894863
      0.894864
      0.894863
      0.894864
      0.894863
      0.894864
      0.894863
      0.894864
      0.894863
      0.894864
      0.894863
      0.894864
      0.894863
      0.894864
      0.894863
      0.894864
      0.894863
      0.894864
      0.894863
      0.894864
      0.894863
      0.894864
      0.894863
      0.894864
      0.894863
      0.894864
      0.894863
      0.894864
      0.894863
      0.894864
      0.894863
      0.894864
      0.894863
      0.894864
      0.894863
      0.894864
      0.894863
      0.894864
      0.894863
      0.894864
      0.894863
      0.894864
      0.894863
      0.894864
      0.894863
      0.894864
      0.947292
      0.947292
      0.947292
      0.947292
      0.947292
      0.947292
      0.947292
      0.947292
      0.947292
      0.947292
      0.947292
      0.947292
      0.947292
      0.947292
      0.947292
      0.947292
      0.947292
      0.947292
      0.947292
      0.947292
      0.947292
      0.947292
      0.947292
      0.947292
      0.947292
      0.947292
      0.947292
      0.947292
      0.947292
      0.947292
      0.947292
      0.947292
      0.947292
      0.947292
      0.947292
      0.947292
      0.947292
      0.947292
      0.947292
      0.947292
      0.947292
      0.947292
      0.947292
      0.947292
      0.947292
      0.947292
      0.947292
      0.947292
      0.947292
      0.947292
      0.947292
      0.947292
      0.947292
      0.947292
      0.947292
      0.947292
      0.947292
      0.947292
      0.947292
             1
             1
             1
             1
             1
             1
             1
             1
             1
             1
             1
             1
             1
             1
             1
             1
             1
             1
             1
             1
             1
             1
             1
             1
             1
             1
             1
             1
             1
             1
             1
             1
             1
             1
             1
             1
             1
             1
             1
             1
             1
             1
             1
             1
             1
             1
             1
             1
             1
             1
             1
             1
             1
             1
             1
             1
             1
             1
             1
