             1
             1
             1
             1
             1
             1
             1
             1
             1
             1
             1
             1
             1
             1
             1
             1
             1
             1
             1
             1
             1
             1
             1
             1
             1
             1
             1
             1
             1
             1
             1
             1
             1
             1
             1
             1
             1
             1
             1
             1
             1
             1
             1
             1
             1
             1
             1
             1
             1
             1
             1
             1
             1
             1
             1
             1
             1
             1
             1
      0.948237
      0.948237
      0.948237
      0.948237
      0.948237
      0.948237
      0.948237
      0.948237
      0.948237
      0.948237
      0.948237
      0.948237
      0.948237
      0.948237
      0.948237
      0.948237
      0.948237
      0.948237
      0.948237
      0.948237
      0.948237
      0.948237
      0.948237
      0.948237
      0.948237
      0.948237
      0.948237
      0.948237
      0.948237
      0.948237
      0.948237
      0.948237
      0.948237
      0.948237
      0.948237
      0.948237
      0.948237
      0.948237
      0.948237
      0.948237
      0.948237
      0.948237
      0.948237
      0.948237
      0.948237
      0.948237
      0.948237
      0.948237
      0.948237
      0.948237
      0.948237
      0.948237
      0.948237
      0.948237
      0.948237
      0.948237
      0.948237
      0.948237
      0.948237
      0.896742
      0.896742
      0.896742
      0.896742
      0.896742
      0.896742
      0.896742
      0.896742
      0.896742
      0.896742
      0.896742
      0.896742
      0.896742
      0.896742
      0.896742
      0.896742
      0.896742
      0.896742
      0.896742
      0.896742
      0.896742
      0.896742
      0.896742
      0.896742
      0.896742
      0.896742
      0.896742
      0.896742
      0.896742
      0.896742
      0.896742
      0.896742
      0.896742
      0.896742
      0.896742
      0.896742
      0.896742
      0.896742
      0.896742
      0.896742
      0.896742
      0.896742
      0.896742
      0.896742
      0.896742
      0.896742
      0.896742
      0.896742
      0.896742
      0.896742
      0.896742
      0.896742
      0.896742
      0.896742
      0.896742
      0.896742
      0.896742
      0.896742
      0.896742
       0.84573
       0.84573
       0.84573
       0.84573
       0.84573
       0.84573
       0.84573
       0.84573
       0.84573
       0.84573
       0.84573
      0.845729
       0.84573
      0.845729
       0.84573
      0.845729
       0.84573
      0.845729
      0.845729
      0.845729
      0.845729
      0.845729
      0.845729
      0.845729
      0.845729
      0.845729
      0.845729
      0.845729
      0.845729
      0.845729
      0.845729
      0.845729
      0.845729
      0.845729
      0.845729
      0.845729
      0.845729
      0.845729
      0.845729
      0.845729
      0.845729
      0.845729
       0.84573
      0.845729
       0.84573
      0.845729
       0.84573
      0.845729
       0.84573
       0.84573
       0.84573
       0.84573
       0.84573
       0.84573
       0.84573
       0.84573
       0.84573
       0.84573
       0.84573
       0.79541
       0.79541
       0.79541
       0.79541
       0.79541
       0.79541
       0.79541
       0.79541
       0.79541
       0.79541
       0.79541
       0.79541
       0.79541
       0.79541
       0.79541
      0.795409
       0.79541
      0.795409
       0.79541
      0.795409
       0.79541
      0.795409
       0.79541
      0.795409
       0.79541
      0.795409
       0.79541
      0.795409
       0.79541
      0.795409
       0.79541
      0.795409
       0.79541
      0.795409
       0.79541
      0.795409
       0.79541
      0.795409
       0.79541
      0.795409
       0.79541
      0.795409
       0.79541
      0.795409
       0.79541
       0.79541
       0.79541
       0.79541
       0.79541
       0.79541
       0.79541
       0.79541
       0.79541
       0.79541
       0.79541
       0.79541
       0.79541
       0.79541
       0.79541
      0.745984
      0.745984
      0.745984
      0.745984
      0.745984
      0.745984
      0.745984
      0.745984
      0.745984
      0.745984
      0.745984
      0.745984
      0.745984
      0.745983
      0.745984
      0.745983
      0.745984
      0.745983
      0.745983
      0.745983
      0.745983
      0.745983
      0.745983
      0.745983
      0.745983
      0.745983
      0.745983
      0.745983
      0.745983
      0.745983
      0.745983
      0.745983
      0.745983
      0.745983
      0.745983
      0.745983
      0.745983
      0.745983
      0.745983
      0.745983
      0.745983
      0.745983
      0.745984
      0.745983
      0.745984
      0.745983
      0.745984
      0.745984
      0.745984
      0.745984
      0.745984
      0.745984
      0.745984
      0.745984
      0.745984
      0.745984
      0.745984
      0.745984
      0.745984
      0.697646
      0.697645
      0.697646
      0.697645
      0.697646
      0.697645
      0.697646
      0.697645
      0.697646
      0.697645
      0.697646
      0.697645
      0.697646
      0.697645
      0.697646
      0.697645
      0.697646
      0.697645
      0.697645
      0.697645
      0.697645
      0.697644
      0.697645
      0.697644
      0.697645
      0.697644
      0.697645
      0.697644
      0.697645
      0.697644
      0.697645
      0.697644
      0.697645
      0.697644
      0.697645
      0.697644
      0.697645
      0.697644
      0.697645
      0.697645
      0.697645
      0.697645
      0.697646
      0.697645
      0.697646
      0.697645
      0.697646
      0.697645
      0.697646
      0.697645
      0.697646
      0.697645
      0.697646
      0.697645
      0.697646
      0.697645
      0.697646
      0.697645
      0.697646
      0.650575
      0.650575
      0.650575
      0.650575
      0.650575
      0.650575
      0.650575
      0.650575
      0.650575
      0.650574
      0.650575
      0.650574
      0.650575
      0.650574
      0.650575
      0.650574
      0.650574
      0.650574
      0.650574
      0.650574
      0.650574
      0.650574
      0.650574
      0.650573
      0.650574
      0.650573
      0.650573
      0.650573
      0.650573
      0.650573
      0.650573
      0.650573
      0.650573
      0.650573
      0.650574
      0.650573
      0.650574
      0.650574
      0.650574
      0.650574
      0.650574
      0.650574
      0.650574
      0.650574
      0.650575
      0.650574
      0.650575
      0.650574
      0.650575
      0.650574
      0.650575
      0.650575
      0.650575
      0.650575
      0.650575
      0.650575
      0.650575
      0.650575
      0.650575
      0.604942
      0.604942
      0.604942
      0.604941
      0.604942
      0.604941
      0.604942
      0.604941
      0.604942
      0.604941
      0.604942
      0.604941
      0.604942
      0.604941
      0.604942
      0.604941
      0.604942
      0.604941
      0.604941
       0.60494
      0.604941
       0.60494
      0.604941
       0.60494
      0.604941
       0.60494
       0.60494
      0.604939
       0.60494
      0.604939
       0.60494
      0.604939
       0.60494
       0.60494
      0.604941
       0.60494
      0.604941
       0.60494
      0.604941
       0.60494
      0.604941
      0.604941
      0.604942
      0.604941
      0.604942
      0.604941
      0.604942
      0.604941
      0.604942
      0.604941
      0.604942
      0.604941
      0.604942
      0.604941
      0.604942
      0.604941
      0.604942
      0.604942
      0.604942
      0.560899
      0.560898
      0.560899
      0.560898
      0.560899
      0.560898
      0.560899
      0.560898
      0.560899
      0.560898
      0.560899
      0.560898
      0.560898
      0.560898
      0.560898
      0.560898
      0.560898
      0.560897
      0.560898
      0.560897
      0.560897
      0.560897
      0.560897
      0.560896
      0.560896
      0.560896
      0.560896
      0.560896
      0.560896
      0.560896
      0.560896
      0.560896
      0.560896
      0.560896
      0.560896
      0.560896
      0.560897
      0.560897
      0.560897
      0.560897
      0.560898
      0.560897
      0.560898
      0.560898
      0.560898
      0.560898
      0.560898
      0.560898
      0.560899
      0.560898
      0.560899
      0.560898
      0.560899
      0.560898
      0.560899
      0.560898
      0.560899
      0.560898
      0.560899
      0.518586
      0.518585
      0.518586
      0.518585
      0.518586
      0.518585
      0.518586
      0.518585
      0.518586
      0.518585
      0.518586
      0.518585
      0.518586
      0.518585
      0.518586
      0.518584
      0.518585
      0.518584
      0.518585
      0.518584
      0.518584
      0.518583
      0.518584
      0.518583
      0.518583
      0.518582
      0.518583
      0.518582
      0.518583
      0.518582
      0.518583
      0.518582
      0.518583
      0.518582
      0.518583
      0.518583
      0.518584
      0.518583
      0.518584
      0.518584
      0.518585
      0.518584
      0.518585
      0.518584
      0.518586
      0.518585
      0.518586
      0.518585
      0.518586
      0.518585
      0.518586
      0.518585
      0.518586
      0.518585
      0.518586
      0.518585
      0.518586
      0.518585
      0.518586
      0.478124
      0.478123
      0.478124
      0.478123
      0.478123
      0.478123
      0.478123
      0.478123
      0.478123
      0.478123
      0.478123
      0.478123
      0.478123
      0.478122
      0.478122
      0.478122
      0.478122
      0.478121
      0.478121
      0.478121
      0.478121
       0.47812
       0.47812
       0.47812
       0.47812
      0.478119
      0.478119
      0.478119
      0.478119
      0.478119
      0.478119
      0.478119
      0.478119
      0.478119
       0.47812
       0.47812
       0.47812
       0.47812
      0.478121
      0.478121
      0.478121
      0.478121
      0.478122
      0.478122
      0.478122
      0.478122
      0.478123
      0.478123
      0.478123
      0.478123
      0.478123
      0.478123
      0.478123
      0.478123
      0.478123
      0.478123
      0.478124
      0.478123
      0.478124
       0.43962
      0.439619
       0.43962
      0.439619
       0.43962
      0.439619
       0.43962
      0.439619
       0.43962
      0.439619
       0.43962
      0.439618
      0.439619
      0.439618
      0.439619
      0.439618
      0.439618
      0.439617
      0.439618
      0.439616
      0.439617
      0.439615
      0.439616
      0.439615
      0.439615
      0.439614
      0.439615
      0.439613
      0.439614
      0.439613
      0.439614
      0.439613
      0.439615
      0.439614
      0.439615
      0.439615
      0.439616
      0.439615
      0.439617
      0.439616
      0.439618
      0.439617
      0.439618
      0.439618
      0.439619
      0.439618
      0.439619
      0.439618
       0.43962
      0.439619
       0.43962
      0.439619
       0.43962
      0.439619
       0.43962
      0.439619
       0.43962
      0.439619
       0.43962
      0.403161
      0.403161
      0.403161
      0.403161
      0.403161
      0.403161
      0.403161
      0.403161
      0.403161
       0.40316
      0.403161
       0.40316
       0.40316
       0.40316
       0.40316
      0.403159
      0.403159
      0.403158
      0.403158
      0.403157
      0.403157
      0.403156
      0.403156
      0.403155
      0.403155
      0.403154
      0.403154
      0.403154
      0.403154
      0.403153
      0.403154
      0.403154
      0.403154
      0.403154
      0.403155
      0.403155
      0.403156
      0.403156
      0.403157
      0.403157
      0.403158
      0.403158
      0.403159
      0.403159
       0.40316
       0.40316
       0.40316
       0.40316
      0.403161
       0.40316
      0.403161
      0.403161
      0.403161
      0.403161
      0.403161
      0.403161
      0.403161
      0.403161
      0.403161
      0.368824
      0.368823
      0.368824
      0.368823
      0.368824
      0.368823
      0.368824
      0.368823
      0.368824
      0.368823
      0.368824
      0.368822
      0.368823
      0.368822
      0.368822
      0.368821
      0.368821
       0.36882
       0.36882
      0.368819
      0.368819
      0.368818
      0.368818
      0.368816
      0.368816
      0.368815
      0.368815
      0.368814
      0.368815
      0.368814
      0.368815
      0.368814
      0.368815
      0.368815
      0.368816
      0.368816
      0.368818
      0.368818
      0.368819
      0.368819
       0.36882
       0.36882
      0.368821
      0.368821
      0.368822
      0.368822
      0.368823
      0.368822
      0.368824
      0.368823
      0.368824
      0.368823
      0.368824
      0.368823
      0.368824
      0.368823
      0.368824
      0.368823
      0.368824
      0.336663
      0.336662
      0.336663
      0.336662
      0.336663
      0.336662
      0.336662
      0.336662
      0.336662
      0.336662
      0.336662
      0.336661
      0.336661
      0.336661
       0.33666
       0.33666
      0.336659
      0.336658
      0.336658
      0.336657
      0.336656
      0.336655
      0.336655
      0.336653
      0.336653
      0.336652
      0.336651
      0.336651
      0.336651
       0.33665
      0.336651
      0.336651
      0.336651
      0.336652
      0.336653
      0.336653
      0.336655
      0.336655
      0.336656
      0.336657
      0.336658
      0.336658
      0.336659
       0.33666
       0.33666
      0.336661
      0.336661
      0.336661
      0.336662
      0.336662
      0.336662
      0.336662
      0.336662
      0.336662
      0.336663
      0.336662
      0.336663
      0.336662
      0.336663
      0.306723
      0.306722
      0.306723
      0.306722
      0.306723
      0.306722
      0.306723
      0.306722
      0.306723
      0.306722
      0.306722
      0.306721
      0.306721
       0.30672
       0.30672
      0.306719
      0.306719
      0.306718
      0.306717
      0.306716
      0.306715
      0.306713
      0.306713
      0.306711
      0.306711
      0.306709
      0.306709
      0.306707
      0.306708
      0.306707
      0.306708
      0.306707
      0.306709
      0.306709
      0.306711
      0.306711
      0.306713
      0.306713
      0.306715
      0.306716
      0.306717
      0.306718
      0.306719
      0.306719
       0.30672
       0.30672
      0.306721
      0.306721
      0.306722
      0.306722
      0.306723
      0.306722
      0.306723
      0.306722
      0.306723
      0.306722
      0.306723
      0.306722
      0.306723
      0.279032
      0.279032
      0.279032
      0.279032
      0.279032
      0.279031
      0.279031
      0.279031
      0.279031
      0.279031
      0.279031
       0.27903
       0.27903
      0.279029
      0.279029
      0.279028
      0.279027
      0.279026
      0.279025
      0.279023
      0.279022
      0.279021
      0.279019
      0.279018
      0.279016
      0.279015
      0.279014
      0.279013
      0.279012
      0.279012
      0.279012
      0.279013
      0.279014
      0.279015
      0.279016
      0.279018
      0.279019
      0.279021
      0.279022
      0.279023
      0.279025
      0.279026
      0.279027
      0.279028
      0.279029
      0.279029
       0.27903
       0.27903
      0.279031
      0.279031
      0.279031
      0.279031
      0.279031
      0.279031
      0.279032
      0.279032
      0.279032
      0.279032
      0.279032
      0.253609
      0.253609
      0.253609
      0.253608
      0.253609
      0.253608
      0.253609
      0.253608
      0.253608
      0.253607
      0.253608
      0.253607
      0.253607
      0.253606
      0.253605
      0.253604
      0.253603
      0.253602
      0.253601
      0.253599
      0.253598
      0.253595
      0.253594
      0.253591
       0.25359
      0.253587
      0.253586
      0.253585
      0.253584
      0.253583
      0.253584
      0.253585
      0.253586
      0.253587
       0.25359
      0.253591
      0.253594
      0.253595
      0.253598
      0.253599
      0.253601
      0.253602
      0.253603
      0.253604
      0.253605
      0.253606
      0.253607
      0.253607
      0.253608
      0.253607
      0.253608
      0.253608
      0.253609
      0.253608
      0.253609
      0.253608
      0.253609
      0.253609
      0.253609
       0.23046
       0.23046
       0.23046
       0.23046
       0.23046
      0.230459
      0.230459
      0.230459
      0.230459
      0.230458
      0.230458
      0.230457
      0.230457
      0.230456
      0.230455
      0.230454
      0.230453
      0.230452
       0.23045
      0.230448
      0.230446
      0.230443
      0.230441
      0.230438
      0.230436
      0.230433
      0.230431
      0.230429
      0.230428
      0.230428
      0.230428
      0.230429
      0.230431
      0.230433
      0.230436
      0.230438
      0.230441
      0.230443
      0.230446
      0.230448
       0.23045
      0.230452
      0.230453
      0.230454
      0.230455
      0.230456
      0.230457
      0.230457
      0.230458
      0.230458
      0.230459
      0.230459
      0.230459
      0.230459
       0.23046
       0.23046
       0.23046
       0.23046
       0.23046
      0.209584
      0.209584
      0.209584
      0.209584
      0.209584
      0.209584
      0.209584
      0.209583
      0.209583
      0.209582
      0.209582
      0.209581
      0.209581
       0.20958
      0.209579
      0.209578
      0.209576
      0.209574
      0.209573
       0.20957
      0.209568
      0.209564
      0.209561
      0.209558
      0.209555
      0.209551
      0.209548
      0.209546
      0.209544
      0.209543
      0.209544
      0.209546
      0.209548
      0.209551
      0.209555
      0.209558
      0.209561
      0.209564
      0.209568
       0.20957
      0.209573
      0.209574
      0.209576
      0.209578
      0.209579
       0.20958
      0.209581
      0.209581
      0.209582
      0.209582
      0.209583
      0.209583
      0.209584
      0.209584
      0.209584
      0.209584
      0.209584
      0.209584
      0.209584
      0.190972
      0.190972
      0.190972
      0.190972
      0.190972
      0.190972
      0.190972
      0.190971
      0.190971
      0.190971
       0.19097
       0.19097
      0.190969
      0.190968
      0.190967
      0.190965
      0.190964
      0.190961
      0.190959
      0.190956
      0.190953
      0.190949
      0.190945
      0.190941
      0.190936
      0.190931
      0.190927
      0.190924
      0.190922
      0.190921
      0.190922
      0.190924
      0.190927
      0.190931
      0.190936
      0.190941
      0.190945
      0.190949
      0.190953
      0.190956
      0.190959
      0.190961
      0.190964
      0.190965
      0.190967
      0.190968
      0.190969
       0.19097
       0.19097
      0.190971
      0.190971
      0.190971
      0.190972
      0.190972
      0.190972
      0.190972
      0.190972
      0.190972
      0.190972
      0.174612
      0.174612
      0.174612
      0.174612
      0.174611
      0.174611
      0.174611
      0.174611
       0.17461
       0.17461
      0.174609
      0.174609
      0.174608
      0.174607
      0.174605
      0.174604
      0.174602
      0.174599
      0.174596
      0.174593
      0.174589
      0.174584
      0.174579
      0.174573
      0.174567
      0.174561
      0.174555
       0.17455
      0.174547
      0.174546
      0.174547
       0.17455
      0.174555
      0.174561
      0.174567
      0.174573
      0.174579
      0.174584
      0.174589
      0.174593
      0.174596
      0.174599
      0.174602
      0.174604
      0.174605
      0.174607
      0.174608
      0.174609
      0.174609
       0.17461
       0.17461
      0.174611
      0.174611
      0.174611
      0.174611
      0.174612
      0.174612
      0.174612
      0.174612
      0.160485
      0.160485
      0.160485
      0.160485
      0.160484
      0.160484
      0.160484
      0.160484
      0.160483
      0.160483
      0.160482
      0.160481
      0.160481
      0.160479
      0.160478
      0.160476
      0.160474
      0.160471
      0.160468
      0.160463
      0.160459
      0.160453
      0.160446
      0.160439
      0.160431
      0.160423
      0.160414
      0.160407
      0.160403
      0.160401
      0.160403
      0.160407
      0.160414
      0.160423
      0.160431
      0.160439
      0.160446
      0.160453
      0.160459
      0.160463
      0.160468
      0.160471
      0.160474
      0.160476
      0.160478
      0.160479
      0.160481
      0.160481
      0.160482
      0.160483
      0.160483
      0.160484
      0.160484
      0.160484
      0.160484
      0.160485
      0.160485
      0.160485
      0.160485
      0.148573
      0.148573
      0.148573
      0.148573
      0.148573
      0.148573
      0.148572
      0.148572
      0.148572
      0.148571
       0.14857
       0.14857
      0.148568
      0.148567
      0.148565
      0.148563
      0.148561
      0.148558
      0.148554
      0.148549
      0.148543
      0.148537
      0.148529
      0.148519
      0.148509
      0.148497
      0.148486
      0.148475
      0.148468
      0.148465
      0.148468
      0.148475
      0.148486
      0.148497
      0.148509
      0.148519
      0.148529
      0.148537
      0.148543
      0.148549
      0.148554
      0.148558
      0.148561
      0.148563
      0.148565
      0.148567
      0.148568
       0.14857
       0.14857
      0.148571
      0.148572
      0.148572
      0.148572
      0.148573
      0.148573
      0.148573
      0.148573
      0.148573
      0.148573
      0.138858
      0.138858
      0.138858
      0.138858
      0.138858
      0.138858
      0.138857
      0.138857
      0.138857
      0.138856
      0.138855
      0.138854
      0.138853
      0.138852
       0.13885
      0.138848
      0.138845
      0.138841
      0.138837
      0.138832
      0.138825
      0.138817
      0.138808
      0.138796
      0.138782
      0.138767
       0.13875
      0.138734
      0.138722
      0.138717
      0.138722
      0.138734
       0.13875
      0.138767
      0.138782
      0.138796
      0.138808
      0.138817
      0.138825
      0.138832
      0.138837
      0.138841
      0.138845
      0.138848
       0.13885
      0.138852
      0.138853
      0.138854
      0.138855
      0.138856
      0.138857
      0.138857
      0.138857
      0.138858
      0.138858
      0.138858
      0.138858
      0.138858
      0.138858
      0.131322
      0.131322
      0.131322
      0.131322
      0.131322
      0.131322
      0.131321
      0.131321
       0.13132
       0.13132
      0.131319
      0.131318
      0.131317
      0.131316
      0.131313
      0.131311
      0.131308
      0.131304
        0.1313
      0.131294
      0.131286
      0.131277
      0.131266
      0.131252
      0.131235
      0.131214
       0.13119
      0.131166
      0.131144
      0.131134
      0.131144
      0.131166
       0.13119
      0.131214
      0.131235
      0.131252
      0.131266
      0.131277
      0.131286
      0.131294
        0.1313
      0.131304
      0.131308
      0.131311
      0.131313
      0.131316
      0.131317
      0.131318
      0.131319
       0.13132
       0.13132
      0.131321
      0.131321
      0.131322
      0.131322
      0.131322
      0.131322
      0.131322
      0.131322
      0.125951
      0.125951
      0.125951
      0.125951
      0.125951
      0.125951
       0.12595
       0.12595
      0.125949
      0.125949
      0.125948
      0.125947
      0.125946
      0.125944
      0.125942
       0.12594
      0.125936
      0.125932
      0.125927
      0.125921
      0.125913
      0.125903
       0.12589
      0.125874
      0.125853
      0.125827
      0.125794
      0.125755
      0.125712
      0.125692
      0.125712
      0.125755
      0.125794
      0.125827
      0.125853
      0.125874
       0.12589
      0.125903
      0.125913
      0.125921
      0.125927
      0.125932
      0.125936
       0.12594
      0.125942
      0.125944
      0.125946
      0.125947
      0.125948
      0.125949
      0.125949
       0.12595
       0.12595
      0.125951
      0.125951
      0.125951
      0.125951
      0.125951
      0.125951
      0.122733
      0.122733
      0.122733
      0.122733
      0.122732
      0.122732
      0.122732
      0.122732
      0.122731
      0.122731
       0.12273
      0.122729
      0.122727
      0.122726
      0.122724
      0.122721
      0.122718
      0.122714
      0.122708
      0.122702
      0.122693
      0.122683
      0.122669
      0.122651
      0.122628
      0.122597
      0.122555
      0.122494
      0.122406
      0.122356
      0.122406
      0.122494
      0.122555
      0.122597
      0.122628
      0.122651
      0.122669
      0.122683
      0.122693
      0.122702
      0.122708
      0.122714
      0.122718
      0.122721
      0.122724
      0.122726
      0.122727
      0.122729
       0.12273
      0.122731
      0.122731
      0.122732
      0.122732
      0.122732
      0.122732
      0.122733
      0.122733
      0.122733
      0.122733
      0.121661
      0.121661
      0.121661
      0.121661
      0.121661
      0.121661
       0.12166
       0.12166
      0.121659
      0.121659
      0.121658
      0.121657
      0.121656
      0.121654
      0.121652
      0.121649
      0.121646
      0.121642
      0.121636
       0.12163
      0.121621
       0.12161
      0.121596
      0.121577
      0.121553
       0.12152
      0.121473
      0.121402
      0.121284
      0.121057
      0.121284
      0.121402
      0.121473
       0.12152
      0.121553
      0.121577
      0.121596
       0.12161
      0.121621
       0.12163
      0.121636
      0.121642
      0.121646
      0.121649
      0.121652
      0.121654
      0.121656
      0.121657
      0.121658
      0.121659
      0.121659
       0.12166
       0.12166
      0.121661
      0.121661
      0.121661
      0.121661
      0.121661
      0.121661
      0.122733
      0.122733
      0.122733
      0.122733
      0.122732
      0.122732
      0.122732
      0.122732
      0.122731
      0.122731
       0.12273
      0.122729
      0.122727
      0.122726
      0.122724
      0.122721
      0.122718
      0.122714
      0.122708
      0.122702
      0.122693
      0.122683
      0.122669
      0.122651
      0.122628
      0.122597
      0.122555
      0.122494
      0.122406
      0.122356
      0.122406
      0.122494
      0.122555
      0.122597
      0.122628
      0.122651
      0.122669
      0.122683
      0.122693
      0.122702
      0.122708
      0.122714
      0.122718
      0.122721
      0.122724
      0.122726
      0.122727
      0.122729
       0.12273
      0.122731
      0.122731
      0.122732
      0.122732
      0.122732
      0.122732
      0.122733
      0.122733
      0.122733
      0.122733
      0.125951
      0.125951
      0.125951
      0.125951
      0.125951
      0.125951
       0.12595
       0.12595
      0.125949
      0.125949
      0.125948
      0.125947
      0.125946
      0.125944
      0.125942
       0.12594
      0.125936
      0.125932
      0.125927
      0.125921
      0.125913
      0.125903
       0.12589
      0.125874
      0.125853
      0.125827
      0.125794
      0.125755
      0.125712
      0.125692
      0.125712
      0.125755
      0.125794
      0.125827
      0.125853
      0.125874
       0.12589
      0.125903
      0.125913
      0.125921
      0.125927
      0.125932
      0.125936
       0.12594
      0.125942
      0.125944
      0.125946
      0.125947
      0.125948
      0.125949
      0.125949
       0.12595
       0.12595
      0.125951
      0.125951
      0.125951
      0.125951
      0.125951
      0.125951
      0.131322
      0.131322
      0.131322
      0.131322
      0.131322
      0.131322
      0.131321
      0.131321
       0.13132
       0.13132
      0.131319
      0.131318
      0.131317
      0.131316
      0.131313
      0.131311
      0.131308
      0.131304
        0.1313
      0.131294
      0.131286
      0.131277
      0.131266
      0.131252
      0.131235
      0.131214
       0.13119
      0.131166
      0.131144
      0.131134
      0.131144
      0.131166
       0.13119
      0.131214
      0.131235
      0.131252
      0.131266
      0.131277
      0.131286
      0.131294
        0.1313
      0.131304
      0.131308
      0.131311
      0.131313
      0.131316
      0.131317
      0.131318
      0.131319
       0.13132
       0.13132
      0.131321
      0.131321
      0.131322
      0.131322
      0.131322
      0.131322
      0.131322
      0.131322
      0.138858
      0.138858
      0.138858
      0.138858
      0.138858
      0.138858
      0.138857
      0.138857
      0.138857
      0.138856
      0.138855
      0.138854
      0.138853
      0.138852
       0.13885
      0.138848
      0.138845
      0.138841
      0.138837
      0.138832
      0.138825
      0.138817
      0.138808
      0.138796
      0.138782
      0.138767
       0.13875
      0.138734
      0.138722
      0.138717
      0.138722
      0.138734
       0.13875
      0.138767
      0.138782
      0.138796
      0.138808
      0.138817
      0.138825
      0.138832
      0.138837
      0.138841
      0.138845
      0.138848
       0.13885
      0.138852
      0.138853
      0.138854
      0.138855
      0.138856
      0.138857
      0.138857
      0.138857
      0.138858
      0.138858
      0.138858
      0.138858
      0.138858
      0.138858
      0.148573
      0.148573
      0.148573
      0.148573
      0.148573
      0.148573
      0.148572
      0.148572
      0.148572
      0.148571
       0.14857
       0.14857
      0.148568
      0.148567
      0.148565
      0.148563
      0.148561
      0.148558
      0.148554
      0.148549
      0.148543
      0.148537
      0.148529
      0.148519
      0.148509
      0.148497
      0.148486
      0.148475
      0.148468
      0.148465
      0.148468
      0.148475
      0.148486
      0.148497
      0.148509
      0.148519
      0.148529
      0.148537
      0.148543
      0.148549
      0.148554
      0.148558
      0.148561
      0.148563
      0.148565
      0.148567
      0.148568
       0.14857
       0.14857
      0.148571
      0.148572
      0.148572
      0.148572
      0.148573
      0.148573
      0.148573
      0.148573
      0.148573
      0.148573
      0.160485
      0.160485
      0.160485
      0.160485
      0.160484
      0.160484
      0.160484
      0.160484
      0.160483
      0.160483
      0.160482
      0.160481
      0.160481
      0.160479
      0.160478
      0.160476
      0.160474
      0.160471
      0.160468
      0.160463
      0.160459
      0.160453
      0.160446
      0.160439
      0.160431
      0.160423
      0.160414
      0.160407
      0.160403
      0.160401
      0.160403
      0.160407
      0.160414
      0.160423
      0.160431
      0.160439
      0.160446
      0.160453
      0.160459
      0.160463
      0.160468
      0.160471
      0.160474
      0.160476
      0.160478
      0.160479
      0.160481
      0.160481
      0.160482
      0.160483
      0.160483
      0.160484
      0.160484
      0.160484
      0.160484
      0.160485
      0.160485
      0.160485
      0.160485
      0.174612
      0.174612
      0.174612
      0.174612
      0.174611
      0.174611
      0.174611
      0.174611
       0.17461
       0.17461
      0.174609
      0.174609
      0.174608
      0.174607
      0.174605
      0.174604
      0.174602
      0.174599
      0.174596
      0.174593
      0.174589
      0.174584
      0.174579
      0.174573
      0.174567
      0.174561
      0.174555
       0.17455
      0.174547
      0.174546
      0.174547
       0.17455
      0.174555
      0.174561
      0.174567
      0.174573
      0.174579
      0.174584
      0.174589
      0.174593
      0.174596
      0.174599
      0.174602
      0.174604
      0.174605
      0.174607
      0.174608
      0.174609
      0.174609
       0.17461
       0.17461
      0.174611
      0.174611
      0.174611
      0.174611
      0.174612
      0.174612
      0.174612
      0.174612
      0.190972
      0.190972
      0.190972
      0.190972
      0.190972
      0.190972
      0.190972
      0.190971
      0.190971
      0.190971
       0.19097
       0.19097
      0.190969
      0.190968
      0.190967
      0.190965
      0.190964
      0.190961
      0.190959
      0.190956
      0.190953
      0.190949
      0.190945
      0.190941
      0.190936
      0.190931
      0.190927
      0.190924
      0.190922
      0.190921
      0.190922
      0.190924
      0.190927
      0.190931
      0.190936
      0.190941
      0.190945
      0.190949
      0.190953
      0.190956
      0.190959
      0.190961
      0.190964
      0.190965
      0.190967
      0.190968
      0.190969
       0.19097
       0.19097
      0.190971
      0.190971
      0.190971
      0.190972
      0.190972
      0.190972
      0.190972
      0.190972
      0.190972
      0.190972
      0.209584
      0.209584
      0.209584
      0.209584
      0.209584
      0.209584
      0.209584
      0.209583
      0.209583
      0.209582
      0.209582
      0.209581
      0.209581
       0.20958
      0.209579
      0.209578
      0.209576
      0.209574
      0.209573
       0.20957
      0.209568
      0.209564
      0.209561
      0.209558
      0.209555
      0.209551
      0.209548
      0.209546
      0.209544
      0.209543
      0.209544
      0.209546
      0.209548
      0.209551
      0.209555
      0.209558
      0.209561
      0.209564
      0.209568
       0.20957
      0.209573
      0.209574
      0.209576
      0.209578
      0.209579
       0.20958
      0.209581
      0.209581
      0.209582
      0.209582
      0.209583
      0.209583
      0.209584
      0.209584
      0.209584
      0.209584
      0.209584
      0.209584
      0.209584
       0.23046
       0.23046
       0.23046
       0.23046
       0.23046
      0.230459
      0.230459
      0.230459
      0.230459
      0.230458
      0.230458
      0.230457
      0.230457
      0.230456
      0.230455
      0.230454
      0.230453
      0.230452
       0.23045
      0.230448
      0.230446
      0.230443
      0.230441
      0.230438
      0.230436
      0.230433
      0.230431
      0.230429
      0.230428
      0.230428
      0.230428
      0.230429
      0.230431
      0.230433
      0.230436
      0.230438
      0.230441
      0.230443
      0.230446
      0.230448
       0.23045
      0.230452
      0.230453
      0.230454
      0.230455
      0.230456
      0.230457
      0.230457
      0.230458
      0.230458
      0.230459
      0.230459
      0.230459
      0.230459
       0.23046
       0.23046
       0.23046
       0.23046
       0.23046
      0.253609
      0.253609
      0.253609
      0.253608
      0.253609
      0.253608
      0.253609
      0.253608
      0.253608
      0.253607
      0.253608
      0.253607
      0.253607
      0.253606
      0.253605
      0.253604
      0.253603
      0.253602
      0.253601
      0.253599
      0.253598
      0.253595
      0.253594
      0.253591
       0.25359
      0.253587
      0.253586
      0.253585
      0.253584
      0.253583
      0.253584
      0.253585
      0.253586
      0.253587
       0.25359
      0.253591
      0.253594
      0.253595
      0.253598
      0.253599
      0.253601
      0.253602
      0.253603
      0.253604
      0.253605
      0.253606
      0.253607
      0.253607
      0.253608
      0.253607
      0.253608
      0.253608
      0.253609
      0.253608
      0.253609
      0.253608
      0.253609
      0.253609
      0.253609
      0.279032
      0.279032
      0.279032
      0.279032
      0.279032
      0.279031
      0.279031
      0.279031
      0.279031
      0.279031
      0.279031
       0.27903
       0.27903
      0.279029
      0.279029
      0.279028
      0.279027
      0.279026
      0.279025
      0.279023
      0.279022
      0.279021
      0.279019
      0.279018
      0.279016
      0.279015
      0.279014
      0.279013
      0.279012
      0.279012
      0.279012
      0.279013
      0.279014
      0.279015
      0.279016
      0.279018
      0.279019
      0.279021
      0.279022
      0.279023
      0.279025
      0.279026
      0.279027
      0.279028
      0.279029
      0.279029
       0.27903
       0.27903
      0.279031
      0.279031
      0.279031
      0.279031
      0.279031
      0.279031
      0.279032
      0.279032
      0.279032
      0.279032
      0.279032
      0.306723
      0.306722
      0.306723
      0.306722
      0.306723
      0.306722
      0.306723
      0.306722
      0.306723
      0.306722
      0.306722
      0.306721
      0.306721
       0.30672
       0.30672
      0.306719
      0.306719
      0.306718
      0.306717
      0.306716
      0.306715
      0.306713
      0.306713
      0.306711
      0.306711
      0.306709
      0.306709
      0.306707
      0.306708
      0.306707
      0.306708
      0.306707
      0.306709
      0.306709
      0.306711
      0.306711
      0.306713
      0.306713
      0.306715
      0.306716
      0.306717
      0.306718
      0.306719
      0.306719
       0.30672
       0.30672
      0.306721
      0.306721
      0.306722
      0.306722
      0.306723
      0.306722
      0.306723
      0.306722
      0.306723
      0.306722
      0.306723
      0.306722
      0.306723
      0.336663
      0.336662
      0.336663
      0.336662
      0.336663
      0.336662
      0.336662
      0.336662
      0.336662
      0.336662
      0.336662
      0.336661
      0.336661
      0.336661
       0.33666
       0.33666
      0.336659
      0.336658
      0.336658
      0.336657
      0.336656
      0.336655
      0.336655
      0.336653
      0.336653
      0.336652
      0.336651
      0.336651
      0.336651
       0.33665
      0.336651
      0.336651
      0.336651
      0.336652
      0.336653
      0.336653
      0.336655
      0.336655
      0.336656
      0.336657
      0.336658
      0.336658
      0.336659
       0.33666
       0.33666
      0.336661
      0.336661
      0.336661
      0.336662
      0.336662
      0.336662
      0.336662
      0.336662
      0.336662
      0.336663
      0.336662
      0.336663
      0.336662
      0.336663
      0.368824
      0.368823
      0.368824
      0.368823
      0.368824
      0.368823
      0.368824
      0.368823
      0.368824
      0.368823
      0.368824
      0.368822
      0.368823
      0.368822
      0.368822
      0.368821
      0.368821
       0.36882
       0.36882
      0.368819
      0.368819
      0.368818
      0.368818
      0.368816
      0.368816
      0.368815
      0.368815
      0.368814
      0.368815
      0.368814
      0.368815
      0.368814
      0.368815
      0.368815
      0.368816
      0.368816
      0.368818
      0.368818
      0.368819
      0.368819
       0.36882
       0.36882
      0.368821
      0.368821
      0.368822
      0.368822
      0.368823
      0.368822
      0.368824
      0.368823
      0.368824
      0.368823
      0.368824
      0.368823
      0.368824
      0.368823
      0.368824
      0.368823
      0.368824
      0.403161
      0.403161
      0.403161
      0.403161
      0.403161
      0.403161
      0.403161
      0.403161
      0.403161
       0.40316
      0.403161
       0.40316
       0.40316
       0.40316
       0.40316
      0.403159
      0.403159
      0.403158
      0.403158
      0.403157
      0.403157
      0.403156
      0.403156
      0.403155
      0.403155
      0.403154
      0.403154
      0.403154
      0.403154
      0.403153
      0.403154
      0.403154
      0.403154
      0.403154
      0.403155
      0.403155
      0.403156
      0.403156
      0.403157
      0.403157
      0.403158
      0.403158
      0.403159
      0.403159
       0.40316
       0.40316
       0.40316
       0.40316
      0.403161
       0.40316
      0.403161
      0.403161
      0.403161
      0.403161
      0.403161
      0.403161
      0.403161
      0.403161
      0.403161
       0.43962
      0.439619
       0.43962
      0.439619
       0.43962
      0.439619
       0.43962
      0.439619
       0.43962
      0.439619
       0.43962
      0.439618
      0.439619
      0.439618
      0.439619
      0.439618
      0.439618
      0.439617
      0.439618
      0.439616
      0.439617
      0.439615
      0.439616
      0.439615
      0.439615
      0.439614
      0.439615
      0.439613
      0.439614
      0.439613
      0.439614
      0.439613
      0.439615
      0.439614
      0.439615
      0.439615
      0.439616
      0.439615
      0.439617
      0.439616
      0.439618
      0.439617
      0.439618
      0.439618
      0.439619
      0.439618
      0.439619
      0.439618
       0.43962
      0.439619
       0.43962
      0.439619
       0.43962
      0.439619
       0.43962
      0.439619
       0.43962
      0.439619
       0.43962
      0.478124
      0.478123
      0.478124
      0.478123
      0.478123
      0.478123
      0.478123
      0.478123
      0.478123
      0.478123
      0.478123
      0.478123
      0.478123
      0.478122
      0.478122
      0.478122
      0.478122
      0.478121
      0.478121
      0.478121
      0.478121
       0.47812
       0.47812
       0.47812
       0.47812
      0.478119
      0.478119
      0.478119
      0.478119
      0.478119
      0.478119
      0.478119
      0.478119
      0.478119
       0.47812
       0.47812
       0.47812
       0.47812
      0.478121
      0.478121
      0.478121
      0.478121
      0.478122
      0.478122
      0.478122
      0.478122
      0.478123
      0.478123
      0.478123
      0.478123
      0.478123
      0.478123
      0.478123
      0.478123
      0.478123
      0.478123
      0.478124
      0.478123
      0.478124
      0.518586
      0.518585
      0.518586
      0.518585
      0.518586
      0.518585
      0.518586
      0.518585
      0.518586
      0.518585
      0.518586
      0.518585
      0.518586
      0.518585
      0.518586
      0.518584
      0.518585
      0.518584
      0.518585
      0.518584
      0.518584
      0.518583
      0.518584
      0.518583
      0.518583
      0.518582
      0.518583
      0.518582
      0.518583
      0.518582
      0.518583
      0.518582
      0.518583
      0.518582
      0.518583
      0.518583
      0.518584
      0.518583
      0.518584
      0.518584
      0.518585
      0.518584
      0.518585
      0.518584
      0.518586
      0.518585
      0.518586
      0.518585
      0.518586
      0.518585
      0.518586
      0.518585
      0.518586
      0.518585
      0.518586
      0.518585
      0.518586
      0.518585
      0.518586
      0.560899
      0.560898
      0.560899
      0.560898
      0.560899
      0.560898
      0.560899
      0.560898
      0.560899
      0.560898
      0.560899
      0.560898
      0.560898
      0.560898
      0.560898
      0.560898
      0.560898
      0.560897
      0.560898
      0.560897
      0.560897
      0.560897
      0.560897
      0.560896
      0.560896
      0.560896
      0.560896
      0.560896
      0.560896
      0.560896
      0.560896
      0.560896
      0.560896
      0.560896
      0.560896
      0.560896
      0.560897
      0.560897
      0.560897
      0.560897
      0.560898
      0.560897
      0.560898
      0.560898
      0.560898
      0.560898
      0.560898
      0.560898
      0.560899
      0.560898
      0.560899
      0.560898
      0.560899
      0.560898
      0.560899
      0.560898
      0.560899
      0.560898
      0.560899
      0.604942
      0.604942
      0.604942
      0.604941
      0.604942
      0.604941
      0.604942
      0.604941
      0.604942
      0.604941
      0.604942
      0.604941
      0.604942
      0.604941
      0.604942
      0.604941
      0.604942
      0.604941
      0.604941
       0.60494
      0.604941
       0.60494
      0.604941
       0.60494
      0.604941
       0.60494
       0.60494
      0.604939
       0.60494
      0.604939
       0.60494
      0.604939
       0.60494
       0.60494
      0.604941
       0.60494
      0.604941
       0.60494
      0.604941
       0.60494
      0.604941
      0.604941
      0.604942
      0.604941
      0.604942
      0.604941
      0.604942
      0.604941
      0.604942
      0.604941
      0.604942
      0.604941
      0.604942
      0.604941
      0.604942
      0.604941
      0.604942
      0.604942
      0.604942
      0.650575
      0.650575
      0.650575
      0.650575
      0.650575
      0.650575
      0.650575
      0.650575
      0.650575
      0.650574
      0.650575
      0.650574
      0.650575
      0.650574
      0.650575
      0.650574
      0.650574
      0.650574
      0.650574
      0.650574
      0.650574
      0.650574
      0.650574
      0.650573
      0.650574
      0.650573
      0.650573
      0.650573
      0.650573
      0.650573
      0.650573
      0.650573
      0.650573
      0.650573
      0.650574
      0.650573
      0.650574
      0.650574
      0.650574
      0.650574
      0.650574
      0.650574
      0.650574
      0.650574
      0.650575
      0.650574
      0.650575
      0.650574
      0.650575
      0.650574
      0.650575
      0.650575
      0.650575
      0.650575
      0.650575
      0.650575
      0.650575
      0.650575
      0.650575
      0.697646
      0.697645
      0.697646
      0.697645
      0.697646
      0.697645
      0.697646
      0.697645
      0.697646
      0.697645
      0.697646
      0.697645
      0.697646
      0.697645
      0.697646
      0.697645
      0.697646
      0.697645
      0.697645
      0.697645
      0.697645
      0.697644
      0.697645
      0.697644
      0.697645
      0.697644
      0.697645
      0.697644
      0.697645
      0.697644
      0.697645
      0.697644
      0.697645
      0.697644
      0.697645
      0.697644
      0.697645
      0.697644
      0.697645
      0.697645
      0.697645
      0.697645
      0.697646
      0.697645
      0.697646
      0.697645
      0.697646
      0.697645
      0.697646
      0.697645
      0.697646
      0.697645
      0.697646
      0.697645
      0.697646
      0.697645
      0.697646
      0.697645
      0.697646
      0.745984
      0.745984
      0.745984
      0.745984
      0.745984
      0.745984
      0.745984
      0.745984
      0.745984
      0.745984
      0.745984
      0.745984
      0.745984
      0.745983
      0.745984
      0.745983
      0.745984
      0.745983
      0.745983
      0.745983
      0.745983
      0.745983
      0.745983
      0.745983
      0.745983
      0.745983
      0.745983
      0.745983
      0.745983
      0.745983
      0.745983
      0.745983
      0.745983
      0.745983
      0.745983
      0.745983
      0.745983
      0.745983
      0.745983
      0.745983
      0.745983
      0.745983
      0.745984
      0.745983
      0.745984
      0.745983
      0.745984
      0.745984
      0.745984
      0.745984
      0.745984
      0.745984
      0.745984
      0.745984
      0.745984
      0.745984
      0.745984
      0.745984
      0.745984
       0.79541
       0.79541
       0.79541
       0.79541
       0.79541
       0.79541
       0.79541
       0.79541
       0.79541
       0.79541
       0.79541
       0.79541
       0.79541
       0.79541
       0.79541
      0.795409
       0.79541
      0.795409
       0.79541
      0.795409
       0.79541
      0.795409
       0.79541
      0.795409
       0.79541
      0.795409
       0.79541
      0.795409
       0.79541
      0.795409
       0.79541
      0.795409
       0.79541
      0.795409
       0.79541
      0.795409
       0.79541
      0.795409
       0.79541
      0.795409
       0.79541
      0.795409
       0.79541
      0.795409
       0.79541
       0.79541
       0.79541
       0.79541
       0.79541
       0.79541
       0.79541
       0.79541
       0.79541
       0.79541
       0.79541
       0.79541
       0.79541
       0.79541
       0.79541
       0.84573
       0.84573
       0.84573
       0.84573
       0.84573
       0.84573
       0.84573
       0.84573
       0.84573
       0.84573
       0.84573
      0.845729
       0.84573
      0.845729
       0.84573
      0.845729
       0.84573
      0.845729
      0.845729
      0.845729
      0.845729
      0.845729
      0.845729
      0.845729
      0.845729
      0.845729
      0.845729
      0.845729
      0.845729
      0.845729
      0.845729
      0.845729
      0.845729
      0.845729
      0.845729
      0.845729
      0.845729
      0.845729
      0.845729
      0.845729
      0.845729
      0.845729
       0.84573
      0.845729
       0.84573
      0.845729
       0.84573
      0.845729
       0.84573
       0.84573
       0.84573
       0.84573
       0.84573
       0.84573
       0.84573
       0.84573
       0.84573
       0.84573
       0.84573
      0.896742
      0.896742
      0.896742
      0.896742
      0.896742
      0.896742
      0.896742
      0.896742
      0.896742
      0.896742
      0.896742
      0.896742
      0.896742
      0.896742
      0.896742
      0.896742
      0.896742
      0.896742
      0.896742
      0.896742
      0.896742
      0.896742
      0.896742
      0.896742
      0.896742
      0.896742
      0.896742
      0.896742
      0.896742
      0.896742
      0.896742
      0.896742
      0.896742
      0.896742
      0.896742
      0.896742
      0.896742
      0.896742
      0.896742
      0.896742
      0.896742
      0.896742
      0.896742
      0.896742
      0.896742
      0.896742
      0.896742
      0.896742
      0.896742
      0.896742
      0.896742
      0.896742
      0.896742
      0.896742
      0.896742
      0.896742
      0.896742
      0.896742
      0.896742
      0.948237
      0.948237
      0.948237
      0.948237
      0.948237
      0.948237
      0.948237
      0.948237
      0.948237
      0.948237
      0.948237
      0.948237
      0.948237
      0.948237
      0.948237
      0.948237
      0.948237
      0.948237
      0.948237
      0.948237
      0.948237
      0.948237
      0.948237
      0.948237
      0.948237
      0.948237
      0.948237
      0.948237
      0.948237
      0.948237
      0.948237
      0.948237
      0.948237
      0.948237
      0.948237
      0.948237
      0.948237
      0.948237
      0.948237
      0.948237
      0.948237
      0.948237
      0.948237
      0.948237
      0.948237
      0.948237
      0.948237
      0.948237
      0.948237
      0.948237
      0.948237
      0.948237
      0.948237
      0.948237
      0.948237
      0.948237
      0.948237
      0.948237
      0.948237
             1
             1
             1
             1
             1
             1
             1
             1
             1
             1
             1
             1
             1
             1
             1
             1
             1
             1
             1
             1
             1
             1
             1
             1
             1
             1
             1
             1
             1
             1
             1
             1
             1
             1
             1
             1
             1
             1
             1
             1
             1
             1
             1
             1
             1
             1
             1
             1
             1
             1
             1
             1
             1
             1
             1
             1
             1
             1
             1
