             1
             1
             1
             1
             1
             1
             1
             1
             1
             1
             1
             1
             1
             1
             1
             1
             1
             1
             1
             1
             1
             1
             1
             1
             1
             1
             1
             1
             1
             1
             1
             1
             1
             1
             1
             1
             1
             1
             1
             1
             1
             1
             1
             1
             1
             1
             1
             1
             1
             1
             1
             1
             1
             1
             1
             1
             1
             1
             1
      0.948692
      0.948692
      0.948692
      0.948692
      0.948692
      0.948692
      0.948692
      0.948692
      0.948692
      0.948692
      0.948692
      0.948692
      0.948692
      0.948692
      0.948692
      0.948692
      0.948692
      0.948692
      0.948692
      0.948692
      0.948692
      0.948692
      0.948692
      0.948692
      0.948692
      0.948692
      0.948692
      0.948692
      0.948692
      0.948692
      0.948692
      0.948692
      0.948692
      0.948692
      0.948692
      0.948692
      0.948692
      0.948692
      0.948692
      0.948692
      0.948692
      0.948692
      0.948692
      0.948692
      0.948692
      0.948692
      0.948692
      0.948692
      0.948692
      0.948692
      0.948692
      0.948692
      0.948692
      0.948692
      0.948692
      0.948692
      0.948692
      0.948692
      0.948692
      0.897648
      0.897648
      0.897648
      0.897648
      0.897648
      0.897648
      0.897648
      0.897648
      0.897648
      0.897648
      0.897648
      0.897648
      0.897648
      0.897648
      0.897648
      0.897648
      0.897648
      0.897648
      0.897648
      0.897648
      0.897648
      0.897647
      0.897648
      0.897647
      0.897648
      0.897647
      0.897648
      0.897647
      0.897648
      0.897647
      0.897648
      0.897647
      0.897648
      0.897647
      0.897648
      0.897647
      0.897648
      0.897647
      0.897648
      0.897648
      0.897648
      0.897648
      0.897648
      0.897648
      0.897648
      0.897648
      0.897648
      0.897648
      0.897648
      0.897648
      0.897648
      0.897648
      0.897648
      0.897648
      0.897648
      0.897648
      0.897648
      0.897648
      0.897648
      0.847076
      0.847076
      0.847076
      0.847076
      0.847076
      0.847076
      0.847076
      0.847076
      0.847076
      0.847076
      0.847076
      0.847075
      0.847076
      0.847075
      0.847076
      0.847075
      0.847075
      0.847075
      0.847075
      0.847075
      0.847075
      0.847075
      0.847075
      0.847075
      0.847075
      0.847075
      0.847075
      0.847075
      0.847075
      0.847075
      0.847075
      0.847075
      0.847075
      0.847075
      0.847075
      0.847075
      0.847075
      0.847075
      0.847075
      0.847075
      0.847075
      0.847075
      0.847075
      0.847075
      0.847076
      0.847075
      0.847076
      0.847075
      0.847076
      0.847076
      0.847076
      0.847076
      0.847076
      0.847076
      0.847076
      0.847076
      0.847076
      0.847076
      0.847076
      0.797181
      0.797181
      0.797181
      0.797181
      0.797181
      0.797181
      0.797181
      0.797181
      0.797181
      0.797181
      0.797181
      0.797181
      0.797181
      0.797181
      0.797181
      0.797181
      0.797181
      0.797181
      0.797181
       0.79718
      0.797181
       0.79718
      0.797181
       0.79718
      0.797181
       0.79718
      0.797181
       0.79718
      0.797181
       0.79718
      0.797181
       0.79718
      0.797181
       0.79718
      0.797181
       0.79718
      0.797181
       0.79718
      0.797181
       0.79718
      0.797181
      0.797181
      0.797181
      0.797181
      0.797181
      0.797181
      0.797181
      0.797181
      0.797181
      0.797181
      0.797181
      0.797181
      0.797181
      0.797181
      0.797181
      0.797181
      0.797181
      0.797181
      0.797181
      0.748161
      0.748161
      0.748161
      0.748161
      0.748161
      0.748161
      0.748161
      0.748161
      0.748161
      0.748161
      0.748161
      0.748161
      0.748161
       0.74816
      0.748161
       0.74816
      0.748161
       0.74816
       0.74816
       0.74816
       0.74816
       0.74816
       0.74816
       0.74816
       0.74816
       0.74816
       0.74816
       0.74816
       0.74816
       0.74816
       0.74816
       0.74816
       0.74816
       0.74816
       0.74816
       0.74816
       0.74816
       0.74816
       0.74816
       0.74816
       0.74816
       0.74816
      0.748161
       0.74816
      0.748161
       0.74816
      0.748161
      0.748161
      0.748161
      0.748161
      0.748161
      0.748161
      0.748161
      0.748161
      0.748161
      0.748161
      0.748161
      0.748161
      0.748161
      0.700206
      0.700205
      0.700206
      0.700205
      0.700206
      0.700205
      0.700205
      0.700205
      0.700205
      0.700205
      0.700205
      0.700205
      0.700205
      0.700204
      0.700205
      0.700204
      0.700205
      0.700204
      0.700205
      0.700204
      0.700205
      0.700204
      0.700204
      0.700204
      0.700204
      0.700203
      0.700204
      0.700203
      0.700204
      0.700203
      0.700204
      0.700203
      0.700204
      0.700203
      0.700204
      0.700204
      0.700204
      0.700204
      0.700205
      0.700204
      0.700205
      0.700204
      0.700205
      0.700204
      0.700205
      0.700204
      0.700205
      0.700205
      0.700205
      0.700205
      0.700205
      0.700205
      0.700205
      0.700205
      0.700206
      0.700205
      0.700206
      0.700205
      0.700206
       0.65349
       0.65349
       0.65349
       0.65349
       0.65349
       0.65349
       0.65349
       0.65349
       0.65349
       0.65349
       0.65349
       0.65349
       0.65349
      0.653489
       0.65349
      0.653489
      0.653489
      0.653489
      0.653489
      0.653489
      0.653489
      0.653489
      0.653489
      0.653488
      0.653489
      0.653488
      0.653488
      0.653488
      0.653488
      0.653488
      0.653488
      0.653488
      0.653488
      0.653488
      0.653489
      0.653488
      0.653489
      0.653489
      0.653489
      0.653489
      0.653489
      0.653489
      0.653489
      0.653489
       0.65349
      0.653489
       0.65349
       0.65349
       0.65349
       0.65349
       0.65349
       0.65349
       0.65349
       0.65349
       0.65349
       0.65349
       0.65349
       0.65349
       0.65349
      0.608184
      0.608183
      0.608184
      0.608183
      0.608184
      0.608183
      0.608184
      0.608183
      0.608184
      0.608183
      0.608183
      0.608182
      0.608183
      0.608182
      0.608183
      0.608182
      0.608183
      0.608182
      0.608183
      0.608181
      0.608182
      0.608181
      0.608182
      0.608181
      0.608182
      0.608181
      0.608181
       0.60818
      0.608181
       0.60818
      0.608181
       0.60818
      0.608181
      0.608181
      0.608182
      0.608181
      0.608182
      0.608181
      0.608182
      0.608181
      0.608183
      0.608182
      0.608183
      0.608182
      0.608183
      0.608182
      0.608183
      0.608182
      0.608183
      0.608183
      0.608184
      0.608183
      0.608184
      0.608183
      0.608184
      0.608183
      0.608184
      0.608183
      0.608184
      0.564434
      0.564434
      0.564434
      0.564434
      0.564434
      0.564434
      0.564434
      0.564434
      0.564434
      0.564434
      0.564434
      0.564433
      0.564434
      0.564433
      0.564433
      0.564433
      0.564433
      0.564433
      0.564433
      0.564432
      0.564432
      0.564432
      0.564432
      0.564431
      0.564432
      0.564431
      0.564431
      0.564431
      0.564431
      0.564431
      0.564431
      0.564431
      0.564431
      0.564431
      0.564432
      0.564431
      0.564432
      0.564432
      0.564432
      0.564432
      0.564433
      0.564433
      0.564433
      0.564433
      0.564433
      0.564433
      0.564434
      0.564433
      0.564434
      0.564434
      0.564434
      0.564434
      0.564434
      0.564434
      0.564434
      0.564434
      0.564434
      0.564434
      0.564434
      0.522383
      0.522382
      0.522383
      0.522382
      0.522383
      0.522382
      0.522383
      0.522381
      0.522382
      0.522381
      0.522382
      0.522381
      0.522382
      0.522381
      0.522382
      0.522381
      0.522381
       0.52238
      0.522381
       0.52238
       0.52238
      0.522379
       0.52238
      0.522379
      0.522379
      0.522378
      0.522379
      0.522378
      0.522379
      0.522378
      0.522379
      0.522378
      0.522379
      0.522378
      0.522379
      0.522379
       0.52238
      0.522379
       0.52238
       0.52238
      0.522381
       0.52238
      0.522381
      0.522381
      0.522382
      0.522381
      0.522382
      0.522381
      0.522382
      0.522381
      0.522382
      0.522381
      0.522383
      0.522382
      0.522383
      0.522382
      0.522383
      0.522382
      0.522383
      0.482147
      0.482146
      0.482147
      0.482146
      0.482147
      0.482146
      0.482146
      0.482146
      0.482146
      0.482146
      0.482146
      0.482146
      0.482146
      0.482145
      0.482145
      0.482145
      0.482145
      0.482144
      0.482144
      0.482144
      0.482144
      0.482143
      0.482143
      0.482142
      0.482142
      0.482142
      0.482142
      0.482141
      0.482142
      0.482141
      0.482142
      0.482141
      0.482142
      0.482142
      0.482142
      0.482142
      0.482143
      0.482143
      0.482144
      0.482144
      0.482144
      0.482144
      0.482145
      0.482145
      0.482145
      0.482145
      0.482146
      0.482146
      0.482146
      0.482146
      0.482146
      0.482146
      0.482146
      0.482146
      0.482147
      0.482146
      0.482147
      0.482146
      0.482147
      0.443836
      0.443835
      0.443836
      0.443835
      0.443836
      0.443835
      0.443836
      0.443835
      0.443835
      0.443834
      0.443835
      0.443834
      0.443835
      0.443834
      0.443834
      0.443833
      0.443834
      0.443832
      0.443833
      0.443832
      0.443832
      0.443831
      0.443831
       0.44383
       0.44383
      0.443829
       0.44383
      0.443829
      0.443829
      0.443828
      0.443829
      0.443829
       0.44383
      0.443829
       0.44383
       0.44383
      0.443831
      0.443831
      0.443832
      0.443832
      0.443833
      0.443832
      0.443834
      0.443833
      0.443834
      0.443834
      0.443835
      0.443834
      0.443835
      0.443834
      0.443835
      0.443835
      0.443836
      0.443835
      0.443836
      0.443835
      0.443836
      0.443835
      0.443836
      0.407536
      0.407536
      0.407536
      0.407536
      0.407536
      0.407536
      0.407536
      0.407536
      0.407536
      0.407535
      0.407535
      0.407535
      0.407535
      0.407534
      0.407534
      0.407534
      0.407534
      0.407533
      0.407533
      0.407532
      0.407532
      0.407531
       0.40753
       0.40753
      0.407529
      0.407529
      0.407529
      0.407528
      0.407528
      0.407528
      0.407528
      0.407528
      0.407529
      0.407529
      0.407529
       0.40753
       0.40753
      0.407531
      0.407532
      0.407532
      0.407533
      0.407533
      0.407534
      0.407534
      0.407534
      0.407534
      0.407535
      0.407535
      0.407535
      0.407535
      0.407536
      0.407536
      0.407536
      0.407536
      0.407536
      0.407536
      0.407536
      0.407536
      0.407536
      0.373326
      0.373325
      0.373326
      0.373325
      0.373326
      0.373325
      0.373326
      0.373325
      0.373326
      0.373325
      0.373325
      0.373324
      0.373325
      0.373323
      0.373324
      0.373323
      0.373323
      0.373322
      0.373322
       0.37332
       0.37332
      0.373319
      0.373319
      0.373317
      0.373317
      0.373316
      0.373316
      0.373315
      0.373316
      0.373315
      0.373316
      0.373315
      0.373316
      0.373316
      0.373317
      0.373317
      0.373319
      0.373319
       0.37332
       0.37332
      0.373322
      0.373322
      0.373323
      0.373323
      0.373324
      0.373323
      0.373325
      0.373324
      0.373325
      0.373325
      0.373326
      0.373325
      0.373326
      0.373325
      0.373326
      0.373325
      0.373326
      0.373325
      0.373326
      0.341261
      0.341261
      0.341261
      0.341261
      0.341261
      0.341261
      0.341261
       0.34126
      0.341261
       0.34126
       0.34126
       0.34126
       0.34126
      0.341259
      0.341259
      0.341258
      0.341257
      0.341256
      0.341256
      0.341255
      0.341254
      0.341253
      0.341252
      0.341251
       0.34125
      0.341249
      0.341249
      0.341248
      0.341248
      0.341248
      0.341248
      0.341248
      0.341249
      0.341249
       0.34125
      0.341251
      0.341252
      0.341253
      0.341254
      0.341255
      0.341256
      0.341256
      0.341257
      0.341258
      0.341259
      0.341259
       0.34126
       0.34126
       0.34126
       0.34126
      0.341261
       0.34126
      0.341261
      0.341261
      0.341261
      0.341261
      0.341261
      0.341261
      0.341261
       0.31139
       0.31139
       0.31139
      0.311389
       0.31139
      0.311389
       0.31139
      0.311389
       0.31139
      0.311389
      0.311389
      0.311388
      0.311388
      0.311387
      0.311387
      0.311386
      0.311386
      0.311384
      0.311384
      0.311382
      0.311382
       0.31138
      0.311379
      0.311377
      0.311377
      0.311375
      0.311375
      0.311373
      0.311374
      0.311373
      0.311374
      0.311373
      0.311375
      0.311375
      0.311377
      0.311377
      0.311379
       0.31138
      0.311382
      0.311382
      0.311384
      0.311384
      0.311386
      0.311386
      0.311387
      0.311387
      0.311388
      0.311388
      0.311389
      0.311389
       0.31139
      0.311389
       0.31139
      0.311389
       0.31139
      0.311389
       0.31139
       0.31139
       0.31139
      0.283743
      0.283742
      0.283743
      0.283742
      0.283742
      0.283742
      0.283742
      0.283742
      0.283742
      0.283741
      0.283741
      0.283741
       0.28374
       0.28374
      0.283739
      0.283738
      0.283737
      0.283736
      0.283735
      0.283734
      0.283732
      0.283731
      0.283729
      0.283727
      0.283726
      0.283724
      0.283723
      0.283722
      0.283722
      0.283721
      0.283722
      0.283722
      0.283723
      0.283724
      0.283726
      0.283727
      0.283729
      0.283731
      0.283732
      0.283734
      0.283735
      0.283736
      0.283737
      0.283738
      0.283739
       0.28374
       0.28374
      0.283741
      0.283741
      0.283741
      0.283742
      0.283742
      0.283742
      0.283742
      0.283742
      0.283742
      0.283743
      0.283742
      0.283743
      0.258342
      0.258341
      0.258342
      0.258341
      0.258342
      0.258341
      0.258341
      0.258341
      0.258341
       0.25834
       0.25834
      0.258339
      0.258339
      0.258338
      0.258338
      0.258336
      0.258336
      0.258334
      0.258333
      0.258331
      0.258329
      0.258327
      0.258325
      0.258323
      0.258321
      0.258318
      0.258317
      0.258315
      0.258315
      0.258314
      0.258315
      0.258315
      0.258317
      0.258318
      0.258321
      0.258323
      0.258325
      0.258327
      0.258329
      0.258331
      0.258333
      0.258334
      0.258336
      0.258336
      0.258338
      0.258338
      0.258339
      0.258339
       0.25834
       0.25834
      0.258341
      0.258341
      0.258341
      0.258341
      0.258342
      0.258341
      0.258342
      0.258341
      0.258342
      0.235196
      0.235196
      0.235196
      0.235196
      0.235196
      0.235195
      0.235195
      0.235195
      0.235195
      0.235194
      0.235194
      0.235193
      0.235193
      0.235192
      0.235191
       0.23519
      0.235189
      0.235187
      0.235185
      0.235183
      0.235181
      0.235178
      0.235176
      0.235173
       0.23517
      0.235167
      0.235165
      0.235163
      0.235162
      0.235162
      0.235162
      0.235163
      0.235165
      0.235167
       0.23517
      0.235173
      0.235176
      0.235178
      0.235181
      0.235183
      0.235185
      0.235187
      0.235189
       0.23519
      0.235191
      0.235192
      0.235193
      0.235193
      0.235194
      0.235194
      0.235195
      0.235195
      0.235195
      0.235195
      0.235196
      0.235196
      0.235196
      0.235196
      0.235196
      0.214309
      0.214309
      0.214309
      0.214309
      0.214309
      0.214308
      0.214309
      0.214308
      0.214308
      0.214307
      0.214307
      0.214306
      0.214306
      0.214304
      0.214304
      0.214302
      0.214301
      0.214299
      0.214297
      0.214294
      0.214291
      0.214288
      0.214285
      0.214281
      0.214277
      0.214274
      0.214271
      0.214268
      0.214267
      0.214266
      0.214267
      0.214268
      0.214271
      0.214274
      0.214277
      0.214281
      0.214285
      0.214288
      0.214291
      0.214294
      0.214297
      0.214299
      0.214301
      0.214302
      0.214304
      0.214304
      0.214306
      0.214306
      0.214307
      0.214307
      0.214308
      0.214308
      0.214309
      0.214308
      0.214309
      0.214309
      0.214309
      0.214309
      0.214309
      0.195675
      0.195675
      0.195675
      0.195675
      0.195675
      0.195674
      0.195674
      0.195674
      0.195674
      0.195673
      0.195673
      0.195672
      0.195671
       0.19567
      0.195669
      0.195667
      0.195665
      0.195663
      0.195661
      0.195657
      0.195654
       0.19565
      0.195646
      0.195641
      0.195636
      0.195631
      0.195627
      0.195623
      0.195621
       0.19562
      0.195621
      0.195623
      0.195627
      0.195631
      0.195636
      0.195641
      0.195646
       0.19565
      0.195654
      0.195657
      0.195661
      0.195663
      0.195665
      0.195667
      0.195669
       0.19567
      0.195671
      0.195672
      0.195673
      0.195673
      0.195674
      0.195674
      0.195674
      0.195674
      0.195675
      0.195675
      0.195675
      0.195675
      0.195675
      0.179285
      0.179284
      0.179285
      0.179284
      0.179284
      0.179284
      0.179284
      0.179284
      0.179283
      0.179283
      0.179282
      0.179281
       0.17928
      0.179279
      0.179278
      0.179276
      0.179274
      0.179271
      0.179268
      0.179264
       0.17926
      0.179255
       0.17925
      0.179244
      0.179237
      0.179231
      0.179225
       0.17922
      0.179216
      0.179215
      0.179216
       0.17922
      0.179225
      0.179231
      0.179237
      0.179244
       0.17925
      0.179255
       0.17926
      0.179264
      0.179268
      0.179271
      0.179274
      0.179276
      0.179278
      0.179279
       0.17928
      0.179281
      0.179282
      0.179283
      0.179283
      0.179284
      0.179284
      0.179284
      0.179284
      0.179284
      0.179285
      0.179284
      0.179285
      0.165124
      0.165124
      0.165124
      0.165124
      0.165124
      0.165123
      0.165123
      0.165123
      0.165122
      0.165122
      0.165121
       0.16512
      0.165119
      0.165118
      0.165116
      0.165114
      0.165112
      0.165109
      0.165105
      0.165101
      0.165096
       0.16509
      0.165083
      0.165075
      0.165067
      0.165058
      0.165049
      0.165042
      0.165037
      0.165035
      0.165037
      0.165042
      0.165049
      0.165058
      0.165067
      0.165075
      0.165083
       0.16509
      0.165096
      0.165101
      0.165105
      0.165109
      0.165112
      0.165114
      0.165116
      0.165118
      0.165119
       0.16512
      0.165121
      0.165122
      0.165122
      0.165123
      0.165123
      0.165123
      0.165124
      0.165124
      0.165124
      0.165124
      0.165124
      0.153178
      0.153178
      0.153178
      0.153178
      0.153177
      0.153177
      0.153177
      0.153177
      0.153176
      0.153176
      0.153175
      0.153174
      0.153173
      0.153171
      0.153169
      0.153167
      0.153164
      0.153161
      0.153157
      0.153152
      0.153146
      0.153139
       0.15313
      0.153121
      0.153109
      0.153097
      0.153085
      0.153074
      0.153067
      0.153064
      0.153067
      0.153074
      0.153085
      0.153097
      0.153109
      0.153121
       0.15313
      0.153139
      0.153146
      0.153152
      0.153157
      0.153161
      0.153164
      0.153167
      0.153169
      0.153171
      0.153173
      0.153174
      0.153175
      0.153176
      0.153176
      0.153177
      0.153177
      0.153177
      0.153177
      0.153178
      0.153178
      0.153178
      0.153178
       0.14343
       0.14343
       0.14343
       0.14343
       0.14343
       0.14343
      0.143429
      0.143429
      0.143429
      0.143428
      0.143427
      0.143426
      0.143425
      0.143423
      0.143421
      0.143419
      0.143416
      0.143412
      0.143408
      0.143402
      0.143395
      0.143387
      0.143376
      0.143364
       0.14335
      0.143334
      0.143316
        0.1433
      0.143287
      0.143282
      0.143287
        0.1433
      0.143316
      0.143334
       0.14335
      0.143364
      0.143376
      0.143387
      0.143395
      0.143402
      0.143408
      0.143412
      0.143416
      0.143419
      0.143421
      0.143423
      0.143425
      0.143426
      0.143427
      0.143428
      0.143429
      0.143429
      0.143429
       0.14343
       0.14343
       0.14343
       0.14343
       0.14343
       0.14343
      0.135866
      0.135867
      0.135866
      0.135866
      0.135866
      0.135866
      0.135865
      0.135865
      0.135865
      0.135864
      0.135863
      0.135862
      0.135861
      0.135859
      0.135857
      0.135855
      0.135851
      0.135847
      0.135842
      0.135836
      0.135828
      0.135819
      0.135807
      0.135792
      0.135774
      0.135753
      0.135727
      0.135702
      0.135679
      0.135669
      0.135679
      0.135702
      0.135727
      0.135753
      0.135774
      0.135792
      0.135807
      0.135819
      0.135828
      0.135836
      0.135842
      0.135847
      0.135851
      0.135855
      0.135857
      0.135859
      0.135861
      0.135862
      0.135863
      0.135864
      0.135865
      0.135865
      0.135865
      0.135866
      0.135866
      0.135866
      0.135866
      0.135867
      0.135866
      0.130474
      0.130474
      0.130474
      0.130474
      0.130474
      0.130473
      0.130473
      0.130473
      0.130472
      0.130471
      0.130471
       0.13047
      0.130468
      0.130466
      0.130464
      0.130461
      0.130458
      0.130454
      0.130448
      0.130442
      0.130433
      0.130423
      0.130409
      0.130392
      0.130371
      0.130343
      0.130309
      0.130268
      0.130224
      0.130203
      0.130224
      0.130268
      0.130309
      0.130343
      0.130371
      0.130392
      0.130409
      0.130423
      0.130433
      0.130442
      0.130448
      0.130454
      0.130458
      0.130461
      0.130464
      0.130466
      0.130468
       0.13047
      0.130471
      0.130471
      0.130472
      0.130473
      0.130473
      0.130473
      0.130474
      0.130474
      0.130474
      0.130474
      0.130474
      0.127242
      0.127242
      0.127242
      0.127242
      0.127242
      0.127242
      0.127241
      0.127241
       0.12724
       0.12724
      0.127239
      0.127238
      0.127236
      0.127235
      0.127232
       0.12723
      0.127226
      0.127222
      0.127216
      0.127209
        0.1272
      0.127189
      0.127174
      0.127156
      0.127131
      0.127099
      0.127055
      0.126992
      0.126901
      0.126849
      0.126901
      0.126992
      0.127055
      0.127099
      0.127131
      0.127156
      0.127174
      0.127189
        0.1272
      0.127209
      0.127216
      0.127222
      0.127226
       0.12723
      0.127232
      0.127235
      0.127236
      0.127238
      0.127239
       0.12724
       0.12724
      0.127241
      0.127241
      0.127242
      0.127242
      0.127242
      0.127242
      0.127242
      0.127242
      0.126166
      0.126166
      0.126166
      0.126166
      0.126166
      0.126165
      0.126165
      0.126165
      0.126164
      0.126163
      0.126162
      0.126161
       0.12616
      0.126158
      0.126156
      0.126153
      0.126149
      0.126145
      0.126139
      0.126132
      0.126123
      0.126112
      0.126097
      0.126077
      0.126052
      0.126017
      0.125969
      0.125895
      0.125772
      0.125537
      0.125772
      0.125895
      0.125969
      0.126017
      0.126052
      0.126077
      0.126097
      0.126112
      0.126123
      0.126132
      0.126139
      0.126145
      0.126149
      0.126153
      0.126156
      0.126158
       0.12616
      0.126161
      0.126162
      0.126163
      0.126164
      0.126165
      0.126165
      0.126165
      0.126166
      0.126166
      0.126166
      0.126166
      0.126166
      0.127242
      0.127242
      0.127242
      0.127242
      0.127242
      0.127242
      0.127241
      0.127241
       0.12724
       0.12724
      0.127239
      0.127238
      0.127236
      0.127235
      0.127232
       0.12723
      0.127226
      0.127222
      0.127216
      0.127209
        0.1272
      0.127189
      0.127174
      0.127156
      0.127131
      0.127099
      0.127055
      0.126992
      0.126901
      0.126849
      0.126901
      0.126992
      0.127055
      0.127099
      0.127131
      0.127156
      0.127174
      0.127189
        0.1272
      0.127209
      0.127216
      0.127222
      0.127226
       0.12723
      0.127232
      0.127235
      0.127236
      0.127238
      0.127239
       0.12724
       0.12724
      0.127241
      0.127241
      0.127242
      0.127242
      0.127242
      0.127242
      0.127242
      0.127242
      0.130474
      0.130474
      0.130474
      0.130474
      0.130474
      0.130473
      0.130473
      0.130473
      0.130472
      0.130471
      0.130471
       0.13047
      0.130468
      0.130466
      0.130464
      0.130461
      0.130458
      0.130454
      0.130448
      0.130442
      0.130433
      0.130423
      0.130409
      0.130392
      0.130371
      0.130343
      0.130309
      0.130268
      0.130224
      0.130203
      0.130224
      0.130268
      0.130309
      0.130343
      0.130371
      0.130392
      0.130409
      0.130423
      0.130433
      0.130442
      0.130448
      0.130454
      0.130458
      0.130461
      0.130464
      0.130466
      0.130468
       0.13047
      0.130471
      0.130471
      0.130472
      0.130473
      0.130473
      0.130473
      0.130474
      0.130474
      0.130474
      0.130474
      0.130474
      0.135866
      0.135867
      0.135866
      0.135866
      0.135866
      0.135866
      0.135865
      0.135865
      0.135865
      0.135864
      0.135863
      0.135862
      0.135861
      0.135859
      0.135857
      0.135855
      0.135851
      0.135847
      0.135842
      0.135836
      0.135828
      0.135819
      0.135807
      0.135792
      0.135774
      0.135753
      0.135727
      0.135702
      0.135679
      0.135669
      0.135679
      0.135702
      0.135727
      0.135753
      0.135774
      0.135792
      0.135807
      0.135819
      0.135828
      0.135836
      0.135842
      0.135847
      0.135851
      0.135855
      0.135857
      0.135859
      0.135861
      0.135862
      0.135863
      0.135864
      0.135865
      0.135865
      0.135865
      0.135866
      0.135866
      0.135866
      0.135866
      0.135867
      0.135866
       0.14343
       0.14343
       0.14343
       0.14343
       0.14343
       0.14343
      0.143429
      0.143429
      0.143429
      0.143428
      0.143427
      0.143426
      0.143425
      0.143423
      0.143421
      0.143419
      0.143416
      0.143412
      0.143408
      0.143402
      0.143395
      0.143387
      0.143376
      0.143364
       0.14335
      0.143334
      0.143316
        0.1433
      0.143287
      0.143282
      0.143287
        0.1433
      0.143316
      0.143334
       0.14335
      0.143364
      0.143376
      0.143387
      0.143395
      0.143402
      0.143408
      0.143412
      0.143416
      0.143419
      0.143421
      0.143423
      0.143425
      0.143426
      0.143427
      0.143428
      0.143429
      0.143429
      0.143429
       0.14343
       0.14343
       0.14343
       0.14343
       0.14343
       0.14343
      0.153178
      0.153178
      0.153178
      0.153178
      0.153177
      0.153177
      0.153177
      0.153177
      0.153176
      0.153176
      0.153175
      0.153174
      0.153173
      0.153171
      0.153169
      0.153167
      0.153164
      0.153161
      0.153157
      0.153152
      0.153146
      0.153139
       0.15313
      0.153121
      0.153109
      0.153097
      0.153085
      0.153074
      0.153067
      0.153064
      0.153067
      0.153074
      0.153085
      0.153097
      0.153109
      0.153121
       0.15313
      0.153139
      0.153146
      0.153152
      0.153157
      0.153161
      0.153164
      0.153167
      0.153169
      0.153171
      0.153173
      0.153174
      0.153175
      0.153176
      0.153176
      0.153177
      0.153177
      0.153177
      0.153177
      0.153178
      0.153178
      0.153178
      0.153178
      0.165124
      0.165124
      0.165124
      0.165124
      0.165124
      0.165123
      0.165123
      0.165123
      0.165122
      0.165122
      0.165121
       0.16512
      0.165119
      0.165118
      0.165116
      0.165114
      0.165112
      0.165109
      0.165105
      0.165101
      0.165096
       0.16509
      0.165083
      0.165075
      0.165067
      0.165058
      0.165049
      0.165042
      0.165037
      0.165035
      0.165037
      0.165042
      0.165049
      0.165058
      0.165067
      0.165075
      0.165083
       0.16509
      0.165096
      0.165101
      0.165105
      0.165109
      0.165112
      0.165114
      0.165116
      0.165118
      0.165119
       0.16512
      0.165121
      0.165122
      0.165122
      0.165123
      0.165123
      0.165123
      0.165124
      0.165124
      0.165124
      0.165124
      0.165124
      0.179285
      0.179284
      0.179285
      0.179284
      0.179284
      0.179284
      0.179284
      0.179284
      0.179283
      0.179283
      0.179282
      0.179281
       0.17928
      0.179279
      0.179278
      0.179276
      0.179274
      0.179271
      0.179268
      0.179264
       0.17926
      0.179255
       0.17925
      0.179244
      0.179237
      0.179231
      0.179225
       0.17922
      0.179216
      0.179215
      0.179216
       0.17922
      0.179225
      0.179231
      0.179237
      0.179244
       0.17925
      0.179255
       0.17926
      0.179264
      0.179268
      0.179271
      0.179274
      0.179276
      0.179278
      0.179279
       0.17928
      0.179281
      0.179282
      0.179283
      0.179283
      0.179284
      0.179284
      0.179284
      0.179284
      0.179284
      0.179285
      0.179284
      0.179285
      0.195675
      0.195675
      0.195675
      0.195675
      0.195675
      0.195674
      0.195674
      0.195674
      0.195674
      0.195673
      0.195673
      0.195672
      0.195671
       0.19567
      0.195669
      0.195667
      0.195665
      0.195663
      0.195661
      0.195657
      0.195654
       0.19565
      0.195646
      0.195641
      0.195636
      0.195631
      0.195627
      0.195623
      0.195621
       0.19562
      0.195621
      0.195623
      0.195627
      0.195631
      0.195636
      0.195641
      0.195646
       0.19565
      0.195654
      0.195657
      0.195661
      0.195663
      0.195665
      0.195667
      0.195669
       0.19567
      0.195671
      0.195672
      0.195673
      0.195673
      0.195674
      0.195674
      0.195674
      0.195674
      0.195675
      0.195675
      0.195675
      0.195675
      0.195675
      0.214309
      0.214309
      0.214309
      0.214309
      0.214309
      0.214308
      0.214309
      0.214308
      0.214308
      0.214307
      0.214307
      0.214306
      0.214306
      0.214304
      0.214304
      0.214302
      0.214301
      0.214299
      0.214297
      0.214294
      0.214291
      0.214288
      0.214285
      0.214281
      0.214277
      0.214274
      0.214271
      0.214268
      0.214267
      0.214266
      0.214267
      0.214268
      0.214271
      0.214274
      0.214277
      0.214281
      0.214285
      0.214288
      0.214291
      0.214294
      0.214297
      0.214299
      0.214301
      0.214302
      0.214304
      0.214304
      0.214306
      0.214306
      0.214307
      0.214307
      0.214308
      0.214308
      0.214309
      0.214308
      0.214309
      0.214309
      0.214309
      0.214309
      0.214309
      0.235196
      0.235196
      0.235196
      0.235196
      0.235196
      0.235195
      0.235195
      0.235195
      0.235195
      0.235194
      0.235194
      0.235193
      0.235193
      0.235192
      0.235191
       0.23519
      0.235189
      0.235187
      0.235185
      0.235183
      0.235181
      0.235178
      0.235176
      0.235173
       0.23517
      0.235167
      0.235165
      0.235163
      0.235162
      0.235162
      0.235162
      0.235163
      0.235165
      0.235167
       0.23517
      0.235173
      0.235176
      0.235178
      0.235181
      0.235183
      0.235185
      0.235187
      0.235189
       0.23519
      0.235191
      0.235192
      0.235193
      0.235193
      0.235194
      0.235194
      0.235195
      0.235195
      0.235195
      0.235195
      0.235196
      0.235196
      0.235196
      0.235196
      0.235196
      0.258342
      0.258341
      0.258342
      0.258341
      0.258342
      0.258341
      0.258341
      0.258341
      0.258341
       0.25834
       0.25834
      0.258339
      0.258339
      0.258338
      0.258338
      0.258336
      0.258336
      0.258334
      0.258333
      0.258331
      0.258329
      0.258327
      0.258325
      0.258323
      0.258321
      0.258318
      0.258317
      0.258315
      0.258315
      0.258314
      0.258315
      0.258315
      0.258317
      0.258318
      0.258321
      0.258323
      0.258325
      0.258327
      0.258329
      0.258331
      0.258333
      0.258334
      0.258336
      0.258336
      0.258338
      0.258338
      0.258339
      0.258339
       0.25834
       0.25834
      0.258341
      0.258341
      0.258341
      0.258341
      0.258342
      0.258341
      0.258342
      0.258341
      0.258342
      0.283743
      0.283742
      0.283743
      0.283742
      0.283742
      0.283742
      0.283742
      0.283742
      0.283742
      0.283741
      0.283741
      0.283741
       0.28374
       0.28374
      0.283739
      0.283738
      0.283737
      0.283736
      0.283735
      0.283734
      0.283732
      0.283731
      0.283729
      0.283727
      0.283726
      0.283724
      0.283723
      0.283722
      0.283722
      0.283721
      0.283722
      0.283722
      0.283723
      0.283724
      0.283726
      0.283727
      0.283729
      0.283731
      0.283732
      0.283734
      0.283735
      0.283736
      0.283737
      0.283738
      0.283739
       0.28374
       0.28374
      0.283741
      0.283741
      0.283741
      0.283742
      0.283742
      0.283742
      0.283742
      0.283742
      0.283742
      0.283743
      0.283742
      0.283743
       0.31139
       0.31139
       0.31139
      0.311389
       0.31139
      0.311389
       0.31139
      0.311389
       0.31139
      0.311389
      0.311389
      0.311388
      0.311388
      0.311387
      0.311387
      0.311386
      0.311386
      0.311384
      0.311384
      0.311382
      0.311382
       0.31138
      0.311379
      0.311377
      0.311377
      0.311375
      0.311375
      0.311373
      0.311374
      0.311373
      0.311374
      0.311373
      0.311375
      0.311375
      0.311377
      0.311377
      0.311379
       0.31138
      0.311382
      0.311382
      0.311384
      0.311384
      0.311386
      0.311386
      0.311387
      0.311387
      0.311388
      0.311388
      0.311389
      0.311389
       0.31139
      0.311389
       0.31139
      0.311389
       0.31139
      0.311389
       0.31139
       0.31139
       0.31139
      0.341261
      0.341261
      0.341261
      0.341261
      0.341261
      0.341261
      0.341261
       0.34126
      0.341261
       0.34126
       0.34126
       0.34126
       0.34126
      0.341259
      0.341259
      0.341258
      0.341257
      0.341256
      0.341256
      0.341255
      0.341254
      0.341253
      0.341252
      0.341251
       0.34125
      0.341249
      0.341249
      0.341248
      0.341248
      0.341248
      0.341248
      0.341248
      0.341249
      0.341249
       0.34125
      0.341251
      0.341252
      0.341253
      0.341254
      0.341255
      0.341256
      0.341256
      0.341257
      0.341258
      0.341259
      0.341259
       0.34126
       0.34126
       0.34126
       0.34126
      0.341261
       0.34126
      0.341261
      0.341261
      0.341261
      0.341261
      0.341261
      0.341261
      0.341261
      0.373326
      0.373325
      0.373326
      0.373325
      0.373326
      0.373325
      0.373326
      0.373325
      0.373326
      0.373325
      0.373325
      0.373324
      0.373325
      0.373323
      0.373324
      0.373323
      0.373323
      0.373322
      0.373322
       0.37332
       0.37332
      0.373319
      0.373319
      0.373317
      0.373317
      0.373316
      0.373316
      0.373315
      0.373316
      0.373315
      0.373316
      0.373315
      0.373316
      0.373316
      0.373317
      0.373317
      0.373319
      0.373319
       0.37332
       0.37332
      0.373322
      0.373322
      0.373323
      0.373323
      0.373324
      0.373323
      0.373325
      0.373324
      0.373325
      0.373325
      0.373326
      0.373325
      0.373326
      0.373325
      0.373326
      0.373325
      0.373326
      0.373325
      0.373326
      0.407536
      0.407536
      0.407536
      0.407536
      0.407536
      0.407536
      0.407536
      0.407536
      0.407536
      0.407535
      0.407535
      0.407535
      0.407535
      0.407534
      0.407534
      0.407534
      0.407534
      0.407533
      0.407533
      0.407532
      0.407532
      0.407531
       0.40753
       0.40753
      0.407529
      0.407529
      0.407529
      0.407528
      0.407528
      0.407528
      0.407528
      0.407528
      0.407529
      0.407529
      0.407529
       0.40753
       0.40753
      0.407531
      0.407532
      0.407532
      0.407533
      0.407533
      0.407534
      0.407534
      0.407534
      0.407534
      0.407535
      0.407535
      0.407535
      0.407535
      0.407536
      0.407536
      0.407536
      0.407536
      0.407536
      0.407536
      0.407536
      0.407536
      0.407536
      0.443836
      0.443835
      0.443836
      0.443835
      0.443836
      0.443835
      0.443836
      0.443835
      0.443835
      0.443834
      0.443835
      0.443834
      0.443835
      0.443834
      0.443834
      0.443833
      0.443834
      0.443832
      0.443833
      0.443832
      0.443832
      0.443831
      0.443831
       0.44383
       0.44383
      0.443829
       0.44383
      0.443829
      0.443829
      0.443828
      0.443829
      0.443829
       0.44383
      0.443829
       0.44383
       0.44383
      0.443831
      0.443831
      0.443832
      0.443832
      0.443833
      0.443832
      0.443834
      0.443833
      0.443834
      0.443834
      0.443835
      0.443834
      0.443835
      0.443834
      0.443835
      0.443835
      0.443836
      0.443835
      0.443836
      0.443835
      0.443836
      0.443835
      0.443836
      0.482147
      0.482146
      0.482147
      0.482146
      0.482147
      0.482146
      0.482146
      0.482146
      0.482146
      0.482146
      0.482146
      0.482146
      0.482146
      0.482145
      0.482145
      0.482145
      0.482145
      0.482144
      0.482144
      0.482144
      0.482144
      0.482143
      0.482143
      0.482142
      0.482142
      0.482142
      0.482142
      0.482141
      0.482142
      0.482141
      0.482142
      0.482141
      0.482142
      0.482142
      0.482142
      0.482142
      0.482143
      0.482143
      0.482144
      0.482144
      0.482144
      0.482144
      0.482145
      0.482145
      0.482145
      0.482145
      0.482146
      0.482146
      0.482146
      0.482146
      0.482146
      0.482146
      0.482146
      0.482146
      0.482147
      0.482146
      0.482147
      0.482146
      0.482147
      0.522383
      0.522382
      0.522383
      0.522382
      0.522383
      0.522382
      0.522383
      0.522381
      0.522382
      0.522381
      0.522382
      0.522381
      0.522382
      0.522381
      0.522382
      0.522381
      0.522381
       0.52238
      0.522381
       0.52238
       0.52238
      0.522379
       0.52238
      0.522379
      0.522379
      0.522378
      0.522379
      0.522378
      0.522379
      0.522378
      0.522379
      0.522378
      0.522379
      0.522378
      0.522379
      0.522379
       0.52238
      0.522379
       0.52238
       0.52238
      0.522381
       0.52238
      0.522381
      0.522381
      0.522382
      0.522381
      0.522382
      0.522381
      0.522382
      0.522381
      0.522382
      0.522381
      0.522383
      0.522382
      0.522383
      0.522382
      0.522383
      0.522382
      0.522383
      0.564434
      0.564434
      0.564434
      0.564434
      0.564434
      0.564434
      0.564434
      0.564434
      0.564434
      0.564434
      0.564434
      0.564433
      0.564434
      0.564433
      0.564433
      0.564433
      0.564433
      0.564433
      0.564433
      0.564432
      0.564432
      0.564432
      0.564432
      0.564431
      0.564432
      0.564431
      0.564431
      0.564431
      0.564431
      0.564431
      0.564431
      0.564431
      0.564431
      0.564431
      0.564432
      0.564431
      0.564432
      0.564432
      0.564432
      0.564432
      0.564433
      0.564433
      0.564433
      0.564433
      0.564433
      0.564433
      0.564434
      0.564433
      0.564434
      0.564434
      0.564434
      0.564434
      0.564434
      0.564434
      0.564434
      0.564434
      0.564434
      0.564434
      0.564434
      0.608184
      0.608183
      0.608184
      0.608183
      0.608184
      0.608183
      0.608184
      0.608183
      0.608184
      0.608183
      0.608183
      0.608182
      0.608183
      0.608182
      0.608183
      0.608182
      0.608183
      0.608182
      0.608183
      0.608181
      0.608182
      0.608181
      0.608182
      0.608181
      0.608182
      0.608181
      0.608181
       0.60818
      0.608181
       0.60818
      0.608181
       0.60818
      0.608181
      0.608181
      0.608182
      0.608181
      0.608182
      0.608181
      0.608182
      0.608181
      0.608183
      0.608182
      0.608183
      0.608182
      0.608183
      0.608182
      0.608183
      0.608182
      0.608183
      0.608183
      0.608184
      0.608183
      0.608184
      0.608183
      0.608184
      0.608183
      0.608184
      0.608183
      0.608184
       0.65349
       0.65349
       0.65349
       0.65349
       0.65349
       0.65349
       0.65349
       0.65349
       0.65349
       0.65349
       0.65349
       0.65349
       0.65349
      0.653489
       0.65349
      0.653489
      0.653489
      0.653489
      0.653489
      0.653489
      0.653489
      0.653489
      0.653489
      0.653488
      0.653489
      0.653488
      0.653488
      0.653488
      0.653488
      0.653488
      0.653488
      0.653488
      0.653488
      0.653488
      0.653489
      0.653488
      0.653489
      0.653489
      0.653489
      0.653489
      0.653489
      0.653489
      0.653489
      0.653489
       0.65349
      0.653489
       0.65349
       0.65349
       0.65349
       0.65349
       0.65349
       0.65349
       0.65349
       0.65349
       0.65349
       0.65349
       0.65349
       0.65349
       0.65349
      0.700206
      0.700205
      0.700206
      0.700205
      0.700206
      0.700205
      0.700205
      0.700205
      0.700205
      0.700205
      0.700205
      0.700205
      0.700205
      0.700204
      0.700205
      0.700204
      0.700205
      0.700204
      0.700205
      0.700204
      0.700205
      0.700204
      0.700204
      0.700204
      0.700204
      0.700203
      0.700204
      0.700203
      0.700204
      0.700203
      0.700204
      0.700203
      0.700204
      0.700203
      0.700204
      0.700204
      0.700204
      0.700204
      0.700205
      0.700204
      0.700205
      0.700204
      0.700205
      0.700204
      0.700205
      0.700204
      0.700205
      0.700205
      0.700205
      0.700205
      0.700205
      0.700205
      0.700205
      0.700205
      0.700206
      0.700205
      0.700206
      0.700205
      0.700206
      0.748161
      0.748161
      0.748161
      0.748161
      0.748161
      0.748161
      0.748161
      0.748161
      0.748161
      0.748161
      0.748161
      0.748161
      0.748161
       0.74816
      0.748161
       0.74816
      0.748161
       0.74816
       0.74816
       0.74816
       0.74816
       0.74816
       0.74816
       0.74816
       0.74816
       0.74816
       0.74816
       0.74816
       0.74816
       0.74816
       0.74816
       0.74816
       0.74816
       0.74816
       0.74816
       0.74816
       0.74816
       0.74816
       0.74816
       0.74816
       0.74816
       0.74816
      0.748161
       0.74816
      0.748161
       0.74816
      0.748161
      0.748161
      0.748161
      0.748161
      0.748161
      0.748161
      0.748161
      0.748161
      0.748161
      0.748161
      0.748161
      0.748161
      0.748161
      0.797181
      0.797181
      0.797181
      0.797181
      0.797181
      0.797181
      0.797181
      0.797181
      0.797181
      0.797181
      0.797181
      0.797181
      0.797181
      0.797181
      0.797181
      0.797181
      0.797181
      0.797181
      0.797181
       0.79718
      0.797181
       0.79718
      0.797181
       0.79718
      0.797181
       0.79718
      0.797181
       0.79718
      0.797181
       0.79718
      0.797181
       0.79718
      0.797181
       0.79718
      0.797181
       0.79718
      0.797181
       0.79718
      0.797181
       0.79718
      0.797181
      0.797181
      0.797181
      0.797181
      0.797181
      0.797181
      0.797181
      0.797181
      0.797181
      0.797181
      0.797181
      0.797181
      0.797181
      0.797181
      0.797181
      0.797181
      0.797181
      0.797181
      0.797181
      0.847076
      0.847076
      0.847076
      0.847076
      0.847076
      0.847076
      0.847076
      0.847076
      0.847076
      0.847076
      0.847076
      0.847075
      0.847076
      0.847075
      0.847076
      0.847075
      0.847075
      0.847075
      0.847075
      0.847075
      0.847075
      0.847075
      0.847075
      0.847075
      0.847075
      0.847075
      0.847075
      0.847075
      0.847075
      0.847075
      0.847075
      0.847075
      0.847075
      0.847075
      0.847075
      0.847075
      0.847075
      0.847075
      0.847075
      0.847075
      0.847075
      0.847075
      0.847075
      0.847075
      0.847076
      0.847075
      0.847076
      0.847075
      0.847076
      0.847076
      0.847076
      0.847076
      0.847076
      0.847076
      0.847076
      0.847076
      0.847076
      0.847076
      0.847076
      0.897648
      0.897648
      0.897648
      0.897648
      0.897648
      0.897648
      0.897648
      0.897648
      0.897648
      0.897648
      0.897648
      0.897648
      0.897648
      0.897648
      0.897648
      0.897648
      0.897648
      0.897648
      0.897648
      0.897648
      0.897648
      0.897647
      0.897648
      0.897647
      0.897648
      0.897647
      0.897648
      0.897647
      0.897648
      0.897647
      0.897648
      0.897647
      0.897648
      0.897647
      0.897648
      0.897647
      0.897648
      0.897647
      0.897648
      0.897648
      0.897648
      0.897648
      0.897648
      0.897648
      0.897648
      0.897648
      0.897648
      0.897648
      0.897648
      0.897648
      0.897648
      0.897648
      0.897648
      0.897648
      0.897648
      0.897648
      0.897648
      0.897648
      0.897648
      0.948692
      0.948692
      0.948692
      0.948692
      0.948692
      0.948692
      0.948692
      0.948692
      0.948692
      0.948692
      0.948692
      0.948692
      0.948692
      0.948692
      0.948692
      0.948692
      0.948692
      0.948692
      0.948692
      0.948692
      0.948692
      0.948692
      0.948692
      0.948692
      0.948692
      0.948692
      0.948692
      0.948692
      0.948692
      0.948692
      0.948692
      0.948692
      0.948692
      0.948692
      0.948692
      0.948692
      0.948692
      0.948692
      0.948692
      0.948692
      0.948692
      0.948692
      0.948692
      0.948692
      0.948692
      0.948692
      0.948692
      0.948692
      0.948692
      0.948692
      0.948692
      0.948692
      0.948692
      0.948692
      0.948692
      0.948692
      0.948692
      0.948692
      0.948692
             1
             1
             1
             1
             1
             1
             1
             1
             1
             1
             1
             1
             1
             1
             1
             1
             1
             1
             1
             1
             1
             1
             1
             1
             1
             1
             1
             1
             1
             1
             1
             1
             1
             1
             1
             1
             1
             1
             1
             1
             1
             1
             1
             1
             1
             1
             1
             1
             1
             1
             1
             1
             1
             1
             1
             1
             1
             1
             1
