             1
             1
             1
             1
             1
             1
             1
             1
             1
             1
             1
             1
             1
             1
             1
             1
             1
             1
             1
             1
             1
             1
             1
             1
             1
             1
             1
             1
             1
             1
             1
             1
             1
             1
             1
             1
             1
             1
             1
             1
             1
             1
             1
             1
             1
             1
             1
             1
             1
             1
             1
             1
             1
             1
             1
             1
             1
             1
             1
      0.949137
      0.949137
      0.949137
      0.949137
      0.949137
      0.949137
      0.949137
      0.949137
      0.949137
      0.949137
      0.949137
      0.949137
      0.949137
      0.949137
      0.949137
      0.949137
      0.949137
      0.949137
      0.949137
      0.949137
      0.949137
      0.949137
      0.949137
      0.949137
      0.949137
      0.949137
      0.949137
      0.949137
      0.949137
      0.949137
      0.949137
      0.949137
      0.949137
      0.949137
      0.949137
      0.949137
      0.949137
      0.949137
      0.949137
      0.949137
      0.949137
      0.949137
      0.949137
      0.949137
      0.949137
      0.949137
      0.949137
      0.949137
      0.949137
      0.949137
      0.949137
      0.949137
      0.949137
      0.949137
      0.949137
      0.949137
      0.949137
      0.949137
      0.949137
      0.898533
      0.898533
      0.898533
      0.898533
      0.898533
      0.898533
      0.898533
      0.898533
      0.898533
      0.898533
      0.898533
      0.898533
      0.898533
      0.898533
      0.898533
      0.898533
      0.898533
      0.898532
      0.898533
      0.898532
      0.898533
      0.898532
      0.898533
      0.898532
      0.898533
      0.898532
      0.898533
      0.898532
      0.898533
      0.898532
      0.898533
      0.898532
      0.898533
      0.898532
      0.898533
      0.898532
      0.898533
      0.898532
      0.898533
      0.898532
      0.898533
      0.898532
      0.898533
      0.898533
      0.898533
      0.898533
      0.898533
      0.898533
      0.898533
      0.898533
      0.898533
      0.898533
      0.898533
      0.898533
      0.898533
      0.898533
      0.898533
      0.898533
      0.898533
      0.848391
      0.848391
      0.848391
      0.848391
      0.848391
      0.848391
      0.848391
      0.848391
      0.848391
      0.848391
      0.848391
      0.848391
      0.848391
      0.848391
      0.848391
      0.848391
      0.848391
      0.848391
      0.848391
       0.84839
      0.848391
       0.84839
      0.848391
       0.84839
       0.84839
       0.84839
       0.84839
       0.84839
       0.84839
       0.84839
       0.84839
       0.84839
       0.84839
       0.84839
       0.84839
       0.84839
      0.848391
       0.84839
      0.848391
       0.84839
      0.848391
      0.848391
      0.848391
      0.848391
      0.848391
      0.848391
      0.848391
      0.848391
      0.848391
      0.848391
      0.848391
      0.848391
      0.848391
      0.848391
      0.848391
      0.848391
      0.848391
      0.848391
      0.848391
      0.798913
      0.798912
      0.798913
      0.798912
      0.798913
      0.798912
      0.798913
      0.798912
      0.798913
      0.798912
      0.798913
      0.798912
      0.798913
      0.798912
      0.798913
      0.798912
      0.798912
      0.798912
      0.798912
      0.798912
      0.798912
      0.798912
      0.798912
      0.798912
      0.798912
      0.798911
      0.798912
      0.798911
      0.798912
      0.798911
      0.798912
      0.798911
      0.798912
      0.798911
      0.798912
      0.798912
      0.798912
      0.798912
      0.798912
      0.798912
      0.798912
      0.798912
      0.798912
      0.798912
      0.798913
      0.798912
      0.798913
      0.798912
      0.798913
      0.798912
      0.798913
      0.798912
      0.798913
      0.798912
      0.798913
      0.798912
      0.798913
      0.798912
      0.798913
       0.75029
       0.75029
       0.75029
       0.75029
       0.75029
       0.75029
       0.75029
       0.75029
       0.75029
       0.75029
       0.75029
       0.75029
       0.75029
      0.750289
       0.75029
      0.750289
       0.75029
      0.750289
      0.750289
      0.750289
      0.750289
      0.750289
      0.750289
      0.750289
      0.750289
      0.750289
      0.750289
      0.750289
      0.750289
      0.750289
      0.750289
      0.750289
      0.750289
      0.750289
      0.750289
      0.750289
      0.750289
      0.750289
      0.750289
      0.750289
      0.750289
      0.750289
       0.75029
      0.750289
       0.75029
      0.750289
       0.75029
       0.75029
       0.75029
       0.75029
       0.75029
       0.75029
       0.75029
       0.75029
       0.75029
       0.75029
       0.75029
       0.75029
       0.75029
       0.70271
      0.702709
       0.70271
      0.702709
       0.70271
      0.702709
       0.70271
      0.702709
       0.70271
      0.702709
       0.70271
      0.702709
       0.70271
      0.702709
      0.702709
      0.702709
      0.702709
      0.702708
      0.702709
      0.702708
      0.702709
      0.702708
      0.702709
      0.702708
      0.702709
      0.702708
      0.702708
      0.702708
      0.702708
      0.702708
      0.702708
      0.702708
      0.702708
      0.702708
      0.702709
      0.702708
      0.702709
      0.702708
      0.702709
      0.702708
      0.702709
      0.702708
      0.702709
      0.702709
      0.702709
      0.702709
       0.70271
      0.702709
       0.70271
      0.702709
       0.70271
      0.702709
       0.70271
      0.702709
       0.70271
      0.702709
       0.70271
      0.702709
       0.70271
      0.656344
      0.656344
      0.656344
      0.656344
      0.656344
      0.656344
      0.656344
      0.656344
      0.656344
      0.656344
      0.656344
      0.656344
      0.656344
      0.656344
      0.656344
      0.656343
      0.656344
      0.656343
      0.656343
      0.656343
      0.656343
      0.656343
      0.656343
      0.656342
      0.656343
      0.656342
      0.656342
      0.656342
      0.656342
      0.656342
      0.656342
      0.656342
      0.656342
      0.656342
      0.656343
      0.656342
      0.656343
      0.656343
      0.656343
      0.656343
      0.656343
      0.656343
      0.656344
      0.656343
      0.656344
      0.656344
      0.656344
      0.656344
      0.656344
      0.656344
      0.656344
      0.656344
      0.656344
      0.656344
      0.656344
      0.656344
      0.656344
      0.656344
      0.656344
      0.611359
      0.611358
      0.611359
      0.611358
      0.611359
      0.611358
      0.611359
      0.611358
      0.611359
      0.611358
      0.611359
      0.611358
      0.611359
      0.611358
      0.611359
      0.611358
      0.611358
      0.611357
      0.611358
      0.611357
      0.611358
      0.611357
      0.611357
      0.611356
      0.611357
      0.611356
      0.611357
      0.611356
      0.611357
      0.611356
      0.611357
      0.611356
      0.611357
      0.611356
      0.611357
      0.611356
      0.611357
      0.611357
      0.611358
      0.611357
      0.611358
      0.611357
      0.611358
      0.611358
      0.611359
      0.611358
      0.611359
      0.611358
      0.611359
      0.611358
      0.611359
      0.611358
      0.611359
      0.611358
      0.611359
      0.611358
      0.611359
      0.611358
      0.611359
      0.567901
      0.567901
      0.567901
      0.567901
      0.567901
      0.567901
      0.567901
        0.5679
      0.567901
        0.5679
      0.567901
        0.5679
        0.5679
        0.5679
        0.5679
        0.5679
        0.5679
      0.567899
      0.567899
      0.567899
      0.567899
      0.567898
      0.567898
      0.567898
      0.567898
      0.567898
      0.567898
      0.567897
      0.567898
      0.567897
      0.567898
      0.567897
      0.567898
      0.567898
      0.567898
      0.567898
      0.567898
      0.567898
      0.567899
      0.567899
      0.567899
      0.567899
        0.5679
        0.5679
        0.5679
        0.5679
        0.5679
        0.5679
      0.567901
        0.5679
      0.567901
        0.5679
      0.567901
      0.567901
      0.567901
      0.567901
      0.567901
      0.567901
      0.567901
      0.526109
      0.526108
      0.526109
      0.526108
      0.526109
      0.526108
      0.526108
      0.526107
      0.526108
      0.526107
      0.526108
      0.526107
      0.526108
      0.526107
      0.526107
      0.526106
      0.526107
      0.526106
      0.526107
      0.526105
      0.526106
      0.526105
      0.526105
      0.526104
      0.526105
      0.526104
      0.526105
      0.526103
      0.526104
      0.526103
      0.526104
      0.526103
      0.526105
      0.526104
      0.526105
      0.526104
      0.526105
      0.526105
      0.526106
      0.526105
      0.526107
      0.526106
      0.526107
      0.526106
      0.526107
      0.526107
      0.526108
      0.526107
      0.526108
      0.526107
      0.526108
      0.526107
      0.526108
      0.526108
      0.526109
      0.526108
      0.526109
      0.526108
      0.526109
      0.486099
      0.486099
      0.486099
      0.486099
      0.486099
      0.486099
      0.486099
      0.486099
      0.486099
      0.486098
      0.486099
      0.486098
      0.486098
      0.486098
      0.486098
      0.486097
      0.486097
      0.486097
      0.486097
      0.486096
      0.486096
      0.486095
      0.486095
      0.486095
      0.486095
      0.486094
      0.486094
      0.486093
      0.486094
      0.486093
      0.486094
      0.486093
      0.486094
      0.486094
      0.486095
      0.486095
      0.486095
      0.486095
      0.486096
      0.486096
      0.486097
      0.486097
      0.486097
      0.486097
      0.486098
      0.486098
      0.486098
      0.486098
      0.486099
      0.486098
      0.486099
      0.486099
      0.486099
      0.486099
      0.486099
      0.486099
      0.486099
      0.486099
      0.486099
      0.447982
      0.447981
      0.447982
      0.447981
      0.447982
      0.447981
      0.447982
      0.447981
      0.447982
      0.447981
      0.447981
       0.44798
      0.447981
       0.44798
      0.447981
      0.447979
       0.44798
      0.447979
      0.447979
      0.447978
      0.447978
      0.447977
      0.447977
      0.447976
      0.447976
      0.447975
      0.447976
      0.447974
      0.447975
      0.447974
      0.447975
      0.447974
      0.447976
      0.447975
      0.447976
      0.447976
      0.447977
      0.447977
      0.447978
      0.447978
      0.447979
      0.447979
       0.44798
      0.447979
      0.447981
       0.44798
      0.447981
       0.44798
      0.447981
      0.447981
      0.447982
      0.447981
      0.447982
      0.447981
      0.447982
      0.447981
      0.447982
      0.447981
      0.447982
      0.411844
      0.411844
      0.411844
      0.411844
      0.411844
      0.411844
      0.411844
      0.411844
      0.411844
      0.411843
      0.411844
      0.411843
      0.411843
      0.411842
      0.411842
      0.411842
      0.411842
      0.411841
      0.411841
       0.41184
      0.411839
      0.411838
      0.411838
      0.411837
      0.411837
      0.411836
      0.411836
      0.411835
      0.411835
      0.411835
      0.411835
      0.411835
      0.411836
      0.411836
      0.411837
      0.411837
      0.411838
      0.411838
      0.411839
       0.41184
      0.411841
      0.411841
      0.411842
      0.411842
      0.411842
      0.411842
      0.411843
      0.411843
      0.411844
      0.411843
      0.411844
      0.411844
      0.411844
      0.411844
      0.411844
      0.411844
      0.411844
      0.411844
      0.411844
      0.377765
      0.377764
      0.377765
      0.377764
      0.377765
      0.377764
      0.377765
      0.377764
      0.377764
      0.377763
      0.377764
      0.377763
      0.377763
      0.377762
      0.377763
      0.377761
      0.377762
       0.37776
       0.37776
      0.377759
      0.377759
      0.377757
      0.377757
      0.377755
      0.377756
      0.377754
      0.377754
      0.377753
      0.377754
      0.377753
      0.377754
      0.377753
      0.377754
      0.377754
      0.377756
      0.377755
      0.377757
      0.377757
      0.377759
      0.377759
       0.37776
       0.37776
      0.377762
      0.377761
      0.377763
      0.377762
      0.377763
      0.377763
      0.377764
      0.377763
      0.377764
      0.377764
      0.377765
      0.377764
      0.377765
      0.377764
      0.377765
      0.377764
      0.377765
      0.345802
      0.345801
      0.345801
      0.345801
      0.345801
      0.345801
      0.345801
      0.345801
      0.345801
        0.3458
        0.3458
        0.3458
        0.3458
      0.345799
      0.345799
      0.345798
      0.345797
      0.345796
      0.345796
      0.345795
      0.345794
      0.345793
      0.345792
      0.345791
       0.34579
      0.345789
      0.345788
      0.345787
      0.345787
      0.345787
      0.345787
      0.345787
      0.345788
      0.345789
       0.34579
      0.345791
      0.345792
      0.345793
      0.345794
      0.345795
      0.345796
      0.345796
      0.345797
      0.345798
      0.345799
      0.345799
        0.3458
        0.3458
        0.3458
        0.3458
      0.345801
      0.345801
      0.345801
      0.345801
      0.345801
      0.345801
      0.345801
      0.345801
      0.345802
      0.316005
      0.316004
      0.316005
      0.316004
      0.316005
      0.316004
      0.316005
      0.316004
      0.316004
      0.316003
      0.316004
      0.316003
      0.316003
      0.316002
      0.316002
         0.316
         0.316
      0.315999
      0.315998
      0.315996
      0.315996
      0.315994
      0.315993
      0.315991
      0.315991
      0.315989
      0.315988
      0.315987
      0.315987
      0.315986
      0.315987
      0.315987
      0.315988
      0.315989
      0.315991
      0.315991
      0.315993
      0.315994
      0.315996
      0.315996
      0.315998
      0.315999
         0.316
         0.316
      0.316002
      0.316002
      0.316003
      0.316003
      0.316004
      0.316003
      0.316004
      0.316004
      0.316005
      0.316004
      0.316005
      0.316004
      0.316005
      0.316004
      0.316005
      0.288408
      0.288407
      0.288408
      0.288407
      0.288407
      0.288407
      0.288407
      0.288407
      0.288407
      0.288406
      0.288406
      0.288405
      0.288405
      0.288404
      0.288404
      0.288403
      0.288402
      0.288401
      0.288399
      0.288398
      0.288396
      0.288395
      0.288393
      0.288391
       0.28839
      0.288388
      0.288387
      0.288385
      0.288385
      0.288385
      0.288385
      0.288385
      0.288387
      0.288388
       0.28839
      0.288391
      0.288393
      0.288395
      0.288396
      0.288398
      0.288399
      0.288401
      0.288402
      0.288403
      0.288404
      0.288404
      0.288405
      0.288405
      0.288406
      0.288406
      0.288407
      0.288407
      0.288407
      0.288407
      0.288407
      0.288407
      0.288408
      0.288407
      0.288408
      0.263036
      0.263035
      0.263036
      0.263035
      0.263035
      0.263035
      0.263035
      0.263034
      0.263035
      0.263034
      0.263034
      0.263033
      0.263033
      0.263032
      0.263031
       0.26303
      0.263029
      0.263027
      0.263026
      0.263024
      0.263022
       0.26302
      0.263018
      0.263015
      0.263013
      0.263011
      0.263009
      0.263008
      0.263007
      0.263006
      0.263007
      0.263008
      0.263009
      0.263011
      0.263013
      0.263015
      0.263018
       0.26302
      0.263022
      0.263024
      0.263026
      0.263027
      0.263029
       0.26303
      0.263031
      0.263032
      0.263033
      0.263033
      0.263034
      0.263034
      0.263035
      0.263034
      0.263035
      0.263035
      0.263035
      0.263035
      0.263036
      0.263035
      0.263036
      0.239901
      0.239901
      0.239901
        0.2399
      0.239901
        0.2399
        0.2399
        0.2399
        0.2399
      0.239899
      0.239899
      0.239898
      0.239897
      0.239896
      0.239896
      0.239894
      0.239893
      0.239891
      0.239889
      0.239887
      0.239885
      0.239882
      0.239879
      0.239876
      0.239873
       0.23987
      0.239868
      0.239866
      0.239865
      0.239864
      0.239865
      0.239866
      0.239868
       0.23987
      0.239873
      0.239876
      0.239879
      0.239882
      0.239885
      0.239887
      0.239889
      0.239891
      0.239893
      0.239894
      0.239896
      0.239896
      0.239897
      0.239898
      0.239899
      0.239899
        0.2399
        0.2399
        0.2399
        0.2399
      0.239901
        0.2399
      0.239901
      0.239901
      0.239901
       0.21901
       0.21901
       0.21901
       0.21901
       0.21901
      0.219009
       0.21901
      0.219009
      0.219009
      0.219008
      0.219008
      0.219007
      0.219006
      0.219005
      0.219004
      0.219002
      0.219001
      0.218999
      0.218997
      0.218994
      0.218991
      0.218987
      0.218984
       0.21898
      0.218976
      0.218972
      0.218969
      0.218966
      0.218965
      0.218964
      0.218965
      0.218966
      0.218969
      0.218972
      0.218976
       0.21898
      0.218984
      0.218987
      0.218991
      0.218994
      0.218997
      0.218999
      0.219001
      0.219002
      0.219004
      0.219005
      0.219006
      0.219007
      0.219008
      0.219008
      0.219009
      0.219009
       0.21901
      0.219009
       0.21901
       0.21901
       0.21901
       0.21901
       0.21901
      0.200361
      0.200361
      0.200361
      0.200361
      0.200361
      0.200361
       0.20036
       0.20036
       0.20036
      0.200359
      0.200359
      0.200358
      0.200357
      0.200356
      0.200354
      0.200353
      0.200351
      0.200348
      0.200346
      0.200342
      0.200339
      0.200334
       0.20033
      0.200325
       0.20032
      0.200315
       0.20031
      0.200306
      0.200304
      0.200303
      0.200304
      0.200306
       0.20031
      0.200315
       0.20032
      0.200325
       0.20033
      0.200334
      0.200339
      0.200342
      0.200346
      0.200348
      0.200351
      0.200353
      0.200354
      0.200356
      0.200357
      0.200358
      0.200359
      0.200359
       0.20036
       0.20036
       0.20036
      0.200361
      0.200361
      0.200361
      0.200361
      0.200361
      0.200361
      0.183948
      0.183948
      0.183948
      0.183948
      0.183948
      0.183947
      0.183947
      0.183947
      0.183946
      0.183946
      0.183945
      0.183944
      0.183943
      0.183942
      0.183941
      0.183938
      0.183936
      0.183933
       0.18393
      0.183926
      0.183922
      0.183917
      0.183911
      0.183904
      0.183898
      0.183891
      0.183884
      0.183879
      0.183876
      0.183874
      0.183876
      0.183879
      0.183884
      0.183891
      0.183898
      0.183904
      0.183911
      0.183917
      0.183922
      0.183926
       0.18393
      0.183933
      0.183936
      0.183938
      0.183941
      0.183942
      0.183943
      0.183944
      0.183945
      0.183946
      0.183946
      0.183947
      0.183947
      0.183947
      0.183948
      0.183948
      0.183948
      0.183948
      0.183948
       0.16976
       0.16976
       0.16976
       0.16976
       0.16976
      0.169759
      0.169759
      0.169759
      0.169758
      0.169758
      0.169757
      0.169756
      0.169755
      0.169754
      0.169752
       0.16975
      0.169747
      0.169744
       0.16974
      0.169736
       0.16973
      0.169724
      0.169717
      0.169708
      0.169699
       0.16969
      0.169681
      0.169673
      0.169668
      0.169666
      0.169668
      0.169673
      0.169681
       0.16969
      0.169699
      0.169708
      0.169717
      0.169724
       0.16973
      0.169736
       0.16974
      0.169744
      0.169747
       0.16975
      0.169752
      0.169754
      0.169755
      0.169756
      0.169757
      0.169758
      0.169758
      0.169759
      0.169759
      0.169759
       0.16976
       0.16976
       0.16976
       0.16976
       0.16976
      0.157785
      0.157785
      0.157785
      0.157785
      0.157785
      0.157785
      0.157784
      0.157784
      0.157783
      0.157783
      0.157782
      0.157781
       0.15778
      0.157778
      0.157776
      0.157774
      0.157771
      0.157767
      0.157763
      0.157758
      0.157751
      0.157744
      0.157735
      0.157725
      0.157713
        0.1577
      0.157688
      0.157676
      0.157668
      0.157665
      0.157668
      0.157676
      0.157688
        0.1577
      0.157713
      0.157725
      0.157735
      0.157744
      0.157751
      0.157758
      0.157763
      0.157767
      0.157771
      0.157774
      0.157776
      0.157778
       0.15778
      0.157781
      0.157782
      0.157783
      0.157783
      0.157784
      0.157784
      0.157785
      0.157785
      0.157785
      0.157785
      0.157785
      0.157785
       0.14801
       0.14801
       0.14801
       0.14801
       0.14801
       0.14801
      0.148009
      0.148009
      0.148008
      0.148008
      0.148007
      0.148006
      0.148004
      0.148003
      0.148001
      0.147998
      0.147995
      0.147991
      0.147986
       0.14798
      0.147973
      0.147964
      0.147953
       0.14794
      0.147925
      0.147908
       0.14789
      0.147873
      0.147859
      0.147854
      0.147859
      0.147873
       0.14789
      0.147908
      0.147925
       0.14794
      0.147953
      0.147964
      0.147973
       0.14798
      0.147986
      0.147991
      0.147995
      0.147998
      0.148001
      0.148003
      0.148004
      0.148006
      0.148007
      0.148008
      0.148008
      0.148009
      0.148009
       0.14801
       0.14801
       0.14801
       0.14801
       0.14801
       0.14801
      0.140423
      0.140423
      0.140422
      0.140422
      0.140422
      0.140422
      0.140422
      0.140421
      0.140421
       0.14042
      0.140419
      0.140418
      0.140416
      0.140415
      0.140412
       0.14041
      0.140406
      0.140402
      0.140397
       0.14039
      0.140382
      0.140372
      0.140359
      0.140344
      0.140325
      0.140303
      0.140276
       0.14025
      0.140226
      0.140216
      0.140226
       0.14025
      0.140276
      0.140303
      0.140325
      0.140344
      0.140359
      0.140372
      0.140382
       0.14039
      0.140397
      0.140402
      0.140406
       0.14041
      0.140412
      0.140415
      0.140416
      0.140418
      0.140419
       0.14042
      0.140421
      0.140421
      0.140422
      0.140422
      0.140422
      0.140422
      0.140422
      0.140423
      0.140423
      0.135012
      0.135012
      0.135012
      0.135011
      0.135011
      0.135011
      0.135011
       0.13501
       0.13501
      0.135009
      0.135008
      0.135007
      0.135005
      0.135003
      0.135001
      0.134998
      0.134994
       0.13499
      0.134984
      0.134977
      0.134968
      0.134957
      0.134943
      0.134925
      0.134903
      0.134874
      0.134839
      0.134795
       0.13475
      0.134728
       0.13475
      0.134795
      0.134839
      0.134874
      0.134903
      0.134925
      0.134943
      0.134957
      0.134968
      0.134977
      0.134984
       0.13499
      0.134994
      0.134998
      0.135001
      0.135003
      0.135005
      0.135007
      0.135008
      0.135009
       0.13501
       0.13501
      0.135011
      0.135011
      0.135011
      0.135011
      0.135012
      0.135012
      0.135012
      0.131768
      0.131768
      0.131768
      0.131768
      0.131768
      0.131768
      0.131767
      0.131767
      0.131766
      0.131766
      0.131765
      0.131764
      0.131762
       0.13176
      0.131757
      0.131755
      0.131751
      0.131746
       0.13174
      0.131733
      0.131723
      0.131711
      0.131696
      0.131677
      0.131651
      0.131618
      0.131572
      0.131507
      0.131412
      0.131358
      0.131412
      0.131507
      0.131572
      0.131618
      0.131651
      0.131677
      0.131696
      0.131711
      0.131723
      0.131733
       0.13174
      0.131746
      0.131751
      0.131755
      0.131757
       0.13176
      0.131762
      0.131764
      0.131765
      0.131766
      0.131766
      0.131767
      0.131767
      0.131768
      0.131768
      0.131768
      0.131768
      0.131768
      0.131768
      0.130688
      0.130688
      0.130688
      0.130688
      0.130688
      0.130687
      0.130687
      0.130687
      0.130686
      0.130685
      0.130684
      0.130683
      0.130682
       0.13068
      0.130677
      0.130674
       0.13067
      0.130666
       0.13066
      0.130652
      0.130642
       0.13063
      0.130615
      0.130594
      0.130568
      0.130532
      0.130481
      0.130404
      0.130277
      0.130033
      0.130277
      0.130404
      0.130481
      0.130532
      0.130568
      0.130594
      0.130615
       0.13063
      0.130642
      0.130652
       0.13066
      0.130666
       0.13067
      0.130674
      0.130677
       0.13068
      0.130682
      0.130683
      0.130684
      0.130685
      0.130686
      0.130687
      0.130687
      0.130687
      0.130688
      0.130688
      0.130688
      0.130688
      0.130688
      0.131768
      0.131768
      0.131768
      0.131768
      0.131768
      0.131768
      0.131767
      0.131767
      0.131766
      0.131766
      0.131765
      0.131764
      0.131762
       0.13176
      0.131757
      0.131755
      0.131751
      0.131746
       0.13174
      0.131733
      0.131723
      0.131711
      0.131696
      0.131677
      0.131651
      0.131618
      0.131572
      0.131507
      0.131412
      0.131358
      0.131412
      0.131507
      0.131572
      0.131618
      0.131651
      0.131677
      0.131696
      0.131711
      0.131723
      0.131733
       0.13174
      0.131746
      0.131751
      0.131755
      0.131757
       0.13176
      0.131762
      0.131764
      0.131765
      0.131766
      0.131766
      0.131767
      0.131767
      0.131768
      0.131768
      0.131768
      0.131768
      0.131768
      0.131768
      0.135012
      0.135012
      0.135012
      0.135011
      0.135011
      0.135011
      0.135011
       0.13501
       0.13501
      0.135009
      0.135008
      0.135007
      0.135005
      0.135003
      0.135001
      0.134998
      0.134994
       0.13499
      0.134984
      0.134977
      0.134968
      0.134957
      0.134943
      0.134925
      0.134903
      0.134874
      0.134839
      0.134795
       0.13475
      0.134728
       0.13475
      0.134795
      0.134839
      0.134874
      0.134903
      0.134925
      0.134943
      0.134957
      0.134968
      0.134977
      0.134984
       0.13499
      0.134994
      0.134998
      0.135001
      0.135003
      0.135005
      0.135007
      0.135008
      0.135009
       0.13501
       0.13501
      0.135011
      0.135011
      0.135011
      0.135011
      0.135012
      0.135012
      0.135012
      0.140423
      0.140423
      0.140422
      0.140422
      0.140422
      0.140422
      0.140422
      0.140421
      0.140421
       0.14042
      0.140419
      0.140418
      0.140416
      0.140415
      0.140412
       0.14041
      0.140406
      0.140402
      0.140397
       0.14039
      0.140382
      0.140372
      0.140359
      0.140344
      0.140325
      0.140303
      0.140276
       0.14025
      0.140226
      0.140216
      0.140226
       0.14025
      0.140276
      0.140303
      0.140325
      0.140344
      0.140359
      0.140372
      0.140382
       0.14039
      0.140397
      0.140402
      0.140406
       0.14041
      0.140412
      0.140415
      0.140416
      0.140418
      0.140419
       0.14042
      0.140421
      0.140421
      0.140422
      0.140422
      0.140422
      0.140422
      0.140422
      0.140423
      0.140423
       0.14801
       0.14801
       0.14801
       0.14801
       0.14801
       0.14801
      0.148009
      0.148009
      0.148008
      0.148008
      0.148007
      0.148006
      0.148004
      0.148003
      0.148001
      0.147998
      0.147995
      0.147991
      0.147986
       0.14798
      0.147973
      0.147964
      0.147953
       0.14794
      0.147925
      0.147908
       0.14789
      0.147873
      0.147859
      0.147854
      0.147859
      0.147873
       0.14789
      0.147908
      0.147925
       0.14794
      0.147953
      0.147964
      0.147973
       0.14798
      0.147986
      0.147991
      0.147995
      0.147998
      0.148001
      0.148003
      0.148004
      0.148006
      0.148007
      0.148008
      0.148008
      0.148009
      0.148009
       0.14801
       0.14801
       0.14801
       0.14801
       0.14801
       0.14801
      0.157785
      0.157785
      0.157785
      0.157785
      0.157785
      0.157785
      0.157784
      0.157784
      0.157783
      0.157783
      0.157782
      0.157781
       0.15778
      0.157778
      0.157776
      0.157774
      0.157771
      0.157767
      0.157763
      0.157758
      0.157751
      0.157744
      0.157735
      0.157725
      0.157713
        0.1577
      0.157688
      0.157676
      0.157668
      0.157665
      0.157668
      0.157676
      0.157688
        0.1577
      0.157713
      0.157725
      0.157735
      0.157744
      0.157751
      0.157758
      0.157763
      0.157767
      0.157771
      0.157774
      0.157776
      0.157778
       0.15778
      0.157781
      0.157782
      0.157783
      0.157783
      0.157784
      0.157784
      0.157785
      0.157785
      0.157785
      0.157785
      0.157785
      0.157785
       0.16976
       0.16976
       0.16976
       0.16976
       0.16976
      0.169759
      0.169759
      0.169759
      0.169758
      0.169758
      0.169757
      0.169756
      0.169755
      0.169754
      0.169752
       0.16975
      0.169747
      0.169744
       0.16974
      0.169736
       0.16973
      0.169724
      0.169717
      0.169708
      0.169699
       0.16969
      0.169681
      0.169673
      0.169668
      0.169666
      0.169668
      0.169673
      0.169681
       0.16969
      0.169699
      0.169708
      0.169717
      0.169724
       0.16973
      0.169736
       0.16974
      0.169744
      0.169747
       0.16975
      0.169752
      0.169754
      0.169755
      0.169756
      0.169757
      0.169758
      0.169758
      0.169759
      0.169759
      0.169759
       0.16976
       0.16976
       0.16976
       0.16976
       0.16976
      0.183948
      0.183948
      0.183948
      0.183948
      0.183948
      0.183947
      0.183947
      0.183947
      0.183946
      0.183946
      0.183945
      0.183944
      0.183943
      0.183942
      0.183941
      0.183938
      0.183936
      0.183933
       0.18393
      0.183926
      0.183922
      0.183917
      0.183911
      0.183904
      0.183898
      0.183891
      0.183884
      0.183879
      0.183876
      0.183874
      0.183876
      0.183879
      0.183884
      0.183891
      0.183898
      0.183904
      0.183911
      0.183917
      0.183922
      0.183926
       0.18393
      0.183933
      0.183936
      0.183938
      0.183941
      0.183942
      0.183943
      0.183944
      0.183945
      0.183946
      0.183946
      0.183947
      0.183947
      0.183947
      0.183948
      0.183948
      0.183948
      0.183948
      0.183948
      0.200361
      0.200361
      0.200361
      0.200361
      0.200361
      0.200361
       0.20036
       0.20036
       0.20036
      0.200359
      0.200359
      0.200358
      0.200357
      0.200356
      0.200354
      0.200353
      0.200351
      0.200348
      0.200346
      0.200342
      0.200339
      0.200334
       0.20033
      0.200325
       0.20032
      0.200315
       0.20031
      0.200306
      0.200304
      0.200303
      0.200304
      0.200306
       0.20031
      0.200315
       0.20032
      0.200325
       0.20033
      0.200334
      0.200339
      0.200342
      0.200346
      0.200348
      0.200351
      0.200353
      0.200354
      0.200356
      0.200357
      0.200358
      0.200359
      0.200359
       0.20036
       0.20036
       0.20036
      0.200361
      0.200361
      0.200361
      0.200361
      0.200361
      0.200361
       0.21901
       0.21901
       0.21901
       0.21901
       0.21901
      0.219009
       0.21901
      0.219009
      0.219009
      0.219008
      0.219008
      0.219007
      0.219006
      0.219005
      0.219004
      0.219002
      0.219001
      0.218999
      0.218997
      0.218994
      0.218991
      0.218987
      0.218984
       0.21898
      0.218976
      0.218972
      0.218969
      0.218966
      0.218965
      0.218964
      0.218965
      0.218966
      0.218969
      0.218972
      0.218976
       0.21898
      0.218984
      0.218987
      0.218991
      0.218994
      0.218997
      0.218999
      0.219001
      0.219002
      0.219004
      0.219005
      0.219006
      0.219007
      0.219008
      0.219008
      0.219009
      0.219009
       0.21901
      0.219009
       0.21901
       0.21901
       0.21901
       0.21901
       0.21901
      0.239901
      0.239901
      0.239901
        0.2399
      0.239901
        0.2399
        0.2399
        0.2399
        0.2399
      0.239899
      0.239899
      0.239898
      0.239897
      0.239896
      0.239896
      0.239894
      0.239893
      0.239891
      0.239889
      0.239887
      0.239885
      0.239882
      0.239879
      0.239876
      0.239873
       0.23987
      0.239868
      0.239866
      0.239865
      0.239864
      0.239865
      0.239866
      0.239868
       0.23987
      0.239873
      0.239876
      0.239879
      0.239882
      0.239885
      0.239887
      0.239889
      0.239891
      0.239893
      0.239894
      0.239896
      0.239896
      0.239897
      0.239898
      0.239899
      0.239899
        0.2399
        0.2399
        0.2399
        0.2399
      0.239901
        0.2399
      0.239901
      0.239901
      0.239901
      0.263036
      0.263035
      0.263036
      0.263035
      0.263035
      0.263035
      0.263035
      0.263034
      0.263035
      0.263034
      0.263034
      0.263033
      0.263033
      0.263032
      0.263031
       0.26303
      0.263029
      0.263027
      0.263026
      0.263024
      0.263022
       0.26302
      0.263018
      0.263015
      0.263013
      0.263011
      0.263009
      0.263008
      0.263007
      0.263006
      0.263007
      0.263008
      0.263009
      0.263011
      0.263013
      0.263015
      0.263018
       0.26302
      0.263022
      0.263024
      0.263026
      0.263027
      0.263029
       0.26303
      0.263031
      0.263032
      0.263033
      0.263033
      0.263034
      0.263034
      0.263035
      0.263034
      0.263035
      0.263035
      0.263035
      0.263035
      0.263036
      0.263035
      0.263036
      0.288408
      0.288407
      0.288408
      0.288407
      0.288407
      0.288407
      0.288407
      0.288407
      0.288407
      0.288406
      0.288406
      0.288405
      0.288405
      0.288404
      0.288404
      0.288403
      0.288402
      0.288401
      0.288399
      0.288398
      0.288396
      0.288395
      0.288393
      0.288391
       0.28839
      0.288388
      0.288387
      0.288385
      0.288385
      0.288385
      0.288385
      0.288385
      0.288387
      0.288388
       0.28839
      0.288391
      0.288393
      0.288395
      0.288396
      0.288398
      0.288399
      0.288401
      0.288402
      0.288403
      0.288404
      0.288404
      0.288405
      0.288405
      0.288406
      0.288406
      0.288407
      0.288407
      0.288407
      0.288407
      0.288407
      0.288407
      0.288408
      0.288407
      0.288408
      0.316005
      0.316004
      0.316005
      0.316004
      0.316005
      0.316004
      0.316005
      0.316004
      0.316004
      0.316003
      0.316004
      0.316003
      0.316003
      0.316002
      0.316002
         0.316
         0.316
      0.315999
      0.315998
      0.315996
      0.315996
      0.315994
      0.315993
      0.315991
      0.315991
      0.315989
      0.315988
      0.315987
      0.315987
      0.315986
      0.315987
      0.315987
      0.315988
      0.315989
      0.315991
      0.315991
      0.315993
      0.315994
      0.315996
      0.315996
      0.315998
      0.315999
         0.316
         0.316
      0.316002
      0.316002
      0.316003
      0.316003
      0.316004
      0.316003
      0.316004
      0.316004
      0.316005
      0.316004
      0.316005
      0.316004
      0.316005
      0.316004
      0.316005
      0.345802
      0.345801
      0.345801
      0.345801
      0.345801
      0.345801
      0.345801
      0.345801
      0.345801
        0.3458
        0.3458
        0.3458
        0.3458
      0.345799
      0.345799
      0.345798
      0.345797
      0.345796
      0.345796
      0.345795
      0.345794
      0.345793
      0.345792
      0.345791
       0.34579
      0.345789
      0.345788
      0.345787
      0.345787
      0.345787
      0.345787
      0.345787
      0.345788
      0.345789
       0.34579
      0.345791
      0.345792
      0.345793
      0.345794
      0.345795
      0.345796
      0.345796
      0.345797
      0.345798
      0.345799
      0.345799
        0.3458
        0.3458
        0.3458
        0.3458
      0.345801
      0.345801
      0.345801
      0.345801
      0.345801
      0.345801
      0.345801
      0.345801
      0.345802
      0.377765
      0.377764
      0.377765
      0.377764
      0.377765
      0.377764
      0.377765
      0.377764
      0.377764
      0.377763
      0.377764
      0.377763
      0.377763
      0.377762
      0.377763
      0.377761
      0.377762
       0.37776
       0.37776
      0.377759
      0.377759
      0.377757
      0.377757
      0.377755
      0.377756
      0.377754
      0.377754
      0.377753
      0.377754
      0.377753
      0.377754
      0.377753
      0.377754
      0.377754
      0.377756
      0.377755
      0.377757
      0.377757
      0.377759
      0.377759
       0.37776
       0.37776
      0.377762
      0.377761
      0.377763
      0.377762
      0.377763
      0.377763
      0.377764
      0.377763
      0.377764
      0.377764
      0.377765
      0.377764
      0.377765
      0.377764
      0.377765
      0.377764
      0.377765
      0.411844
      0.411844
      0.411844
      0.411844
      0.411844
      0.411844
      0.411844
      0.411844
      0.411844
      0.411843
      0.411844
      0.411843
      0.411843
      0.411842
      0.411842
      0.411842
      0.411842
      0.411841
      0.411841
       0.41184
      0.411839
      0.411838
      0.411838
      0.411837
      0.411837
      0.411836
      0.411836
      0.411835
      0.411835
      0.411835
      0.411835
      0.411835
      0.411836
      0.411836
      0.411837
      0.411837
      0.411838
      0.411838
      0.411839
       0.41184
      0.411841
      0.411841
      0.411842
      0.411842
      0.411842
      0.411842
      0.411843
      0.411843
      0.411844
      0.411843
      0.411844
      0.411844
      0.411844
      0.411844
      0.411844
      0.411844
      0.411844
      0.411844
      0.411844
      0.447982
      0.447981
      0.447982
      0.447981
      0.447982
      0.447981
      0.447982
      0.447981
      0.447982
      0.447981
      0.447981
       0.44798
      0.447981
       0.44798
      0.447981
      0.447979
       0.44798
      0.447979
      0.447979
      0.447978
      0.447978
      0.447977
      0.447977
      0.447976
      0.447976
      0.447975
      0.447976
      0.447974
      0.447975
      0.447974
      0.447975
      0.447974
      0.447976
      0.447975
      0.447976
      0.447976
      0.447977
      0.447977
      0.447978
      0.447978
      0.447979
      0.447979
       0.44798
      0.447979
      0.447981
       0.44798
      0.447981
       0.44798
      0.447981
      0.447981
      0.447982
      0.447981
      0.447982
      0.447981
      0.447982
      0.447981
      0.447982
      0.447981
      0.447982
      0.486099
      0.486099
      0.486099
      0.486099
      0.486099
      0.486099
      0.486099
      0.486099
      0.486099
      0.486098
      0.486099
      0.486098
      0.486098
      0.486098
      0.486098
      0.486097
      0.486097
      0.486097
      0.486097
      0.486096
      0.486096
      0.486095
      0.486095
      0.486095
      0.486095
      0.486094
      0.486094
      0.486093
      0.486094
      0.486093
      0.486094
      0.486093
      0.486094
      0.486094
      0.486095
      0.486095
      0.486095
      0.486095
      0.486096
      0.486096
      0.486097
      0.486097
      0.486097
      0.486097
      0.486098
      0.486098
      0.486098
      0.486098
      0.486099
      0.486098
      0.486099
      0.486099
      0.486099
      0.486099
      0.486099
      0.486099
      0.486099
      0.486099
      0.486099
      0.526109
      0.526108
      0.526109
      0.526108
      0.526109
      0.526108
      0.526108
      0.526107
      0.526108
      0.526107
      0.526108
      0.526107
      0.526108
      0.526107
      0.526107
      0.526106
      0.526107
      0.526106
      0.526107
      0.526105
      0.526106
      0.526105
      0.526105
      0.526104
      0.526105
      0.526104
      0.526105
      0.526103
      0.526104
      0.526103
      0.526104
      0.526103
      0.526105
      0.526104
      0.526105
      0.526104
      0.526105
      0.526105
      0.526106
      0.526105
      0.526107
      0.526106
      0.526107
      0.526106
      0.526107
      0.526107
      0.526108
      0.526107
      0.526108
      0.526107
      0.526108
      0.526107
      0.526108
      0.526108
      0.526109
      0.526108
      0.526109
      0.526108
      0.526109
      0.567901
      0.567901
      0.567901
      0.567901
      0.567901
      0.567901
      0.567901
        0.5679
      0.567901
        0.5679
      0.567901
        0.5679
        0.5679
        0.5679
        0.5679
        0.5679
        0.5679
      0.567899
      0.567899
      0.567899
      0.567899
      0.567898
      0.567898
      0.567898
      0.567898
      0.567898
      0.567898
      0.567897
      0.567898
      0.567897
      0.567898
      0.567897
      0.567898
      0.567898
      0.567898
      0.567898
      0.567898
      0.567898
      0.567899
      0.567899
      0.567899
      0.567899
        0.5679
        0.5679
        0.5679
        0.5679
        0.5679
        0.5679
      0.567901
        0.5679
      0.567901
        0.5679
      0.567901
      0.567901
      0.567901
      0.567901
      0.567901
      0.567901
      0.567901
      0.611359
      0.611358
      0.611359
      0.611358
      0.611359
      0.611358
      0.611359
      0.611358
      0.611359
      0.611358
      0.611359
      0.611358
      0.611359
      0.611358
      0.611359
      0.611358
      0.611358
      0.611357
      0.611358
      0.611357
      0.611358
      0.611357
      0.611357
      0.611356
      0.611357
      0.611356
      0.611357
      0.611356
      0.611357
      0.611356
      0.611357
      0.611356
      0.611357
      0.611356
      0.611357
      0.611356
      0.611357
      0.611357
      0.611358
      0.611357
      0.611358
      0.611357
      0.611358
      0.611358
      0.611359
      0.611358
      0.611359
      0.611358
      0.611359
      0.611358
      0.611359
      0.611358
      0.611359
      0.611358
      0.611359
      0.611358
      0.611359
      0.611358
      0.611359
      0.656344
      0.656344
      0.656344
      0.656344
      0.656344
      0.656344
      0.656344
      0.656344
      0.656344
      0.656344
      0.656344
      0.656344
      0.656344
      0.656344
      0.656344
      0.656343
      0.656344
      0.656343
      0.656343
      0.656343
      0.656343
      0.656343
      0.656343
      0.656342
      0.656343
      0.656342
      0.656342
      0.656342
      0.656342
      0.656342
      0.656342
      0.656342
      0.656342
      0.656342
      0.656343
      0.656342
      0.656343
      0.656343
      0.656343
      0.656343
      0.656343
      0.656343
      0.656344
      0.656343
      0.656344
      0.656344
      0.656344
      0.656344
      0.656344
      0.656344
      0.656344
      0.656344
      0.656344
      0.656344
      0.656344
      0.656344
      0.656344
      0.656344
      0.656344
       0.70271
      0.702709
       0.70271
      0.702709
       0.70271
      0.702709
       0.70271
      0.702709
       0.70271
      0.702709
       0.70271
      0.702709
       0.70271
      0.702709
      0.702709
      0.702709
      0.702709
      0.702708
      0.702709
      0.702708
      0.702709
      0.702708
      0.702709
      0.702708
      0.702709
      0.702708
      0.702708
      0.702708
      0.702708
      0.702708
      0.702708
      0.702708
      0.702708
      0.702708
      0.702709
      0.702708
      0.702709
      0.702708
      0.702709
      0.702708
      0.702709
      0.702708
      0.702709
      0.702709
      0.702709
      0.702709
       0.70271
      0.702709
       0.70271
      0.702709
       0.70271
      0.702709
       0.70271
      0.702709
       0.70271
      0.702709
       0.70271
      0.702709
       0.70271
       0.75029
       0.75029
       0.75029
       0.75029
       0.75029
       0.75029
       0.75029
       0.75029
       0.75029
       0.75029
       0.75029
       0.75029
       0.75029
      0.750289
       0.75029
      0.750289
       0.75029
      0.750289
      0.750289
      0.750289
      0.750289
      0.750289
      0.750289
      0.750289
      0.750289
      0.750289
      0.750289
      0.750289
      0.750289
      0.750289
      0.750289
      0.750289
      0.750289
      0.750289
      0.750289
      0.750289
      0.750289
      0.750289
      0.750289
      0.750289
      0.750289
      0.750289
       0.75029
      0.750289
       0.75029
      0.750289
       0.75029
       0.75029
       0.75029
       0.75029
       0.75029
       0.75029
       0.75029
       0.75029
       0.75029
       0.75029
       0.75029
       0.75029
       0.75029
      0.798913
      0.798912
      0.798913
      0.798912
      0.798913
      0.798912
      0.798913
      0.798912
      0.798913
      0.798912
      0.798913
      0.798912
      0.798913
      0.798912
      0.798913
      0.798912
      0.798912
      0.798912
      0.798912
      0.798912
      0.798912
      0.798912
      0.798912
      0.798912
      0.798912
      0.798911
      0.798912
      0.798911
      0.798912
      0.798911
      0.798912
      0.798911
      0.798912
      0.798911
      0.798912
      0.798912
      0.798912
      0.798912
      0.798912
      0.798912
      0.798912
      0.798912
      0.798912
      0.798912
      0.798913
      0.798912
      0.798913
      0.798912
      0.798913
      0.798912
      0.798913
      0.798912
      0.798913
      0.798912
      0.798913
      0.798912
      0.798913
      0.798912
      0.798913
      0.848391
      0.848391
      0.848391
      0.848391
      0.848391
      0.848391
      0.848391
      0.848391
      0.848391
      0.848391
      0.848391
      0.848391
      0.848391
      0.848391
      0.848391
      0.848391
      0.848391
      0.848391
      0.848391
       0.84839
      0.848391
       0.84839
      0.848391
       0.84839
       0.84839
       0.84839
       0.84839
       0.84839
       0.84839
       0.84839
       0.84839
       0.84839
       0.84839
       0.84839
       0.84839
       0.84839
      0.848391
       0.84839
      0.848391
       0.84839
      0.848391
      0.848391
      0.848391
      0.848391
      0.848391
      0.848391
      0.848391
      0.848391
      0.848391
      0.848391
      0.848391
      0.848391
      0.848391
      0.848391
      0.848391
      0.848391
      0.848391
      0.848391
      0.848391
      0.898533
      0.898533
      0.898533
      0.898533
      0.898533
      0.898533
      0.898533
      0.898533
      0.898533
      0.898533
      0.898533
      0.898533
      0.898533
      0.898533
      0.898533
      0.898533
      0.898533
      0.898532
      0.898533
      0.898532
      0.898533
      0.898532
      0.898533
      0.898532
      0.898533
      0.898532
      0.898533
      0.898532
      0.898533
      0.898532
      0.898533
      0.898532
      0.898533
      0.898532
      0.898533
      0.898532
      0.898533
      0.898532
      0.898533
      0.898532
      0.898533
      0.898532
      0.898533
      0.898533
      0.898533
      0.898533
      0.898533
      0.898533
      0.898533
      0.898533
      0.898533
      0.898533
      0.898533
      0.898533
      0.898533
      0.898533
      0.898533
      0.898533
      0.898533
      0.949137
      0.949137
      0.949137
      0.949137
      0.949137
      0.949137
      0.949137
      0.949137
      0.949137
      0.949137
      0.949137
      0.949137
      0.949137
      0.949137
      0.949137
      0.949137
      0.949137
      0.949137
      0.949137
      0.949137
      0.949137
      0.949137
      0.949137
      0.949137
      0.949137
      0.949137
      0.949137
      0.949137
      0.949137
      0.949137
      0.949137
      0.949137
      0.949137
      0.949137
      0.949137
      0.949137
      0.949137
      0.949137
      0.949137
      0.949137
      0.949137
      0.949137
      0.949137
      0.949137
      0.949137
      0.949137
      0.949137
      0.949137
      0.949137
      0.949137
      0.949137
      0.949137
      0.949137
      0.949137
      0.949137
      0.949137
      0.949137
      0.949137
      0.949137
             1
             1
             1
             1
             1
             1
             1
             1
             1
             1
             1
             1
             1
             1
             1
             1
             1
             1
             1
             1
             1
             1
             1
             1
             1
             1
             1
             1
             1
             1
             1
             1
             1
             1
             1
             1
             1
             1
             1
             1
             1
             1
             1
             1
             1
             1
             1
             1
             1
             1
             1
             1
             1
             1
             1
             1
             1
             1
             1
