             1
             1
             1
             1
             1
             1
             1
             1
             1
             1
             1
             1
             1
             1
             1
             1
             1
             1
             1
             1
             1
             1
             1
             1
             1
             1
             1
             1
             1
             1
             1
             1
             1
             1
             1
             1
             1
             1
             1
             1
             1
             1
             1
             1
             1
             1
             1
             1
             1
             1
             1
             1
             1
             1
             1
             1
             1
             1
             1
      0.949997
      0.949997
      0.949997
      0.949997
      0.949997
      0.949997
      0.949997
      0.949997
      0.949997
      0.949997
      0.949997
      0.949997
      0.949997
      0.949997
      0.949997
      0.949997
      0.949997
      0.949997
      0.949997
      0.949997
      0.949997
      0.949997
      0.949997
      0.949997
      0.949997
      0.949997
      0.949997
      0.949997
      0.949997
      0.949997
      0.949997
      0.949997
      0.949997
      0.949997
      0.949997
      0.949997
      0.949997
      0.949997
      0.949997
      0.949997
      0.949997
      0.949997
      0.949997
      0.949997
      0.949997
      0.949997
      0.949997
      0.949997
      0.949997
      0.949997
      0.949997
      0.949997
      0.949997
      0.949997
      0.949997
      0.949997
      0.949997
      0.949997
      0.949997
      0.900244
      0.900244
      0.900244
      0.900244
      0.900244
      0.900244
      0.900244
      0.900244
      0.900244
      0.900244
      0.900244
      0.900244
      0.900244
      0.900244
      0.900244
      0.900244
      0.900244
      0.900244
      0.900244
      0.900243
      0.900244
      0.900243
      0.900244
      0.900243
      0.900244
      0.900243
      0.900244
      0.900243
      0.900244
      0.900243
      0.900244
      0.900243
      0.900244
      0.900243
      0.900244
      0.900243
      0.900244
      0.900243
      0.900244
      0.900243
      0.900244
      0.900244
      0.900244
      0.900244
      0.900244
      0.900244
      0.900244
      0.900244
      0.900244
      0.900244
      0.900244
      0.900244
      0.900244
      0.900244
      0.900244
      0.900244
      0.900244
      0.900244
      0.900244
      0.850935
      0.850935
      0.850935
      0.850935
      0.850935
      0.850935
      0.850935
      0.850935
      0.850935
      0.850935
      0.850935
      0.850935
      0.850935
      0.850935
      0.850935
      0.850935
      0.850935
      0.850935
      0.850935
      0.850934
      0.850935
      0.850934
      0.850934
      0.850934
      0.850934
      0.850934
      0.850934
      0.850934
      0.850934
      0.850934
      0.850934
      0.850934
      0.850934
      0.850934
      0.850934
      0.850934
      0.850934
      0.850934
      0.850935
      0.850934
      0.850935
      0.850935
      0.850935
      0.850935
      0.850935
      0.850935
      0.850935
      0.850935
      0.850935
      0.850935
      0.850935
      0.850935
      0.850935
      0.850935
      0.850935
      0.850935
      0.850935
      0.850935
      0.850935
      0.802263
      0.802263
      0.802263
      0.802263
      0.802263
      0.802263
      0.802263
      0.802263
      0.802263
      0.802263
      0.802263
      0.802263
      0.802263
      0.802262
      0.802263
      0.802262
      0.802263
      0.802262
      0.802263
      0.802262
      0.802263
      0.802262
      0.802262
      0.802262
      0.802262
      0.802262
      0.802262
      0.802262
      0.802262
      0.802262
      0.802262
      0.802262
      0.802262
      0.802262
      0.802262
      0.802262
      0.802262
      0.802262
      0.802263
      0.802262
      0.802263
      0.802262
      0.802263
      0.802262
      0.802263
      0.802262
      0.802263
      0.802263
      0.802263
      0.802263
      0.802263
      0.802263
      0.802263
      0.802263
      0.802263
      0.802263
      0.802263
      0.802263
      0.802263
      0.754413
      0.754412
      0.754413
      0.754412
      0.754413
      0.754412
      0.754413
      0.754412
      0.754412
      0.754412
      0.754412
      0.754412
      0.754412
      0.754412
      0.754412
      0.754412
      0.754412
      0.754412
      0.754412
      0.754412
      0.754412
      0.754411
      0.754411
      0.754411
      0.754411
      0.754411
      0.754411
      0.754411
      0.754411
      0.754411
      0.754411
      0.754411
      0.754411
      0.754411
      0.754411
      0.754411
      0.754411
      0.754411
      0.754412
      0.754412
      0.754412
      0.754412
      0.754412
      0.754412
      0.754412
      0.754412
      0.754412
      0.754412
      0.754412
      0.754412
      0.754412
      0.754412
      0.754413
      0.754412
      0.754413
      0.754412
      0.754413
      0.754412
      0.754413
      0.707563
      0.707562
      0.707563
      0.707562
      0.707563
      0.707562
      0.707563
      0.707562
      0.707563
      0.707562
      0.707563
      0.707562
      0.707563
      0.707562
      0.707562
      0.707562
      0.707562
      0.707561
      0.707562
      0.707561
      0.707562
      0.707561
      0.707562
      0.707561
      0.707561
      0.707561
      0.707561
       0.70756
      0.707561
       0.70756
      0.707561
       0.70756
      0.707561
      0.707561
      0.707561
      0.707561
      0.707562
      0.707561
      0.707562
      0.707561
      0.707562
      0.707561
      0.707562
      0.707562
      0.707562
      0.707562
      0.707563
      0.707562
      0.707563
      0.707562
      0.707563
      0.707562
      0.707563
      0.707562
      0.707563
      0.707562
      0.707563
      0.707562
      0.707563
       0.66188
       0.66188
       0.66188
       0.66188
       0.66188
       0.66188
       0.66188
       0.66188
       0.66188
       0.66188
       0.66188
       0.66188
       0.66188
       0.66188
       0.66188
      0.661879
      0.661879
      0.661879
      0.661879
      0.661879
      0.661879
      0.661878
      0.661879
      0.661878
      0.661878
      0.661878
      0.661878
      0.661878
      0.661878
      0.661878
      0.661878
      0.661878
      0.661878
      0.661878
      0.661878
      0.661878
      0.661879
      0.661878
      0.661879
      0.661879
      0.661879
      0.661879
      0.661879
      0.661879
       0.66188
       0.66188
       0.66188
       0.66188
       0.66188
       0.66188
       0.66188
       0.66188
       0.66188
       0.66188
       0.66188
       0.66188
       0.66188
       0.66188
       0.66188
      0.617525
      0.617524
      0.617525
      0.617524
      0.617525
      0.617524
      0.617525
      0.617524
      0.617525
      0.617524
      0.617525
      0.617524
      0.617525
      0.617524
      0.617524
      0.617523
      0.617524
      0.617523
      0.617524
      0.617523
      0.617523
      0.617522
      0.617523
      0.617522
      0.617523
      0.617522
      0.617522
      0.617521
      0.617522
      0.617521
      0.617522
      0.617521
      0.617522
      0.617522
      0.617523
      0.617522
      0.617523
      0.617522
      0.617523
      0.617523
      0.617524
      0.617523
      0.617524
      0.617523
      0.617524
      0.617524
      0.617525
      0.617524
      0.617525
      0.617524
      0.617525
      0.617524
      0.617525
      0.617524
      0.617525
      0.617524
      0.617525
      0.617524
      0.617525
       0.57464
       0.57464
       0.57464
       0.57464
       0.57464
       0.57464
       0.57464
       0.57464
       0.57464
      0.574639
       0.57464
      0.574639
      0.574639
      0.574639
      0.574639
      0.574639
      0.574639
      0.574638
      0.574638
      0.574638
      0.574638
      0.574637
      0.574637
      0.574637
      0.574637
      0.574636
      0.574636
      0.574636
      0.574636
      0.574636
      0.574636
      0.574636
      0.574636
      0.574636
      0.574637
      0.574637
      0.574637
      0.574637
      0.574638
      0.574638
      0.574638
      0.574638
      0.574639
      0.574639
      0.574639
      0.574639
      0.574639
      0.574639
       0.57464
      0.574639
       0.57464
       0.57464
       0.57464
       0.57464
       0.57464
       0.57464
       0.57464
       0.57464
       0.57464
      0.533361
       0.53336
      0.533361
       0.53336
      0.533361
       0.53336
      0.533361
       0.53336
      0.533361
       0.53336
      0.533361
       0.53336
       0.53336
      0.533359
       0.53336
      0.533359
      0.533359
      0.533358
      0.533359
      0.533358
      0.533358
      0.533357
      0.533357
      0.533356
      0.533357
      0.533356
      0.533356
      0.533355
      0.533356
      0.533355
      0.533356
      0.533355
      0.533356
      0.533356
      0.533357
      0.533356
      0.533357
      0.533357
      0.533358
      0.533358
      0.533359
      0.533358
      0.533359
      0.533359
       0.53336
      0.533359
       0.53336
       0.53336
      0.533361
       0.53336
      0.533361
       0.53336
      0.533361
       0.53336
      0.533361
       0.53336
      0.533361
       0.53336
      0.533361
      0.493804
      0.493804
      0.493804
      0.493804
      0.493804
      0.493804
      0.493804
      0.493803
      0.493804
      0.493803
      0.493803
      0.493803
      0.493803
      0.493802
      0.493802
      0.493802
      0.493802
      0.493801
      0.493801
        0.4938
        0.4938
        0.4938
      0.493799
      0.493799
      0.493799
      0.493798
      0.493798
      0.493797
      0.493798
      0.493797
      0.493798
      0.493797
      0.493798
      0.493798
      0.493799
      0.493799
      0.493799
        0.4938
        0.4938
        0.4938
      0.493801
      0.493801
      0.493802
      0.493802
      0.493802
      0.493802
      0.493803
      0.493803
      0.493803
      0.493803
      0.493804
      0.493803
      0.493804
      0.493804
      0.493804
      0.493804
      0.493804
      0.493804
      0.493804
      0.456078
      0.456077
      0.456078
      0.456077
      0.456078
      0.456077
      0.456078
      0.456077
      0.456077
      0.456076
      0.456077
      0.456076
      0.456077
      0.456075
      0.456076
      0.456075
      0.456075
      0.456074
      0.456074
      0.456073
      0.456073
      0.456072
      0.456072
      0.456071
      0.456071
       0.45607
       0.45607
      0.456069
       0.45607
      0.456069
       0.45607
      0.456069
       0.45607
       0.45607
      0.456071
      0.456071
      0.456072
      0.456072
      0.456073
      0.456073
      0.456074
      0.456074
      0.456075
      0.456075
      0.456076
      0.456075
      0.456077
      0.456076
      0.456077
      0.456076
      0.456077
      0.456077
      0.456078
      0.456077
      0.456078
      0.456077
      0.456078
      0.456077
      0.456078
       0.42027
       0.42027
       0.42027
       0.42027
       0.42027
       0.42027
       0.42027
       0.42027
       0.42027
      0.420269
      0.420269
      0.420269
      0.420269
      0.420268
      0.420268
      0.420267
      0.420267
      0.420266
      0.420266
      0.420265
      0.420264
      0.420263
      0.420263
      0.420262
      0.420262
      0.420261
      0.420261
       0.42026
       0.42026
       0.42026
       0.42026
       0.42026
      0.420261
      0.420261
      0.420262
      0.420262
      0.420263
      0.420263
      0.420264
      0.420265
      0.420266
      0.420266
      0.420267
      0.420267
      0.420268
      0.420268
      0.420269
      0.420269
      0.420269
      0.420269
       0.42027
       0.42027
       0.42027
       0.42027
       0.42027
       0.42027
       0.42027
       0.42027
       0.42027
      0.386462
      0.386462
      0.386462
      0.386462
      0.386462
      0.386461
      0.386462
      0.386461
      0.386462
      0.386461
      0.386461
       0.38646
      0.386461
      0.386459
       0.38646
      0.386458
      0.386458
      0.386457
      0.386457
      0.386455
      0.386455
      0.386454
      0.386453
      0.386452
      0.386452
       0.38645
       0.38645
      0.386449
      0.386449
      0.386449
      0.386449
      0.386449
       0.38645
       0.38645
      0.386452
      0.386452
      0.386453
      0.386454
      0.386455
      0.386455
      0.386457
      0.386457
      0.386458
      0.386458
       0.38646
      0.386459
      0.386461
       0.38646
      0.386461
      0.386461
      0.386462
      0.386461
      0.386462
      0.386461
      0.386462
      0.386462
      0.386462
      0.386462
      0.386462
      0.354715
      0.354715
      0.354715
      0.354715
      0.354715
      0.354715
      0.354715
      0.354715
      0.354715
      0.354714
      0.354714
      0.354713
      0.354713
      0.354712
      0.354712
      0.354711
      0.354711
      0.354709
      0.354709
      0.354707
      0.354707
      0.354705
      0.354704
      0.354703
      0.354702
      0.354701
        0.3547
      0.354699
      0.354699
      0.354699
      0.354699
      0.354699
        0.3547
      0.354701
      0.354702
      0.354703
      0.354704
      0.354705
      0.354707
      0.354707
      0.354709
      0.354709
      0.354711
      0.354711
      0.354712
      0.354712
      0.354713
      0.354713
      0.354714
      0.354714
      0.354715
      0.354715
      0.354715
      0.354715
      0.354715
      0.354715
      0.354715
      0.354715
      0.354715
      0.325084
      0.325083
      0.325084
      0.325083
      0.325084
      0.325083
      0.325083
      0.325082
      0.325083
      0.325082
      0.325082
      0.325081
      0.325081
       0.32508
       0.32508
      0.325078
      0.325078
      0.325076
      0.325076
      0.325074
      0.325073
      0.325071
       0.32507
      0.325068
      0.325067
      0.325065
      0.325065
      0.325063
      0.325063
      0.325062
      0.325063
      0.325063
      0.325065
      0.325065
      0.325067
      0.325068
       0.32507
      0.325071
      0.325073
      0.325074
      0.325076
      0.325076
      0.325078
      0.325078
       0.32508
       0.32508
      0.325081
      0.325081
      0.325082
      0.325082
      0.325083
      0.325082
      0.325083
      0.325083
      0.325084
      0.325083
      0.325084
      0.325083
      0.325084
      0.297605
      0.297605
      0.297605
      0.297604
      0.297605
      0.297604
      0.297604
      0.297604
      0.297604
      0.297603
      0.297603
      0.297602
      0.297602
      0.297601
        0.2976
      0.297599
      0.297598
      0.297596
      0.297595
      0.297593
      0.297592
       0.29759
      0.297588
      0.297586
      0.297584
      0.297582
      0.297581
      0.297579
      0.297579
      0.297578
      0.297579
      0.297579
      0.297581
      0.297582
      0.297584
      0.297586
      0.297588
       0.29759
      0.297592
      0.297593
      0.297595
      0.297596
      0.297598
      0.297599
        0.2976
      0.297601
      0.297602
      0.297602
      0.297603
      0.297603
      0.297604
      0.297604
      0.297604
      0.297604
      0.297605
      0.297604
      0.297605
      0.297605
      0.297605
       0.27231
      0.272309
       0.27231
      0.272309
       0.27231
      0.272309
      0.272309
      0.272309
      0.272309
      0.272308
      0.272308
      0.272307
      0.272307
      0.272305
      0.272305
      0.272303
      0.272302
        0.2723
      0.272299
      0.272296
      0.272294
      0.272291
      0.272289
      0.272286
      0.272284
      0.272282
       0.27228
      0.272278
      0.272278
      0.272277
      0.272278
      0.272278
       0.27228
      0.272282
      0.272284
      0.272286
      0.272289
      0.272291
      0.272294
      0.272296
      0.272299
        0.2723
      0.272302
      0.272303
      0.272305
      0.272305
      0.272307
      0.272307
      0.272308
      0.272308
      0.272309
      0.272309
      0.272309
      0.272309
       0.27231
      0.272309
       0.27231
      0.272309
       0.27231
      0.249217
      0.249217
      0.249217
      0.249217
      0.249217
      0.249217
      0.249216
      0.249216
      0.249216
      0.249215
      0.249215
      0.249214
      0.249213
      0.249212
      0.249211
      0.249209
      0.249208
      0.249206
      0.249204
      0.249201
      0.249199
      0.249195
      0.249192
      0.249189
      0.249186
      0.249182
       0.24918
      0.249178
      0.249176
      0.249176
      0.249176
      0.249178
       0.24918
      0.249182
      0.249186
      0.249189
      0.249192
      0.249195
      0.249199
      0.249201
      0.249204
      0.249206
      0.249208
      0.249209
      0.249211
      0.249212
      0.249213
      0.249214
      0.249215
      0.249215
      0.249216
      0.249216
      0.249216
      0.249217
      0.249217
      0.249217
      0.249217
      0.249217
      0.249217
       0.22834
      0.228339
       0.22834
      0.228339
      0.228339
      0.228339
      0.228339
      0.228338
      0.228338
      0.228337
      0.228337
      0.228336
      0.228335
      0.228334
      0.228333
      0.228331
      0.228329
      0.228326
      0.228324
      0.228321
      0.228318
      0.228314
       0.22831
      0.228305
      0.228301
      0.228297
      0.228293
       0.22829
      0.228288
      0.228287
      0.228288
       0.22829
      0.228293
      0.228297
      0.228301
      0.228305
       0.22831
      0.228314
      0.228318
      0.228321
      0.228324
      0.228326
      0.228329
      0.228331
      0.228333
      0.228334
      0.228335
      0.228336
      0.228337
      0.228337
      0.228338
      0.228338
      0.228339
      0.228339
      0.228339
      0.228339
       0.22834
      0.228339
       0.22834
      0.209681
      0.209681
      0.209681
      0.209681
      0.209681
       0.20968
       0.20968
       0.20968
      0.209679
      0.209679
      0.209678
      0.209677
      0.209676
      0.209675
      0.209673
      0.209671
      0.209669
      0.209666
      0.209663
      0.209659
      0.209655
      0.209651
      0.209645
       0.20964
      0.209634
      0.209628
      0.209623
      0.209619
      0.209616
      0.209615
      0.209616
      0.209619
      0.209623
      0.209629
      0.209634
       0.20964
      0.209645
      0.209651
      0.209655
      0.209659
      0.209663
      0.209666
      0.209669
      0.209671
      0.209673
      0.209675
      0.209676
      0.209677
      0.209678
      0.209679
      0.209679
       0.20968
       0.20968
       0.20968
      0.209681
      0.209681
      0.209681
      0.209681
      0.209681
      0.193242
      0.193242
      0.193242
      0.193242
      0.193242
      0.193241
      0.193241
      0.193241
       0.19324
       0.19324
      0.193239
      0.193238
      0.193237
      0.193235
      0.193233
      0.193231
      0.193229
      0.193225
      0.193222
      0.193217
      0.193212
      0.193206
        0.1932
      0.193193
      0.193185
      0.193177
       0.19317
      0.193164
       0.19316
      0.193158
       0.19316
      0.193164
      0.193171
      0.193178
      0.193185
      0.193193
        0.1932
      0.193206
      0.193212
      0.193217
      0.193222
      0.193225
      0.193229
      0.193231
      0.193233
      0.193235
      0.193237
      0.193238
      0.193239
       0.19324
       0.19324
      0.193241
      0.193241
      0.193241
      0.193242
      0.193242
      0.193242
      0.193242
      0.193242
      0.179018
      0.179018
      0.179018
      0.179018
      0.179018
      0.179017
      0.179017
      0.179016
      0.179016
      0.179015
      0.179014
      0.179013
      0.179012
       0.17901
      0.179008
      0.179006
      0.179003
      0.178999
      0.178995
       0.17899
      0.178984
      0.178977
      0.178969
      0.178959
      0.178949
      0.178938
      0.178927
      0.178918
      0.178912
       0.17891
      0.178913
       0.17892
      0.178929
      0.178939
       0.17895
       0.17896
      0.178969
      0.178977
      0.178984
       0.17899
      0.178995
      0.178999
      0.179003
      0.179006
      0.179008
       0.17901
      0.179012
      0.179013
      0.179014
      0.179015
      0.179016
      0.179016
      0.179017
      0.179017
      0.179018
      0.179018
      0.179018
      0.179018
      0.179018
      0.167002
      0.167002
      0.167002
      0.167002
      0.167002
      0.167001
      0.167001
         0.167
         0.167
      0.166999
      0.166998
      0.166997
      0.166996
      0.166994
      0.166992
      0.166989
      0.166986
      0.166982
      0.166977
      0.166971
      0.166964
      0.166955
      0.166945
      0.166933
      0.166919
      0.166903
      0.166887
      0.166873
      0.166864
       0.16686
      0.166866
      0.166877
      0.166891
      0.166906
      0.166921
      0.166934
      0.166945
      0.166955
      0.166964
      0.166971
      0.166977
      0.166982
      0.166986
      0.166989
      0.166992
      0.166994
      0.166996
      0.166997
      0.166998
      0.166999
         0.167
         0.167
      0.167001
      0.167001
      0.167002
      0.167002
      0.167002
      0.167002
      0.167002
      0.157186
      0.157186
      0.157186
      0.157186
      0.157186
      0.157185
      0.157185
      0.157185
      0.157184
      0.157183
      0.157182
      0.157181
      0.157179
      0.157177
      0.157175
      0.157172
      0.157168
      0.157164
      0.157158
      0.157152
      0.157144
      0.157133
      0.157121
      0.157106
      0.157087
      0.157064
      0.157039
      0.157015
      0.156999
      0.156994
      0.157005
      0.157025
      0.157048
      0.157071
      0.157091
      0.157108
      0.157122
      0.157134
      0.157144
      0.157152
      0.157158
      0.157164
      0.157168
      0.157172
      0.157175
      0.157177
      0.157179
      0.157181
      0.157182
      0.157183
      0.157184
      0.157185
      0.157185
      0.157185
      0.157186
      0.157186
      0.157186
      0.157186
      0.157186
      0.149562
      0.149562
      0.149562
      0.149562
      0.149561
      0.149561
      0.149561
       0.14956
       0.14956
      0.149559
      0.149558
      0.149557
      0.149555
      0.149553
       0.14955
      0.149547
      0.149543
      0.149538
      0.149532
      0.149525
      0.149516
      0.149504
      0.149489
       0.14947
      0.149444
      0.149412
       0.14937
      0.149329
      0.149301
      0.149293
      0.149316
      0.149354
      0.149391
      0.149425
      0.149452
      0.149473
      0.149491
      0.149505
      0.149516
      0.149525
      0.149532
      0.149538
      0.149543
      0.149547
       0.14955
      0.149553
      0.149555
      0.149557
      0.149558
      0.149559
       0.14956
       0.14956
      0.149561
      0.149561
      0.149561
      0.149562
      0.149562
      0.149562
      0.149562
      0.144122
      0.144122
      0.144122
      0.144122
      0.144122
      0.144122
      0.144121
      0.144121
       0.14412
      0.144119
      0.144118
      0.144117
      0.144115
      0.144113
       0.14411
      0.144107
      0.144103
      0.144098
      0.144091
      0.144083
      0.144073
       0.14406
      0.144043
       0.14402
      0.143987
      0.143941
      0.143877
      0.143797
      0.143718
      0.143724
      0.143782
      0.143856
      0.143918
      0.143964
      0.143999
      0.144025
      0.144045
      0.144061
      0.144073
      0.144083
      0.144091
      0.144098
      0.144103
      0.144107
       0.14411
      0.144113
      0.144115
      0.144117
      0.144118
      0.144119
       0.14412
      0.144121
      0.144121
      0.144122
      0.144122
      0.144122
      0.144122
      0.144122
      0.144122
      0.140861
      0.140861
      0.140861
      0.140861
       0.14086
       0.14086
       0.14086
      0.140859
      0.140858
      0.140858
      0.140856
      0.140855
      0.140853
      0.140851
      0.140848
      0.140845
      0.140841
      0.140836
      0.140829
       0.14082
       0.14081
      0.140796
      0.140777
      0.140751
      0.140712
      0.140652
      0.140558
      0.140414
        0.1402
      0.140254
      0.140386
      0.140533
      0.140627
      0.140687
      0.140728
      0.140758
       0.14078
      0.140797
       0.14081
      0.140821
      0.140829
      0.140836
      0.140841
      0.140845
      0.140848
      0.140851
      0.140853
      0.140855
      0.140856
      0.140858
      0.140858
      0.140859
       0.14086
       0.14086
       0.14086
      0.140861
      0.140861
      0.140861
      0.140861
      0.139774
      0.139774
      0.139774
      0.139774
      0.139774
      0.139774
      0.139773
      0.139773
      0.139772
      0.139771
       0.13977
      0.139769
      0.139767
      0.139765
      0.139762
      0.139758
      0.139754
      0.139749
      0.139742
      0.139733
      0.139722
      0.139708
      0.139689
      0.139661
      0.139619
      0.139553
      0.139441
       0.13924
      0.138825
      0.138843
      0.139223
      0.139416
      0.139526
      0.139593
      0.139638
      0.139669
      0.139692
      0.139709
      0.139723
      0.139734
      0.139742
      0.139749
      0.139754
      0.139758
      0.139762
      0.139765
      0.139767
      0.139769
       0.13977
      0.139771
      0.139772
      0.139773
      0.139773
      0.139774
      0.139774
      0.139774
      0.139774
      0.139774
      0.139774
      0.140861
      0.140861
      0.140861
      0.140861
       0.14086
       0.14086
       0.14086
      0.140859
      0.140858
      0.140858
      0.140856
      0.140855
      0.140853
      0.140851
      0.140848
      0.140845
      0.140841
      0.140836
      0.140829
       0.14082
       0.14081
      0.140796
      0.140777
      0.140751
      0.140712
      0.140652
      0.140558
      0.140414
        0.1402
      0.140254
      0.140386
      0.140533
      0.140627
      0.140687
      0.140728
      0.140758
       0.14078
      0.140797
       0.14081
      0.140821
      0.140829
      0.140836
      0.140841
      0.140845
      0.140848
      0.140851
      0.140853
      0.140855
      0.140856
      0.140858
      0.140858
      0.140859
       0.14086
       0.14086
       0.14086
      0.140861
      0.140861
      0.140861
      0.140861
      0.144122
      0.144122
      0.144122
      0.144122
      0.144122
      0.144122
      0.144121
      0.144121
       0.14412
      0.144119
      0.144118
      0.144117
      0.144115
      0.144113
       0.14411
      0.144107
      0.144103
      0.144098
      0.144091
      0.144083
      0.144073
       0.14406
      0.144043
       0.14402
      0.143987
      0.143941
      0.143877
      0.143797
      0.143718
      0.143724
      0.143782
      0.143856
      0.143918
      0.143964
      0.143999
      0.144025
      0.144045
      0.144061
      0.144073
      0.144083
      0.144091
      0.144098
      0.144103
      0.144107
       0.14411
      0.144113
      0.144115
      0.144117
      0.144118
      0.144119
       0.14412
      0.144121
      0.144121
      0.144122
      0.144122
      0.144122
      0.144122
      0.144122
      0.144122
      0.149562
      0.149562
      0.149562
      0.149562
      0.149561
      0.149561
      0.149561
       0.14956
       0.14956
      0.149559
      0.149558
      0.149557
      0.149555
      0.149553
       0.14955
      0.149547
      0.149543
      0.149538
      0.149532
      0.149525
      0.149516
      0.149504
      0.149489
       0.14947
      0.149444
      0.149412
       0.14937
      0.149329
      0.149301
      0.149293
      0.149316
      0.149354
      0.149391
      0.149425
      0.149452
      0.149473
      0.149491
      0.149505
      0.149516
      0.149525
      0.149532
      0.149538
      0.149543
      0.149547
       0.14955
      0.149553
      0.149555
      0.149557
      0.149558
      0.149559
       0.14956
       0.14956
      0.149561
      0.149561
      0.149561
      0.149562
      0.149562
      0.149562
      0.149562
      0.157186
      0.157186
      0.157186
      0.157186
      0.157186
      0.157185
      0.157185
      0.157185
      0.157184
      0.157183
      0.157182
      0.157181
      0.157179
      0.157177
      0.157175
      0.157172
      0.157168
      0.157164
      0.157158
      0.157152
      0.157144
      0.157133
      0.157121
      0.157106
      0.157087
      0.157064
      0.157039
      0.157015
      0.156999
      0.156994
      0.157005
      0.157025
      0.157048
      0.157071
      0.157091
      0.157108
      0.157122
      0.157134
      0.157144
      0.157152
      0.157158
      0.157164
      0.157168
      0.157172
      0.157175
      0.157177
      0.157179
      0.157181
      0.157182
      0.157183
      0.157184
      0.157185
      0.157185
      0.157185
      0.157186
      0.157186
      0.157186
      0.157186
      0.157186
      0.167002
      0.167002
      0.167002
      0.167002
      0.167002
      0.167001
      0.167001
         0.167
         0.167
      0.166999
      0.166998
      0.166997
      0.166996
      0.166994
      0.166992
      0.166989
      0.166986
      0.166982
      0.166977
      0.166971
      0.166964
      0.166955
      0.166945
      0.166933
      0.166919
      0.166903
      0.166887
      0.166873
      0.166864
       0.16686
      0.166866
      0.166877
      0.166891
      0.166906
      0.166921
      0.166934
      0.166945
      0.166955
      0.166964
      0.166971
      0.166977
      0.166982
      0.166986
      0.166989
      0.166992
      0.166994
      0.166996
      0.166997
      0.166998
      0.166999
         0.167
         0.167
      0.167001
      0.167001
      0.167002
      0.167002
      0.167002
      0.167002
      0.167002
      0.179018
      0.179018
      0.179018
      0.179018
      0.179018
      0.179017
      0.179017
      0.179016
      0.179016
      0.179015
      0.179014
      0.179013
      0.179012
       0.17901
      0.179008
      0.179006
      0.179003
      0.178999
      0.178995
       0.17899
      0.178984
      0.178977
      0.178969
      0.178959
      0.178949
      0.178938
      0.178927
      0.178918
      0.178912
       0.17891
      0.178913
       0.17892
      0.178929
      0.178939
       0.17895
       0.17896
      0.178969
      0.178977
      0.178984
       0.17899
      0.178995
      0.178999
      0.179003
      0.179006
      0.179008
       0.17901
      0.179012
      0.179013
      0.179014
      0.179015
      0.179016
      0.179016
      0.179017
      0.179017
      0.179018
      0.179018
      0.179018
      0.179018
      0.179018
      0.193242
      0.193242
      0.193242
      0.193242
      0.193242
      0.193241
      0.193241
      0.193241
       0.19324
       0.19324
      0.193239
      0.193238
      0.193237
      0.193235
      0.193233
      0.193231
      0.193229
      0.193225
      0.193222
      0.193217
      0.193212
      0.193206
        0.1932
      0.193193
      0.193185
      0.193177
       0.19317
      0.193164
       0.19316
      0.193158
       0.19316
      0.193164
      0.193171
      0.193178
      0.193185
      0.193193
        0.1932
      0.193206
      0.193212
      0.193217
      0.193222
      0.193225
      0.193229
      0.193231
      0.193233
      0.193235
      0.193237
      0.193238
      0.193239
       0.19324
       0.19324
      0.193241
      0.193241
      0.193241
      0.193242
      0.193242
      0.193242
      0.193242
      0.193242
      0.209681
      0.209681
      0.209681
      0.209681
      0.209681
       0.20968
       0.20968
       0.20968
      0.209679
      0.209679
      0.209678
      0.209677
      0.209676
      0.209675
      0.209673
      0.209671
      0.209669
      0.209666
      0.209663
      0.209659
      0.209655
      0.209651
      0.209645
       0.20964
      0.209634
      0.209628
      0.209623
      0.209619
      0.209616
      0.209615
      0.209616
      0.209619
      0.209623
      0.209629
      0.209634
       0.20964
      0.209645
      0.209651
      0.209655
      0.209659
      0.209663
      0.209666
      0.209669
      0.209671
      0.209673
      0.209675
      0.209676
      0.209677
      0.209678
      0.209679
      0.209679
       0.20968
       0.20968
       0.20968
      0.209681
      0.209681
      0.209681
      0.209681
      0.209681
       0.22834
      0.228339
       0.22834
      0.228339
      0.228339
      0.228339
      0.228339
      0.228338
      0.228338
      0.228337
      0.228337
      0.228336
      0.228335
      0.228334
      0.228333
      0.228331
      0.228329
      0.228326
      0.228324
      0.228321
      0.228318
      0.228314
       0.22831
      0.228305
      0.228301
      0.228297
      0.228293
       0.22829
      0.228288
      0.228287
      0.228288
       0.22829
      0.228293
      0.228297
      0.228301
      0.228305
       0.22831
      0.228314
      0.228318
      0.228321
      0.228324
      0.228326
      0.228329
      0.228331
      0.228333
      0.228334
      0.228335
      0.228336
      0.228337
      0.228337
      0.228338
      0.228338
      0.228339
      0.228339
      0.228339
      0.228339
       0.22834
      0.228339
       0.22834
      0.249217
      0.249217
      0.249217
      0.249217
      0.249217
      0.249217
      0.249216
      0.249216
      0.249216
      0.249215
      0.249215
      0.249214
      0.249213
      0.249212
      0.249211
      0.249209
      0.249208
      0.249206
      0.249204
      0.249201
      0.249199
      0.249195
      0.249192
      0.249189
      0.249186
      0.249182
       0.24918
      0.249178
      0.249176
      0.249176
      0.249176
      0.249178
       0.24918
      0.249182
      0.249186
      0.249189
      0.249192
      0.249195
      0.249199
      0.249201
      0.249204
      0.249206
      0.249208
      0.249209
      0.249211
      0.249212
      0.249213
      0.249214
      0.249215
      0.249215
      0.249216
      0.249216
      0.249216
      0.249217
      0.249217
      0.249217
      0.249217
      0.249217
      0.249217
       0.27231
      0.272309
       0.27231
      0.272309
       0.27231
      0.272309
      0.272309
      0.272309
      0.272309
      0.272308
      0.272308
      0.272307
      0.272307
      0.272305
      0.272305
      0.272303
      0.272302
        0.2723
      0.272299
      0.272296
      0.272294
      0.272291
      0.272289
      0.272286
      0.272284
      0.272282
       0.27228
      0.272278
      0.272278
      0.272277
      0.272278
      0.272278
       0.27228
      0.272282
      0.272284
      0.272286
      0.272289
      0.272291
      0.272294
      0.272296
      0.272299
        0.2723
      0.272302
      0.272303
      0.272305
      0.272305
      0.272307
      0.272307
      0.272308
      0.272308
      0.272309
      0.272309
      0.272309
      0.272309
       0.27231
      0.272309
       0.27231
      0.272309
       0.27231
      0.297605
      0.297605
      0.297605
      0.297604
      0.297605
      0.297604
      0.297604
      0.297604
      0.297604
      0.297603
      0.297603
      0.297602
      0.297602
      0.297601
        0.2976
      0.297599
      0.297598
      0.297596
      0.297595
      0.297593
      0.297592
       0.29759
      0.297588
      0.297586
      0.297584
      0.297582
      0.297581
      0.297579
      0.297579
      0.297578
      0.297579
      0.297579
      0.297581
      0.297582
      0.297584
      0.297586
      0.297588
       0.29759
      0.297592
      0.297593
      0.297595
      0.297596
      0.297598
      0.297599
        0.2976
      0.297601
      0.297602
      0.297602
      0.297603
      0.297603
      0.297604
      0.297604
      0.297604
      0.297604
      0.297605
      0.297604
      0.297605
      0.297605
      0.297605
      0.325084
      0.325083
      0.325084
      0.325083
      0.325084
      0.325083
      0.325083
      0.325082
      0.325083
      0.325082
      0.325082
      0.325081
      0.325081
       0.32508
       0.32508
      0.325078
      0.325078
      0.325076
      0.325076
      0.325074
      0.325073
      0.325071
       0.32507
      0.325068
      0.325067
      0.325065
      0.325065
      0.325063
      0.325063
      0.325062
      0.325063
      0.325063
      0.325065
      0.325065
      0.325067
      0.325068
       0.32507
      0.325071
      0.325073
      0.325074
      0.325076
      0.325076
      0.325078
      0.325078
       0.32508
       0.32508
      0.325081
      0.325081
      0.325082
      0.325082
      0.325083
      0.325082
      0.325083
      0.325083
      0.325084
      0.325083
      0.325084
      0.325083
      0.325084
      0.354715
      0.354715
      0.354715
      0.354715
      0.354715
      0.354715
      0.354715
      0.354715
      0.354715
      0.354714
      0.354714
      0.354713
      0.354713
      0.354712
      0.354712
      0.354711
      0.354711
      0.354709
      0.354709
      0.354707
      0.354707
      0.354705
      0.354704
      0.354703
      0.354702
      0.354701
        0.3547
      0.354699
      0.354699
      0.354699
      0.354699
      0.354699
        0.3547
      0.354701
      0.354702
      0.354703
      0.354704
      0.354705
      0.354707
      0.354707
      0.354709
      0.354709
      0.354711
      0.354711
      0.354712
      0.354712
      0.354713
      0.354713
      0.354714
      0.354714
      0.354715
      0.354715
      0.354715
      0.354715
      0.354715
      0.354715
      0.354715
      0.354715
      0.354715
      0.386462
      0.386462
      0.386462
      0.386462
      0.386462
      0.386461
      0.386462
      0.386461
      0.386462
      0.386461
      0.386461
       0.38646
      0.386461
      0.386459
       0.38646
      0.386458
      0.386458
      0.386457
      0.386457
      0.386455
      0.386455
      0.386454
      0.386453
      0.386452
      0.386452
       0.38645
       0.38645
      0.386449
      0.386449
      0.386449
      0.386449
      0.386449
       0.38645
       0.38645
      0.386452
      0.386452
      0.386453
      0.386454
      0.386455
      0.386455
      0.386457
      0.386457
      0.386458
      0.386458
       0.38646
      0.386459
      0.386461
       0.38646
      0.386461
      0.386461
      0.386462
      0.386461
      0.386462
      0.386461
      0.386462
      0.386462
      0.386462
      0.386462
      0.386462
       0.42027
       0.42027
       0.42027
       0.42027
       0.42027
       0.42027
       0.42027
       0.42027
       0.42027
      0.420269
      0.420269
      0.420269
      0.420269
      0.420268
      0.420268
      0.420267
      0.420267
      0.420266
      0.420266
      0.420265
      0.420264
      0.420263
      0.420263
      0.420262
      0.420262
      0.420261
      0.420261
       0.42026
       0.42026
       0.42026
       0.42026
       0.42026
      0.420261
      0.420261
      0.420262
      0.420262
      0.420263
      0.420263
      0.420264
      0.420265
      0.420266
      0.420266
      0.420267
      0.420267
      0.420268
      0.420268
      0.420269
      0.420269
      0.420269
      0.420269
       0.42027
       0.42027
       0.42027
       0.42027
       0.42027
       0.42027
       0.42027
       0.42027
       0.42027
      0.456078
      0.456077
      0.456078
      0.456077
      0.456078
      0.456077
      0.456078
      0.456077
      0.456077
      0.456076
      0.456077
      0.456076
      0.456077
      0.456075
      0.456076
      0.456075
      0.456075
      0.456074
      0.456074
      0.456073
      0.456073
      0.456072
      0.456072
      0.456071
      0.456071
       0.45607
       0.45607
      0.456069
       0.45607
      0.456069
       0.45607
      0.456069
       0.45607
       0.45607
      0.456071
      0.456071
      0.456072
      0.456072
      0.456073
      0.456073
      0.456074
      0.456074
      0.456075
      0.456075
      0.456076
      0.456075
      0.456077
      0.456076
      0.456077
      0.456076
      0.456077
      0.456077
      0.456078
      0.456077
      0.456078
      0.456077
      0.456078
      0.456077
      0.456078
      0.493804
      0.493804
      0.493804
      0.493804
      0.493804
      0.493804
      0.493804
      0.493803
      0.493804
      0.493803
      0.493803
      0.493803
      0.493803
      0.493802
      0.493802
      0.493802
      0.493802
      0.493801
      0.493801
        0.4938
        0.4938
        0.4938
      0.493799
      0.493799
      0.493799
      0.493798
      0.493798
      0.493797
      0.493798
      0.493797
      0.493798
      0.493797
      0.493798
      0.493798
      0.493799
      0.493799
      0.493799
        0.4938
        0.4938
        0.4938
      0.493801
      0.493801
      0.493802
      0.493802
      0.493802
      0.493802
      0.493803
      0.493803
      0.493803
      0.493803
      0.493804
      0.493803
      0.493804
      0.493804
      0.493804
      0.493804
      0.493804
      0.493804
      0.493804
      0.533361
       0.53336
      0.533361
       0.53336
      0.533361
       0.53336
      0.533361
       0.53336
      0.533361
       0.53336
      0.533361
       0.53336
       0.53336
      0.533359
       0.53336
      0.533359
      0.533359
      0.533358
      0.533359
      0.533358
      0.533358
      0.533357
      0.533357
      0.533356
      0.533357
      0.533356
      0.533356
      0.533355
      0.533356
      0.533355
      0.533356
      0.533355
      0.533356
      0.533356
      0.533357
      0.533356
      0.533357
      0.533357
      0.533358
      0.533358
      0.533359
      0.533358
      0.533359
      0.533359
       0.53336
      0.533359
       0.53336
       0.53336
      0.533361
       0.53336
      0.533361
       0.53336
      0.533361
       0.53336
      0.533361
       0.53336
      0.533361
       0.53336
      0.533361
       0.57464
       0.57464
       0.57464
       0.57464
       0.57464
       0.57464
       0.57464
       0.57464
       0.57464
      0.574639
       0.57464
      0.574639
      0.574639
      0.574639
      0.574639
      0.574639
      0.574639
      0.574638
      0.574638
      0.574638
      0.574638
      0.574637
      0.574637
      0.574637
      0.574637
      0.574636
      0.574636
      0.574636
      0.574636
      0.574636
      0.574636
      0.574636
      0.574636
      0.574636
      0.574637
      0.574637
      0.574637
      0.574637
      0.574638
      0.574638
      0.574638
      0.574638
      0.574639
      0.574639
      0.574639
      0.574639
      0.574639
      0.574639
       0.57464
      0.574639
       0.57464
       0.57464
       0.57464
       0.57464
       0.57464
       0.57464
       0.57464
       0.57464
       0.57464
      0.617525
      0.617524
      0.617525
      0.617524
      0.617525
      0.617524
      0.617525
      0.617524
      0.617525
      0.617524
      0.617525
      0.617524
      0.617525
      0.617524
      0.617524
      0.617523
      0.617524
      0.617523
      0.617524
      0.617523
      0.617523
      0.617522
      0.617523
      0.617522
      0.617523
      0.617522
      0.617522
      0.617521
      0.617522
      0.617521
      0.617522
      0.617521
      0.617522
      0.617522
      0.617523
      0.617522
      0.617523
      0.617522
      0.617523
      0.617523
      0.617524
      0.617523
      0.617524
      0.617523
      0.617524
      0.617524
      0.617525
      0.617524
      0.617525
      0.617524
      0.617525
      0.617524
      0.617525
      0.617524
      0.617525
      0.617524
      0.617525
      0.617524
      0.617525
       0.66188
       0.66188
       0.66188
       0.66188
       0.66188
       0.66188
       0.66188
       0.66188
       0.66188
       0.66188
       0.66188
       0.66188
       0.66188
       0.66188
       0.66188
      0.661879
      0.661879
      0.661879
      0.661879
      0.661879
      0.661879
      0.661878
      0.661879
      0.661878
      0.661878
      0.661878
      0.661878
      0.661878
      0.661878
      0.661878
      0.661878
      0.661878
      0.661878
      0.661878
      0.661878
      0.661878
      0.661879
      0.661878
      0.661879
      0.661879
      0.661879
      0.661879
      0.661879
      0.661879
       0.66188
       0.66188
       0.66188
       0.66188
       0.66188
       0.66188
       0.66188
       0.66188
       0.66188
       0.66188
       0.66188
       0.66188
       0.66188
       0.66188
       0.66188
      0.707563
      0.707562
      0.707563
      0.707562
      0.707563
      0.707562
      0.707563
      0.707562
      0.707563
      0.707562
      0.707563
      0.707562
      0.707563
      0.707562
      0.707562
      0.707562
      0.707562
      0.707561
      0.707562
      0.707561
      0.707562
      0.707561
      0.707562
      0.707561
      0.707561
      0.707561
      0.707561
       0.70756
      0.707561
       0.70756
      0.707561
       0.70756
      0.707561
      0.707561
      0.707561
      0.707561
      0.707562
      0.707561
      0.707562
      0.707561
      0.707562
      0.707561
      0.707562
      0.707562
      0.707562
      0.707562
      0.707563
      0.707562
      0.707563
      0.707562
      0.707563
      0.707562
      0.707563
      0.707562
      0.707563
      0.707562
      0.707563
      0.707562
      0.707563
      0.754413
      0.754412
      0.754413
      0.754412
      0.754413
      0.754412
      0.754413
      0.754412
      0.754412
      0.754412
      0.754412
      0.754412
      0.754412
      0.754412
      0.754412
      0.754412
      0.754412
      0.754412
      0.754412
      0.754412
      0.754412
      0.754411
      0.754411
      0.754411
      0.754411
      0.754411
      0.754411
      0.754411
      0.754411
      0.754411
      0.754411
      0.754411
      0.754411
      0.754411
      0.754411
      0.754411
      0.754411
      0.754411
      0.754412
      0.754412
      0.754412
      0.754412
      0.754412
      0.754412
      0.754412
      0.754412
      0.754412
      0.754412
      0.754412
      0.754412
      0.754412
      0.754412
      0.754413
      0.754412
      0.754413
      0.754412
      0.754413
      0.754412
      0.754413
      0.802263
      0.802263
      0.802263
      0.802263
      0.802263
      0.802263
      0.802263
      0.802263
      0.802263
      0.802263
      0.802263
      0.802263
      0.802263
      0.802262
      0.802263
      0.802262
      0.802263
      0.802262
      0.802263
      0.802262
      0.802263
      0.802262
      0.802262
      0.802262
      0.802262
      0.802262
      0.802262
      0.802262
      0.802262
      0.802262
      0.802262
      0.802262
      0.802262
      0.802262
      0.802262
      0.802262
      0.802262
      0.802262
      0.802263
      0.802262
      0.802263
      0.802262
      0.802263
      0.802262
      0.802263
      0.802262
      0.802263
      0.802263
      0.802263
      0.802263
      0.802263
      0.802263
      0.802263
      0.802263
      0.802263
      0.802263
      0.802263
      0.802263
      0.802263
      0.850935
      0.850935
      0.850935
      0.850935
      0.850935
      0.850935
      0.850935
      0.850935
      0.850935
      0.850935
      0.850935
      0.850935
      0.850935
      0.850935
      0.850935
      0.850935
      0.850935
      0.850935
      0.850935
      0.850934
      0.850935
      0.850934
      0.850934
      0.850934
      0.850934
      0.850934
      0.850934
      0.850934
      0.850934
      0.850934
      0.850934
      0.850934
      0.850934
      0.850934
      0.850934
      0.850934
      0.850934
      0.850934
      0.850935
      0.850934
      0.850935
      0.850935
      0.850935
      0.850935
      0.850935
      0.850935
      0.850935
      0.850935
      0.850935
      0.850935
      0.850935
      0.850935
      0.850935
      0.850935
      0.850935
      0.850935
      0.850935
      0.850935
      0.850935
      0.900244
      0.900244
      0.900244
      0.900244
      0.900244
      0.900244
      0.900244
      0.900244
      0.900244
      0.900244
      0.900244
      0.900244
      0.900244
      0.900244
      0.900244
      0.900244
      0.900244
      0.900244
      0.900244
      0.900243
      0.900244
      0.900243
      0.900244
      0.900243
      0.900244
      0.900243
      0.900244
      0.900243
      0.900244
      0.900243
      0.900244
      0.900243
      0.900244
      0.900243
      0.900244
      0.900243
      0.900244
      0.900243
      0.900244
      0.900243
      0.900244
      0.900244
      0.900244
      0.900244
      0.900244
      0.900244
      0.900244
      0.900244
      0.900244
      0.900244
      0.900244
      0.900244
      0.900244
      0.900244
      0.900244
      0.900244
      0.900244
      0.900244
      0.900244
      0.949997
      0.949997
      0.949997
      0.949997
      0.949997
      0.949997
      0.949997
      0.949997
      0.949997
      0.949997
      0.949997
      0.949997
      0.949997
      0.949997
      0.949997
      0.949997
      0.949997
      0.949997
      0.949997
      0.949997
      0.949997
      0.949997
      0.949997
      0.949997
      0.949997
      0.949997
      0.949997
      0.949997
      0.949997
      0.949997
      0.949997
      0.949997
      0.949997
      0.949997
      0.949997
      0.949997
      0.949997
      0.949997
      0.949997
      0.949997
      0.949997
      0.949997
      0.949997
      0.949997
      0.949997
      0.949997
      0.949997
      0.949997
      0.949997
      0.949997
      0.949997
      0.949997
      0.949997
      0.949997
      0.949997
      0.949997
      0.949997
      0.949997
      0.949997
             1
             1
             1
             1
             1
             1
             1
             1
             1
             1
             1
             1
             1
             1
             1
             1
             1
             1
             1
             1
             1
             1
             1
             1
             1
             1
             1
             1
             1
             1
             1
             1
             1
             1
             1
             1
             1
             1
             1
             1
             1
             1
             1
             1
             1
             1
             1
             1
             1
             1
             1
             1
             1
             1
             1
             1
             1
             1
             1
