             1
             1
             1
             1
             1
             1
             1
             1
             1
             1
             1
             1
             1
             1
             1
             1
             1
             1
             1
             1
             1
             1
             1
             1
             1
             1
             1
             1
             1
             1
             1
             1
             1
             1
             1
             1
             1
             1
             1
             1
             1
             1
             1
             1
             1
             1
             1
             1
             1
             1
             1
             1
             1
             1
             1
             1
             1
             1
             1
      0.950413
      0.950413
      0.950413
      0.950413
      0.950413
      0.950413
      0.950413
      0.950413
      0.950413
      0.950413
      0.950413
      0.950413
      0.950413
      0.950413
      0.950413
      0.950413
      0.950413
      0.950413
      0.950413
      0.950413
      0.950413
      0.950413
      0.950413
      0.950413
      0.950413
      0.950413
      0.950413
      0.950413
      0.950413
      0.950413
      0.950413
      0.950413
      0.950413
      0.950413
      0.950413
      0.950413
      0.950413
      0.950413
      0.950413
      0.950413
      0.950413
      0.950413
      0.950413
      0.950413
      0.950413
      0.950413
      0.950413
      0.950413
      0.950413
      0.950413
      0.950413
      0.950413
      0.950413
      0.950413
      0.950413
      0.950413
      0.950413
      0.950413
      0.950413
      0.901072
      0.901072
      0.901072
      0.901072
      0.901072
      0.901072
      0.901072
      0.901072
      0.901072
      0.901072
      0.901072
      0.901072
      0.901072
      0.901072
      0.901072
      0.901072
      0.901072
      0.901071
      0.901072
      0.901071
      0.901072
      0.901071
      0.901072
      0.901071
      0.901071
      0.901071
      0.901071
      0.901071
      0.901071
      0.901071
      0.901071
      0.901071
      0.901071
      0.901071
      0.901071
      0.901071
      0.901072
      0.901071
      0.901072
      0.901071
      0.901072
      0.901071
      0.901072
      0.901072
      0.901072
      0.901072
      0.901072
      0.901072
      0.901072
      0.901072
      0.901072
      0.901072
      0.901072
      0.901072
      0.901072
      0.901072
      0.901072
      0.901072
      0.901072
      0.852166
      0.852166
      0.852166
      0.852166
      0.852166
      0.852166
      0.852166
      0.852166
      0.852166
      0.852166
      0.852166
      0.852166
      0.852166
      0.852166
      0.852166
      0.852166
      0.852166
      0.852166
      0.852166
      0.852166
      0.852166
      0.852166
      0.852166
      0.852166
      0.852166
      0.852166
      0.852166
      0.852166
      0.852166
      0.852166
      0.852166
      0.852166
      0.852166
      0.852166
      0.852166
      0.852166
      0.852166
      0.852166
      0.852166
      0.852166
      0.852166
      0.852166
      0.852166
      0.852166
      0.852166
      0.852166
      0.852166
      0.852166
      0.852166
      0.852166
      0.852166
      0.852166
      0.852166
      0.852166
      0.852166
      0.852166
      0.852166
      0.852166
      0.852166
      0.803886
      0.803885
      0.803886
      0.803885
      0.803886
      0.803885
      0.803886
      0.803885
      0.803886
      0.803885
      0.803886
      0.803885
      0.803886
      0.803885
      0.803885
      0.803885
      0.803885
      0.803885
      0.803885
      0.803885
      0.803885
      0.803885
      0.803885
      0.803884
      0.803885
      0.803884
      0.803885
      0.803884
      0.803885
      0.803884
      0.803885
      0.803884
      0.803885
      0.803884
      0.803885
      0.803884
      0.803885
      0.803885
      0.803885
      0.803885
      0.803885
      0.803885
      0.803885
      0.803885
      0.803885
      0.803885
      0.803886
      0.803885
      0.803886
      0.803885
      0.803886
      0.803885
      0.803886
      0.803885
      0.803886
      0.803885
      0.803886
      0.803885
      0.803886
       0.75641
       0.75641
       0.75641
       0.75641
       0.75641
       0.75641
       0.75641
       0.75641
       0.75641
       0.75641
       0.75641
       0.75641
       0.75641
       0.75641
       0.75641
       0.75641
       0.75641
      0.756409
      0.756409
      0.756409
      0.756409
      0.756409
      0.756409
      0.756409
      0.756409
      0.756409
      0.756409
      0.756409
      0.756409
      0.756409
      0.756409
      0.756409
      0.756409
      0.756409
      0.756409
      0.756409
      0.756409
      0.756409
      0.756409
      0.756409
      0.756409
      0.756409
       0.75641
       0.75641
       0.75641
       0.75641
       0.75641
       0.75641
       0.75641
       0.75641
       0.75641
       0.75641
       0.75641
       0.75641
       0.75641
       0.75641
       0.75641
       0.75641
       0.75641
      0.709916
      0.709916
      0.709916
      0.709916
      0.709916
      0.709916
      0.709916
      0.709916
      0.709916
      0.709916
      0.709916
      0.709915
      0.709916
      0.709915
      0.709916
      0.709915
      0.709916
      0.709915
      0.709915
      0.709915
      0.709915
      0.709914
      0.709915
      0.709914
      0.709915
      0.709914
      0.709914
      0.709914
      0.709914
      0.709914
      0.709914
      0.709914
      0.709914
      0.709914
      0.709915
      0.709914
      0.709915
      0.709914
      0.709915
      0.709915
      0.709915
      0.709915
      0.709916
      0.709915
      0.709916
      0.709915
      0.709916
      0.709915
      0.709916
      0.709916
      0.709916
      0.709916
      0.709916
      0.709916
      0.709916
      0.709916
      0.709916
      0.709916
      0.709916
      0.664567
      0.664567
      0.664567
      0.664567
      0.664567
      0.664567
      0.664567
      0.664567
      0.664567
      0.664567
      0.664567
      0.664567
      0.664567
      0.664566
      0.664567
      0.664566
      0.664566
      0.664566
      0.664566
      0.664566
      0.664566
      0.664565
      0.664565
      0.664565
      0.664565
      0.664565
      0.664565
      0.664564
      0.664565
      0.664564
      0.664565
      0.664564
      0.664565
      0.664565
      0.664565
      0.664565
      0.664565
      0.664565
      0.664566
      0.664566
      0.664566
      0.664566
      0.664566
      0.664566
      0.664567
      0.664566
      0.664567
      0.664567
      0.664567
      0.664567
      0.664567
      0.664567
      0.664567
      0.664567
      0.664567
      0.664567
      0.664567
      0.664567
      0.664567
      0.620521
       0.62052
      0.620521
       0.62052
      0.620521
       0.62052
      0.620521
       0.62052
      0.620521
       0.62052
       0.62052
       0.62052
       0.62052
      0.620519
       0.62052
      0.620519
       0.62052
      0.620519
      0.620519
      0.620518
      0.620519
      0.620518
      0.620518
      0.620517
      0.620518
      0.620517
      0.620518
      0.620517
      0.620517
      0.620517
      0.620517
      0.620517
      0.620518
      0.620517
      0.620518
      0.620517
      0.620518
      0.620518
      0.620519
      0.620518
      0.620519
      0.620519
       0.62052
      0.620519
       0.62052
      0.620519
       0.62052
       0.62052
       0.62052
       0.62052
      0.620521
       0.62052
      0.620521
       0.62052
      0.620521
       0.62052
      0.620521
       0.62052
      0.620521
      0.577918
      0.577918
      0.577918
      0.577918
      0.577918
      0.577918
      0.577918
      0.577918
      0.577918
      0.577917
      0.577917
      0.577917
      0.577917
      0.577917
      0.577917
      0.577916
      0.577916
      0.577916
      0.577916
      0.577915
      0.577915
      0.577915
      0.577915
      0.577914
      0.577914
      0.577914
      0.577914
      0.577913
      0.577914
      0.577913
      0.577914
      0.577913
      0.577914
      0.577914
      0.577914
      0.577914
      0.577915
      0.577915
      0.577915
      0.577915
      0.577916
      0.577916
      0.577916
      0.577916
      0.577917
      0.577917
      0.577917
      0.577917
      0.577917
      0.577917
      0.577918
      0.577918
      0.577918
      0.577918
      0.577918
      0.577918
      0.577918
      0.577918
      0.577918
      0.536893
      0.536892
      0.536893
      0.536892
      0.536893
      0.536892
      0.536893
      0.536892
      0.536893
      0.536892
      0.536893
      0.536892
      0.536892
      0.536891
      0.536892
      0.536891
      0.536891
       0.53689
      0.536891
      0.536889
       0.53689
      0.536889
      0.536889
      0.536888
      0.536889
      0.536887
      0.536888
      0.536887
      0.536888
      0.536887
      0.536888
      0.536887
      0.536888
      0.536887
      0.536889
      0.536888
      0.536889
      0.536889
       0.53689
      0.536889
      0.536891
       0.53689
      0.536891
      0.536891
      0.536892
      0.536891
      0.536892
      0.536892
      0.536893
      0.536892
      0.536893
      0.536892
      0.536893
      0.536892
      0.536893
      0.536892
      0.536893
      0.536892
      0.536893
      0.497562
      0.497562
      0.497562
      0.497561
      0.497562
      0.497561
      0.497562
      0.497561
      0.497561
      0.497561
      0.497561
      0.497561
      0.497561
       0.49756
       0.49756
      0.497559
      0.497559
      0.497559
      0.497559
      0.497558
      0.497558
      0.497557
      0.497557
      0.497556
      0.497556
      0.497555
      0.497555
      0.497555
      0.497555
      0.497554
      0.497555
      0.497555
      0.497555
      0.497555
      0.497556
      0.497556
      0.497557
      0.497557
      0.497558
      0.497558
      0.497559
      0.497559
      0.497559
      0.497559
       0.49756
       0.49756
      0.497561
      0.497561
      0.497561
      0.497561
      0.497561
      0.497561
      0.497562
      0.497561
      0.497562
      0.497561
      0.497562
      0.497562
      0.497562
      0.460032
      0.460031
      0.460032
      0.460031
      0.460032
      0.460031
      0.460032
      0.460031
      0.460032
      0.460031
      0.460031
       0.46003
      0.460031
       0.46003
       0.46003
      0.460029
      0.460029
      0.460028
      0.460028
      0.460027
      0.460027
      0.460026
      0.460026
      0.460024
      0.460025
      0.460023
      0.460024
      0.460023
      0.460023
      0.460022
      0.460023
      0.460023
      0.460024
      0.460023
      0.460025
      0.460024
      0.460026
      0.460026
      0.460027
      0.460027
      0.460028
      0.460028
      0.460029
      0.460029
       0.46003
       0.46003
      0.460031
       0.46003
      0.460031
      0.460031
      0.460032
      0.460031
      0.460032
      0.460031
      0.460032
      0.460031
      0.460032
      0.460031
      0.460032
      0.424393
      0.424393
      0.424393
      0.424392
      0.424393
      0.424392
      0.424392
      0.424392
      0.424392
      0.424392
      0.424392
      0.424391
      0.424391
       0.42439
       0.42439
      0.424389
      0.424389
      0.424388
      0.424388
      0.424387
      0.424386
      0.424385
      0.424385
      0.424384
      0.424383
      0.424383
      0.424382
      0.424382
      0.424382
      0.424381
      0.424382
      0.424382
      0.424382
      0.424383
      0.424383
      0.424384
      0.424385
      0.424385
      0.424386
      0.424387
      0.424388
      0.424388
      0.424389
      0.424389
       0.42439
       0.42439
      0.424391
      0.424391
      0.424392
      0.424392
      0.424392
      0.424392
      0.424392
      0.424392
      0.424393
      0.424392
      0.424393
      0.424393
      0.424393
      0.390725
      0.390725
      0.390725
      0.390725
      0.390725
      0.390724
      0.390725
      0.390724
      0.390725
      0.390724
      0.390724
      0.390723
      0.390723
      0.390722
      0.390722
      0.390721
      0.390721
      0.390719
      0.390719
      0.390718
      0.390718
      0.390716
      0.390716
      0.390714
      0.390714
      0.390712
      0.390712
      0.390711
      0.390711
       0.39071
      0.390711
      0.390711
      0.390712
      0.390712
      0.390714
      0.390714
      0.390716
      0.390716
      0.390718
      0.390718
      0.390719
      0.390719
      0.390721
      0.390721
      0.390722
      0.390722
      0.390723
      0.390723
      0.390724
      0.390724
      0.390725
      0.390724
      0.390725
      0.390724
      0.390725
      0.390725
      0.390725
      0.390725
      0.390725
      0.359093
      0.359092
      0.359092
      0.359092
      0.359092
      0.359092
      0.359092
      0.359092
      0.359092
      0.359091
      0.359091
       0.35909
       0.35909
      0.359089
      0.359089
      0.359088
      0.359087
      0.359086
      0.359085
      0.359084
      0.359083
      0.359081
       0.35908
      0.359079
      0.359078
      0.359077
      0.359076
      0.359075
      0.359075
      0.359075
      0.359075
      0.359075
      0.359076
      0.359077
      0.359078
      0.359079
       0.35908
      0.359081
      0.359083
      0.359084
      0.359085
      0.359086
      0.359087
      0.359088
      0.359089
      0.359089
       0.35909
       0.35909
      0.359091
      0.359091
      0.359092
      0.359092
      0.359092
      0.359092
      0.359092
      0.359092
      0.359092
      0.359092
      0.359093
      0.329551
       0.32955
      0.329551
       0.32955
       0.32955
       0.32955
       0.32955
      0.329549
       0.32955
      0.329549
      0.329549
      0.329548
      0.329548
      0.329546
      0.329546
      0.329545
      0.329544
      0.329543
      0.329542
       0.32954
      0.329539
      0.329537
      0.329536
      0.329533
      0.329533
       0.32953
       0.32953
      0.329528
      0.329528
      0.329528
      0.329528
      0.329528
       0.32953
       0.32953
      0.329533
      0.329533
      0.329536
      0.329537
      0.329539
       0.32954
      0.329542
      0.329543
      0.329544
      0.329545
      0.329546
      0.329546
      0.329548
      0.329548
      0.329549
      0.329549
       0.32955
      0.329549
       0.32955
       0.32955
       0.32955
       0.32955
      0.329551
       0.32955
      0.329551
      0.302139
      0.302139
      0.302139
      0.302139
      0.302139
      0.302138
      0.302138
      0.302138
      0.302138
      0.302137
      0.302137
      0.302136
      0.302136
      0.302135
      0.302134
      0.302133
      0.302132
       0.30213
      0.302129
      0.302127
      0.302125
      0.302123
      0.302121
      0.302118
      0.302117
      0.302115
      0.302113
      0.302112
      0.302111
      0.302111
      0.302111
      0.302112
      0.302113
      0.302115
      0.302117
      0.302118
      0.302121
      0.302123
      0.302125
      0.302127
      0.302129
       0.30213
      0.302132
      0.302133
      0.302134
      0.302135
      0.302136
      0.302136
      0.302137
      0.302137
      0.302138
      0.302138
      0.302138
      0.302138
      0.302139
      0.302139
      0.302139
      0.302139
      0.302139
      0.276892
      0.276891
      0.276892
      0.276891
      0.276891
      0.276891
      0.276891
       0.27689
       0.27689
      0.276889
      0.276889
      0.276888
      0.276888
      0.276886
      0.276886
      0.276884
      0.276883
      0.276881
      0.276879
      0.276877
      0.276875
      0.276872
       0.27687
      0.276866
      0.276864
      0.276861
       0.27686
      0.276857
      0.276857
      0.276856
      0.276857
      0.276857
       0.27686
      0.276861
      0.276864
      0.276866
       0.27687
      0.276872
      0.276875
      0.276877
      0.276879
      0.276881
      0.276883
      0.276884
      0.276886
      0.276886
      0.276888
      0.276888
      0.276889
      0.276889
       0.27689
       0.27689
      0.276891
      0.276891
      0.276891
      0.276891
      0.276892
      0.276891
      0.276892
      0.253829
      0.253829
      0.253829
      0.253829
      0.253829
      0.253829
      0.253828
      0.253828
      0.253828
      0.253827
      0.253827
      0.253826
      0.253825
      0.253824
      0.253823
      0.253821
      0.253819
      0.253817
      0.253815
      0.253812
      0.253809
      0.253806
      0.253803
      0.253799
      0.253795
      0.253792
      0.253789
      0.253787
      0.253785
      0.253785
      0.253786
      0.253787
      0.253789
      0.253792
      0.253796
      0.253799
      0.253803
      0.253806
      0.253809
      0.253812
      0.253815
      0.253817
      0.253819
      0.253821
      0.253823
      0.253824
      0.253825
      0.253826
      0.253827
      0.253827
      0.253828
      0.253828
      0.253828
      0.253829
      0.253829
      0.253829
      0.253829
      0.253829
      0.253829
      0.232968
      0.232967
      0.232968
      0.232967
      0.232967
      0.232967
      0.232967
      0.232966
      0.232966
      0.232965
      0.232965
      0.232964
      0.232963
      0.232961
       0.23296
      0.232958
      0.232956
      0.232954
      0.232951
      0.232948
      0.232944
       0.23294
      0.232936
      0.232931
      0.232926
      0.232922
      0.232918
      0.232914
      0.232913
      0.232912
      0.232913
      0.232915
      0.232918
      0.232922
      0.232927
      0.232931
      0.232936
       0.23294
      0.232944
      0.232948
      0.232951
      0.232954
      0.232956
      0.232958
       0.23296
      0.232961
      0.232963
      0.232964
      0.232965
      0.232965
      0.232966
      0.232966
      0.232967
      0.232967
      0.232967
      0.232967
      0.232968
      0.232967
      0.232968
      0.214314
      0.214314
      0.214314
      0.214314
      0.214314
      0.214313
      0.214313
      0.214312
      0.214312
      0.214311
      0.214311
       0.21431
      0.214309
      0.214307
      0.214305
      0.214303
      0.214301
      0.214298
      0.214295
      0.214291
      0.214286
      0.214281
      0.214276
      0.214269
      0.214263
      0.214257
      0.214251
      0.214247
      0.214244
      0.214243
      0.214244
      0.214247
      0.214252
      0.214258
      0.214264
       0.21427
      0.214276
      0.214281
      0.214286
      0.214291
      0.214295
      0.214298
      0.214301
      0.214303
      0.214305
      0.214307
      0.214309
       0.21431
      0.214311
      0.214311
      0.214312
      0.214312
      0.214313
      0.214313
      0.214314
      0.214314
      0.214314
      0.214314
      0.214314
      0.197871
      0.197871
      0.197871
      0.197871
      0.197871
       0.19787
       0.19787
      0.197869
      0.197869
      0.197868
      0.197868
      0.197866
      0.197865
      0.197863
      0.197862
      0.197859
      0.197857
      0.197853
      0.197849
      0.197844
      0.197839
      0.197833
      0.197826
      0.197817
      0.197809
        0.1978
      0.197792
      0.197785
      0.197781
      0.197779
      0.197782
      0.197787
      0.197794
      0.197802
       0.19781
      0.197818
      0.197826
      0.197833
      0.197839
      0.197845
      0.197849
      0.197853
      0.197857
      0.197859
      0.197862
      0.197863
      0.197865
      0.197866
      0.197868
      0.197868
      0.197869
      0.197869
       0.19787
       0.19787
      0.197871
      0.197871
      0.197871
      0.197871
      0.197871
      0.183637
      0.183637
      0.183637
      0.183637
      0.183637
      0.183636
      0.183636
      0.183636
      0.183635
      0.183634
      0.183633
      0.183632
      0.183631
      0.183629
      0.183627
      0.183624
      0.183621
      0.183617
      0.183613
      0.183607
      0.183601
      0.183593
      0.183584
      0.183573
      0.183561
      0.183548
      0.183536
      0.183526
      0.183519
      0.183517
      0.183521
      0.183529
       0.18354
      0.183552
      0.183564
      0.183575
      0.183585
      0.183593
      0.183601
      0.183607
      0.183613
      0.183617
      0.183621
      0.183624
      0.183627
      0.183629
      0.183631
      0.183632
      0.183633
      0.183634
      0.183635
      0.183636
      0.183636
      0.183636
      0.183637
      0.183637
      0.183637
      0.183637
      0.183637
      0.171608
      0.171608
      0.171608
      0.171608
      0.171608
      0.171607
      0.171607
      0.171607
      0.171606
      0.171605
      0.171604
      0.171603
      0.171601
      0.171599
      0.171597
      0.171594
      0.171591
      0.171586
      0.171581
      0.171575
      0.171567
      0.171557
      0.171546
      0.171532
      0.171515
      0.171497
      0.171478
      0.171461
      0.171451
      0.171448
      0.171456
      0.171469
      0.171486
      0.171504
       0.17152
      0.171535
      0.171548
      0.171558
      0.171567
      0.171575
      0.171581
      0.171586
      0.171591
      0.171594
      0.171597
      0.171599
      0.171601
      0.171603
      0.171604
      0.171605
      0.171606
      0.171607
      0.171607
      0.171607
      0.171608
      0.171608
      0.171608
      0.171608
      0.171608
      0.161778
      0.161778
      0.161778
      0.161778
      0.161778
      0.161778
      0.161777
      0.161777
      0.161776
      0.161775
      0.161774
      0.161773
      0.161771
      0.161769
      0.161766
      0.161763
      0.161759
      0.161755
      0.161749
      0.161741
      0.161732
      0.161721
      0.161706
      0.161688
      0.161665
      0.161638
      0.161608
      0.161581
      0.161563
       0.16156
      0.161573
      0.161598
      0.161625
      0.161652
      0.161675
      0.161694
       0.16171
      0.161723
      0.161733
      0.161742
      0.161749
      0.161755
      0.161759
      0.161763
      0.161766
      0.161769
      0.161771
      0.161773
      0.161774
      0.161775
      0.161776
      0.161777
      0.161777
      0.161778
      0.161778
      0.161778
      0.161778
      0.161778
      0.161778
      0.154141
      0.154141
      0.154141
      0.154141
      0.154141
       0.15414
       0.15414
      0.154139
      0.154139
      0.154138
      0.154137
      0.154135
      0.154133
      0.154131
      0.154129
      0.154125
      0.154121
      0.154116
      0.154109
      0.154101
      0.154091
      0.154078
       0.15406
      0.154037
      0.154006
      0.153966
      0.153917
      0.153871
       0.15384
      0.153833
      0.153861
      0.153907
      0.153951
       0.15399
      0.154021
      0.154046
      0.154065
       0.15408
      0.154092
      0.154102
       0.15411
      0.154116
      0.154121
      0.154125
      0.154129
      0.154131
      0.154133
      0.154135
      0.154137
      0.154138
      0.154139
      0.154139
       0.15414
       0.15414
      0.154141
      0.154141
      0.154141
      0.154141
      0.154141
      0.148691
      0.148691
      0.148691
      0.148691
      0.148691
       0.14869
       0.14869
      0.148689
      0.148688
      0.148688
      0.148686
      0.148685
      0.148683
      0.148681
      0.148678
      0.148674
       0.14867
      0.148665
      0.148658
      0.148649
      0.148637
      0.148622
      0.148602
      0.148573
      0.148534
      0.148479
      0.148405
      0.148316
      0.148232
       0.14824
      0.148306
      0.148391
      0.148462
      0.148516
      0.148556
      0.148586
      0.148608
      0.148625
      0.148639
      0.148649
      0.148658
      0.148665
       0.14867
      0.148674
      0.148678
      0.148681
      0.148683
      0.148685
      0.148686
      0.148688
      0.148688
      0.148689
       0.14869
       0.14869
      0.148691
      0.148691
      0.148691
      0.148691
      0.148691
      0.145423
      0.145423
      0.145423
      0.145423
      0.145422
      0.145422
      0.145422
      0.145421
       0.14542
      0.145419
      0.145418
      0.145417
      0.145415
      0.145413
      0.145409
      0.145406
      0.145401
      0.145396
      0.145388
      0.145379
      0.145367
      0.145351
      0.145328
      0.145296
      0.145249
      0.145178
      0.145071
      0.144914
      0.144691
      0.144749
      0.144893
      0.145054
       0.14516
      0.145229
      0.145277
      0.145311
      0.145336
      0.145354
      0.145369
       0.14538
      0.145389
      0.145396
      0.145401
      0.145406
      0.145409
      0.145413
      0.145415
      0.145417
      0.145418
      0.145419
       0.14542
      0.145421
      0.145422
      0.145422
      0.145422
      0.145423
      0.145423
      0.145423
      0.145423
      0.144334
      0.144334
      0.144334
      0.144334
      0.144333
      0.144333
      0.144333
      0.144332
      0.144331
       0.14433
      0.144329
      0.144328
      0.144326
      0.144323
       0.14432
      0.144317
      0.144312
      0.144306
      0.144299
       0.14429
      0.144277
       0.14426
      0.144237
      0.144203
      0.144152
      0.144074
      0.143948
      0.143732
      0.143301
      0.143322
      0.143722
      0.143932
      0.144055
      0.144132
      0.144184
       0.14422
      0.144245
      0.144264
      0.144279
      0.144291
      0.144299
      0.144307
      0.144312
      0.144317
      0.144321
      0.144323
      0.144326
      0.144328
      0.144329
       0.14433
      0.144331
      0.144332
      0.144333
      0.144333
      0.144333
      0.144334
      0.144334
      0.144334
      0.144334
      0.145423
      0.145423
      0.145423
      0.145423
      0.145422
      0.145422
      0.145422
      0.145421
       0.14542
      0.145419
      0.145418
      0.145417
      0.145415
      0.145413
      0.145409
      0.145406
      0.145401
      0.145396
      0.145388
      0.145379
      0.145367
      0.145351
      0.145328
      0.145296
      0.145249
      0.145178
      0.145071
      0.144914
      0.144691
      0.144749
      0.144893
      0.145054
       0.14516
      0.145229
      0.145277
      0.145311
      0.145336
      0.145354
      0.145369
       0.14538
      0.145389
      0.145396
      0.145401
      0.145406
      0.145409
      0.145413
      0.145415
      0.145417
      0.145418
      0.145419
       0.14542
      0.145421
      0.145422
      0.145422
      0.145422
      0.145423
      0.145423
      0.145423
      0.145423
      0.148691
      0.148691
      0.148691
      0.148691
      0.148691
       0.14869
       0.14869
      0.148689
      0.148688
      0.148688
      0.148686
      0.148685
      0.148683
      0.148681
      0.148678
      0.148674
       0.14867
      0.148665
      0.148658
      0.148649
      0.148637
      0.148622
      0.148602
      0.148573
      0.148534
      0.148479
      0.148405
      0.148316
      0.148232
       0.14824
      0.148306
      0.148391
      0.148462
      0.148516
      0.148556
      0.148586
      0.148608
      0.148625
      0.148639
      0.148649
      0.148658
      0.148665
       0.14867
      0.148674
      0.148678
      0.148681
      0.148683
      0.148685
      0.148686
      0.148688
      0.148688
      0.148689
       0.14869
       0.14869
      0.148691
      0.148691
      0.148691
      0.148691
      0.148691
      0.154141
      0.154141
      0.154141
      0.154141
      0.154141
       0.15414
       0.15414
      0.154139
      0.154139
      0.154138
      0.154137
      0.154135
      0.154133
      0.154131
      0.154129
      0.154125
      0.154121
      0.154116
      0.154109
      0.154101
      0.154091
      0.154078
       0.15406
      0.154037
      0.154006
      0.153966
      0.153917
      0.153871
       0.15384
      0.153833
      0.153861
      0.153907
      0.153951
       0.15399
      0.154021
      0.154046
      0.154065
       0.15408
      0.154092
      0.154102
       0.15411
      0.154116
      0.154121
      0.154125
      0.154129
      0.154131
      0.154133
      0.154135
      0.154137
      0.154138
      0.154139
      0.154139
       0.15414
       0.15414
      0.154141
      0.154141
      0.154141
      0.154141
      0.154141
      0.161778
      0.161778
      0.161778
      0.161778
      0.161778
      0.161778
      0.161777
      0.161777
      0.161776
      0.161775
      0.161774
      0.161773
      0.161771
      0.161769
      0.161766
      0.161763
      0.161759
      0.161755
      0.161749
      0.161741
      0.161732
      0.161721
      0.161706
      0.161688
      0.161665
      0.161638
      0.161608
      0.161581
      0.161563
       0.16156
      0.161573
      0.161598
      0.161625
      0.161652
      0.161675
      0.161694
       0.16171
      0.161723
      0.161733
      0.161742
      0.161749
      0.161755
      0.161759
      0.161763
      0.161766
      0.161769
      0.161771
      0.161773
      0.161774
      0.161775
      0.161776
      0.161777
      0.161777
      0.161778
      0.161778
      0.161778
      0.161778
      0.161778
      0.161778
      0.171608
      0.171608
      0.171608
      0.171608
      0.171608
      0.171607
      0.171607
      0.171607
      0.171606
      0.171605
      0.171604
      0.171603
      0.171601
      0.171599
      0.171597
      0.171594
      0.171591
      0.171586
      0.171581
      0.171575
      0.171567
      0.171557
      0.171546
      0.171532
      0.171515
      0.171497
      0.171478
      0.171461
      0.171451
      0.171448
      0.171456
      0.171469
      0.171486
      0.171504
       0.17152
      0.171535
      0.171548
      0.171558
      0.171567
      0.171575
      0.171581
      0.171586
      0.171591
      0.171594
      0.171597
      0.171599
      0.171601
      0.171603
      0.171604
      0.171605
      0.171606
      0.171607
      0.171607
      0.171607
      0.171608
      0.171608
      0.171608
      0.171608
      0.171608
      0.183637
      0.183637
      0.183637
      0.183637
      0.183637
      0.183636
      0.183636
      0.183636
      0.183635
      0.183634
      0.183633
      0.183632
      0.183631
      0.183629
      0.183627
      0.183624
      0.183621
      0.183617
      0.183613
      0.183607
      0.183601
      0.183593
      0.183584
      0.183573
      0.183561
      0.183548
      0.183536
      0.183526
      0.183519
      0.183517
      0.183521
      0.183529
       0.18354
      0.183552
      0.183564
      0.183575
      0.183585
      0.183593
      0.183601
      0.183607
      0.183613
      0.183617
      0.183621
      0.183624
      0.183627
      0.183629
      0.183631
      0.183632
      0.183633
      0.183634
      0.183635
      0.183636
      0.183636
      0.183636
      0.183637
      0.183637
      0.183637
      0.183637
      0.183637
      0.197871
      0.197871
      0.197871
      0.197871
      0.197871
       0.19787
       0.19787
      0.197869
      0.197869
      0.197868
      0.197868
      0.197866
      0.197865
      0.197863
      0.197862
      0.197859
      0.197857
      0.197853
      0.197849
      0.197844
      0.197839
      0.197833
      0.197826
      0.197817
      0.197809
        0.1978
      0.197792
      0.197785
      0.197781
      0.197779
      0.197782
      0.197787
      0.197794
      0.197802
       0.19781
      0.197818
      0.197826
      0.197833
      0.197839
      0.197845
      0.197849
      0.197853
      0.197857
      0.197859
      0.197862
      0.197863
      0.197865
      0.197866
      0.197868
      0.197868
      0.197869
      0.197869
       0.19787
       0.19787
      0.197871
      0.197871
      0.197871
      0.197871
      0.197871
      0.214314
      0.214314
      0.214314
      0.214314
      0.214314
      0.214313
      0.214313
      0.214312
      0.214312
      0.214311
      0.214311
       0.21431
      0.214309
      0.214307
      0.214305
      0.214303
      0.214301
      0.214298
      0.214295
      0.214291
      0.214286
      0.214281
      0.214276
      0.214269
      0.214263
      0.214257
      0.214251
      0.214247
      0.214244
      0.214243
      0.214244
      0.214247
      0.214252
      0.214258
      0.214264
       0.21427
      0.214276
      0.214281
      0.214286
      0.214291
      0.214295
      0.214298
      0.214301
      0.214303
      0.214305
      0.214307
      0.214309
       0.21431
      0.214311
      0.214311
      0.214312
      0.214312
      0.214313
      0.214313
      0.214314
      0.214314
      0.214314
      0.214314
      0.214314
      0.232968
      0.232967
      0.232968
      0.232967
      0.232967
      0.232967
      0.232967
      0.232966
      0.232966
      0.232965
      0.232965
      0.232964
      0.232963
      0.232961
       0.23296
      0.232958
      0.232956
      0.232954
      0.232951
      0.232948
      0.232944
       0.23294
      0.232936
      0.232931
      0.232926
      0.232922
      0.232918
      0.232914
      0.232913
      0.232912
      0.232913
      0.232915
      0.232918
      0.232922
      0.232927
      0.232931
      0.232936
       0.23294
      0.232944
      0.232948
      0.232951
      0.232954
      0.232956
      0.232958
       0.23296
      0.232961
      0.232963
      0.232964
      0.232965
      0.232965
      0.232966
      0.232966
      0.232967
      0.232967
      0.232967
      0.232967
      0.232968
      0.232967
      0.232968
      0.253829
      0.253829
      0.253829
      0.253829
      0.253829
      0.253829
      0.253828
      0.253828
      0.253828
      0.253827
      0.253827
      0.253826
      0.253825
      0.253824
      0.253823
      0.253821
      0.253819
      0.253817
      0.253815
      0.253812
      0.253809
      0.253806
      0.253803
      0.253799
      0.253795
      0.253792
      0.253789
      0.253787
      0.253785
      0.253785
      0.253786
      0.253787
      0.253789
      0.253792
      0.253796
      0.253799
      0.253803
      0.253806
      0.253809
      0.253812
      0.253815
      0.253817
      0.253819
      0.253821
      0.253823
      0.253824
      0.253825
      0.253826
      0.253827
      0.253827
      0.253828
      0.253828
      0.253828
      0.253829
      0.253829
      0.253829
      0.253829
      0.253829
      0.253829
      0.276892
      0.276891
      0.276892
      0.276891
      0.276891
      0.276891
      0.276891
       0.27689
       0.27689
      0.276889
      0.276889
      0.276888
      0.276888
      0.276886
      0.276886
      0.276884
      0.276883
      0.276881
      0.276879
      0.276877
      0.276875
      0.276872
       0.27687
      0.276866
      0.276864
      0.276861
       0.27686
      0.276857
      0.276857
      0.276856
      0.276857
      0.276857
       0.27686
      0.276861
      0.276864
      0.276866
       0.27687
      0.276872
      0.276875
      0.276877
      0.276879
      0.276881
      0.276883
      0.276884
      0.276886
      0.276886
      0.276888
      0.276888
      0.276889
      0.276889
       0.27689
       0.27689
      0.276891
      0.276891
      0.276891
      0.276891
      0.276892
      0.276891
      0.276892
      0.302139
      0.302139
      0.302139
      0.302139
      0.302139
      0.302138
      0.302138
      0.302138
      0.302138
      0.302137
      0.302137
      0.302136
      0.302136
      0.302135
      0.302134
      0.302133
      0.302132
       0.30213
      0.302129
      0.302127
      0.302125
      0.302123
      0.302121
      0.302118
      0.302117
      0.302115
      0.302113
      0.302112
      0.302111
      0.302111
      0.302111
      0.302112
      0.302113
      0.302115
      0.302117
      0.302118
      0.302121
      0.302123
      0.302125
      0.302127
      0.302129
       0.30213
      0.302132
      0.302133
      0.302134
      0.302135
      0.302136
      0.302136
      0.302137
      0.302137
      0.302138
      0.302138
      0.302138
      0.302138
      0.302139
      0.302139
      0.302139
      0.302139
      0.302139
      0.329551
       0.32955
      0.329551
       0.32955
       0.32955
       0.32955
       0.32955
      0.329549
       0.32955
      0.329549
      0.329549
      0.329548
      0.329548
      0.329546
      0.329546
      0.329545
      0.329544
      0.329543
      0.329542
       0.32954
      0.329539
      0.329537
      0.329536
      0.329533
      0.329533
       0.32953
       0.32953
      0.329528
      0.329528
      0.329528
      0.329528
      0.329528
       0.32953
       0.32953
      0.329533
      0.329533
      0.329536
      0.329537
      0.329539
       0.32954
      0.329542
      0.329543
      0.329544
      0.329545
      0.329546
      0.329546
      0.329548
      0.329548
      0.329549
      0.329549
       0.32955
      0.329549
       0.32955
       0.32955
       0.32955
       0.32955
      0.329551
       0.32955
      0.329551
      0.359093
      0.359092
      0.359092
      0.359092
      0.359092
      0.359092
      0.359092
      0.359092
      0.359092
      0.359091
      0.359091
       0.35909
       0.35909
      0.359089
      0.359089
      0.359088
      0.359087
      0.359086
      0.359085
      0.359084
      0.359083
      0.359081
       0.35908
      0.359079
      0.359078
      0.359077
      0.359076
      0.359075
      0.359075
      0.359075
      0.359075
      0.359075
      0.359076
      0.359077
      0.359078
      0.359079
       0.35908
      0.359081
      0.359083
      0.359084
      0.359085
      0.359086
      0.359087
      0.359088
      0.359089
      0.359089
       0.35909
       0.35909
      0.359091
      0.359091
      0.359092
      0.359092
      0.359092
      0.359092
      0.359092
      0.359092
      0.359092
      0.359092
      0.359093
      0.390725
      0.390725
      0.390725
      0.390725
      0.390725
      0.390724
      0.390725
      0.390724
      0.390725
      0.390724
      0.390724
      0.390723
      0.390723
      0.390722
      0.390722
      0.390721
      0.390721
      0.390719
      0.390719
      0.390718
      0.390718
      0.390716
      0.390716
      0.390714
      0.390714
      0.390712
      0.390712
      0.390711
      0.390711
       0.39071
      0.390711
      0.390711
      0.390712
      0.390712
      0.390714
      0.390714
      0.390716
      0.390716
      0.390718
      0.390718
      0.390719
      0.390719
      0.390721
      0.390721
      0.390722
      0.390722
      0.390723
      0.390723
      0.390724
      0.390724
      0.390725
      0.390724
      0.390725
      0.390724
      0.390725
      0.390725
      0.390725
      0.390725
      0.390725
      0.424393
      0.424393
      0.424393
      0.424392
      0.424393
      0.424392
      0.424392
      0.424392
      0.424392
      0.424392
      0.424392
      0.424391
      0.424391
       0.42439
       0.42439
      0.424389
      0.424389
      0.424388
      0.424388
      0.424387
      0.424386
      0.424385
      0.424385
      0.424384
      0.424383
      0.424383
      0.424382
      0.424382
      0.424382
      0.424381
      0.424382
      0.424382
      0.424382
      0.424383
      0.424383
      0.424384
      0.424385
      0.424385
      0.424386
      0.424387
      0.424388
      0.424388
      0.424389
      0.424389
       0.42439
       0.42439
      0.424391
      0.424391
      0.424392
      0.424392
      0.424392
      0.424392
      0.424392
      0.424392
      0.424393
      0.424392
      0.424393
      0.424393
      0.424393
      0.460032
      0.460031
      0.460032
      0.460031
      0.460032
      0.460031
      0.460032
      0.460031
      0.460032
      0.460031
      0.460031
       0.46003
      0.460031
       0.46003
       0.46003
      0.460029
      0.460029
      0.460028
      0.460028
      0.460027
      0.460027
      0.460026
      0.460026
      0.460024
      0.460025
      0.460023
      0.460024
      0.460023
      0.460023
      0.460022
      0.460023
      0.460023
      0.460024
      0.460023
      0.460025
      0.460024
      0.460026
      0.460026
      0.460027
      0.460027
      0.460028
      0.460028
      0.460029
      0.460029
       0.46003
       0.46003
      0.460031
       0.46003
      0.460031
      0.460031
      0.460032
      0.460031
      0.460032
      0.460031
      0.460032
      0.460031
      0.460032
      0.460031
      0.460032
      0.497562
      0.497562
      0.497562
      0.497561
      0.497562
      0.497561
      0.497562
      0.497561
      0.497561
      0.497561
      0.497561
      0.497561
      0.497561
       0.49756
       0.49756
      0.497559
      0.497559
      0.497559
      0.497559
      0.497558
      0.497558
      0.497557
      0.497557
      0.497556
      0.497556
      0.497555
      0.497555
      0.497555
      0.497555
      0.497554
      0.497555
      0.497555
      0.497555
      0.497555
      0.497556
      0.497556
      0.497557
      0.497557
      0.497558
      0.497558
      0.497559
      0.497559
      0.497559
      0.497559
       0.49756
       0.49756
      0.497561
      0.497561
      0.497561
      0.497561
      0.497561
      0.497561
      0.497562
      0.497561
      0.497562
      0.497561
      0.497562
      0.497562
      0.497562
      0.536893
      0.536892
      0.536893
      0.536892
      0.536893
      0.536892
      0.536893
      0.536892
      0.536893
      0.536892
      0.536893
      0.536892
      0.536892
      0.536891
      0.536892
      0.536891
      0.536891
       0.53689
      0.536891
      0.536889
       0.53689
      0.536889
      0.536889
      0.536888
      0.536889
      0.536887
      0.536888
      0.536887
      0.536888
      0.536887
      0.536888
      0.536887
      0.536888
      0.536887
      0.536889
      0.536888
      0.536889
      0.536889
       0.53689
      0.536889
      0.536891
       0.53689
      0.536891
      0.536891
      0.536892
      0.536891
      0.536892
      0.536892
      0.536893
      0.536892
      0.536893
      0.536892
      0.536893
      0.536892
      0.536893
      0.536892
      0.536893
      0.536892
      0.536893
      0.577918
      0.577918
      0.577918
      0.577918
      0.577918
      0.577918
      0.577918
      0.577918
      0.577918
      0.577917
      0.577917
      0.577917
      0.577917
      0.577917
      0.577917
      0.577916
      0.577916
      0.577916
      0.577916
      0.577915
      0.577915
      0.577915
      0.577915
      0.577914
      0.577914
      0.577914
      0.577914
      0.577913
      0.577914
      0.577913
      0.577914
      0.577913
      0.577914
      0.577914
      0.577914
      0.577914
      0.577915
      0.577915
      0.577915
      0.577915
      0.577916
      0.577916
      0.577916
      0.577916
      0.577917
      0.577917
      0.577917
      0.577917
      0.577917
      0.577917
      0.577918
      0.577918
      0.577918
      0.577918
      0.577918
      0.577918
      0.577918
      0.577918
      0.577918
      0.620521
       0.62052
      0.620521
       0.62052
      0.620521
       0.62052
      0.620521
       0.62052
      0.620521
       0.62052
       0.62052
       0.62052
       0.62052
      0.620519
       0.62052
      0.620519
       0.62052
      0.620519
      0.620519
      0.620518
      0.620519
      0.620518
      0.620518
      0.620517
      0.620518
      0.620517
      0.620518
      0.620517
      0.620517
      0.620517
      0.620517
      0.620517
      0.620518
      0.620517
      0.620518
      0.620517
      0.620518
      0.620518
      0.620519
      0.620518
      0.620519
      0.620519
       0.62052
      0.620519
       0.62052
      0.620519
       0.62052
       0.62052
       0.62052
       0.62052
      0.620521
       0.62052
      0.620521
       0.62052
      0.620521
       0.62052
      0.620521
       0.62052
      0.620521
      0.664567
      0.664567
      0.664567
      0.664567
      0.664567
      0.664567
      0.664567
      0.664567
      0.664567
      0.664567
      0.664567
      0.664567
      0.664567
      0.664566
      0.664567
      0.664566
      0.664566
      0.664566
      0.664566
      0.664566
      0.664566
      0.664565
      0.664565
      0.664565
      0.664565
      0.664565
      0.664565
      0.664564
      0.664565
      0.664564
      0.664565
      0.664564
      0.664565
      0.664565
      0.664565
      0.664565
      0.664565
      0.664565
      0.664566
      0.664566
      0.664566
      0.664566
      0.664566
      0.664566
      0.664567
      0.664566
      0.664567
      0.664567
      0.664567
      0.664567
      0.664567
      0.664567
      0.664567
      0.664567
      0.664567
      0.664567
      0.664567
      0.664567
      0.664567
      0.709916
      0.709916
      0.709916
      0.709916
      0.709916
      0.709916
      0.709916
      0.709916
      0.709916
      0.709916
      0.709916
      0.709915
      0.709916
      0.709915
      0.709916
      0.709915
      0.709916
      0.709915
      0.709915
      0.709915
      0.709915
      0.709914
      0.709915
      0.709914
      0.709915
      0.709914
      0.709914
      0.709914
      0.709914
      0.709914
      0.709914
      0.709914
      0.709914
      0.709914
      0.709915
      0.709914
      0.709915
      0.709914
      0.709915
      0.709915
      0.709915
      0.709915
      0.709916
      0.709915
      0.709916
      0.709915
      0.709916
      0.709915
      0.709916
      0.709916
      0.709916
      0.709916
      0.709916
      0.709916
      0.709916
      0.709916
      0.709916
      0.709916
      0.709916
       0.75641
       0.75641
       0.75641
       0.75641
       0.75641
       0.75641
       0.75641
       0.75641
       0.75641
       0.75641
       0.75641
       0.75641
       0.75641
       0.75641
       0.75641
       0.75641
       0.75641
      0.756409
      0.756409
      0.756409
      0.756409
      0.756409
      0.756409
      0.756409
      0.756409
      0.756409
      0.756409
      0.756409
      0.756409
      0.756409
      0.756409
      0.756409
      0.756409
      0.756409
      0.756409
      0.756409
      0.756409
      0.756409
      0.756409
      0.756409
      0.756409
      0.756409
       0.75641
       0.75641
       0.75641
       0.75641
       0.75641
       0.75641
       0.75641
       0.75641
       0.75641
       0.75641
       0.75641
       0.75641
       0.75641
       0.75641
       0.75641
       0.75641
       0.75641
      0.803886
      0.803885
      0.803886
      0.803885
      0.803886
      0.803885
      0.803886
      0.803885
      0.803886
      0.803885
      0.803886
      0.803885
      0.803886
      0.803885
      0.803885
      0.803885
      0.803885
      0.803885
      0.803885
      0.803885
      0.803885
      0.803885
      0.803885
      0.803884
      0.803885
      0.803884
      0.803885
      0.803884
      0.803885
      0.803884
      0.803885
      0.803884
      0.803885
      0.803884
      0.803885
      0.803884
      0.803885
      0.803885
      0.803885
      0.803885
      0.803885
      0.803885
      0.803885
      0.803885
      0.803885
      0.803885
      0.803886
      0.803885
      0.803886
      0.803885
      0.803886
      0.803885
      0.803886
      0.803885
      0.803886
      0.803885
      0.803886
      0.803885
      0.803886
      0.852166
      0.852166
      0.852166
      0.852166
      0.852166
      0.852166
      0.852166
      0.852166
      0.852166
      0.852166
      0.852166
      0.852166
      0.852166
      0.852166
      0.852166
      0.852166
      0.852166
      0.852166
      0.852166
      0.852166
      0.852166
      0.852166
      0.852166
      0.852166
      0.852166
      0.852166
      0.852166
      0.852166
      0.852166
      0.852166
      0.852166
      0.852166
      0.852166
      0.852166
      0.852166
      0.852166
      0.852166
      0.852166
      0.852166
      0.852166
      0.852166
      0.852166
      0.852166
      0.852166
      0.852166
      0.852166
      0.852166
      0.852166
      0.852166
      0.852166
      0.852166
      0.852166
      0.852166
      0.852166
      0.852166
      0.852166
      0.852166
      0.852166
      0.852166
      0.901072
      0.901072
      0.901072
      0.901072
      0.901072
      0.901072
      0.901072
      0.901072
      0.901072
      0.901072
      0.901072
      0.901072
      0.901072
      0.901072
      0.901072
      0.901072
      0.901072
      0.901071
      0.901072
      0.901071
      0.901072
      0.901071
      0.901072
      0.901071
      0.901071
      0.901071
      0.901071
      0.901071
      0.901071
      0.901071
      0.901071
      0.901071
      0.901071
      0.901071
      0.901071
      0.901071
      0.901072
      0.901071
      0.901072
      0.901071
      0.901072
      0.901071
      0.901072
      0.901072
      0.901072
      0.901072
      0.901072
      0.901072
      0.901072
      0.901072
      0.901072
      0.901072
      0.901072
      0.901072
      0.901072
      0.901072
      0.901072
      0.901072
      0.901072
      0.950413
      0.950413
      0.950413
      0.950413
      0.950413
      0.950413
      0.950413
      0.950413
      0.950413
      0.950413
      0.950413
      0.950413
      0.950413
      0.950413
      0.950413
      0.950413
      0.950413
      0.950413
      0.950413
      0.950413
      0.950413
      0.950413
      0.950413
      0.950413
      0.950413
      0.950413
      0.950413
      0.950413
      0.950413
      0.950413
      0.950413
      0.950413
      0.950413
      0.950413
      0.950413
      0.950413
      0.950413
      0.950413
      0.950413
      0.950413
      0.950413
      0.950413
      0.950413
      0.950413
      0.950413
      0.950413
      0.950413
      0.950413
      0.950413
      0.950413
      0.950413
      0.950413
      0.950413
      0.950413
      0.950413
      0.950413
      0.950413
      0.950413
      0.950413
             1
             1
             1
             1
             1
             1
             1
             1
             1
             1
             1
             1
             1
             1
             1
             1
             1
             1
             1
             1
             1
             1
             1
             1
             1
             1
             1
             1
             1
             1
             1
             1
             1
             1
             1
             1
             1
             1
             1
             1
             1
             1
             1
             1
             1
             1
             1
             1
             1
             1
             1
             1
             1
             1
             1
             1
             1
             1
             1
