             1
             1
             1
             1
             1
             1
             1
             1
             1
             1
             1
             1
             1
             1
             1
             1
             1
             1
             1
             1
             1
             1
             1
             1
             1
             1
             1
             1
             1
             1
             1
             1
             1
             1
             1
             1
             1
             1
             1
             1
             1
             1
             1
             1
             1
             1
             1
             1
             1
             1
             1
             1
             1
             1
             1
             1
             1
             1
             1
       0.95122
       0.95122
       0.95122
       0.95122
       0.95122
       0.95122
       0.95122
       0.95122
       0.95122
       0.95122
       0.95122
       0.95122
       0.95122
       0.95122
       0.95122
       0.95122
       0.95122
       0.95122
       0.95122
       0.95122
       0.95122
       0.95122
       0.95122
       0.95122
       0.95122
      0.951219
       0.95122
      0.951219
      0.951219
      0.951219
      0.951219
      0.951219
       0.95122
      0.951219
       0.95122
       0.95122
       0.95122
       0.95122
       0.95122
       0.95122
       0.95122
       0.95122
       0.95122
       0.95122
       0.95122
       0.95122
       0.95122
       0.95122
       0.95122
       0.95122
       0.95122
       0.95122
       0.95122
       0.95122
       0.95122
       0.95122
       0.95122
       0.95122
       0.95122
      0.902677
      0.902677
      0.902677
      0.902677
      0.902677
      0.902677
      0.902677
      0.902677
      0.902677
      0.902677
      0.902677
      0.902676
      0.902677
      0.902676
      0.902677
      0.902676
      0.902677
      0.902676
      0.902676
      0.902676
      0.902676
      0.902676
      0.902676
      0.902676
      0.902676
      0.902676
      0.902676
      0.902676
      0.902676
      0.902676
      0.902676
      0.902676
      0.902676
      0.902676
      0.902676
      0.902676
      0.902676
      0.902676
      0.902676
      0.902676
      0.902676
      0.902676
      0.902677
      0.902676
      0.902677
      0.902676
      0.902677
      0.902676
      0.902677
      0.902677
      0.902677
      0.902677
      0.902677
      0.902677
      0.902677
      0.902677
      0.902677
      0.902677
      0.902677
      0.854554
      0.854554
      0.854554
      0.854554
      0.854554
      0.854554
      0.854554
      0.854554
      0.854554
      0.854554
      0.854554
      0.854554
      0.854554
      0.854554
      0.854554
      0.854554
      0.854554
      0.854554
      0.854554
      0.854554
      0.854554
      0.854553
      0.854553
      0.854553
      0.854553
      0.854553
      0.854553
      0.854553
      0.854553
      0.854553
      0.854553
      0.854553
      0.854553
      0.854553
      0.854553
      0.854553
      0.854553
      0.854553
      0.854554
      0.854554
      0.854554
      0.854554
      0.854554
      0.854554
      0.854554
      0.854554
      0.854554
      0.854554
      0.854554
      0.854554
      0.854554
      0.854554
      0.854554
      0.854554
      0.854554
      0.854554
      0.854554
      0.854554
      0.854554
      0.807033
      0.807033
      0.807033
      0.807033
      0.807033
      0.807033
      0.807033
      0.807033
      0.807033
      0.807033
      0.807033
      0.807033
      0.807033
      0.807033
      0.807033
      0.807032
      0.807033
      0.807032
      0.807033
      0.807032
      0.807032
      0.807032
      0.807032
      0.807032
      0.807032
      0.807032
      0.807032
      0.807032
      0.807032
      0.807032
      0.807032
      0.807032
      0.807032
      0.807032
      0.807032
      0.807032
      0.807032
      0.807032
      0.807032
      0.807032
      0.807033
      0.807032
      0.807033
      0.807032
      0.807033
      0.807033
      0.807033
      0.807033
      0.807033
      0.807033
      0.807033
      0.807033
      0.807033
      0.807033
      0.807033
      0.807033
      0.807033
      0.807033
      0.807033
      0.760288
      0.760288
      0.760288
      0.760288
      0.760288
      0.760287
      0.760288
      0.760287
      0.760288
      0.760287
      0.760287
      0.760287
      0.760287
      0.760287
      0.760287
      0.760287
      0.760287
      0.760287
      0.760287
      0.760286
      0.760286
      0.760286
      0.760286
      0.760286
      0.760286
      0.760286
      0.760286
      0.760286
      0.760286
      0.760286
      0.760286
      0.760286
      0.760286
      0.760286
      0.760286
      0.760286
      0.760286
      0.760286
      0.760286
      0.760286
      0.760287
      0.760287
      0.760287
      0.760287
      0.760287
      0.760287
      0.760287
      0.760287
      0.760287
      0.760287
      0.760288
      0.760287
      0.760288
      0.760287
      0.760288
      0.760288
      0.760288
      0.760288
      0.760288
      0.714487
      0.714487
      0.714487
      0.714487
      0.714487
      0.714487
      0.714487
      0.714487
      0.714487
      0.714487
      0.714487
      0.714486
      0.714487
      0.714486
      0.714487
      0.714486
      0.714486
      0.714486
      0.714486
      0.714485
      0.714486
      0.714485
      0.714486
      0.714485
      0.714485
      0.714485
      0.714485
      0.714484
      0.714485
      0.714484
      0.714485
      0.714484
      0.714485
      0.714485
      0.714485
      0.714485
      0.714486
      0.714485
      0.714486
      0.714485
      0.714486
      0.714486
      0.714486
      0.714486
      0.714487
      0.714486
      0.714487
      0.714486
      0.714487
      0.714487
      0.714487
      0.714487
      0.714487
      0.714487
      0.714487
      0.714487
      0.714487
      0.714487
      0.714487
      0.669791
       0.66979
       0.66979
       0.66979
       0.66979
       0.66979
       0.66979
       0.66979
       0.66979
       0.66979
       0.66979
       0.66979
       0.66979
       0.66979
       0.66979
      0.669789
      0.669789
      0.669789
      0.669789
      0.669788
      0.669788
      0.669788
      0.669788
      0.669788
      0.669788
      0.669787
      0.669787
      0.669787
      0.669787
      0.669787
      0.669787
      0.669787
      0.669787
      0.669787
      0.669788
      0.669788
      0.669788
      0.669788
      0.669788
      0.669788
      0.669789
      0.669789
      0.669789
      0.669789
       0.66979
       0.66979
       0.66979
       0.66979
       0.66979
       0.66979
       0.66979
       0.66979
       0.66979
       0.66979
       0.66979
       0.66979
       0.66979
       0.66979
      0.669791
       0.62635
      0.626349
       0.62635
      0.626349
       0.62635
      0.626349
       0.62635
      0.626349
       0.62635
      0.626349
      0.626349
      0.626349
      0.626349
      0.626348
      0.626349
      0.626348
      0.626348
      0.626347
      0.626348
      0.626347
      0.626347
      0.626346
      0.626347
      0.626346
      0.626346
      0.626346
      0.626346
      0.626345
      0.626346
      0.626345
      0.626346
      0.626345
      0.626346
      0.626346
      0.626346
      0.626346
      0.626347
      0.626346
      0.626347
      0.626347
      0.626348
      0.626347
      0.626348
      0.626348
      0.626349
      0.626348
      0.626349
      0.626349
      0.626349
      0.626349
       0.62635
      0.626349
       0.62635
      0.626349
       0.62635
      0.626349
       0.62635
      0.626349
       0.62635
      0.584303
      0.584303
      0.584303
      0.584303
      0.584303
      0.584303
      0.584303
      0.584303
      0.584303
      0.584302
      0.584302
      0.584302
      0.584302
      0.584302
      0.584302
      0.584301
      0.584301
      0.584301
      0.584301
        0.5843
        0.5843
      0.584299
      0.584299
      0.584299
      0.584299
      0.584298
      0.584298
      0.584298
      0.584298
      0.584298
      0.584298
      0.584298
      0.584298
      0.584298
      0.584299
      0.584299
      0.584299
      0.584299
        0.5843
        0.5843
      0.584301
      0.584301
      0.584301
      0.584301
      0.584302
      0.584302
      0.584302
      0.584302
      0.584302
      0.584302
      0.584303
      0.584303
      0.584303
      0.584303
      0.584303
      0.584303
      0.584303
      0.584303
      0.584303
      0.543782
      0.543781
      0.543782
      0.543781
      0.543782
      0.543781
      0.543782
      0.543781
      0.543781
      0.543781
      0.543781
       0.54378
      0.543781
       0.54378
       0.54378
      0.543779
       0.54378
      0.543778
      0.543779
      0.543778
      0.543778
      0.543777
      0.543777
      0.543776
      0.543776
      0.543775
      0.543776
      0.543775
      0.543775
      0.543775
      0.543775
      0.543775
      0.543776
      0.543775
      0.543776
      0.543776
      0.543777
      0.543777
      0.543778
      0.543778
      0.543779
      0.543778
       0.54378
      0.543779
       0.54378
       0.54378
      0.543781
       0.54378
      0.543781
      0.543781
      0.543781
      0.543781
      0.543782
      0.543781
      0.543782
      0.543781
      0.543782
      0.543781
      0.543782
        0.5049
        0.5049
        0.5049
        0.5049
        0.5049
        0.5049
        0.5049
      0.504899
        0.5049
      0.504899
      0.504899
      0.504899
      0.504899
      0.504898
      0.504898
      0.504897
      0.504897
      0.504896
      0.504896
      0.504895
      0.504895
      0.504894
      0.504894
      0.504893
      0.504893
      0.504892
      0.504892
      0.504892
      0.504892
      0.504892
      0.504892
      0.504892
      0.504892
      0.504892
      0.504893
      0.504893
      0.504894
      0.504894
      0.504895
      0.504895
      0.504896
      0.504896
      0.504897
      0.504897
      0.504898
      0.504898
      0.504899
      0.504899
      0.504899
      0.504899
        0.5049
      0.504899
        0.5049
        0.5049
        0.5049
        0.5049
        0.5049
        0.5049
        0.5049
      0.467766
      0.467765
      0.467766
      0.467765
      0.467765
      0.467765
      0.467765
      0.467764
      0.467765
      0.467764
      0.467764
      0.467763
      0.467764
      0.467763
      0.467763
      0.467762
      0.467762
      0.467761
      0.467761
      0.467759
       0.46776
      0.467758
      0.467758
      0.467757
      0.467757
      0.467756
      0.467756
      0.467755
      0.467755
      0.467754
      0.467755
      0.467755
      0.467756
      0.467756
      0.467757
      0.467757
      0.467758
      0.467758
       0.46776
      0.467759
      0.467761
      0.467761
      0.467762
      0.467762
      0.467763
      0.467763
      0.467764
      0.467763
      0.467764
      0.467764
      0.467765
      0.467764
      0.467765
      0.467765
      0.467765
      0.467765
      0.467766
      0.467765
      0.467766
      0.432468
      0.432467
      0.432468
      0.432467
      0.432467
      0.432467
      0.432467
      0.432467
      0.432467
      0.432466
      0.432466
      0.432466
      0.432465
      0.432465
      0.432464
      0.432464
      0.432463
      0.432462
      0.432462
      0.432461
       0.43246
      0.432459
      0.432458
      0.432457
      0.432457
      0.432456
      0.432455
      0.432455
      0.432455
      0.432454
      0.432455
      0.432455
      0.432455
      0.432456
      0.432457
      0.432457
      0.432458
      0.432459
       0.43246
      0.432461
      0.432462
      0.432462
      0.432463
      0.432464
      0.432464
      0.432465
      0.432465
      0.432466
      0.432466
      0.432466
      0.432467
      0.432467
      0.432467
      0.432467
      0.432467
      0.432467
      0.432468
      0.432467
      0.432468
      0.399089
      0.399088
      0.399089
      0.399088
      0.399089
      0.399088
      0.399088
      0.399088
      0.399088
      0.399087
      0.399087
      0.399086
      0.399087
      0.399085
      0.399085
      0.399084
      0.399084
      0.399082
      0.399082
       0.39908
       0.39908
      0.399078
      0.399078
      0.399076
      0.399075
      0.399074
      0.399074
      0.399072
      0.399073
      0.399072
      0.399073
      0.399072
      0.399074
      0.399074
      0.399075
      0.399076
      0.399078
      0.399078
       0.39908
       0.39908
      0.399082
      0.399082
      0.399084
      0.399084
      0.399085
      0.399085
      0.399087
      0.399086
      0.399087
      0.399087
      0.399088
      0.399088
      0.399088
      0.399088
      0.399089
      0.399088
      0.399089
      0.399088
      0.399089
      0.367695
      0.367695
      0.367695
      0.367695
      0.367695
      0.367694
      0.367695
      0.367694
      0.367694
      0.367693
      0.367693
      0.367693
      0.367692
      0.367691
      0.367691
       0.36769
      0.367689
      0.367688
      0.367687
      0.367685
      0.367684
      0.367682
      0.367681
      0.367679
      0.367678
      0.367677
      0.367676
      0.367675
      0.367675
      0.367674
      0.367675
      0.367675
      0.367676
      0.367677
      0.367678
      0.367679
      0.367681
      0.367682
      0.367684
      0.367685
      0.367687
      0.367688
      0.367689
       0.36769
      0.367691
      0.367691
      0.367692
      0.367693
      0.367693
      0.367693
      0.367694
      0.367694
      0.367695
      0.367694
      0.367695
      0.367695
      0.367695
      0.367695
      0.367695
      0.338345
      0.338345
      0.338345
      0.338345
      0.338345
      0.338344
      0.338345
      0.338344
      0.338344
      0.338343
      0.338343
      0.338342
      0.338342
      0.338341
       0.33834
      0.338339
      0.338338
      0.338336
      0.338335
      0.338333
      0.338332
      0.338329
      0.338328
      0.338326
      0.338324
      0.338322
      0.338321
       0.33832
       0.33832
      0.338319
       0.33832
       0.33832
      0.338322
      0.338322
      0.338325
      0.338326
      0.338328
      0.338329
      0.338332
      0.338333
      0.338335
      0.338336
      0.338338
      0.338339
       0.33834
      0.338341
      0.338342
      0.338342
      0.338343
      0.338343
      0.338344
      0.338344
      0.338345
      0.338344
      0.338345
      0.338345
      0.338345
      0.338345
      0.338345
      0.311083
      0.311083
      0.311083
      0.311083
      0.311083
      0.311082
      0.311082
      0.311082
      0.311082
      0.311081
      0.311081
       0.31108
      0.311079
      0.311078
      0.311077
      0.311076
      0.311075
      0.311073
      0.311071
      0.311069
      0.311067
      0.311064
      0.311062
      0.311059
      0.311057
      0.311055
      0.311053
      0.311052
      0.311051
      0.311051
      0.311051
      0.311052
      0.311053
      0.311055
      0.311058
       0.31106
      0.311062
      0.311065
      0.311067
      0.311069
      0.311071
      0.311073
      0.311075
      0.311076
      0.311077
      0.311078
      0.311079
       0.31108
      0.311081
      0.311081
      0.311082
      0.311082
      0.311082
      0.311082
      0.311083
      0.311083
      0.311083
      0.311083
      0.311083
      0.285947
      0.285946
      0.285947
      0.285946
      0.285947
      0.285946
      0.285946
      0.285945
      0.285945
      0.285944
      0.285944
      0.285943
      0.285943
      0.285941
       0.28594
      0.285938
      0.285937
      0.285935
      0.285933
       0.28593
      0.285928
      0.285924
      0.285921
      0.285918
      0.285915
      0.285912
       0.28591
      0.285907
      0.285906
      0.285906
      0.285907
      0.285907
       0.28591
      0.285912
      0.285915
      0.285918
      0.285922
      0.285924
      0.285928
       0.28593
      0.285933
      0.285935
      0.285937
      0.285938
       0.28594
      0.285941
      0.285943
      0.285943
      0.285944
      0.285944
      0.285945
      0.285945
      0.285946
      0.285946
      0.285947
      0.285946
      0.285947
      0.285946
      0.285947
      0.262962
      0.262962
      0.262962
      0.262962
      0.262962
      0.262961
      0.262961
      0.262961
       0.26296
       0.26296
      0.262959
      0.262958
      0.262957
      0.262956
      0.262954
      0.262953
      0.262951
      0.262948
      0.262946
      0.262942
      0.262939
      0.262935
      0.262931
      0.262927
      0.262923
      0.262918
      0.262915
      0.262912
      0.262911
       0.26291
      0.262911
      0.262913
      0.262916
      0.262919
      0.262923
      0.262927
      0.262932
      0.262936
      0.262939
      0.262943
      0.262946
      0.262948
      0.262951
      0.262953
      0.262954
      0.262956
      0.262957
      0.262958
      0.262959
       0.26296
       0.26296
      0.262961
      0.262961
      0.262961
      0.262962
      0.262962
      0.262962
      0.262962
      0.262962
       0.24215
       0.24215
       0.24215
       0.24215
       0.24215
      0.242149
      0.242149
      0.242148
      0.242148
      0.242147
      0.242147
      0.242145
      0.242145
      0.242143
      0.242141
      0.242139
      0.242137
      0.242134
      0.242131
      0.242127
      0.242123
      0.242118
      0.242113
      0.242107
      0.242101
      0.242095
       0.24209
      0.242086
      0.242084
      0.242083
      0.242085
      0.242088
      0.242092
      0.242097
      0.242103
      0.242108
      0.242114
      0.242118
      0.242123
      0.242127
      0.242131
      0.242134
      0.242137
      0.242139
      0.242141
      0.242143
      0.242145
      0.242145
      0.242147
      0.242147
      0.242148
      0.242148
      0.242149
      0.242149
       0.24215
       0.24215
       0.24215
       0.24215
       0.24215
      0.223523
      0.223523
      0.223523
      0.223522
      0.223522
      0.223522
      0.223522
      0.223521
      0.223521
       0.22352
      0.223519
      0.223518
      0.223516
      0.223515
      0.223513
       0.22351
      0.223508
      0.223504
        0.2235
      0.223496
       0.22349
      0.223484
      0.223477
      0.223469
      0.223462
      0.223454
      0.223446
      0.223441
      0.223437
      0.223437
      0.223439
      0.223443
      0.223449
      0.223457
      0.223464
      0.223472
      0.223479
      0.223485
      0.223491
      0.223496
      0.223501
      0.223505
      0.223508
      0.223511
      0.223513
      0.223515
      0.223516
      0.223518
      0.223519
       0.22352
      0.223521
      0.223521
      0.223522
      0.223522
      0.223522
      0.223522
      0.223523
      0.223523
      0.223523
      0.207089
      0.207088
      0.207088
      0.207088
      0.207088
      0.207088
      0.207087
      0.207087
      0.207086
      0.207085
      0.207084
      0.207083
      0.207082
       0.20708
      0.207078
      0.207075
      0.207072
      0.207068
      0.207063
      0.207057
      0.207051
      0.207043
      0.207034
      0.207023
      0.207012
      0.207001
      0.206991
      0.206982
      0.206977
      0.206976
       0.20698
      0.206986
      0.206996
      0.207006
      0.207017
      0.207027
      0.207037
      0.207045
      0.207052
      0.207058
      0.207064
      0.207068
      0.207072
      0.207075
      0.207078
       0.20708
      0.207082
      0.207083
      0.207084
      0.207085
      0.207086
      0.207087
      0.207087
      0.207088
      0.207088
      0.207088
      0.207088
      0.207088
      0.207089
       0.19285
       0.19285
       0.19285
       0.19285
       0.19285
      0.192849
      0.192849
      0.192848
      0.192848
      0.192847
      0.192846
      0.192844
      0.192843
      0.192841
      0.192838
      0.192835
      0.192832
      0.192827
      0.192822
      0.192815
      0.192807
      0.192797
      0.192785
      0.192771
      0.192755
      0.192739
      0.192723
      0.192711
      0.192703
      0.192702
      0.192707
      0.192718
      0.192733
      0.192748
      0.192763
      0.192777
      0.192789
        0.1928
      0.192809
      0.192816
      0.192822
      0.192828
      0.192832
      0.192835
      0.192838
      0.192841
      0.192843
      0.192845
      0.192846
      0.192847
      0.192848
      0.192848
      0.192849
      0.192849
       0.19285
       0.19285
       0.19285
       0.19285
       0.19285
      0.180809
      0.180809
      0.180809
      0.180809
      0.180809
      0.180808
      0.180808
      0.180807
      0.180807
      0.180805
      0.180804
      0.180803
      0.180801
      0.180799
      0.180796
      0.180793
      0.180789
      0.180784
      0.180777
      0.180769
      0.180759
      0.180747
      0.180732
      0.180713
      0.180691
      0.180668
      0.180644
      0.180624
      0.180612
       0.18061
       0.18062
      0.180638
       0.18066
      0.180683
      0.180704
      0.180723
      0.180738
      0.180751
      0.180762
      0.180771
      0.180778
      0.180784
      0.180789
      0.180793
      0.180796
      0.180799
      0.180801
      0.180803
      0.180804
      0.180805
      0.180807
      0.180807
      0.180808
      0.180808
      0.180809
      0.180809
      0.180809
      0.180809
      0.180809
      0.170963
      0.170963
      0.170963
      0.170963
      0.170962
      0.170962
      0.170962
      0.170961
       0.17096
      0.170959
      0.170958
      0.170956
      0.170955
      0.170952
      0.170949
      0.170946
      0.170941
      0.170935
      0.170928
      0.170919
      0.170907
      0.170892
      0.170873
      0.170848
      0.170819
      0.170784
      0.170747
      0.170715
      0.170694
      0.170692
       0.17071
      0.170741
      0.170776
      0.170809
      0.170838
      0.170863
      0.170882
      0.170898
      0.170911
      0.170921
      0.170929
      0.170936
      0.170941
      0.170946
      0.170949
      0.170952
      0.170955
      0.170956
      0.170958
      0.170959
       0.17096
      0.170961
      0.170962
      0.170962
      0.170962
      0.170963
      0.170963
      0.170963
      0.170963
      0.163309
      0.163309
      0.163309
      0.163309
      0.163309
      0.163308
      0.163308
      0.163307
      0.163306
      0.163305
      0.163304
      0.163303
        0.1633
      0.163298
      0.163295
      0.163291
      0.163286
       0.16328
      0.163272
      0.163261
      0.163248
       0.16323
      0.163206
      0.163175
      0.163135
      0.163086
      0.163028
      0.162974
      0.162939
      0.162934
      0.162968
      0.163022
      0.163076
      0.163125
      0.163164
      0.163195
      0.163219
      0.163238
      0.163253
      0.163264
      0.163273
      0.163281
      0.163286
      0.163291
      0.163295
      0.163298
        0.1633
      0.163303
      0.163304
      0.163305
      0.163306
      0.163307
      0.163308
      0.163308
      0.163309
      0.163309
      0.163309
      0.163309
      0.163309
      0.157845
      0.157845
      0.157845
      0.157845
      0.157845
      0.157844
      0.157844
      0.157843
      0.157842
      0.157841
       0.15784
      0.157838
      0.157836
      0.157833
       0.15783
      0.157826
      0.157821
      0.157814
      0.157805
      0.157794
      0.157779
      0.157758
      0.157731
      0.157694
      0.157643
      0.157576
       0.15749
      0.157389
      0.157299
      0.157309
      0.157384
      0.157482
      0.157566
      0.157632
      0.157682
      0.157719
      0.157747
      0.157768
      0.157785
      0.157797
      0.157807
      0.157815
      0.157821
      0.157826
       0.15783
      0.157833
      0.157836
      0.157838
       0.15784
      0.157841
      0.157842
      0.157843
      0.157844
      0.157844
      0.157845
      0.157845
      0.157845
      0.157845
      0.157845
      0.154568
      0.154568
      0.154568
      0.154568
      0.154567
      0.154567
      0.154566
      0.154566
      0.154565
      0.154564
      0.154562
      0.154561
      0.154558
      0.154556
      0.154552
      0.154548
      0.154543
      0.154536
      0.154527
      0.154515
      0.154498
      0.154476
      0.154446
      0.154404
      0.154345
      0.154259
      0.154137
      0.153965
      0.153725
      0.153789
      0.153948
      0.154127
      0.154249
      0.154332
      0.154391
      0.154433
      0.154465
      0.154488
      0.154505
      0.154518
      0.154529
      0.154537
      0.154543
      0.154548
      0.154553
      0.154556
      0.154558
      0.154561
      0.154562
      0.154564
      0.154565
      0.154566
      0.154566
      0.154567
      0.154567
      0.154568
      0.154568
      0.154568
      0.154568
      0.153476
      0.153476
      0.153476
      0.153475
      0.153475
      0.153475
      0.153474
      0.153474
      0.153473
      0.153472
       0.15347
      0.153468
      0.153466
      0.153464
       0.15346
      0.153456
       0.15345
      0.153443
      0.153434
      0.153422
      0.153405
      0.153382
      0.153351
      0.153307
      0.153243
       0.15315
      0.153007
      0.152771
       0.15231
      0.152334
      0.152766
      0.152998
      0.153139
      0.153231
      0.153294
      0.153338
       0.15337
      0.153394
      0.153412
      0.153426
      0.153436
      0.153444
      0.153451
      0.153456
       0.15346
      0.153464
      0.153466
      0.153468
       0.15347
      0.153472
      0.153473
      0.153474
      0.153474
      0.153475
      0.153475
      0.153475
      0.153476
      0.153476
      0.153476
      0.154568
      0.154568
      0.154568
      0.154568
      0.154567
      0.154567
      0.154566
      0.154566
      0.154565
      0.154564
      0.154562
      0.154561
      0.154558
      0.154556
      0.154552
      0.154548
      0.154543
      0.154536
      0.154527
      0.154515
      0.154498
      0.154476
      0.154446
      0.154404
      0.154345
      0.154259
      0.154137
      0.153965
      0.153725
      0.153789
      0.153948
      0.154127
      0.154249
      0.154332
      0.154391
      0.154433
      0.154465
      0.154488
      0.154505
      0.154518
      0.154529
      0.154537
      0.154543
      0.154548
      0.154553
      0.154556
      0.154558
      0.154561
      0.154562
      0.154564
      0.154565
      0.154566
      0.154566
      0.154567
      0.154567
      0.154568
      0.154568
      0.154568
      0.154568
      0.157845
      0.157845
      0.157845
      0.157845
      0.157845
      0.157844
      0.157844
      0.157843
      0.157842
      0.157841
       0.15784
      0.157838
      0.157836
      0.157833
       0.15783
      0.157826
      0.157821
      0.157814
      0.157805
      0.157794
      0.157779
      0.157758
      0.157731
      0.157694
      0.157643
      0.157576
       0.15749
      0.157389
      0.157299
      0.157309
      0.157384
      0.157482
      0.157566
      0.157632
      0.157682
      0.157719
      0.157747
      0.157768
      0.157785
      0.157797
      0.157807
      0.157815
      0.157821
      0.157826
       0.15783
      0.157833
      0.157836
      0.157838
       0.15784
      0.157841
      0.157842
      0.157843
      0.157844
      0.157844
      0.157845
      0.157845
      0.157845
      0.157845
      0.157845
      0.163309
      0.163309
      0.163309
      0.163309
      0.163309
      0.163308
      0.163308
      0.163307
      0.163306
      0.163305
      0.163304
      0.163303
        0.1633
      0.163298
      0.163295
      0.163291
      0.163286
       0.16328
      0.163272
      0.163261
      0.163248
       0.16323
      0.163206
      0.163175
      0.163135
      0.163086
      0.163028
      0.162974
      0.162939
      0.162934
      0.162968
      0.163022
      0.163076
      0.163125
      0.163164
      0.163195
      0.163219
      0.163238
      0.163253
      0.163264
      0.163273
      0.163281
      0.163286
      0.163291
      0.163295
      0.163298
        0.1633
      0.163303
      0.163304
      0.163305
      0.163306
      0.163307
      0.163308
      0.163308
      0.163309
      0.163309
      0.163309
      0.163309
      0.163309
      0.170963
      0.170963
      0.170963
      0.170963
      0.170962
      0.170962
      0.170962
      0.170961
       0.17096
      0.170959
      0.170958
      0.170956
      0.170955
      0.170952
      0.170949
      0.170946
      0.170941
      0.170935
      0.170928
      0.170919
      0.170907
      0.170892
      0.170873
      0.170848
      0.170819
      0.170784
      0.170747
      0.170715
      0.170694
      0.170692
       0.17071
      0.170741
      0.170776
      0.170809
      0.170838
      0.170863
      0.170882
      0.170898
      0.170911
      0.170921
      0.170929
      0.170936
      0.170941
      0.170946
      0.170949
      0.170952
      0.170955
      0.170956
      0.170958
      0.170959
       0.17096
      0.170961
      0.170962
      0.170962
      0.170962
      0.170963
      0.170963
      0.170963
      0.170963
      0.180809
      0.180809
      0.180809
      0.180809
      0.180809
      0.180808
      0.180808
      0.180807
      0.180807
      0.180805
      0.180804
      0.180803
      0.180801
      0.180799
      0.180796
      0.180793
      0.180789
      0.180784
      0.180777
      0.180769
      0.180759
      0.180747
      0.180732
      0.180713
      0.180691
      0.180668
      0.180644
      0.180624
      0.180612
       0.18061
       0.18062
      0.180638
       0.18066
      0.180683
      0.180704
      0.180723
      0.180738
      0.180751
      0.180762
      0.180771
      0.180778
      0.180784
      0.180789
      0.180793
      0.180796
      0.180799
      0.180801
      0.180803
      0.180804
      0.180805
      0.180807
      0.180807
      0.180808
      0.180808
      0.180809
      0.180809
      0.180809
      0.180809
      0.180809
       0.19285
       0.19285
       0.19285
       0.19285
       0.19285
      0.192849
      0.192849
      0.192848
      0.192848
      0.192847
      0.192846
      0.192844
      0.192843
      0.192841
      0.192838
      0.192835
      0.192832
      0.192827
      0.192822
      0.192815
      0.192807
      0.192797
      0.192785
      0.192771
      0.192755
      0.192739
      0.192723
      0.192711
      0.192703
      0.192702
      0.192707
      0.192718
      0.192733
      0.192748
      0.192763
      0.192777
      0.192789
        0.1928
      0.192809
      0.192816
      0.192822
      0.192828
      0.192832
      0.192835
      0.192838
      0.192841
      0.192843
      0.192845
      0.192846
      0.192847
      0.192848
      0.192848
      0.192849
      0.192849
       0.19285
       0.19285
       0.19285
       0.19285
       0.19285
      0.207089
      0.207088
      0.207088
      0.207088
      0.207088
      0.207088
      0.207087
      0.207087
      0.207086
      0.207085
      0.207084
      0.207083
      0.207082
       0.20708
      0.207078
      0.207075
      0.207072
      0.207068
      0.207063
      0.207057
      0.207051
      0.207043
      0.207034
      0.207023
      0.207012
      0.207001
      0.206991
      0.206982
      0.206977
      0.206976
       0.20698
      0.206986
      0.206996
      0.207006
      0.207017
      0.207027
      0.207037
      0.207045
      0.207052
      0.207058
      0.207064
      0.207068
      0.207072
      0.207075
      0.207078
       0.20708
      0.207082
      0.207083
      0.207084
      0.207085
      0.207086
      0.207087
      0.207087
      0.207088
      0.207088
      0.207088
      0.207088
      0.207088
      0.207089
      0.223523
      0.223523
      0.223523
      0.223522
      0.223522
      0.223522
      0.223522
      0.223521
      0.223521
       0.22352
      0.223519
      0.223518
      0.223516
      0.223515
      0.223513
       0.22351
      0.223508
      0.223504
        0.2235
      0.223496
       0.22349
      0.223484
      0.223477
      0.223469
      0.223462
      0.223454
      0.223446
      0.223441
      0.223437
      0.223437
      0.223439
      0.223443
      0.223449
      0.223457
      0.223464
      0.223472
      0.223479
      0.223485
      0.223491
      0.223496
      0.223501
      0.223505
      0.223508
      0.223511
      0.223513
      0.223515
      0.223516
      0.223518
      0.223519
       0.22352
      0.223521
      0.223521
      0.223522
      0.223522
      0.223522
      0.223522
      0.223523
      0.223523
      0.223523
       0.24215
       0.24215
       0.24215
       0.24215
       0.24215
      0.242149
      0.242149
      0.242148
      0.242148
      0.242147
      0.242147
      0.242145
      0.242145
      0.242143
      0.242141
      0.242139
      0.242137
      0.242134
      0.242131
      0.242127
      0.242123
      0.242118
      0.242113
      0.242107
      0.242101
      0.242095
       0.24209
      0.242086
      0.242084
      0.242083
      0.242085
      0.242088
      0.242092
      0.242097
      0.242103
      0.242108
      0.242114
      0.242118
      0.242123
      0.242127
      0.242131
      0.242134
      0.242137
      0.242139
      0.242141
      0.242143
      0.242145
      0.242145
      0.242147
      0.242147
      0.242148
      0.242148
      0.242149
      0.242149
       0.24215
       0.24215
       0.24215
       0.24215
       0.24215
      0.262962
      0.262962
      0.262962
      0.262962
      0.262962
      0.262961
      0.262961
      0.262961
       0.26296
       0.26296
      0.262959
      0.262958
      0.262957
      0.262956
      0.262954
      0.262953
      0.262951
      0.262948
      0.262946
      0.262942
      0.262939
      0.262935
      0.262931
      0.262927
      0.262923
      0.262918
      0.262915
      0.262912
      0.262911
       0.26291
      0.262911
      0.262913
      0.262916
      0.262919
      0.262923
      0.262927
      0.262932
      0.262936
      0.262939
      0.262943
      0.262946
      0.262948
      0.262951
      0.262953
      0.262954
      0.262956
      0.262957
      0.262958
      0.262959
       0.26296
       0.26296
      0.262961
      0.262961
      0.262961
      0.262962
      0.262962
      0.262962
      0.262962
      0.262962
      0.285947
      0.285946
      0.285947
      0.285946
      0.285947
      0.285946
      0.285946
      0.285945
      0.285945
      0.285944
      0.285944
      0.285943
      0.285943
      0.285941
       0.28594
      0.285938
      0.285937
      0.285935
      0.285933
       0.28593
      0.285928
      0.285924
      0.285921
      0.285918
      0.285915
      0.285912
       0.28591
      0.285907
      0.285906
      0.285906
      0.285907
      0.285907
       0.28591
      0.285912
      0.285915
      0.285918
      0.285922
      0.285924
      0.285928
       0.28593
      0.285933
      0.285935
      0.285937
      0.285938
       0.28594
      0.285941
      0.285943
      0.285943
      0.285944
      0.285944
      0.285945
      0.285945
      0.285946
      0.285946
      0.285947
      0.285946
      0.285947
      0.285946
      0.285947
      0.311083
      0.311083
      0.311083
      0.311083
      0.311083
      0.311082
      0.311082
      0.311082
      0.311082
      0.311081
      0.311081
       0.31108
      0.311079
      0.311078
      0.311077
      0.311076
      0.311075
      0.311073
      0.311071
      0.311069
      0.311067
      0.311064
      0.311062
      0.311059
      0.311057
      0.311055
      0.311053
      0.311052
      0.311051
      0.311051
      0.311051
      0.311052
      0.311053
      0.311055
      0.311058
       0.31106
      0.311062
      0.311065
      0.311067
      0.311069
      0.311071
      0.311073
      0.311075
      0.311076
      0.311077
      0.311078
      0.311079
       0.31108
      0.311081
      0.311081
      0.311082
      0.311082
      0.311082
      0.311082
      0.311083
      0.311083
      0.311083
      0.311083
      0.311083
      0.338345
      0.338345
      0.338345
      0.338345
      0.338345
      0.338344
      0.338345
      0.338344
      0.338344
      0.338343
      0.338343
      0.338342
      0.338342
      0.338341
       0.33834
      0.338339
      0.338338
      0.338336
      0.338335
      0.338333
      0.338332
      0.338329
      0.338328
      0.338326
      0.338324
      0.338322
      0.338321
       0.33832
       0.33832
      0.338319
       0.33832
       0.33832
      0.338322
      0.338322
      0.338325
      0.338326
      0.338328
      0.338329
      0.338332
      0.338333
      0.338335
      0.338336
      0.338338
      0.338339
       0.33834
      0.338341
      0.338342
      0.338342
      0.338343
      0.338343
      0.338344
      0.338344
      0.338345
      0.338344
      0.338345
      0.338345
      0.338345
      0.338345
      0.338345
      0.367695
      0.367695
      0.367695
      0.367695
      0.367695
      0.367694
      0.367695
      0.367694
      0.367694
      0.367693
      0.367693
      0.367693
      0.367692
      0.367691
      0.367691
       0.36769
      0.367689
      0.367688
      0.367687
      0.367685
      0.367684
      0.367682
      0.367681
      0.367679
      0.367678
      0.367677
      0.367676
      0.367675
      0.367675
      0.367674
      0.367675
      0.367675
      0.367676
      0.367677
      0.367678
      0.367679
      0.367681
      0.367682
      0.367684
      0.367685
      0.367687
      0.367688
      0.367689
       0.36769
      0.367691
      0.367691
      0.367692
      0.367693
      0.367693
      0.367693
      0.367694
      0.367694
      0.367695
      0.367694
      0.367695
      0.367695
      0.367695
      0.367695
      0.367695
      0.399089
      0.399088
      0.399089
      0.399088
      0.399089
      0.399088
      0.399088
      0.399088
      0.399088
      0.399087
      0.399087
      0.399086
      0.399087
      0.399085
      0.399085
      0.399084
      0.399084
      0.399082
      0.399082
       0.39908
       0.39908
      0.399078
      0.399078
      0.399076
      0.399075
      0.399074
      0.399074
      0.399072
      0.399073
      0.399072
      0.399073
      0.399072
      0.399074
      0.399074
      0.399075
      0.399076
      0.399078
      0.399078
       0.39908
       0.39908
      0.399082
      0.399082
      0.399084
      0.399084
      0.399085
      0.399085
      0.399087
      0.399086
      0.399087
      0.399087
      0.399088
      0.399088
      0.399088
      0.399088
      0.399089
      0.399088
      0.399089
      0.399088
      0.399089
      0.432468
      0.432467
      0.432468
      0.432467
      0.432467
      0.432467
      0.432467
      0.432467
      0.432467
      0.432466
      0.432466
      0.432466
      0.432465
      0.432465
      0.432464
      0.432464
      0.432463
      0.432462
      0.432462
      0.432461
       0.43246
      0.432459
      0.432458
      0.432457
      0.432457
      0.432456
      0.432455
      0.432455
      0.432455
      0.432454
      0.432455
      0.432455
      0.432455
      0.432456
      0.432457
      0.432457
      0.432458
      0.432459
       0.43246
      0.432461
      0.432462
      0.432462
      0.432463
      0.432464
      0.432464
      0.432465
      0.432465
      0.432466
      0.432466
      0.432466
      0.432467
      0.432467
      0.432467
      0.432467
      0.432467
      0.432467
      0.432468
      0.432467
      0.432468
      0.467766
      0.467765
      0.467766
      0.467765
      0.467765
      0.467765
      0.467765
      0.467764
      0.467765
      0.467764
      0.467764
      0.467763
      0.467764
      0.467763
      0.467763
      0.467762
      0.467762
      0.467761
      0.467761
      0.467759
       0.46776
      0.467758
      0.467758
      0.467757
      0.467757
      0.467756
      0.467756
      0.467755
      0.467755
      0.467754
      0.467755
      0.467755
      0.467756
      0.467756
      0.467757
      0.467757
      0.467758
      0.467758
       0.46776
      0.467759
      0.467761
      0.467761
      0.467762
      0.467762
      0.467763
      0.467763
      0.467764
      0.467763
      0.467764
      0.467764
      0.467765
      0.467764
      0.467765
      0.467765
      0.467765
      0.467765
      0.467766
      0.467765
      0.467766
        0.5049
        0.5049
        0.5049
        0.5049
        0.5049
        0.5049
        0.5049
      0.504899
        0.5049
      0.504899
      0.504899
      0.504899
      0.504899
      0.504898
      0.504898
      0.504897
      0.504897
      0.504896
      0.504896
      0.504895
      0.504895
      0.504894
      0.504894
      0.504893
      0.504893
      0.504892
      0.504892
      0.504892
      0.504892
      0.504892
      0.504892
      0.504892
      0.504892
      0.504892
      0.504893
      0.504893
      0.504894
      0.504894
      0.504895
      0.504895
      0.504896
      0.504896
      0.504897
      0.504897
      0.504898
      0.504898
      0.504899
      0.504899
      0.504899
      0.504899
        0.5049
      0.504899
        0.5049
        0.5049
        0.5049
        0.5049
        0.5049
        0.5049
        0.5049
      0.543782
      0.543781
      0.543782
      0.543781
      0.543782
      0.543781
      0.543782
      0.543781
      0.543781
      0.543781
      0.543781
       0.54378
      0.543781
       0.54378
       0.54378
      0.543779
       0.54378
      0.543778
      0.543779
      0.543778
      0.543778
      0.543777
      0.543777
      0.543776
      0.543776
      0.543775
      0.543776
      0.543775
      0.543775
      0.543775
      0.543775
      0.543775
      0.543776
      0.543775
      0.543776
      0.543776
      0.543777
      0.543777
      0.543778
      0.543778
      0.543779
      0.543778
       0.54378
      0.543779
       0.54378
       0.54378
      0.543781
       0.54378
      0.543781
      0.543781
      0.543781
      0.543781
      0.543782
      0.543781
      0.543782
      0.543781
      0.543782
      0.543781
      0.543782
      0.584303
      0.584303
      0.584303
      0.584303
      0.584303
      0.584303
      0.584303
      0.584303
      0.584303
      0.584302
      0.584302
      0.584302
      0.584302
      0.584302
      0.584302
      0.584301
      0.584301
      0.584301
      0.584301
        0.5843
        0.5843
      0.584299
      0.584299
      0.584299
      0.584299
      0.584298
      0.584298
      0.584298
      0.584298
      0.584298
      0.584298
      0.584298
      0.584298
      0.584298
      0.584299
      0.584299
      0.584299
      0.584299
        0.5843
        0.5843
      0.584301
      0.584301
      0.584301
      0.584301
      0.584302
      0.584302
      0.584302
      0.584302
      0.584302
      0.584302
      0.584303
      0.584303
      0.584303
      0.584303
      0.584303
      0.584303
      0.584303
      0.584303
      0.584303
       0.62635
      0.626349
       0.62635
      0.626349
       0.62635
      0.626349
       0.62635
      0.626349
       0.62635
      0.626349
      0.626349
      0.626349
      0.626349
      0.626348
      0.626349
      0.626348
      0.626348
      0.626347
      0.626348
      0.626347
      0.626347
      0.626346
      0.626347
      0.626346
      0.626346
      0.626346
      0.626346
      0.626345
      0.626346
      0.626345
      0.626346
      0.626345
      0.626346
      0.626346
      0.626346
      0.626346
      0.626347
      0.626346
      0.626347
      0.626347
      0.626348
      0.626347
      0.626348
      0.626348
      0.626349
      0.626348
      0.626349
      0.626349
      0.626349
      0.626349
       0.62635
      0.626349
       0.62635
      0.626349
       0.62635
      0.626349
       0.62635
      0.626349
       0.62635
      0.669791
       0.66979
       0.66979
       0.66979
       0.66979
       0.66979
       0.66979
       0.66979
       0.66979
       0.66979
       0.66979
       0.66979
       0.66979
       0.66979
       0.66979
      0.669789
      0.669789
      0.669789
      0.669789
      0.669788
      0.669788
      0.669788
      0.669788
      0.669788
      0.669788
      0.669787
      0.669787
      0.669787
      0.669787
      0.669787
      0.669787
      0.669787
      0.669787
      0.669787
      0.669788
      0.669788
      0.669788
      0.669788
      0.669788
      0.669788
      0.669789
      0.669789
      0.669789
      0.669789
       0.66979
       0.66979
       0.66979
       0.66979
       0.66979
       0.66979
       0.66979
       0.66979
       0.66979
       0.66979
       0.66979
       0.66979
       0.66979
       0.66979
      0.669791
      0.714487
      0.714487
      0.714487
      0.714487
      0.714487
      0.714487
      0.714487
      0.714487
      0.714487
      0.714487
      0.714487
      0.714486
      0.714487
      0.714486
      0.714487
      0.714486
      0.714486
      0.714486
      0.714486
      0.714485
      0.714486
      0.714485
      0.714486
      0.714485
      0.714485
      0.714485
      0.714485
      0.714484
      0.714485
      0.714484
      0.714485
      0.714484
      0.714485
      0.714485
      0.714485
      0.714485
      0.714486
      0.714485
      0.714486
      0.714485
      0.714486
      0.714486
      0.714486
      0.714486
      0.714487
      0.714486
      0.714487
      0.714486
      0.714487
      0.714487
      0.714487
      0.714487
      0.714487
      0.714487
      0.714487
      0.714487
      0.714487
      0.714487
      0.714487
      0.760288
      0.760288
      0.760288
      0.760288
      0.760288
      0.760287
      0.760288
      0.760287
      0.760288
      0.760287
      0.760287
      0.760287
      0.760287
      0.760287
      0.760287
      0.760287
      0.760287
      0.760287
      0.760287
      0.760286
      0.760286
      0.760286
      0.760286
      0.760286
      0.760286
      0.760286
      0.760286
      0.760286
      0.760286
      0.760286
      0.760286
      0.760286
      0.760286
      0.760286
      0.760286
      0.760286
      0.760286
      0.760286
      0.760286
      0.760286
      0.760287
      0.760287
      0.760287
      0.760287
      0.760287
      0.760287
      0.760287
      0.760287
      0.760287
      0.760287
      0.760288
      0.760287
      0.760288
      0.760287
      0.760288
      0.760288
      0.760288
      0.760288
      0.760288
      0.807033
      0.807033
      0.807033
      0.807033
      0.807033
      0.807033
      0.807033
      0.807033
      0.807033
      0.807033
      0.807033
      0.807033
      0.807033
      0.807033
      0.807033
      0.807032
      0.807033
      0.807032
      0.807033
      0.807032
      0.807032
      0.807032
      0.807032
      0.807032
      0.807032
      0.807032
      0.807032
      0.807032
      0.807032
      0.807032
      0.807032
      0.807032
      0.807032
      0.807032
      0.807032
      0.807032
      0.807032
      0.807032
      0.807032
      0.807032
      0.807033
      0.807032
      0.807033
      0.807032
      0.807033
      0.807033
      0.807033
      0.807033
      0.807033
      0.807033
      0.807033
      0.807033
      0.807033
      0.807033
      0.807033
      0.807033
      0.807033
      0.807033
      0.807033
      0.854554
      0.854554
      0.854554
      0.854554
      0.854554
      0.854554
      0.854554
      0.854554
      0.854554
      0.854554
      0.854554
      0.854554
      0.854554
      0.854554
      0.854554
      0.854554
      0.854554
      0.854554
      0.854554
      0.854554
      0.854554
      0.854553
      0.854553
      0.854553
      0.854553
      0.854553
      0.854553
      0.854553
      0.854553
      0.854553
      0.854553
      0.854553
      0.854553
      0.854553
      0.854553
      0.854553
      0.854553
      0.854553
      0.854554
      0.854554
      0.854554
      0.854554
      0.854554
      0.854554
      0.854554
      0.854554
      0.854554
      0.854554
      0.854554
      0.854554
      0.854554
      0.854554
      0.854554
      0.854554
      0.854554
      0.854554
      0.854554
      0.854554
      0.854554
      0.902677
      0.902677
      0.902677
      0.902677
      0.902677
      0.902677
      0.902677
      0.902677
      0.902677
      0.902677
      0.902677
      0.902676
      0.902677
      0.902676
      0.902677
      0.902676
      0.902677
      0.902676
      0.902676
      0.902676
      0.902676
      0.902676
      0.902676
      0.902676
      0.902676
      0.902676
      0.902676
      0.902676
      0.902676
      0.902676
      0.902676
      0.902676
      0.902676
      0.902676
      0.902676
      0.902676
      0.902676
      0.902676
      0.902676
      0.902676
      0.902676
      0.902676
      0.902677
      0.902676
      0.902677
      0.902676
      0.902677
      0.902676
      0.902677
      0.902677
      0.902677
      0.902677
      0.902677
      0.902677
      0.902677
      0.902677
      0.902677
      0.902677
      0.902677
       0.95122
       0.95122
       0.95122
       0.95122
       0.95122
       0.95122
       0.95122
       0.95122
       0.95122
       0.95122
       0.95122
       0.95122
       0.95122
       0.95122
       0.95122
       0.95122
       0.95122
       0.95122
       0.95122
       0.95122
       0.95122
       0.95122
       0.95122
       0.95122
       0.95122
      0.951219
       0.95122
      0.951219
      0.951219
      0.951219
      0.951219
      0.951219
       0.95122
      0.951219
       0.95122
       0.95122
       0.95122
       0.95122
       0.95122
       0.95122
       0.95122
       0.95122
       0.95122
       0.95122
       0.95122
       0.95122
       0.95122
       0.95122
       0.95122
       0.95122
       0.95122
       0.95122
       0.95122
       0.95122
       0.95122
       0.95122
       0.95122
       0.95122
       0.95122
             1
             1
             1
             1
             1
             1
             1
             1
             1
             1
             1
             1
             1
             1
             1
             1
             1
             1
             1
             1
             1
             1
             1
             1
             1
             1
             1
             1
             1
             1
             1
             1
             1
             1
             1
             1
             1
             1
             1
             1
             1
             1
             1
             1
             1
             1
             1
             1
             1
             1
             1
             1
             1
             1
             1
             1
             1
             1
             1
