             1
             1
             1
             1
             1
             1
             1
             1
             1
             1
             1
             1
             1
             1
             1
             1
             1
             1
             1
             1
             1
             1
             1
             1
             1
             1
             1
             1
             1
             1
             1
             1
             1
             1
             1
             1
             1
             1
             1
             1
             1
             1
             1
             1
             1
             1
             1
             1
             1
             1
             1
             1
             1
             1
             1
             1
             1
             1
             1
      0.951611
      0.951611
      0.951611
      0.951611
      0.951611
      0.951611
      0.951611
      0.951611
      0.951611
      0.951611
      0.951611
      0.951611
      0.951611
      0.951611
      0.951611
      0.951611
      0.951611
      0.951611
      0.951611
      0.951611
      0.951611
      0.951611
      0.951611
      0.951611
      0.951611
      0.951611
      0.951611
      0.951611
      0.951611
      0.951611
      0.951611
      0.951611
      0.951611
      0.951611
      0.951611
      0.951611
      0.951611
      0.951611
      0.951611
      0.951611
      0.951611
      0.951611
      0.951611
      0.951611
      0.951611
      0.951611
      0.951611
      0.951611
      0.951611
      0.951611
      0.951611
      0.951611
      0.951611
      0.951611
      0.951611
      0.951611
      0.951611
      0.951611
      0.951611
      0.903455
      0.903455
      0.903455
      0.903455
      0.903455
      0.903455
      0.903455
      0.903455
      0.903455
      0.903455
      0.903455
      0.903455
      0.903455
      0.903455
      0.903455
      0.903455
      0.903455
      0.903455
      0.903455
      0.903455
      0.903455
      0.903455
      0.903455
      0.903455
      0.903455
      0.903454
      0.903455
      0.903454
      0.903455
      0.903454
      0.903455
      0.903454
      0.903455
      0.903454
      0.903455
      0.903455
      0.903455
      0.903455
      0.903455
      0.903455
      0.903455
      0.903455
      0.903455
      0.903455
      0.903455
      0.903455
      0.903455
      0.903455
      0.903455
      0.903455
      0.903455
      0.903455
      0.903455
      0.903455
      0.903455
      0.903455
      0.903455
      0.903455
      0.903455
      0.855713
      0.855713
      0.855713
      0.855713
      0.855713
      0.855713
      0.855713
      0.855713
      0.855713
      0.855713
      0.855713
      0.855712
      0.855713
      0.855712
      0.855712
      0.855712
      0.855712
      0.855712
      0.855712
      0.855712
      0.855712
      0.855712
      0.855712
      0.855712
      0.855712
      0.855712
      0.855712
      0.855712
      0.855712
      0.855712
      0.855712
      0.855712
      0.855712
      0.855712
      0.855712
      0.855712
      0.855712
      0.855712
      0.855712
      0.855712
      0.855712
      0.855712
      0.855712
      0.855712
      0.855712
      0.855712
      0.855713
      0.855712
      0.855713
      0.855713
      0.855713
      0.855713
      0.855713
      0.855713
      0.855713
      0.855713
      0.855713
      0.855713
      0.855713
      0.808561
      0.808561
      0.808561
      0.808561
      0.808561
      0.808561
      0.808561
      0.808561
      0.808561
      0.808561
      0.808561
       0.80856
      0.808561
       0.80856
      0.808561
       0.80856
      0.808561
       0.80856
       0.80856
       0.80856
       0.80856
       0.80856
       0.80856
       0.80856
       0.80856
      0.808559
       0.80856
      0.808559
       0.80856
      0.808559
       0.80856
      0.808559
       0.80856
      0.808559
       0.80856
       0.80856
       0.80856
       0.80856
       0.80856
       0.80856
       0.80856
       0.80856
      0.808561
       0.80856
      0.808561
       0.80856
      0.808561
       0.80856
      0.808561
      0.808561
      0.808561
      0.808561
      0.808561
      0.808561
      0.808561
      0.808561
      0.808561
      0.808561
      0.808561
      0.762171
      0.762171
      0.762171
      0.762171
      0.762171
      0.762171
      0.762171
      0.762171
      0.762171
      0.762171
      0.762171
       0.76217
       0.76217
       0.76217
       0.76217
       0.76217
       0.76217
       0.76217
       0.76217
       0.76217
       0.76217
      0.762169
      0.762169
      0.762169
      0.762169
      0.762169
      0.762169
      0.762169
      0.762169
      0.762169
      0.762169
      0.762169
      0.762169
      0.762169
      0.762169
      0.762169
      0.762169
      0.762169
       0.76217
       0.76217
       0.76217
       0.76217
       0.76217
       0.76217
       0.76217
       0.76217
       0.76217
       0.76217
      0.762171
      0.762171
      0.762171
      0.762171
      0.762171
      0.762171
      0.762171
      0.762171
      0.762171
      0.762171
      0.762171
      0.716709
      0.716709
      0.716709
      0.716708
      0.716709
      0.716708
      0.716709
      0.716708
      0.716709
      0.716708
      0.716709
      0.716708
      0.716709
      0.716708
      0.716708
      0.716708
      0.716708
      0.716707
      0.716708
      0.716707
      0.716707
      0.716707
      0.716707
      0.716706
      0.716707
      0.716706
      0.716707
      0.716706
      0.716706
      0.716706
      0.716706
      0.716706
      0.716707
      0.716706
      0.716707
      0.716706
      0.716707
      0.716707
      0.716707
      0.716707
      0.716708
      0.716707
      0.716708
      0.716708
      0.716708
      0.716708
      0.716709
      0.716708
      0.716709
      0.716708
      0.716709
      0.716708
      0.716709
      0.716708
      0.716709
      0.716708
      0.716709
      0.716709
      0.716709
      0.672331
      0.672331
      0.672331
      0.672331
      0.672331
      0.672331
      0.672331
      0.672331
      0.672331
      0.672331
      0.672331
       0.67233
       0.67233
       0.67233
       0.67233
       0.67233
       0.67233
      0.672329
      0.672329
      0.672329
      0.672329
      0.672328
      0.672328
      0.672328
      0.672328
      0.672328
      0.672328
      0.672328
      0.672328
      0.672327
      0.672328
      0.672328
      0.672328
      0.672328
      0.672328
      0.672328
      0.672328
      0.672328
      0.672329
      0.672329
      0.672329
      0.672329
       0.67233
       0.67233
       0.67233
       0.67233
       0.67233
       0.67233
      0.672331
      0.672331
      0.672331
      0.672331
      0.672331
      0.672331
      0.672331
      0.672331
      0.672331
      0.672331
      0.672331
      0.629188
      0.629187
      0.629188
      0.629187
      0.629188
      0.629187
      0.629188
      0.629187
      0.629187
      0.629187
      0.629187
      0.629186
      0.629187
      0.629186
      0.629187
      0.629186
      0.629186
      0.629185
      0.629186
      0.629185
      0.629185
      0.629184
      0.629184
      0.629184
      0.629184
      0.629183
      0.629184
      0.629183
      0.629183
      0.629183
      0.629183
      0.629183
      0.629184
      0.629183
      0.629184
      0.629184
      0.629184
      0.629184
      0.629185
      0.629185
      0.629186
      0.629185
      0.629186
      0.629186
      0.629187
      0.629186
      0.629187
      0.629186
      0.629187
      0.629187
      0.629187
      0.629187
      0.629188
      0.629187
      0.629188
      0.629187
      0.629188
      0.629187
      0.629188
      0.587415
      0.587415
      0.587415
      0.587415
      0.587415
      0.587415
      0.587415
      0.587414
      0.587415
      0.587414
      0.587414
      0.587414
      0.587414
      0.587413
      0.587413
      0.587413
      0.587413
      0.587412
      0.587412
      0.587412
      0.587411
      0.587411
      0.587411
       0.58741
       0.58741
       0.58741
       0.58741
      0.587409
      0.587409
      0.587409
      0.587409
      0.587409
       0.58741
       0.58741
       0.58741
       0.58741
      0.587411
      0.587411
      0.587411
      0.587412
      0.587412
      0.587412
      0.587413
      0.587413
      0.587413
      0.587413
      0.587414
      0.587414
      0.587414
      0.587414
      0.587415
      0.587414
      0.587415
      0.587415
      0.587415
      0.587415
      0.587415
      0.587415
      0.587415
      0.547143
      0.547142
      0.547143
      0.547142
      0.547143
      0.547142
      0.547143
      0.547142
      0.547143
      0.547142
      0.547142
      0.547141
      0.547142
      0.547141
      0.547141
       0.54714
       0.54714
      0.547139
       0.54714
      0.547138
      0.547139
      0.547138
      0.547138
      0.547137
      0.547137
      0.547136
      0.547136
      0.547135
      0.547136
      0.547135
      0.547136
      0.547135
      0.547136
      0.547136
      0.547137
      0.547137
      0.547138
      0.547138
      0.547139
      0.547138
       0.54714
      0.547139
       0.54714
       0.54714
      0.547141
      0.547141
      0.547142
      0.547141
      0.547142
      0.547142
      0.547143
      0.547142
      0.547143
      0.547142
      0.547143
      0.547142
      0.547143
      0.547142
      0.547143
      0.508485
      0.508485
      0.508485
      0.508485
      0.508485
      0.508485
      0.508485
      0.508485
      0.508485
      0.508484
      0.508484
      0.508484
      0.508484
      0.508483
      0.508483
      0.508482
      0.508482
      0.508481
      0.508481
       0.50848
       0.50848
      0.508479
      0.508479
      0.508478
      0.508478
      0.508477
      0.508477
      0.508476
      0.508476
      0.508476
      0.508476
      0.508476
      0.508477
      0.508477
      0.508478
      0.508478
      0.508479
      0.508479
       0.50848
       0.50848
      0.508481
      0.508481
      0.508482
      0.508482
      0.508483
      0.508483
      0.508484
      0.508484
      0.508484
      0.508484
      0.508485
      0.508485
      0.508485
      0.508485
      0.508485
      0.508485
      0.508485
      0.508485
      0.508485
      0.471549
      0.471548
      0.471549
      0.471548
      0.471549
      0.471548
      0.471549
      0.471548
      0.471548
      0.471547
      0.471548
      0.471547
      0.471547
      0.471546
      0.471546
      0.471545
      0.471545
      0.471544
      0.471544
      0.471542
      0.471542
      0.471541
      0.471541
      0.471539
       0.47154
      0.471538
      0.471539
      0.471537
      0.471538
      0.471537
      0.471538
      0.471537
      0.471539
      0.471538
       0.47154
       0.47154
      0.471541
      0.471541
      0.471542
      0.471542
      0.471544
      0.471544
      0.471545
      0.471545
      0.471546
      0.471546
      0.471547
      0.471547
      0.471548
      0.471547
      0.471548
      0.471548
      0.471549
      0.471548
      0.471549
      0.471548
      0.471549
      0.471548
      0.471549
      0.436424
      0.436424
      0.436424
      0.436423
      0.436424
      0.436423
      0.436423
      0.436423
      0.436423
      0.436422
      0.436422
      0.436422
      0.436422
      0.436421
       0.43642
       0.43642
      0.436419
      0.436418
      0.436418
      0.436416
      0.436416
      0.436415
      0.436414
      0.436413
      0.436412
      0.436411
      0.436411
       0.43641
       0.43641
       0.43641
       0.43641
       0.43641
      0.436411
      0.436411
      0.436412
      0.436413
      0.436414
      0.436415
      0.436416
      0.436416
      0.436418
      0.436418
      0.436419
       0.43642
       0.43642
      0.436421
      0.436422
      0.436422
      0.436422
      0.436422
      0.436423
      0.436423
      0.436423
      0.436423
      0.436424
      0.436423
      0.436424
      0.436424
      0.436424
      0.403193
      0.403193
      0.403193
      0.403192
      0.403193
      0.403192
      0.403193
      0.403192
      0.403192
      0.403191
      0.403192
       0.40319
      0.403191
      0.403189
      0.403189
      0.403188
      0.403188
      0.403186
      0.403186
      0.403184
      0.403183
      0.403181
      0.403181
      0.403179
      0.403179
      0.403177
      0.403177
      0.403175
      0.403176
      0.403175
      0.403176
      0.403176
      0.403177
      0.403177
      0.403179
      0.403179
      0.403181
      0.403182
      0.403183
      0.403184
      0.403186
      0.403186
      0.403188
      0.403188
      0.403189
      0.403189
      0.403191
       0.40319
      0.403192
      0.403191
      0.403192
      0.403192
      0.403193
      0.403192
      0.403193
      0.403192
      0.403193
      0.403193
      0.403193
      0.371924
      0.371923
      0.371924
      0.371923
      0.371923
      0.371923
      0.371923
      0.371923
      0.371922
      0.371922
      0.371922
      0.371921
      0.371921
       0.37192
      0.371919
      0.371918
      0.371917
      0.371916
      0.371915
      0.371913
      0.371912
       0.37191
      0.371909
      0.371907
      0.371905
      0.371904
      0.371903
      0.371902
      0.371902
      0.371901
      0.371902
      0.371902
      0.371903
      0.371904
      0.371906
      0.371907
      0.371909
       0.37191
      0.371912
      0.371913
      0.371915
      0.371916
      0.371917
      0.371918
      0.371919
       0.37192
      0.371921
      0.371921
      0.371922
      0.371922
      0.371922
      0.371923
      0.371923
      0.371923
      0.371923
      0.371923
      0.371924
      0.371923
      0.371924
      0.342676
      0.342675
      0.342676
      0.342675
      0.342676
      0.342675
      0.342675
      0.342674
      0.342674
      0.342673
      0.342674
      0.342672
      0.342672
      0.342671
       0.34267
      0.342669
      0.342668
      0.342666
      0.342665
      0.342663
      0.342661
      0.342659
      0.342657
      0.342655
      0.342653
      0.342651
       0.34265
      0.342648
      0.342648
      0.342647
      0.342648
      0.342648
       0.34265
      0.342651
      0.342654
      0.342655
      0.342657
      0.342659
      0.342661
      0.342663
      0.342665
      0.342666
      0.342668
      0.342669
       0.34267
      0.342671
      0.342672
      0.342672
      0.342674
      0.342673
      0.342674
      0.342674
      0.342675
      0.342675
      0.342676
      0.342675
      0.342676
      0.342675
      0.342676
      0.315495
      0.315495
      0.315495
      0.315495
      0.315495
      0.315494
      0.315494
      0.315494
      0.315493
      0.315493
      0.315492
      0.315492
      0.315491
       0.31549
      0.315489
      0.315487
      0.315486
      0.315484
      0.315482
       0.31548
      0.315478
      0.315475
      0.315472
      0.315469
      0.315467
      0.315464
      0.315463
      0.315461
       0.31546
       0.31546
       0.31546
      0.315461
      0.315463
      0.315465
      0.315467
       0.31547
      0.315473
      0.315475
      0.315478
       0.31548
      0.315482
      0.315484
      0.315486
      0.315487
      0.315489
       0.31549
      0.315491
      0.315492
      0.315492
      0.315493
      0.315493
      0.315494
      0.315494
      0.315494
      0.315495
      0.315495
      0.315495
      0.315495
      0.315495
      0.290422
      0.290421
      0.290422
      0.290421
      0.290421
      0.290421
      0.290421
       0.29042
       0.29042
      0.290419
      0.290419
      0.290417
      0.290417
      0.290415
      0.290414
      0.290412
      0.290411
      0.290408
      0.290406
      0.290403
      0.290401
      0.290397
      0.290394
       0.29039
      0.290387
      0.290383
      0.290381
      0.290378
      0.290378
      0.290377
      0.290378
      0.290379
      0.290382
      0.290384
      0.290388
      0.290391
      0.290395
      0.290397
      0.290401
      0.290404
      0.290407
      0.290409
      0.290411
      0.290412
      0.290414
      0.290415
      0.290417
      0.290418
      0.290419
      0.290419
       0.29042
       0.29042
      0.290421
      0.290421
      0.290421
      0.290421
      0.290422
      0.290421
      0.290422
      0.267484
      0.267483
      0.267483
      0.267483
      0.267483
      0.267483
      0.267483
      0.267482
      0.267482
      0.267481
       0.26748
      0.267479
      0.267478
      0.267477
      0.267475
      0.267473
      0.267471
      0.267468
      0.267466
      0.267462
      0.267458
      0.267454
       0.26745
      0.267445
       0.26744
      0.267436
      0.267432
      0.267429
      0.267427
      0.267427
      0.267428
       0.26743
      0.267433
      0.267437
      0.267442
      0.267446
      0.267451
      0.267455
      0.267459
      0.267463
      0.267466
      0.267469
      0.267471
      0.267473
      0.267475
      0.267477
      0.267478
      0.267479
       0.26748
      0.267481
      0.267482
      0.267482
      0.267483
      0.267483
      0.267483
      0.267483
      0.267483
      0.267483
      0.267484
      0.246704
      0.246704
      0.246704
      0.246704
      0.246704
      0.246703
      0.246703
      0.246702
      0.246702
      0.246701
      0.246701
      0.246699
      0.246698
      0.246696
      0.246695
      0.246692
       0.24669
      0.246687
      0.246683
      0.246679
      0.246674
      0.246669
      0.246663
      0.246656
       0.24665
      0.246644
      0.246638
      0.246634
      0.246632
      0.246631
      0.246633
      0.246636
      0.246641
      0.246646
      0.246653
      0.246658
      0.246665
       0.24667
      0.246675
      0.246679
      0.246684
      0.246687
       0.24669
      0.246692
      0.246695
      0.246696
      0.246698
      0.246699
      0.246701
      0.246701
      0.246702
      0.246702
      0.246703
      0.246703
      0.246704
      0.246704
      0.246704
      0.246704
      0.246704
      0.228098
      0.228098
      0.228098
      0.228097
      0.228097
      0.228097
      0.228097
      0.228096
      0.228095
      0.228095
      0.228094
      0.228092
      0.228091
      0.228089
      0.228087
      0.228085
      0.228082
      0.228078
      0.228074
      0.228068
      0.228062
      0.228055
      0.228048
      0.228039
       0.22803
      0.228021
      0.228013
      0.228007
      0.228004
      0.228003
      0.228005
       0.22801
      0.228017
      0.228025
      0.228034
      0.228042
       0.22805
      0.228057
      0.228064
      0.228069
      0.228074
      0.228078
      0.228082
      0.228085
      0.228087
      0.228089
      0.228091
      0.228092
      0.228094
      0.228095
      0.228095
      0.228096
      0.228097
      0.228097
      0.228097
      0.228097
      0.228098
      0.228098
      0.228098
      0.211676
      0.211675
      0.211675
      0.211675
      0.211675
      0.211674
      0.211674
      0.211674
      0.211673
      0.211672
      0.211671
       0.21167
      0.211668
      0.211666
      0.211664
      0.211661
      0.211657
      0.211653
      0.211648
      0.211641
      0.211634
      0.211625
      0.211615
      0.211603
      0.211591
      0.211578
      0.211567
      0.211557
      0.211552
      0.211551
      0.211556
      0.211563
      0.211574
      0.211585
      0.211597
      0.211609
      0.211619
      0.211628
      0.211636
      0.211643
      0.211649
      0.211653
      0.211658
      0.211661
      0.211664
      0.211666
      0.211668
       0.21167
      0.211671
      0.211672
      0.211673
      0.211674
      0.211674
      0.211674
      0.211675
      0.211675
      0.211675
      0.211675
      0.211676
      0.197442
      0.197442
      0.197442
      0.197442
      0.197442
      0.197441
      0.197441
       0.19744
       0.19744
      0.197439
      0.197437
      0.197436
      0.197434
      0.197432
      0.197429
      0.197426
      0.197422
      0.197417
      0.197411
      0.197403
      0.197394
      0.197383
      0.197369
      0.197354
      0.197337
      0.197319
      0.197301
      0.197288
       0.19728
      0.197278
      0.197285
      0.197297
      0.197313
       0.19733
      0.197347
      0.197362
      0.197376
      0.197387
      0.197397
      0.197405
      0.197412
      0.197418
      0.197423
      0.197426
       0.19743
      0.197432
      0.197434
      0.197436
      0.197437
      0.197439
       0.19744
       0.19744
      0.197441
      0.197441
      0.197442
      0.197442
      0.197442
      0.197442
      0.197442
      0.185401
      0.185401
      0.185401
      0.185401
      0.185401
        0.1854
        0.1854
      0.185399
      0.185398
      0.185397
      0.185396
      0.185395
      0.185393
       0.18539
      0.185387
      0.185384
      0.185379
      0.185373
      0.185366
      0.185357
      0.185346
      0.185332
      0.185315
      0.185294
       0.18527
      0.185244
      0.185218
      0.185197
      0.185184
      0.185183
      0.185194
      0.185214
      0.185238
      0.185263
      0.185286
      0.185307
      0.185324
      0.185339
      0.185351
       0.18536
      0.185368
      0.185374
       0.18538
      0.185384
      0.185388
       0.18539
      0.185393
      0.185395
      0.185396
      0.185397
      0.185398
      0.185399
        0.1854
        0.1854
      0.185401
      0.185401
      0.185401
      0.185401
      0.185401
      0.175553
      0.175552
      0.175552
      0.175552
      0.175552
      0.175551
      0.175551
       0.17555
      0.175549
      0.175548
      0.175547
      0.175545
      0.175543
      0.175541
      0.175538
      0.175534
      0.175528
      0.175522
      0.175514
      0.175503
       0.17549
      0.175473
      0.175452
      0.175425
      0.175392
      0.175354
      0.175315
       0.17528
      0.175259
      0.175257
      0.175276
       0.17531
      0.175347
      0.175384
      0.175416
      0.175443
      0.175464
      0.175482
      0.175496
      0.175507
      0.175516
      0.175523
      0.175529
      0.175534
      0.175538
      0.175541
      0.175543
      0.175545
      0.175547
      0.175548
      0.175549
       0.17555
      0.175551
      0.175551
      0.175552
      0.175552
      0.175552
      0.175552
      0.175553
      0.167895
      0.167895
      0.167895
      0.167895
      0.167894
      0.167894
      0.167893
      0.167893
      0.167892
      0.167891
      0.167889
      0.167888
      0.167885
      0.167883
      0.167879
      0.167875
      0.167869
      0.167862
      0.167853
      0.167842
      0.167826
      0.167806
       0.16778
      0.167746
      0.167702
      0.167649
      0.167587
       0.16753
      0.167494
      0.167489
      0.167525
      0.167583
      0.167641
      0.167693
      0.167736
       0.16777
      0.167797
      0.167817
      0.167833
      0.167846
      0.167856
      0.167864
       0.16787
      0.167875
       0.16788
      0.167883
      0.167885
      0.167888
      0.167889
      0.167891
      0.167892
      0.167893
      0.167893
      0.167894
      0.167894
      0.167895
      0.167895
      0.167895
      0.167895
      0.162427
      0.162427
      0.162427
      0.162427
      0.162426
      0.162426
      0.162425
      0.162425
      0.162424
      0.162423
      0.162421
      0.162419
      0.162417
      0.162414
      0.162411
      0.162406
        0.1624
      0.162393
      0.162383
       0.16237
      0.162353
       0.16233
      0.162299
      0.162258
      0.162204
      0.162132
      0.162041
      0.161936
      0.161842
      0.161854
      0.161932
      0.162035
      0.162124
      0.162194
      0.162248
      0.162289
       0.16232
      0.162343
      0.162361
      0.162375
      0.162386
      0.162395
      0.162401
      0.162407
      0.162411
      0.162414
      0.162417
      0.162419
      0.162421
      0.162423
      0.162424
      0.162425
      0.162425
      0.162426
      0.162426
      0.162427
      0.162427
      0.162427
      0.162427
      0.159147
      0.159147
      0.159147
      0.159147
      0.159146
      0.159146
      0.159145
      0.159145
      0.159144
      0.159143
      0.159141
      0.159139
      0.159137
      0.159134
       0.15913
      0.159126
       0.15912
      0.159112
      0.159101
      0.159088
      0.159069
      0.159045
      0.159011
      0.158965
      0.158901
       0.15881
      0.158682
      0.158503
      0.158255
      0.158321
      0.158487
      0.158674
      0.158802
       0.15889
      0.158954
         0.159
      0.159034
       0.15906
      0.159079
      0.159094
      0.159105
      0.159114
      0.159121
      0.159126
      0.159131
      0.159134
      0.159137
      0.159139
      0.159141
      0.159143
      0.159144
      0.159145
      0.159145
      0.159146
      0.159146
      0.159147
      0.159147
      0.159147
      0.159147
      0.158054
      0.158054
      0.158054
      0.158054
      0.158053
      0.158053
      0.158052
      0.158052
      0.158051
      0.158049
      0.158048
      0.158046
      0.158044
      0.158041
      0.158037
      0.158032
      0.158026
      0.158018
      0.158008
      0.157994
      0.157975
      0.157949
      0.157915
      0.157866
      0.157798
      0.157699
       0.15755
      0.157305
      0.156829
      0.156855
      0.157301
      0.157542
       0.15769
      0.157788
      0.157855
      0.157904
      0.157939
      0.157965
      0.157985
         0.158
      0.158011
       0.15802
      0.158027
      0.158033
      0.158037
      0.158041
      0.158044
      0.158046
      0.158048
      0.158049
      0.158051
      0.158052
      0.158052
      0.158053
      0.158053
      0.158054
      0.158054
      0.158054
      0.158054
      0.159147
      0.159147
      0.159147
      0.159147
      0.159146
      0.159146
      0.159145
      0.159145
      0.159144
      0.159143
      0.159141
      0.159139
      0.159137
      0.159134
       0.15913
      0.159126
       0.15912
      0.159112
      0.159101
      0.159088
      0.159069
      0.159045
      0.159011
      0.158965
      0.158901
       0.15881
      0.158682
      0.158503
      0.158255
      0.158321
      0.158487
      0.158674
      0.158802
       0.15889
      0.158954
         0.159
      0.159034
       0.15906
      0.159079
      0.159094
      0.159105
      0.159114
      0.159121
      0.159126
      0.159131
      0.159134
      0.159137
      0.159139
      0.159141
      0.159143
      0.159144
      0.159145
      0.159145
      0.159146
      0.159146
      0.159147
      0.159147
      0.159147
      0.159147
      0.162427
      0.162427
      0.162427
      0.162427
      0.162426
      0.162426
      0.162425
      0.162425
      0.162424
      0.162423
      0.162421
      0.162419
      0.162417
      0.162414
      0.162411
      0.162406
        0.1624
      0.162393
      0.162383
       0.16237
      0.162353
       0.16233
      0.162299
      0.162258
      0.162204
      0.162132
      0.162041
      0.161936
      0.161842
      0.161854
      0.161932
      0.162035
      0.162124
      0.162194
      0.162248
      0.162289
       0.16232
      0.162343
      0.162361
      0.162375
      0.162386
      0.162395
      0.162401
      0.162407
      0.162411
      0.162414
      0.162417
      0.162419
      0.162421
      0.162423
      0.162424
      0.162425
      0.162425
      0.162426
      0.162426
      0.162427
      0.162427
      0.162427
      0.162427
      0.167895
      0.167895
      0.167895
      0.167895
      0.167894
      0.167894
      0.167893
      0.167893
      0.167892
      0.167891
      0.167889
      0.167888
      0.167885
      0.167883
      0.167879
      0.167875
      0.167869
      0.167862
      0.167853
      0.167842
      0.167826
      0.167806
       0.16778
      0.167746
      0.167702
      0.167649
      0.167587
       0.16753
      0.167494
      0.167489
      0.167525
      0.167583
      0.167641
      0.167693
      0.167736
       0.16777
      0.167797
      0.167817
      0.167833
      0.167846
      0.167856
      0.167864
       0.16787
      0.167875
       0.16788
      0.167883
      0.167885
      0.167888
      0.167889
      0.167891
      0.167892
      0.167893
      0.167893
      0.167894
      0.167894
      0.167895
      0.167895
      0.167895
      0.167895
      0.175553
      0.175552
      0.175552
      0.175552
      0.175552
      0.175551
      0.175551
       0.17555
      0.175549
      0.175548
      0.175547
      0.175545
      0.175543
      0.175541
      0.175538
      0.175534
      0.175528
      0.175522
      0.175514
      0.175503
       0.17549
      0.175473
      0.175452
      0.175425
      0.175392
      0.175354
      0.175315
       0.17528
      0.175259
      0.175257
      0.175276
       0.17531
      0.175347
      0.175384
      0.175416
      0.175443
      0.175464
      0.175482
      0.175496
      0.175507
      0.175516
      0.175523
      0.175529
      0.175534
      0.175538
      0.175541
      0.175543
      0.175545
      0.175547
      0.175548
      0.175549
       0.17555
      0.175551
      0.175551
      0.175552
      0.175552
      0.175552
      0.175552
      0.175553
      0.185401
      0.185401
      0.185401
      0.185401
      0.185401
        0.1854
        0.1854
      0.185399
      0.185398
      0.185397
      0.185396
      0.185395
      0.185393
       0.18539
      0.185387
      0.185384
      0.185379
      0.185373
      0.185366
      0.185357
      0.185346
      0.185332
      0.185315
      0.185294
       0.18527
      0.185244
      0.185218
      0.185197
      0.185184
      0.185183
      0.185194
      0.185214
      0.185238
      0.185263
      0.185286
      0.185307
      0.185324
      0.185339
      0.185351
       0.18536
      0.185368
      0.185374
       0.18538
      0.185384
      0.185388
       0.18539
      0.185393
      0.185395
      0.185396
      0.185397
      0.185398
      0.185399
        0.1854
        0.1854
      0.185401
      0.185401
      0.185401
      0.185401
      0.185401
      0.197442
      0.197442
      0.197442
      0.197442
      0.197442
      0.197441
      0.197441
       0.19744
       0.19744
      0.197439
      0.197437
      0.197436
      0.197434
      0.197432
      0.197429
      0.197426
      0.197422
      0.197417
      0.197411
      0.197403
      0.197394
      0.197383
      0.197369
      0.197354
      0.197337
      0.197319
      0.197301
      0.197288
       0.19728
      0.197278
      0.197285
      0.197297
      0.197313
       0.19733
      0.197347
      0.197362
      0.197376
      0.197387
      0.197397
      0.197405
      0.197412
      0.197418
      0.197423
      0.197426
       0.19743
      0.197432
      0.197434
      0.197436
      0.197437
      0.197439
       0.19744
       0.19744
      0.197441
      0.197441
      0.197442
      0.197442
      0.197442
      0.197442
      0.197442
      0.211676
      0.211675
      0.211675
      0.211675
      0.211675
      0.211674
      0.211674
      0.211674
      0.211673
      0.211672
      0.211671
       0.21167
      0.211668
      0.211666
      0.211664
      0.211661
      0.211657
      0.211653
      0.211648
      0.211641
      0.211634
      0.211625
      0.211615
      0.211603
      0.211591
      0.211578
      0.211567
      0.211557
      0.211552
      0.211551
      0.211556
      0.211563
      0.211574
      0.211585
      0.211597
      0.211609
      0.211619
      0.211628
      0.211636
      0.211643
      0.211649
      0.211653
      0.211658
      0.211661
      0.211664
      0.211666
      0.211668
       0.21167
      0.211671
      0.211672
      0.211673
      0.211674
      0.211674
      0.211674
      0.211675
      0.211675
      0.211675
      0.211675
      0.211676
      0.228098
      0.228098
      0.228098
      0.228097
      0.228097
      0.228097
      0.228097
      0.228096
      0.228095
      0.228095
      0.228094
      0.228092
      0.228091
      0.228089
      0.228087
      0.228085
      0.228082
      0.228078
      0.228074
      0.228068
      0.228062
      0.228055
      0.228048
      0.228039
       0.22803
      0.228021
      0.228013
      0.228007
      0.228004
      0.228003
      0.228005
       0.22801
      0.228017
      0.228025
      0.228034
      0.228042
       0.22805
      0.228057
      0.228064
      0.228069
      0.228074
      0.228078
      0.228082
      0.228085
      0.228087
      0.228089
      0.228091
      0.228092
      0.228094
      0.228095
      0.228095
      0.228096
      0.228097
      0.228097
      0.228097
      0.228097
      0.228098
      0.228098
      0.228098
      0.246704
      0.246704
      0.246704
      0.246704
      0.246704
      0.246703
      0.246703
      0.246702
      0.246702
      0.246701
      0.246701
      0.246699
      0.246698
      0.246696
      0.246695
      0.246692
       0.24669
      0.246687
      0.246683
      0.246679
      0.246674
      0.246669
      0.246663
      0.246656
       0.24665
      0.246644
      0.246638
      0.246634
      0.246632
      0.246631
      0.246633
      0.246636
      0.246641
      0.246646
      0.246653
      0.246658
      0.246665
       0.24667
      0.246675
      0.246679
      0.246684
      0.246687
       0.24669
      0.246692
      0.246695
      0.246696
      0.246698
      0.246699
      0.246701
      0.246701
      0.246702
      0.246702
      0.246703
      0.246703
      0.246704
      0.246704
      0.246704
      0.246704
      0.246704
      0.267484
      0.267483
      0.267483
      0.267483
      0.267483
      0.267483
      0.267483
      0.267482
      0.267482
      0.267481
       0.26748
      0.267479
      0.267478
      0.267477
      0.267475
      0.267473
      0.267471
      0.267468
      0.267466
      0.267462
      0.267458
      0.267454
       0.26745
      0.267445
       0.26744
      0.267436
      0.267432
      0.267429
      0.267427
      0.267427
      0.267428
       0.26743
      0.267433
      0.267437
      0.267442
      0.267446
      0.267451
      0.267455
      0.267459
      0.267463
      0.267466
      0.267469
      0.267471
      0.267473
      0.267475
      0.267477
      0.267478
      0.267479
       0.26748
      0.267481
      0.267482
      0.267482
      0.267483
      0.267483
      0.267483
      0.267483
      0.267483
      0.267483
      0.267484
      0.290422
      0.290421
      0.290422
      0.290421
      0.290421
      0.290421
      0.290421
       0.29042
       0.29042
      0.290419
      0.290419
      0.290417
      0.290417
      0.290415
      0.290414
      0.290412
      0.290411
      0.290408
      0.290406
      0.290403
      0.290401
      0.290397
      0.290394
       0.29039
      0.290387
      0.290383
      0.290381
      0.290378
      0.290378
      0.290377
      0.290378
      0.290379
      0.290382
      0.290384
      0.290388
      0.290391
      0.290395
      0.290397
      0.290401
      0.290404
      0.290407
      0.290409
      0.290411
      0.290412
      0.290414
      0.290415
      0.290417
      0.290418
      0.290419
      0.290419
       0.29042
       0.29042
      0.290421
      0.290421
      0.290421
      0.290421
      0.290422
      0.290421
      0.290422
      0.315495
      0.315495
      0.315495
      0.315495
      0.315495
      0.315494
      0.315494
      0.315494
      0.315493
      0.315493
      0.315492
      0.315492
      0.315491
       0.31549
      0.315489
      0.315487
      0.315486
      0.315484
      0.315482
       0.31548
      0.315478
      0.315475
      0.315472
      0.315469
      0.315467
      0.315464
      0.315463
      0.315461
       0.31546
       0.31546
       0.31546
      0.315461
      0.315463
      0.315465
      0.315467
       0.31547
      0.315473
      0.315475
      0.315478
       0.31548
      0.315482
      0.315484
      0.315486
      0.315487
      0.315489
       0.31549
      0.315491
      0.315492
      0.315492
      0.315493
      0.315493
      0.315494
      0.315494
      0.315494
      0.315495
      0.315495
      0.315495
      0.315495
      0.315495
      0.342676
      0.342675
      0.342676
      0.342675
      0.342676
      0.342675
      0.342675
      0.342674
      0.342674
      0.342673
      0.342674
      0.342672
      0.342672
      0.342671
       0.34267
      0.342669
      0.342668
      0.342666
      0.342665
      0.342663
      0.342661
      0.342659
      0.342657
      0.342655
      0.342653
      0.342651
       0.34265
      0.342648
      0.342648
      0.342647
      0.342648
      0.342648
       0.34265
      0.342651
      0.342654
      0.342655
      0.342657
      0.342659
      0.342661
      0.342663
      0.342665
      0.342666
      0.342668
      0.342669
       0.34267
      0.342671
      0.342672
      0.342672
      0.342674
      0.342673
      0.342674
      0.342674
      0.342675
      0.342675
      0.342676
      0.342675
      0.342676
      0.342675
      0.342676
      0.371924
      0.371923
      0.371924
      0.371923
      0.371923
      0.371923
      0.371923
      0.371923
      0.371922
      0.371922
      0.371922
      0.371921
      0.371921
       0.37192
      0.371919
      0.371918
      0.371917
      0.371916
      0.371915
      0.371913
      0.371912
       0.37191
      0.371909
      0.371907
      0.371905
      0.371904
      0.371903
      0.371902
      0.371902
      0.371901
      0.371902
      0.371902
      0.371903
      0.371904
      0.371906
      0.371907
      0.371909
       0.37191
      0.371912
      0.371913
      0.371915
      0.371916
      0.371917
      0.371918
      0.371919
       0.37192
      0.371921
      0.371921
      0.371922
      0.371922
      0.371922
      0.371923
      0.371923
      0.371923
      0.371923
      0.371923
      0.371924
      0.371923
      0.371924
      0.403193
      0.403193
      0.403193
      0.403192
      0.403193
      0.403192
      0.403193
      0.403192
      0.403192
      0.403191
      0.403192
       0.40319
      0.403191
      0.403189
      0.403189
      0.403188
      0.403188
      0.403186
      0.403186
      0.403184
      0.403183
      0.403181
      0.403181
      0.403179
      0.403179
      0.403177
      0.403177
      0.403175
      0.403176
      0.403175
      0.403176
      0.403176
      0.403177
      0.403177
      0.403179
      0.403179
      0.403181
      0.403182
      0.403183
      0.403184
      0.403186
      0.403186
      0.403188
      0.403188
      0.403189
      0.403189
      0.403191
       0.40319
      0.403192
      0.403191
      0.403192
      0.403192
      0.403193
      0.403192
      0.403193
      0.403192
      0.403193
      0.403193
      0.403193
      0.436424
      0.436424
      0.436424
      0.436423
      0.436424
      0.436423
      0.436423
      0.436423
      0.436423
      0.436422
      0.436422
      0.436422
      0.436422
      0.436421
       0.43642
       0.43642
      0.436419
      0.436418
      0.436418
      0.436416
      0.436416
      0.436415
      0.436414
      0.436413
      0.436412
      0.436411
      0.436411
       0.43641
       0.43641
       0.43641
       0.43641
       0.43641
      0.436411
      0.436411
      0.436412
      0.436413
      0.436414
      0.436415
      0.436416
      0.436416
      0.436418
      0.436418
      0.436419
       0.43642
       0.43642
      0.436421
      0.436422
      0.436422
      0.436422
      0.436422
      0.436423
      0.436423
      0.436423
      0.436423
      0.436424
      0.436423
      0.436424
      0.436424
      0.436424
      0.471549
      0.471548
      0.471549
      0.471548
      0.471549
      0.471548
      0.471549
      0.471548
      0.471548
      0.471547
      0.471548
      0.471547
      0.471547
      0.471546
      0.471546
      0.471545
      0.471545
      0.471544
      0.471544
      0.471542
      0.471542
      0.471541
      0.471541
      0.471539
       0.47154
      0.471538
      0.471539
      0.471537
      0.471538
      0.471537
      0.471538
      0.471537
      0.471539
      0.471538
       0.47154
       0.47154
      0.471541
      0.471541
      0.471542
      0.471542
      0.471544
      0.471544
      0.471545
      0.471545
      0.471546
      0.471546
      0.471547
      0.471547
      0.471548
      0.471547
      0.471548
      0.471548
      0.471549
      0.471548
      0.471549
      0.471548
      0.471549
      0.471548
      0.471549
      0.508485
      0.508485
      0.508485
      0.508485
      0.508485
      0.508485
      0.508485
      0.508485
      0.508485
      0.508484
      0.508484
      0.508484
      0.508484
      0.508483
      0.508483
      0.508482
      0.508482
      0.508481
      0.508481
       0.50848
       0.50848
      0.508479
      0.508479
      0.508478
      0.508478
      0.508477
      0.508477
      0.508476
      0.508476
      0.508476
      0.508476
      0.508476
      0.508477
      0.508477
      0.508478
      0.508478
      0.508479
      0.508479
       0.50848
       0.50848
      0.508481
      0.508481
      0.508482
      0.508482
      0.508483
      0.508483
      0.508484
      0.508484
      0.508484
      0.508484
      0.508485
      0.508485
      0.508485
      0.508485
      0.508485
      0.508485
      0.508485
      0.508485
      0.508485
      0.547143
      0.547142
      0.547143
      0.547142
      0.547143
      0.547142
      0.547143
      0.547142
      0.547143
      0.547142
      0.547142
      0.547141
      0.547142
      0.547141
      0.547141
       0.54714
       0.54714
      0.547139
       0.54714
      0.547138
      0.547139
      0.547138
      0.547138
      0.547137
      0.547137
      0.547136
      0.547136
      0.547135
      0.547136
      0.547135
      0.547136
      0.547135
      0.547136
      0.547136
      0.547137
      0.547137
      0.547138
      0.547138
      0.547139
      0.547138
       0.54714
      0.547139
       0.54714
       0.54714
      0.547141
      0.547141
      0.547142
      0.547141
      0.547142
      0.547142
      0.547143
      0.547142
      0.547143
      0.547142
      0.547143
      0.547142
      0.547143
      0.547142
      0.547143
      0.587415
      0.587415
      0.587415
      0.587415
      0.587415
      0.587415
      0.587415
      0.587414
      0.587415
      0.587414
      0.587414
      0.587414
      0.587414
      0.587413
      0.587413
      0.587413
      0.587413
      0.587412
      0.587412
      0.587412
      0.587411
      0.587411
      0.587411
       0.58741
       0.58741
       0.58741
       0.58741
      0.587409
      0.587409
      0.587409
      0.587409
      0.587409
       0.58741
       0.58741
       0.58741
       0.58741
      0.587411
      0.587411
      0.587411
      0.587412
      0.587412
      0.587412
      0.587413
      0.587413
      0.587413
      0.587413
      0.587414
      0.587414
      0.587414
      0.587414
      0.587415
      0.587414
      0.587415
      0.587415
      0.587415
      0.587415
      0.587415
      0.587415
      0.587415
      0.629188
      0.629187
      0.629188
      0.629187
      0.629188
      0.629187
      0.629188
      0.629187
      0.629187
      0.629187
      0.629187
      0.629186
      0.629187
      0.629186
      0.629187
      0.629186
      0.629186
      0.629185
      0.629186
      0.629185
      0.629185
      0.629184
      0.629184
      0.629184
      0.629184
      0.629183
      0.629184
      0.629183
      0.629183
      0.629183
      0.629183
      0.629183
      0.629184
      0.629183
      0.629184
      0.629184
      0.629184
      0.629184
      0.629185
      0.629185
      0.629186
      0.629185
      0.629186
      0.629186
      0.629187
      0.629186
      0.629187
      0.629186
      0.629187
      0.629187
      0.629187
      0.629187
      0.629188
      0.629187
      0.629188
      0.629187
      0.629188
      0.629187
      0.629188
      0.672331
      0.672331
      0.672331
      0.672331
      0.672331
      0.672331
      0.672331
      0.672331
      0.672331
      0.672331
      0.672331
       0.67233
       0.67233
       0.67233
       0.67233
       0.67233
       0.67233
      0.672329
      0.672329
      0.672329
      0.672329
      0.672328
      0.672328
      0.672328
      0.672328
      0.672328
      0.672328
      0.672328
      0.672328
      0.672327
      0.672328
      0.672328
      0.672328
      0.672328
      0.672328
      0.672328
      0.672328
      0.672328
      0.672329
      0.672329
      0.672329
      0.672329
       0.67233
       0.67233
       0.67233
       0.67233
       0.67233
       0.67233
      0.672331
      0.672331
      0.672331
      0.672331
      0.672331
      0.672331
      0.672331
      0.672331
      0.672331
      0.672331
      0.672331
      0.716709
      0.716709
      0.716709
      0.716708
      0.716709
      0.716708
      0.716709
      0.716708
      0.716709
      0.716708
      0.716709
      0.716708
      0.716709
      0.716708
      0.716708
      0.716708
      0.716708
      0.716707
      0.716708
      0.716707
      0.716707
      0.716707
      0.716707
      0.716706
      0.716707
      0.716706
      0.716707
      0.716706
      0.716706
      0.716706
      0.716706
      0.716706
      0.716707
      0.716706
      0.716707
      0.716706
      0.716707
      0.716707
      0.716707
      0.716707
      0.716708
      0.716707
      0.716708
      0.716708
      0.716708
      0.716708
      0.716709
      0.716708
      0.716709
      0.716708
      0.716709
      0.716708
      0.716709
      0.716708
      0.716709
      0.716708
      0.716709
      0.716709
      0.716709
      0.762171
      0.762171
      0.762171
      0.762171
      0.762171
      0.762171
      0.762171
      0.762171
      0.762171
      0.762171
      0.762171
       0.76217
       0.76217
       0.76217
       0.76217
       0.76217
       0.76217
       0.76217
       0.76217
       0.76217
       0.76217
      0.762169
      0.762169
      0.762169
      0.762169
      0.762169
      0.762169
      0.762169
      0.762169
      0.762169
      0.762169
      0.762169
      0.762169
      0.762169
      0.762169
      0.762169
      0.762169
      0.762169
       0.76217
       0.76217
       0.76217
       0.76217
       0.76217
       0.76217
       0.76217
       0.76217
       0.76217
       0.76217
      0.762171
      0.762171
      0.762171
      0.762171
      0.762171
      0.762171
      0.762171
      0.762171
      0.762171
      0.762171
      0.762171
      0.808561
      0.808561
      0.808561
      0.808561
      0.808561
      0.808561
      0.808561
      0.808561
      0.808561
      0.808561
      0.808561
       0.80856
      0.808561
       0.80856
      0.808561
       0.80856
      0.808561
       0.80856
       0.80856
       0.80856
       0.80856
       0.80856
       0.80856
       0.80856
       0.80856
      0.808559
       0.80856
      0.808559
       0.80856
      0.808559
       0.80856
      0.808559
       0.80856
      0.808559
       0.80856
       0.80856
       0.80856
       0.80856
       0.80856
       0.80856
       0.80856
       0.80856
      0.808561
       0.80856
      0.808561
       0.80856
      0.808561
       0.80856
      0.808561
      0.808561
      0.808561
      0.808561
      0.808561
      0.808561
      0.808561
      0.808561
      0.808561
      0.808561
      0.808561
      0.855713
      0.855713
      0.855713
      0.855713
      0.855713
      0.855713
      0.855713
      0.855713
      0.855713
      0.855713
      0.855713
      0.855712
      0.855713
      0.855712
      0.855712
      0.855712
      0.855712
      0.855712
      0.855712
      0.855712
      0.855712
      0.855712
      0.855712
      0.855712
      0.855712
      0.855712
      0.855712
      0.855712
      0.855712
      0.855712
      0.855712
      0.855712
      0.855712
      0.855712
      0.855712
      0.855712
      0.855712
      0.855712
      0.855712
      0.855712
      0.855712
      0.855712
      0.855712
      0.855712
      0.855712
      0.855712
      0.855713
      0.855712
      0.855713
      0.855713
      0.855713
      0.855713
      0.855713
      0.855713
      0.855713
      0.855713
      0.855713
      0.855713
      0.855713
      0.903455
      0.903455
      0.903455
      0.903455
      0.903455
      0.903455
      0.903455
      0.903455
      0.903455
      0.903455
      0.903455
      0.903455
      0.903455
      0.903455
      0.903455
      0.903455
      0.903455
      0.903455
      0.903455
      0.903455
      0.903455
      0.903455
      0.903455
      0.903455
      0.903455
      0.903454
      0.903455
      0.903454
      0.903455
      0.903454
      0.903455
      0.903454
      0.903455
      0.903454
      0.903455
      0.903455
      0.903455
      0.903455
      0.903455
      0.903455
      0.903455
      0.903455
      0.903455
      0.903455
      0.903455
      0.903455
      0.903455
      0.903455
      0.903455
      0.903455
      0.903455
      0.903455
      0.903455
      0.903455
      0.903455
      0.903455
      0.903455
      0.903455
      0.903455
      0.951611
      0.951611
      0.951611
      0.951611
      0.951611
      0.951611
      0.951611
      0.951611
      0.951611
      0.951611
      0.951611
      0.951611
      0.951611
      0.951611
      0.951611
      0.951611
      0.951611
      0.951611
      0.951611
      0.951611
      0.951611
      0.951611
      0.951611
      0.951611
      0.951611
      0.951611
      0.951611
      0.951611
      0.951611
      0.951611
      0.951611
      0.951611
      0.951611
      0.951611
      0.951611
      0.951611
      0.951611
      0.951611
      0.951611
      0.951611
      0.951611
      0.951611
      0.951611
      0.951611
      0.951611
      0.951611
      0.951611
      0.951611
      0.951611
      0.951611
      0.951611
      0.951611
      0.951611
      0.951611
      0.951611
      0.951611
      0.951611
      0.951611
      0.951611
             1
             1
             1
             1
             1
             1
             1
             1
             1
             1
             1
             1
             1
             1
             1
             1
             1
             1
             1
             1
             1
             1
             1
             1
             1
             1
             1
             1
             1
             1
             1
             1
             1
             1
             1
             1
             1
             1
             1
             1
             1
             1
             1
             1
             1
             1
             1
             1
             1
             1
             1
             1
             1
             1
             1
             1
             1
             1
             1
