             1
             1
             1
             1
             1
             1
             1
             1
             1
             1
             1
             1
             1
             1
             1
             1
             1
             1
             1
             1
             1
             1
             1
             1
             1
             1
             1
             1
             1
             1
             1
             1
             1
             1
             1
             1
             1
             1
             1
             1
             1
             1
             1
             1
             1
             1
             1
             1
             1
             1
             1
             1
             1
             1
             1
             1
             1
             1
             1
      0.952371
       0.95237
      0.952371
       0.95237
      0.952371
       0.95237
      0.952371
       0.95237
       0.95237
       0.95237
       0.95237
       0.95237
       0.95237
       0.95237
       0.95237
       0.95237
       0.95237
       0.95237
       0.95237
       0.95237
       0.95237
       0.95237
       0.95237
       0.95237
       0.95237
       0.95237
       0.95237
       0.95237
       0.95237
       0.95237
       0.95237
       0.95237
       0.95237
       0.95237
       0.95237
       0.95237
       0.95237
       0.95237
       0.95237
       0.95237
       0.95237
       0.95237
       0.95237
       0.95237
       0.95237
       0.95237
       0.95237
       0.95237
       0.95237
       0.95237
       0.95237
       0.95237
      0.952371
       0.95237
      0.952371
       0.95237
      0.952371
       0.95237
      0.952371
      0.904968
      0.904967
      0.904968
      0.904967
      0.904968
      0.904967
      0.904968
      0.904967
      0.904968
      0.904967
      0.904968
      0.904967
      0.904967
      0.904967
      0.904967
      0.904967
      0.904967
      0.904967
      0.904967
      0.904967
      0.904967
      0.904967
      0.904967
      0.904967
      0.904967
      0.904967
      0.904967
      0.904967
      0.904967
      0.904967
      0.904967
      0.904967
      0.904967
      0.904967
      0.904967
      0.904967
      0.904967
      0.904967
      0.904967
      0.904967
      0.904967
      0.904967
      0.904967
      0.904967
      0.904967
      0.904967
      0.904967
      0.904967
      0.904968
      0.904967
      0.904968
      0.904967
      0.904968
      0.904967
      0.904968
      0.904967
      0.904968
      0.904967
      0.904968
      0.857964
      0.857964
      0.857964
      0.857964
      0.857964
      0.857964
      0.857964
      0.857964
      0.857964
      0.857964
      0.857964
      0.857964
      0.857964
      0.857964
      0.857964
      0.857964
      0.857964
      0.857964
      0.857964
      0.857963
      0.857963
      0.857963
      0.857963
      0.857963
      0.857963
      0.857963
      0.857963
      0.857963
      0.857963
      0.857963
      0.857963
      0.857963
      0.857963
      0.857963
      0.857963
      0.857963
      0.857963
      0.857963
      0.857963
      0.857963
      0.857964
      0.857964
      0.857964
      0.857964
      0.857964
      0.857964
      0.857964
      0.857964
      0.857964
      0.857964
      0.857964
      0.857964
      0.857964
      0.857964
      0.857964
      0.857964
      0.857964
      0.857964
      0.857964
      0.811532
      0.811531
      0.811532
      0.811531
      0.811532
      0.811531
      0.811532
      0.811531
      0.811531
      0.811531
      0.811531
      0.811531
      0.811531
      0.811531
      0.811531
      0.811531
      0.811531
       0.81153
      0.811531
       0.81153
       0.81153
       0.81153
       0.81153
       0.81153
       0.81153
       0.81153
       0.81153
      0.811529
       0.81153
      0.811529
       0.81153
      0.811529
       0.81153
       0.81153
       0.81153
       0.81153
       0.81153
       0.81153
       0.81153
       0.81153
      0.811531
       0.81153
      0.811531
      0.811531
      0.811531
      0.811531
      0.811531
      0.811531
      0.811531
      0.811531
      0.811531
      0.811531
      0.811532
      0.811531
      0.811532
      0.811531
      0.811532
      0.811531
      0.811532
      0.765834
      0.765834
      0.765834
      0.765834
      0.765834
      0.765834
      0.765834
      0.765834
      0.765834
      0.765834
      0.765834
      0.765834
      0.765834
      0.765833
      0.765833
      0.765833
      0.765833
      0.765833
      0.765833
      0.765833
      0.765833
      0.765832
      0.765832
      0.765832
      0.765832
      0.765832
      0.765832
      0.765832
      0.765832
      0.765832
      0.765832
      0.765832
      0.765832
      0.765832
      0.765832
      0.765832
      0.765832
      0.765832
      0.765833
      0.765833
      0.765833
      0.765833
      0.765833
      0.765833
      0.765833
      0.765833
      0.765834
      0.765834
      0.765834
      0.765834
      0.765834
      0.765834
      0.765834
      0.765834
      0.765834
      0.765834
      0.765834
      0.765834
      0.765834
      0.721033
      0.721033
      0.721033
      0.721033
      0.721033
      0.721033
      0.721033
      0.721033
      0.721033
      0.721032
      0.721033
      0.721032
      0.721033
      0.721032
      0.721032
      0.721032
      0.721032
      0.721031
      0.721032
      0.721031
      0.721031
      0.721031
      0.721031
       0.72103
      0.721031
       0.72103
       0.72103
       0.72103
       0.72103
       0.72103
       0.72103
       0.72103
       0.72103
       0.72103
      0.721031
       0.72103
      0.721031
      0.721031
      0.721031
      0.721031
      0.721032
      0.721031
      0.721032
      0.721032
      0.721032
      0.721032
      0.721033
      0.721032
      0.721033
      0.721032
      0.721033
      0.721033
      0.721033
      0.721033
      0.721033
      0.721033
      0.721033
      0.721033
      0.721033
       0.67728
       0.67728
       0.67728
       0.67728
       0.67728
       0.67728
       0.67728
       0.67728
       0.67728
      0.677279
      0.677279
      0.677279
      0.677279
      0.677279
      0.677279
      0.677278
      0.677278
      0.677278
      0.677278
      0.677277
      0.677277
      0.677277
      0.677277
      0.677277
      0.677276
      0.677276
      0.677276
      0.677276
      0.677276
      0.677276
      0.677276
      0.677276
      0.677276
      0.677276
      0.677277
      0.677277
      0.677277
      0.677277
      0.677277
      0.677277
      0.677278
      0.677278
      0.677278
      0.677278
      0.677279
      0.677279
      0.677279
      0.677279
      0.677279
      0.677279
       0.67728
       0.67728
       0.67728
       0.67728
       0.67728
       0.67728
       0.67728
       0.67728
       0.67728
      0.634721
       0.63472
      0.634721
       0.63472
      0.634721
       0.63472
       0.63472
       0.63472
       0.63472
      0.634719
       0.63472
      0.634719
       0.63472
      0.634719
      0.634719
      0.634718
      0.634719
      0.634718
      0.634718
      0.634717
      0.634717
      0.634716
      0.634717
      0.634716
      0.634716
      0.634715
      0.634716
      0.634715
      0.634716
      0.634715
      0.634716
      0.634715
      0.634716
      0.634715
      0.634716
      0.634716
      0.634717
      0.634716
      0.634717
      0.634717
      0.634718
      0.634718
      0.634719
      0.634718
      0.634719
      0.634719
       0.63472
      0.634719
       0.63472
      0.634719
       0.63472
       0.63472
       0.63472
       0.63472
      0.634721
       0.63472
      0.634721
       0.63472
      0.634721
      0.593488
      0.593488
      0.593488
      0.593488
      0.593488
      0.593488
      0.593488
      0.593487
      0.593487
      0.593487
      0.593487
      0.593487
      0.593487
      0.593486
      0.593486
      0.593486
      0.593485
      0.593485
      0.593485
      0.593484
      0.593484
      0.593483
      0.593483
      0.593482
      0.593482
      0.593482
      0.593482
      0.593481
      0.593481
      0.593481
      0.593481
      0.593481
      0.593482
      0.593482
      0.593482
      0.593482
      0.593483
      0.593483
      0.593484
      0.593484
      0.593485
      0.593485
      0.593485
      0.593486
      0.593486
      0.593486
      0.593487
      0.593487
      0.593487
      0.593487
      0.593487
      0.593487
      0.593488
      0.593488
      0.593488
      0.593488
      0.593488
      0.593488
      0.593488
       0.55371
      0.553709
       0.55371
      0.553709
       0.55371
      0.553709
      0.553709
      0.553709
      0.553709
      0.553708
      0.553709
      0.553708
      0.553708
      0.553707
      0.553708
      0.553706
      0.553707
      0.553706
      0.553706
      0.553705
      0.553705
      0.553703
      0.553704
      0.553702
      0.553703
      0.553702
      0.553702
      0.553701
      0.553702
      0.553701
      0.553702
      0.553701
      0.553702
      0.553702
      0.553703
      0.553702
      0.553704
      0.553703
      0.553705
      0.553705
      0.553706
      0.553706
      0.553707
      0.553706
      0.553708
      0.553707
      0.553708
      0.553708
      0.553709
      0.553708
      0.553709
      0.553709
      0.553709
      0.553709
       0.55371
      0.553709
       0.55371
      0.553709
       0.55371
      0.515498
      0.515498
      0.515498
      0.515498
      0.515498
      0.515497
      0.515498
      0.515497
      0.515497
      0.515497
      0.515497
      0.515496
      0.515496
      0.515495
      0.515495
      0.515495
      0.515494
      0.515493
      0.515493
      0.515492
      0.515492
      0.515491
       0.51549
       0.51549
      0.515489
      0.515488
      0.515488
      0.515488
      0.515488
      0.515487
      0.515488
      0.515488
      0.515488
      0.515488
      0.515489
       0.51549
       0.51549
      0.515491
      0.515492
      0.515492
      0.515493
      0.515493
      0.515494
      0.515495
      0.515495
      0.515495
      0.515496
      0.515496
      0.515497
      0.515497
      0.515497
      0.515497
      0.515498
      0.515497
      0.515498
      0.515498
      0.515498
      0.515498
      0.515498
      0.478959
      0.478958
      0.478959
      0.478958
      0.478959
      0.478958
      0.478959
      0.478958
      0.478958
      0.478957
      0.478958
      0.478957
      0.478957
      0.478956
      0.478956
      0.478955
      0.478955
      0.478953
      0.478953
      0.478952
      0.478951
       0.47895
       0.47895
      0.478948
      0.478948
      0.478947
      0.478947
      0.478946
      0.478946
      0.478945
      0.478946
      0.478946
      0.478947
      0.478947
      0.478948
      0.478948
       0.47895
       0.47895
      0.478952
      0.478952
      0.478953
      0.478953
      0.478955
      0.478955
      0.478956
      0.478956
      0.478957
      0.478957
      0.478958
      0.478957
      0.478958
      0.478958
      0.478959
      0.478958
      0.478959
      0.478958
      0.478959
      0.478958
      0.478959
      0.444183
      0.444183
      0.444183
      0.444183
      0.444183
      0.444183
      0.444183
      0.444182
      0.444182
      0.444182
      0.444182
      0.444181
      0.444181
       0.44418
      0.444179
      0.444178
      0.444178
      0.444177
      0.444176
      0.444175
      0.444174
      0.444173
      0.444172
       0.44417
       0.44417
      0.444168
      0.444168
      0.444167
      0.444167
      0.444167
      0.444167
      0.444167
      0.444168
      0.444169
       0.44417
       0.44417
      0.444172
      0.444173
      0.444174
      0.444175
      0.444176
      0.444177
      0.444178
      0.444178
      0.444179
       0.44418
      0.444181
      0.444181
      0.444182
      0.444182
      0.444182
      0.444182
      0.444183
      0.444183
      0.444183
      0.444183
      0.444183
      0.444183
      0.444183
      0.411255
      0.411254
      0.411255
      0.411254
      0.411255
      0.411254
      0.411254
      0.411253
      0.411254
      0.411253
      0.411253
      0.411252
      0.411252
       0.41125
       0.41125
      0.411249
      0.411248
      0.411247
      0.411246
      0.411244
      0.411243
      0.411241
      0.411241
      0.411238
      0.411238
      0.411236
      0.411236
      0.411234
      0.411234
      0.411234
      0.411235
      0.411234
      0.411236
      0.411236
      0.411238
      0.411239
      0.411241
      0.411241
      0.411244
      0.411244
      0.411246
      0.411247
      0.411248
      0.411249
       0.41125
       0.41125
      0.411252
      0.411252
      0.411253
      0.411253
      0.411254
      0.411253
      0.411254
      0.411254
      0.411255
      0.411254
      0.411255
      0.411254
      0.411255
      0.380242
      0.380242
      0.380242
      0.380242
      0.380242
      0.380242
      0.380242
      0.380241
      0.380241
       0.38024
       0.38024
      0.380239
      0.380239
      0.380238
      0.380237
      0.380236
      0.380235
      0.380233
      0.380232
       0.38023
      0.380228
      0.380226
      0.380225
      0.380223
      0.380221
      0.380219
      0.380218
      0.380217
      0.380217
      0.380216
      0.380217
      0.380217
      0.380218
       0.38022
      0.380221
      0.380223
      0.380225
      0.380227
      0.380229
       0.38023
      0.380232
      0.380233
      0.380235
      0.380236
      0.380237
      0.380238
      0.380239
      0.380239
       0.38024
       0.38024
      0.380241
      0.380241
      0.380242
      0.380242
      0.380242
      0.380242
      0.380242
      0.380242
      0.380242
      0.351209
      0.351208
      0.351209
      0.351208
      0.351208
      0.351208
      0.351208
      0.351207
      0.351207
      0.351206
      0.351206
      0.351205
      0.351205
      0.351203
      0.351202
      0.351201
        0.3512
      0.351197
      0.351196
      0.351193
      0.351192
      0.351189
      0.351187
      0.351184
      0.351182
      0.351179
      0.351178
      0.351176
      0.351176
      0.351175
      0.351176
      0.351177
      0.351179
       0.35118
      0.351183
      0.351185
      0.351187
      0.351189
      0.351192
      0.351194
      0.351196
      0.351198
        0.3512
      0.351201
      0.351203
      0.351203
      0.351205
      0.351205
      0.351206
      0.351206
      0.351207
      0.351207
      0.351208
      0.351208
      0.351208
      0.351208
      0.351209
      0.351208
      0.351209
      0.324203
      0.324203
      0.324203
      0.324202
      0.324202
      0.324202
      0.324202
      0.324201
      0.324201
        0.3242
        0.3242
      0.324199
      0.324198
      0.324197
      0.324195
      0.324194
      0.324192
       0.32419
      0.324188
      0.324185
      0.324182
      0.324179
      0.324176
      0.324173
       0.32417
      0.324167
      0.324164
      0.324162
      0.324161
      0.324161
      0.324162
      0.324163
      0.324165
      0.324167
      0.324171
      0.324173
      0.324177
       0.32418
      0.324183
      0.324185
      0.324188
       0.32419
      0.324192
      0.324194
      0.324196
      0.324197
      0.324198
      0.324199
        0.3242
        0.3242
      0.324201
      0.324201
      0.324202
      0.324202
      0.324202
      0.324202
      0.324203
      0.324203
      0.324203
      0.299269
      0.299268
      0.299268
      0.299268
      0.299268
      0.299267
      0.299268
      0.299267
      0.299267
      0.299265
      0.299265
      0.299264
      0.299263
      0.299261
       0.29926
      0.299258
      0.299256
      0.299253
      0.299251
      0.299247
      0.299244
      0.299239
      0.299235
      0.299231
      0.299227
      0.299222
       0.29922
      0.299217
      0.299216
      0.299215
      0.299216
      0.299218
      0.299221
      0.299224
      0.299229
      0.299232
      0.299237
       0.29924
      0.299245
      0.299248
      0.299251
      0.299253
      0.299256
      0.299258
       0.29926
      0.299261
      0.299263
      0.299264
      0.299265
      0.299265
      0.299267
      0.299267
      0.299268
      0.299267
      0.299268
      0.299268
      0.299268
      0.299268
      0.299269
      0.276438
      0.276437
      0.276437
      0.276437
      0.276437
      0.276437
      0.276436
      0.276436
      0.276435
      0.276434
      0.276434
      0.276432
      0.276431
       0.27643
      0.276428
      0.276425
      0.276423
       0.27642
      0.276416
      0.276412
      0.276407
      0.276402
      0.276397
      0.276391
      0.276385
       0.27638
      0.276375
      0.276372
       0.27637
      0.276369
      0.276371
      0.276373
      0.276378
      0.276382
      0.276388
      0.276393
      0.276399
      0.276404
      0.276409
      0.276413
      0.276417
       0.27642
      0.276423
      0.276426
      0.276428
       0.27643
      0.276431
      0.276432
      0.276434
      0.276434
      0.276435
      0.276436
      0.276436
      0.276437
      0.276437
      0.276437
      0.276437
      0.276437
      0.276438
      0.255738
      0.255737
      0.255738
      0.255737
      0.255737
      0.255737
      0.255736
      0.255736
      0.255735
      0.255734
      0.255733
      0.255732
      0.255731
      0.255728
      0.255727
      0.255724
      0.255721
      0.255717
      0.255713
      0.255707
      0.255702
      0.255695
      0.255688
       0.25568
      0.255672
      0.255664
      0.255658
      0.255653
       0.25565
      0.255649
      0.255652
      0.255656
      0.255662
      0.255669
      0.255676
      0.255684
      0.255691
      0.255698
      0.255704
      0.255709
      0.255714
      0.255718
      0.255721
      0.255724
      0.255727
      0.255729
      0.255731
      0.255732
      0.255733
      0.255734
      0.255735
      0.255736
      0.255736
      0.255737
      0.255737
      0.255737
      0.255738
      0.255737
      0.255738
      0.237188
      0.237187
      0.237187
      0.237187
      0.237187
      0.237187
      0.237186
      0.237185
      0.237185
      0.237184
      0.237183
      0.237181
       0.23718
      0.237178
      0.237175
      0.237172
      0.237168
      0.237164
      0.237159
      0.237152
      0.237145
      0.237136
      0.237127
      0.237116
      0.237105
      0.237095
      0.237085
      0.237078
      0.237074
      0.237074
      0.237077
      0.237083
      0.237092
      0.237101
      0.237112
      0.237122
      0.237132
       0.23714
      0.237148
      0.237154
       0.23716
      0.237165
      0.237169
      0.237172
      0.237175
      0.237178
       0.23718
      0.237181
      0.237183
      0.237184
      0.237185
      0.237186
      0.237186
      0.237187
      0.237187
      0.237187
      0.237187
      0.237187
      0.237188
      0.220803
      0.220802
      0.220803
      0.220802
      0.220802
      0.220801
      0.220801
        0.2208
        0.2208
      0.220799
      0.220797
      0.220796
      0.220794
      0.220791
      0.220789
      0.220785
      0.220781
      0.220776
      0.220769
      0.220761
      0.220752
      0.220741
      0.220729
      0.220714
        0.2207
      0.220685
      0.220671
      0.220661
      0.220655
      0.220654
      0.220659
      0.220668
      0.220681
      0.220695
       0.22071
      0.220723
      0.220736
      0.220747
      0.220757
      0.220765
      0.220772
      0.220777
      0.220782
      0.220786
      0.220789
      0.220792
      0.220794
      0.220796
      0.220798
      0.220799
        0.2208
        0.2208
      0.220801
      0.220801
      0.220802
      0.220802
      0.220803
      0.220802
      0.220803
      0.206592
      0.206592
      0.206592
      0.206592
      0.206591
      0.206591
      0.206591
       0.20659
      0.206589
      0.206588
      0.206586
      0.206585
      0.206583
       0.20658
      0.206577
      0.206573
      0.206568
      0.206562
      0.206554
      0.206545
      0.206533
      0.206519
      0.206503
      0.206484
      0.206464
      0.206443
      0.206423
      0.206407
      0.206398
      0.206397
      0.206405
      0.206419
      0.206438
      0.206459
      0.206479
      0.206497
      0.206514
      0.206527
      0.206539
      0.206549
      0.206557
      0.206564
      0.206569
      0.206574
      0.206577
       0.20658
      0.206583
      0.206585
      0.206587
      0.206588
      0.206589
       0.20659
      0.206591
      0.206591
      0.206591
      0.206592
      0.206592
      0.206592
      0.206592
      0.194563
      0.194563
      0.194563
      0.194563
      0.194562
      0.194562
      0.194561
       0.19456
       0.19456
      0.194558
      0.194557
      0.194555
      0.194553
       0.19455
      0.194546
      0.194542
      0.194536
      0.194529
       0.19452
      0.194509
      0.194495
      0.194478
      0.194457
      0.194433
      0.194405
      0.194374
      0.194345
       0.19432
      0.194306
      0.194303
      0.194317
       0.19434
      0.194369
      0.194399
      0.194426
      0.194451
      0.194472
      0.194489
      0.194503
      0.194515
      0.194524
      0.194532
      0.194538
      0.194543
      0.194547
       0.19455
      0.194553
      0.194555
      0.194557
      0.194558
       0.19456
       0.19456
      0.194561
      0.194562
      0.194562
      0.194563
      0.194563
      0.194563
      0.194563
      0.184719
      0.184719
      0.184719
      0.184718
      0.184718
      0.184717
      0.184717
      0.184716
      0.184715
      0.184714
      0.184712
       0.18471
      0.184708
      0.184705
      0.184701
      0.184696
       0.18469
      0.184682
      0.184672
      0.184659
      0.184642
      0.184621
      0.184596
      0.184564
      0.184526
      0.184483
      0.184437
      0.184396
      0.184369
      0.184364
      0.184389
      0.184431
      0.184476
      0.184519
      0.184557
      0.184588
      0.184614
      0.184635
      0.184652
      0.184666
      0.184676
      0.184685
      0.184692
      0.184697
      0.184702
      0.184705
      0.184708
       0.18471
      0.184712
      0.184714
      0.184715
      0.184716
      0.184717
      0.184717
      0.184718
      0.184718
      0.184719
      0.184719
      0.184719
      0.177061
      0.177061
      0.177061
      0.177061
      0.177061
       0.17706
       0.17706
      0.177059
      0.177058
      0.177056
      0.177055
      0.177053
       0.17705
      0.177047
      0.177043
      0.177037
      0.177031
      0.177022
       0.17701
      0.176996
      0.176977
      0.176953
      0.176921
      0.176881
      0.176832
      0.176771
      0.176699
      0.176629
      0.176574
      0.176557
       0.17661
      0.176689
      0.176761
      0.176824
      0.176874
      0.176914
      0.176945
      0.176969
      0.176989
      0.177004
      0.177016
      0.177025
      0.177033
      0.177039
      0.177044
      0.177047
       0.17705
      0.177053
      0.177055
      0.177056
      0.177058
      0.177059
       0.17706
       0.17706
      0.177061
      0.177061
      0.177061
      0.177061
      0.177061
      0.171592
      0.171592
      0.171592
      0.171591
      0.171591
      0.171591
       0.17159
      0.171589
      0.171588
      0.171587
      0.171585
      0.171583
       0.17158
      0.171577
      0.171572
      0.171567
      0.171559
       0.17155
      0.171538
      0.171522
      0.171501
      0.171473
      0.171437
       0.17139
      0.171327
      0.171246
       0.17114
      0.171004
      0.170854
      0.170811
      0.170951
      0.171113
      0.171234
      0.171319
      0.171381
      0.171429
      0.171465
      0.171493
      0.171514
      0.171531
      0.171544
      0.171554
      0.171562
      0.171568
      0.171573
      0.171577
       0.17158
      0.171583
      0.171585
      0.171587
      0.171588
      0.171589
       0.17159
      0.171591
      0.171591
      0.171591
      0.171592
      0.171592
      0.171592
       0.16831
       0.16831
       0.16831
       0.16831
      0.168309
      0.168309
      0.168308
      0.168307
      0.168306
      0.168305
      0.168303
      0.168301
      0.168298
      0.168295
       0.16829
      0.168284
      0.168277
      0.168267
      0.168254
      0.168237
      0.168215
      0.168185
      0.168145
      0.168092
       0.16802
      0.167918
      0.167775
      0.167534
      0.167129
      0.166956
      0.167377
       0.16772
      0.167908
      0.168011
      0.168084
      0.168137
      0.168177
      0.168207
       0.16823
      0.168247
      0.168261
      0.168271
      0.168279
      0.168286
      0.168291
      0.168295
      0.168299
      0.168301
      0.168303
      0.168305
      0.168306
      0.168307
      0.168308
      0.168309
      0.168309
       0.16831
       0.16831
       0.16831
       0.16831
      0.167216
      0.167216
      0.167216
      0.167216
      0.167216
      0.167215
      0.167214
      0.167213
      0.167212
      0.167211
      0.167209
      0.167207
      0.167204
      0.167201
      0.167196
       0.16719
      0.167183
      0.167173
       0.16716
      0.167142
      0.167119
      0.167089
      0.167048
      0.166992
      0.166915
      0.166804
      0.166637
      0.166353
      0.165798
      0.165771
        0.1663
      0.166608
      0.166792
      0.166906
      0.166984
      0.167039
       0.16708
      0.167111
      0.167135
      0.167152
      0.167166
      0.167177
      0.167185
      0.167192
      0.167197
      0.167201
      0.167205
      0.167207
      0.167209
      0.167211
      0.167212
      0.167213
      0.167214
      0.167215
      0.167216
      0.167216
      0.167216
      0.167216
      0.167216
       0.16831
       0.16831
       0.16831
       0.16831
      0.168309
      0.168309
      0.168308
      0.168307
      0.168306
      0.168305
      0.168303
      0.168301
      0.168298
      0.168295
       0.16829
      0.168284
      0.168277
      0.168267
      0.168254
      0.168237
      0.168215
      0.168185
      0.168145
      0.168092
       0.16802
      0.167919
      0.167777
      0.167576
      0.167298
      0.167356
      0.167546
      0.167762
       0.16791
      0.168011
      0.168084
      0.168137
      0.168177
      0.168207
       0.16823
      0.168247
      0.168261
      0.168271
      0.168279
      0.168286
      0.168291
      0.168295
      0.168299
      0.168301
      0.168303
      0.168305
      0.168306
      0.168307
      0.168308
      0.168309
      0.168309
       0.16831
       0.16831
       0.16831
       0.16831
      0.171592
      0.171592
      0.171592
      0.171591
      0.171591
      0.171591
       0.17159
      0.171589
      0.171588
      0.171587
      0.171585
      0.171583
       0.17158
      0.171577
      0.171572
      0.171567
      0.171559
       0.17155
      0.171538
      0.171522
      0.171501
      0.171473
      0.171437
       0.17139
      0.171328
      0.171248
      0.171147
      0.171031
      0.170927
      0.170936
      0.171024
       0.17114
       0.17124
       0.17132
      0.171382
      0.171429
      0.171465
      0.171493
      0.171514
      0.171531
      0.171544
      0.171554
      0.171562
      0.171568
      0.171573
      0.171577
       0.17158
      0.171583
      0.171585
      0.171587
      0.171588
      0.171589
       0.17159
      0.171591
      0.171591
      0.171591
      0.171592
      0.171592
      0.171592
      0.177061
      0.177061
      0.177061
      0.177061
      0.177061
       0.17706
       0.17706
      0.177059
      0.177058
      0.177056
      0.177055
      0.177053
       0.17705
      0.177047
      0.177043
      0.177037
      0.177031
      0.177022
       0.17701
      0.176996
      0.176977
      0.176953
      0.176921
      0.176882
      0.176832
      0.176772
      0.176704
      0.176641
      0.176601
      0.176595
      0.176637
      0.176701
      0.176766
      0.176825
      0.176874
      0.176914
      0.176945
      0.176969
      0.176989
      0.177004
      0.177016
      0.177025
      0.177033
      0.177039
      0.177044
      0.177047
       0.17705
      0.177053
      0.177055
      0.177056
      0.177058
      0.177059
       0.17706
       0.17706
      0.177061
      0.177061
      0.177061
      0.177061
      0.177061
      0.184719
      0.184719
      0.184719
      0.184718
      0.184718
      0.184717
      0.184717
      0.184716
      0.184715
      0.184714
      0.184712
       0.18471
      0.184708
      0.184705
      0.184701
      0.184696
       0.18469
      0.184682
      0.184672
      0.184659
      0.184642
      0.184621
      0.184596
      0.184564
      0.184526
      0.184484
      0.184439
      0.184401
      0.184377
      0.184375
      0.184398
      0.184435
      0.184478
       0.18452
      0.184557
      0.184588
      0.184614
      0.184635
      0.184652
      0.184666
      0.184676
      0.184685
      0.184692
      0.184697
      0.184702
      0.184705
      0.184708
       0.18471
      0.184712
      0.184714
      0.184715
      0.184716
      0.184717
      0.184717
      0.184718
      0.184718
      0.184719
      0.184719
      0.184719
      0.194563
      0.194563
      0.194563
      0.194563
      0.194562
      0.194562
      0.194561
       0.19456
       0.19456
      0.194558
      0.194557
      0.194555
      0.194553
       0.19455
      0.194546
      0.194542
      0.194536
      0.194529
       0.19452
      0.194509
      0.194495
      0.194478
      0.194457
      0.194433
      0.194405
      0.194375
      0.194345
      0.194321
      0.194308
      0.194306
      0.194319
      0.194342
       0.19437
      0.194399
      0.194426
      0.194451
      0.194472
      0.194489
      0.194503
      0.194515
      0.194524
      0.194532
      0.194538
      0.194543
      0.194547
       0.19455
      0.194553
      0.194555
      0.194557
      0.194558
       0.19456
       0.19456
      0.194561
      0.194562
      0.194562
      0.194563
      0.194563
      0.194563
      0.194563
      0.206592
      0.206592
      0.206592
      0.206592
      0.206591
      0.206591
      0.206591
       0.20659
      0.206589
      0.206588
      0.206586
      0.206585
      0.206583
       0.20658
      0.206577
      0.206573
      0.206568
      0.206562
      0.206554
      0.206545
      0.206533
      0.206519
      0.206503
      0.206484
      0.206464
      0.206443
      0.206423
      0.206407
      0.206398
      0.206397
      0.206405
       0.20642
      0.206439
      0.206459
      0.206479
      0.206497
      0.206514
      0.206527
      0.206539
      0.206549
      0.206557
      0.206564
      0.206569
      0.206574
      0.206577
       0.20658
      0.206583
      0.206585
      0.206587
      0.206588
      0.206589
       0.20659
      0.206591
      0.206591
      0.206591
      0.206592
      0.206592
      0.206592
      0.206592
      0.220803
      0.220802
      0.220803
      0.220802
      0.220802
      0.220801
      0.220801
        0.2208
        0.2208
      0.220799
      0.220797
      0.220796
      0.220794
      0.220791
      0.220789
      0.220785
      0.220781
      0.220776
      0.220769
      0.220761
      0.220752
      0.220741
      0.220729
      0.220714
        0.2207
      0.220685
      0.220671
      0.220661
      0.220655
      0.220654
      0.220659
      0.220668
      0.220681
      0.220695
       0.22071
      0.220723
      0.220736
      0.220747
      0.220757
      0.220765
      0.220772
      0.220777
      0.220782
      0.220786
      0.220789
      0.220792
      0.220794
      0.220796
      0.220798
      0.220799
        0.2208
        0.2208
      0.220801
      0.220801
      0.220802
      0.220802
      0.220803
      0.220802
      0.220803
      0.237188
      0.237187
      0.237187
      0.237187
      0.237187
      0.237187
      0.237186
      0.237185
      0.237185
      0.237184
      0.237183
      0.237181
       0.23718
      0.237178
      0.237175
      0.237172
      0.237168
      0.237164
      0.237159
      0.237152
      0.237145
      0.237136
      0.237127
      0.237116
      0.237105
      0.237095
      0.237085
      0.237078
      0.237074
      0.237074
      0.237077
      0.237083
      0.237092
      0.237101
      0.237112
      0.237122
      0.237132
       0.23714
      0.237148
      0.237154
       0.23716
      0.237165
      0.237169
      0.237172
      0.237175
      0.237178
       0.23718
      0.237181
      0.237183
      0.237184
      0.237185
      0.237186
      0.237186
      0.237187
      0.237187
      0.237187
      0.237187
      0.237187
      0.237188
      0.255738
      0.255737
      0.255738
      0.255737
      0.255737
      0.255737
      0.255736
      0.255736
      0.255735
      0.255734
      0.255733
      0.255732
      0.255731
      0.255728
      0.255727
      0.255724
      0.255721
      0.255717
      0.255713
      0.255707
      0.255702
      0.255695
      0.255688
       0.25568
      0.255672
      0.255664
      0.255658
      0.255653
       0.25565
      0.255649
      0.255652
      0.255656
      0.255662
      0.255669
      0.255676
      0.255684
      0.255691
      0.255698
      0.255704
      0.255709
      0.255714
      0.255718
      0.255721
      0.255724
      0.255727
      0.255729
      0.255731
      0.255732
      0.255733
      0.255734
      0.255735
      0.255736
      0.255736
      0.255737
      0.255737
      0.255737
      0.255738
      0.255737
      0.255738
      0.276438
      0.276437
      0.276437
      0.276437
      0.276437
      0.276437
      0.276436
      0.276436
      0.276435
      0.276434
      0.276434
      0.276432
      0.276431
       0.27643
      0.276428
      0.276425
      0.276423
       0.27642
      0.276416
      0.276412
      0.276407
      0.276402
      0.276397
      0.276391
      0.276385
       0.27638
      0.276375
      0.276372
       0.27637
      0.276369
      0.276371
      0.276373
      0.276378
      0.276382
      0.276388
      0.276393
      0.276399
      0.276404
      0.276409
      0.276413
      0.276417
       0.27642
      0.276423
      0.276426
      0.276428
       0.27643
      0.276431
      0.276432
      0.276434
      0.276434
      0.276435
      0.276436
      0.276436
      0.276437
      0.276437
      0.276437
      0.276437
      0.276437
      0.276438
      0.299269
      0.299268
      0.299268
      0.299268
      0.299268
      0.299267
      0.299268
      0.299267
      0.299267
      0.299265
      0.299265
      0.299264
      0.299263
      0.299261
       0.29926
      0.299258
      0.299256
      0.299253
      0.299251
      0.299247
      0.299244
      0.299239
      0.299235
      0.299231
      0.299227
      0.299222
       0.29922
      0.299217
      0.299216
      0.299215
      0.299216
      0.299218
      0.299221
      0.299224
      0.299229
      0.299232
      0.299237
       0.29924
      0.299245
      0.299248
      0.299251
      0.299253
      0.299256
      0.299258
       0.29926
      0.299261
      0.299263
      0.299264
      0.299265
      0.299265
      0.299267
      0.299267
      0.299268
      0.299267
      0.299268
      0.299268
      0.299268
      0.299268
      0.299269
      0.324203
      0.324203
      0.324203
      0.324202
      0.324202
      0.324202
      0.324202
      0.324201
      0.324201
        0.3242
        0.3242
      0.324199
      0.324198
      0.324197
      0.324195
      0.324194
      0.324192
       0.32419
      0.324188
      0.324185
      0.324182
      0.324179
      0.324176
      0.324173
       0.32417
      0.324167
      0.324164
      0.324162
      0.324161
      0.324161
      0.324162
      0.324163
      0.324165
      0.324167
      0.324171
      0.324173
      0.324177
       0.32418
      0.324183
      0.324185
      0.324188
       0.32419
      0.324192
      0.324194
      0.324196
      0.324197
      0.324198
      0.324199
        0.3242
        0.3242
      0.324201
      0.324201
      0.324202
      0.324202
      0.324202
      0.324202
      0.324203
      0.324203
      0.324203
      0.351209
      0.351208
      0.351209
      0.351208
      0.351208
      0.351208
      0.351208
      0.351207
      0.351207
      0.351206
      0.351206
      0.351205
      0.351205
      0.351203
      0.351202
      0.351201
        0.3512
      0.351197
      0.351196
      0.351193
      0.351192
      0.351189
      0.351187
      0.351184
      0.351182
      0.351179
      0.351178
      0.351176
      0.351176
      0.351175
      0.351176
      0.351177
      0.351179
       0.35118
      0.351183
      0.351185
      0.351187
      0.351189
      0.351192
      0.351194
      0.351196
      0.351198
        0.3512
      0.351201
      0.351203
      0.351203
      0.351205
      0.351205
      0.351206
      0.351206
      0.351207
      0.351207
      0.351208
      0.351208
      0.351208
      0.351208
      0.351209
      0.351208
      0.351209
      0.380242
      0.380242
      0.380242
      0.380242
      0.380242
      0.380242
      0.380242
      0.380241
      0.380241
       0.38024
       0.38024
      0.380239
      0.380239
      0.380238
      0.380237
      0.380236
      0.380235
      0.380233
      0.380232
       0.38023
      0.380228
      0.380226
      0.380225
      0.380223
      0.380221
      0.380219
      0.380218
      0.380217
      0.380217
      0.380216
      0.380217
      0.380217
      0.380218
       0.38022
      0.380221
      0.380223
      0.380225
      0.380227
      0.380229
       0.38023
      0.380232
      0.380233
      0.380235
      0.380236
      0.380237
      0.380238
      0.380239
      0.380239
       0.38024
       0.38024
      0.380241
      0.380241
      0.380242
      0.380242
      0.380242
      0.380242
      0.380242
      0.380242
      0.380242
      0.411255
      0.411254
      0.411255
      0.411254
      0.411255
      0.411254
      0.411254
      0.411253
      0.411254
      0.411253
      0.411253
      0.411252
      0.411252
       0.41125
       0.41125
      0.411249
      0.411248
      0.411247
      0.411246
      0.411244
      0.411243
      0.411241
      0.411241
      0.411238
      0.411238
      0.411236
      0.411236
      0.411234
      0.411234
      0.411234
      0.411235
      0.411234
      0.411236
      0.411236
      0.411238
      0.411239
      0.411241
      0.411241
      0.411244
      0.411244
      0.411246
      0.411247
      0.411248
      0.411249
       0.41125
       0.41125
      0.411252
      0.411252
      0.411253
      0.411253
      0.411254
      0.411253
      0.411254
      0.411254
      0.411255
      0.411254
      0.411255
      0.411254
      0.411255
      0.444183
      0.444183
      0.444183
      0.444183
      0.444183
      0.444183
      0.444183
      0.444182
      0.444182
      0.444182
      0.444182
      0.444181
      0.444181
       0.44418
      0.444179
      0.444178
      0.444178
      0.444177
      0.444176
      0.444175
      0.444174
      0.444173
      0.444172
       0.44417
       0.44417
      0.444168
      0.444168
      0.444167
      0.444167
      0.444167
      0.444167
      0.444167
      0.444168
      0.444169
       0.44417
       0.44417
      0.444172
      0.444173
      0.444174
      0.444175
      0.444176
      0.444177
      0.444178
      0.444178
      0.444179
       0.44418
      0.444181
      0.444181
      0.444182
      0.444182
      0.444182
      0.444182
      0.444183
      0.444183
      0.444183
      0.444183
      0.444183
      0.444183
      0.444183
      0.478959
      0.478958
      0.478959
      0.478958
      0.478959
      0.478958
      0.478959
      0.478958
      0.478958
      0.478957
      0.478958
      0.478957
      0.478957
      0.478956
      0.478956
      0.478955
      0.478955
      0.478953
      0.478953
      0.478952
      0.478951
       0.47895
       0.47895
      0.478948
      0.478948
      0.478947
      0.478947
      0.478946
      0.478946
      0.478945
      0.478946
      0.478946
      0.478947
      0.478947
      0.478948
      0.478948
       0.47895
       0.47895
      0.478952
      0.478952
      0.478953
      0.478953
      0.478955
      0.478955
      0.478956
      0.478956
      0.478957
      0.478957
      0.478958
      0.478957
      0.478958
      0.478958
      0.478959
      0.478958
      0.478959
      0.478958
      0.478959
      0.478958
      0.478959
      0.515498
      0.515498
      0.515498
      0.515498
      0.515498
      0.515497
      0.515498
      0.515497
      0.515497
      0.515497
      0.515497
      0.515496
      0.515496
      0.515495
      0.515495
      0.515495
      0.515494
      0.515493
      0.515493
      0.515492
      0.515492
      0.515491
       0.51549
       0.51549
      0.515489
      0.515488
      0.515488
      0.515488
      0.515488
      0.515487
      0.515488
      0.515488
      0.515488
      0.515488
      0.515489
       0.51549
       0.51549
      0.515491
      0.515492
      0.515492
      0.515493
      0.515493
      0.515494
      0.515495
      0.515495
      0.515495
      0.515496
      0.515496
      0.515497
      0.515497
      0.515497
      0.515497
      0.515498
      0.515497
      0.515498
      0.515498
      0.515498
      0.515498
      0.515498
       0.55371
      0.553709
       0.55371
      0.553709
       0.55371
      0.553709
      0.553709
      0.553709
      0.553709
      0.553708
      0.553709
      0.553708
      0.553708
      0.553707
      0.553708
      0.553706
      0.553707
      0.553706
      0.553706
      0.553705
      0.553705
      0.553703
      0.553704
      0.553702
      0.553703
      0.553702
      0.553702
      0.553701
      0.553702
      0.553701
      0.553702
      0.553701
      0.553702
      0.553702
      0.553703
      0.553702
      0.553704
      0.553703
      0.553705
      0.553705
      0.553706
      0.553706
      0.553707
      0.553706
      0.553708
      0.553707
      0.553708
      0.553708
      0.553709
      0.553708
      0.553709
      0.553709
      0.553709
      0.553709
       0.55371
      0.553709
       0.55371
      0.553709
       0.55371
      0.593488
      0.593488
      0.593488
      0.593488
      0.593488
      0.593488
      0.593488
      0.593487
      0.593487
      0.593487
      0.593487
      0.593487
      0.593487
      0.593486
      0.593486
      0.593486
      0.593485
      0.593485
      0.593485
      0.593484
      0.593484
      0.593483
      0.593483
      0.593482
      0.593482
      0.593482
      0.593482
      0.593481
      0.593481
      0.593481
      0.593481
      0.593481
      0.593482
      0.593482
      0.593482
      0.593482
      0.593483
      0.593483
      0.593484
      0.593484
      0.593485
      0.593485
      0.593485
      0.593486
      0.593486
      0.593486
      0.593487
      0.593487
      0.593487
      0.593487
      0.593487
      0.593487
      0.593488
      0.593488
      0.593488
      0.593488
      0.593488
      0.593488
      0.593488
      0.634721
       0.63472
      0.634721
       0.63472
      0.634721
       0.63472
       0.63472
       0.63472
       0.63472
      0.634719
       0.63472
      0.634719
       0.63472
      0.634719
      0.634719
      0.634718
      0.634719
      0.634718
      0.634718
      0.634717
      0.634717
      0.634716
      0.634717
      0.634716
      0.634716
      0.634715
      0.634716
      0.634715
      0.634716
      0.634715
      0.634716
      0.634715
      0.634716
      0.634715
      0.634716
      0.634716
      0.634717
      0.634716
      0.634717
      0.634717
      0.634718
      0.634718
      0.634719
      0.634718
      0.634719
      0.634719
       0.63472
      0.634719
       0.63472
      0.634719
       0.63472
       0.63472
       0.63472
       0.63472
      0.634721
       0.63472
      0.634721
       0.63472
      0.634721
       0.67728
       0.67728
       0.67728
       0.67728
       0.67728
       0.67728
       0.67728
       0.67728
       0.67728
      0.677279
      0.677279
      0.677279
      0.677279
      0.677279
      0.677279
      0.677278
      0.677278
      0.677278
      0.677278
      0.677277
      0.677277
      0.677277
      0.677277
      0.677277
      0.677276
      0.677276
      0.677276
      0.677276
      0.677276
      0.677276
      0.677276
      0.677276
      0.677276
      0.677276
      0.677277
      0.677277
      0.677277
      0.677277
      0.677277
      0.677277
      0.677278
      0.677278
      0.677278
      0.677278
      0.677279
      0.677279
      0.677279
      0.677279
      0.677279
      0.677279
       0.67728
       0.67728
       0.67728
       0.67728
       0.67728
       0.67728
       0.67728
       0.67728
       0.67728
      0.721033
      0.721033
      0.721033
      0.721033
      0.721033
      0.721033
      0.721033
      0.721033
      0.721033
      0.721032
      0.721033
      0.721032
      0.721033
      0.721032
      0.721032
      0.721032
      0.721032
      0.721031
      0.721032
      0.721031
      0.721031
      0.721031
      0.721031
       0.72103
      0.721031
       0.72103
       0.72103
       0.72103
       0.72103
       0.72103
       0.72103
       0.72103
       0.72103
       0.72103
      0.721031
       0.72103
      0.721031
      0.721031
      0.721031
      0.721031
      0.721032
      0.721031
      0.721032
      0.721032
      0.721032
      0.721032
      0.721033
      0.721032
      0.721033
      0.721032
      0.721033
      0.721033
      0.721033
      0.721033
      0.721033
      0.721033
      0.721033
      0.721033
      0.721033
      0.765834
      0.765834
      0.765834
      0.765834
      0.765834
      0.765834
      0.765834
      0.765834
      0.765834
      0.765834
      0.765834
      0.765834
      0.765834
      0.765833
      0.765833
      0.765833
      0.765833
      0.765833
      0.765833
      0.765833
      0.765833
      0.765832
      0.765832
      0.765832
      0.765832
      0.765832
      0.765832
      0.765832
      0.765832
      0.765832
      0.765832
      0.765832
      0.765832
      0.765832
      0.765832
      0.765832
      0.765832
      0.765832
      0.765833
      0.765833
      0.765833
      0.765833
      0.765833
      0.765833
      0.765833
      0.765833
      0.765834
      0.765834
      0.765834
      0.765834
      0.765834
      0.765834
      0.765834
      0.765834
      0.765834
      0.765834
      0.765834
      0.765834
      0.765834
      0.811532
      0.811531
      0.811532
      0.811531
      0.811532
      0.811531
      0.811532
      0.811531
      0.811531
      0.811531
      0.811531
      0.811531
      0.811531
      0.811531
      0.811531
      0.811531
      0.811531
       0.81153
      0.811531
       0.81153
       0.81153
       0.81153
       0.81153
       0.81153
       0.81153
       0.81153
       0.81153
      0.811529
       0.81153
      0.811529
       0.81153
      0.811529
       0.81153
       0.81153
       0.81153
       0.81153
       0.81153
       0.81153
       0.81153
       0.81153
      0.811531
       0.81153
      0.811531
      0.811531
      0.811531
      0.811531
      0.811531
      0.811531
      0.811531
      0.811531
      0.811531
      0.811531
      0.811532
      0.811531
      0.811532
      0.811531
      0.811532
      0.811531
      0.811532
      0.857964
      0.857964
      0.857964
      0.857964
      0.857964
      0.857964
      0.857964
      0.857964
      0.857964
      0.857964
      0.857964
      0.857964
      0.857964
      0.857964
      0.857964
      0.857964
      0.857964
      0.857964
      0.857964
      0.857963
      0.857963
      0.857963
      0.857963
      0.857963
      0.857963
      0.857963
      0.857963
      0.857963
      0.857963
      0.857963
      0.857963
      0.857963
      0.857963
      0.857963
      0.857963
      0.857963
      0.857963
      0.857963
      0.857963
      0.857963
      0.857964
      0.857964
      0.857964
      0.857964
      0.857964
      0.857964
      0.857964
      0.857964
      0.857964
      0.857964
      0.857964
      0.857964
      0.857964
      0.857964
      0.857964
      0.857964
      0.857964
      0.857964
      0.857964
      0.904968
      0.904967
      0.904968
      0.904967
      0.904968
      0.904967
      0.904968
      0.904967
      0.904968
      0.904967
      0.904968
      0.904967
      0.904967
      0.904967
      0.904967
      0.904967
      0.904967
      0.904967
      0.904967
      0.904967
      0.904967
      0.904967
      0.904967
      0.904967
      0.904967
      0.904967
      0.904967
      0.904967
      0.904967
      0.904967
      0.904967
      0.904967
      0.904967
      0.904967
      0.904967
      0.904967
      0.904967
      0.904967
      0.904967
      0.904967
      0.904967
      0.904967
      0.904967
      0.904967
      0.904967
      0.904967
      0.904967
      0.904967
      0.904968
      0.904967
      0.904968
      0.904967
      0.904968
      0.904967
      0.904968
      0.904967
      0.904968
      0.904967
      0.904968
      0.952371
       0.95237
      0.952371
       0.95237
      0.952371
       0.95237
      0.952371
       0.95237
       0.95237
       0.95237
       0.95237
       0.95237
       0.95237
       0.95237
       0.95237
       0.95237
       0.95237
       0.95237
       0.95237
       0.95237
       0.95237
       0.95237
       0.95237
       0.95237
       0.95237
       0.95237
       0.95237
       0.95237
       0.95237
       0.95237
       0.95237
       0.95237
       0.95237
       0.95237
       0.95237
       0.95237
       0.95237
       0.95237
       0.95237
       0.95237
       0.95237
       0.95237
       0.95237
       0.95237
       0.95237
       0.95237
       0.95237
       0.95237
       0.95237
       0.95237
       0.95237
       0.95237
      0.952371
       0.95237
      0.952371
       0.95237
      0.952371
       0.95237
      0.952371
             1
             1
             1
             1
             1
             1
             1
             1
             1
             1
             1
             1
             1
             1
             1
             1
             1
             1
             1
             1
             1
             1
             1
             1
             1
             1
             1
             1
             1
             1
             1
             1
             1
             1
             1
             1
             1
             1
             1
             1
             1
             1
             1
             1
             1
             1
             1
             1
             1
             1
             1
             1
             1
             1
             1
             1
             1
             1
             1
