             1
             1
             1
             1
             1
             1
             1
             1
             1
             1
             1
             1
             1
             1
             1
             1
             1
             1
             1
             1
             1
             1
             1
             1
             1
             1
             1
             1
             1
             1
             1
             1
             1
             1
             1
             1
             1
             1
             1
             1
             1
             1
             1
             1
             1
             1
             1
             1
             1
             1
             1
             1
             1
             1
             1
             1
             1
             1
             1
       0.95274
       0.95274
       0.95274
       0.95274
       0.95274
       0.95274
       0.95274
       0.95274
       0.95274
       0.95274
       0.95274
       0.95274
       0.95274
       0.95274
       0.95274
       0.95274
       0.95274
       0.95274
       0.95274
      0.952739
      0.952739
      0.952739
      0.952739
      0.952739
      0.952739
      0.952739
      0.952739
      0.952739
      0.952739
      0.952739
      0.952739
      0.952739
      0.952739
      0.952739
      0.952739
      0.952739
      0.952739
      0.952739
      0.952739
      0.952739
       0.95274
       0.95274
       0.95274
       0.95274
       0.95274
       0.95274
       0.95274
       0.95274
       0.95274
       0.95274
       0.95274
       0.95274
       0.95274
       0.95274
       0.95274
       0.95274
       0.95274
       0.95274
       0.95274
      0.905703
      0.905703
      0.905703
      0.905703
      0.905703
      0.905703
      0.905703
      0.905703
      0.905703
      0.905703
      0.905703
      0.905703
      0.905703
      0.905702
      0.905703
      0.905702
      0.905702
      0.905702
      0.905702
      0.905702
      0.905702
      0.905702
      0.905702
      0.905702
      0.905702
      0.905702
      0.905702
      0.905702
      0.905702
      0.905702
      0.905702
      0.905702
      0.905702
      0.905702
      0.905702
      0.905702
      0.905702
      0.905702
      0.905702
      0.905702
      0.905702
      0.905702
      0.905702
      0.905702
      0.905703
      0.905702
      0.905703
      0.905703
      0.905703
      0.905703
      0.905703
      0.905703
      0.905703
      0.905703
      0.905703
      0.905703
      0.905703
      0.905703
      0.905703
      0.859059
      0.859059
      0.859059
      0.859059
      0.859059
      0.859059
      0.859059
      0.859059
      0.859059
      0.859059
      0.859059
      0.859059
      0.859059
      0.859059
      0.859059
      0.859058
      0.859058
      0.859058
      0.859058
      0.859058
      0.859058
      0.859058
      0.859058
      0.859058
      0.859058
      0.859058
      0.859058
      0.859058
      0.859058
      0.859058
      0.859058
      0.859058
      0.859058
      0.859058
      0.859058
      0.859058
      0.859058
      0.859058
      0.859058
      0.859058
      0.859058
      0.859058
      0.859058
      0.859058
      0.859059
      0.859059
      0.859059
      0.859059
      0.859059
      0.859059
      0.859059
      0.859059
      0.859059
      0.859059
      0.859059
      0.859059
      0.859059
      0.859059
      0.859059
      0.812977
      0.812976
      0.812977
      0.812976
      0.812977
      0.812976
      0.812976
      0.812976
      0.812976
      0.812976
      0.812976
      0.812976
      0.812976
      0.812976
      0.812976
      0.812975
      0.812976
      0.812975
      0.812976
      0.812975
      0.812975
      0.812975
      0.812975
      0.812975
      0.812975
      0.812974
      0.812975
      0.812974
      0.812975
      0.812974
      0.812975
      0.812974
      0.812975
      0.812974
      0.812975
      0.812975
      0.812975
      0.812975
      0.812975
      0.812975
      0.812976
      0.812975
      0.812976
      0.812975
      0.812976
      0.812976
      0.812976
      0.812976
      0.812976
      0.812976
      0.812976
      0.812976
      0.812976
      0.812976
      0.812977
      0.812976
      0.812977
      0.812976
      0.812977
      0.767617
      0.767617
      0.767617
      0.767617
      0.767617
      0.767617
      0.767617
      0.767617
      0.767617
      0.767617
      0.767617
      0.767616
      0.767616
      0.767616
      0.767616
      0.767616
      0.767616
      0.767616
      0.767616
      0.767615
      0.767615
      0.767615
      0.767615
      0.767615
      0.767615
      0.767615
      0.767615
      0.767614
      0.767614
      0.767614
      0.767614
      0.767614
      0.767615
      0.767615
      0.767615
      0.767615
      0.767615
      0.767615
      0.767615
      0.767615
      0.767616
      0.767616
      0.767616
      0.767616
      0.767616
      0.767616
      0.767616
      0.767616
      0.767617
      0.767617
      0.767617
      0.767617
      0.767617
      0.767617
      0.767617
      0.767617
      0.767617
      0.767617
      0.767617
      0.723139
      0.723139
      0.723139
      0.723139
      0.723139
      0.723139
      0.723139
      0.723139
      0.723139
      0.723138
      0.723139
      0.723138
      0.723139
      0.723138
      0.723138
      0.723138
      0.723138
      0.723137
      0.723138
      0.723137
      0.723137
      0.723136
      0.723137
      0.723136
      0.723136
      0.723136
      0.723136
      0.723136
      0.723136
      0.723135
      0.723136
      0.723136
      0.723136
      0.723136
      0.723136
      0.723136
      0.723137
      0.723136
      0.723137
      0.723137
      0.723138
      0.723137
      0.723138
      0.723138
      0.723138
      0.723138
      0.723139
      0.723138
      0.723139
      0.723138
      0.723139
      0.723139
      0.723139
      0.723139
      0.723139
      0.723139
      0.723139
      0.723139
      0.723139
      0.679692
      0.679692
      0.679692
      0.679692
      0.679692
      0.679692
      0.679692
      0.679691
      0.679692
      0.679691
      0.679691
      0.679691
      0.679691
      0.679691
      0.679691
       0.67969
       0.67969
       0.67969
       0.67969
      0.679689
      0.679689
      0.679689
      0.679689
      0.679688
      0.679688
      0.679688
      0.679688
      0.679688
      0.679688
      0.679687
      0.679688
      0.679688
      0.679688
      0.679688
      0.679688
      0.679688
      0.679689
      0.679689
      0.679689
      0.679689
       0.67969
       0.67969
       0.67969
       0.67969
      0.679691
      0.679691
      0.679691
      0.679691
      0.679691
      0.679691
      0.679692
      0.679691
      0.679692
      0.679692
      0.679692
      0.679692
      0.679692
      0.679692
      0.679692
      0.637419
      0.637419
      0.637419
      0.637419
      0.637419
      0.637419
      0.637419
      0.637418
      0.637419
      0.637418
      0.637419
      0.637418
      0.637418
      0.637417
      0.637418
      0.637417
      0.637417
      0.637416
      0.637417
      0.637416
      0.637416
      0.637415
      0.637415
      0.637414
      0.637415
      0.637414
      0.637414
      0.637413
      0.637414
      0.637413
      0.637414
      0.637413
      0.637414
      0.637414
      0.637415
      0.637414
      0.637415
      0.637415
      0.637416
      0.637416
      0.637417
      0.637416
      0.637417
      0.637417
      0.637418
      0.637417
      0.637418
      0.637418
      0.637419
      0.637418
      0.637419
      0.637418
      0.637419
      0.637419
      0.637419
      0.637419
      0.637419
      0.637419
      0.637419
      0.596453
      0.596453
      0.596453
      0.596453
      0.596453
      0.596453
      0.596453
      0.596452
      0.596452
      0.596452
      0.596452
      0.596452
      0.596452
      0.596451
      0.596451
       0.59645
       0.59645
       0.59645
      0.596449
      0.596449
      0.596449
      0.596448
      0.596448
      0.596447
      0.596447
      0.596446
      0.596446
      0.596446
      0.596446
      0.596446
      0.596446
      0.596446
      0.596446
      0.596446
      0.596447
      0.596447
      0.596448
      0.596448
      0.596449
      0.596449
       0.59645
       0.59645
       0.59645
       0.59645
      0.596451
      0.596451
      0.596452
      0.596452
      0.596452
      0.596452
      0.596452
      0.596452
      0.596453
      0.596453
      0.596453
      0.596453
      0.596453
      0.596453
      0.596453
      0.556919
      0.556919
      0.556919
      0.556919
      0.556919
      0.556918
      0.556919
      0.556918
      0.556919
      0.556918
      0.556918
      0.556917
      0.556918
      0.556917
      0.556917
      0.556916
      0.556916
      0.556915
      0.556915
      0.556914
      0.556914
      0.556913
      0.556913
      0.556911
      0.556912
      0.556911
      0.556911
       0.55691
       0.55691
       0.55691
       0.55691
       0.55691
      0.556911
      0.556911
      0.556912
      0.556911
      0.556913
      0.556913
      0.556914
      0.556914
      0.556915
      0.556915
      0.556916
      0.556916
      0.556917
      0.556917
      0.556918
      0.556917
      0.556918
      0.556918
      0.556919
      0.556918
      0.556919
      0.556918
      0.556919
      0.556919
      0.556919
      0.556919
      0.556919
      0.518929
      0.518929
      0.518929
      0.518929
      0.518929
      0.518929
      0.518929
      0.518929
      0.518929
      0.518928
      0.518928
      0.518928
      0.518927
      0.518927
      0.518926
      0.518926
      0.518925
      0.518925
      0.518924
      0.518923
      0.518923
      0.518922
      0.518921
       0.51892
       0.51892
      0.518919
      0.518919
      0.518918
      0.518918
      0.518918
      0.518918
      0.518918
      0.518919
      0.518919
       0.51892
       0.51892
      0.518921
      0.518922
      0.518923
      0.518923
      0.518924
      0.518925
      0.518925
      0.518926
      0.518927
      0.518927
      0.518927
      0.518928
      0.518928
      0.518928
      0.518929
      0.518929
      0.518929
      0.518929
      0.518929
      0.518929
      0.518929
      0.518929
      0.518929
       0.48259
      0.482589
       0.48259
      0.482589
      0.482589
      0.482589
      0.482589
      0.482588
      0.482589
      0.482588
      0.482588
      0.482587
      0.482587
      0.482586
      0.482586
      0.482585
      0.482585
      0.482583
      0.482583
      0.482582
      0.482581
       0.48258
      0.482579
      0.482578
      0.482578
      0.482576
      0.482576
      0.482575
      0.482576
      0.482575
      0.482576
      0.482575
      0.482576
      0.482576
      0.482578
      0.482578
       0.48258
       0.48258
      0.482581
      0.482582
      0.482583
      0.482583
      0.482585
      0.482585
      0.482586
      0.482586
      0.482587
      0.482587
      0.482588
      0.482588
      0.482589
      0.482588
      0.482589
      0.482589
      0.482589
      0.482589
       0.48259
      0.482589
       0.48259
       0.44799
       0.44799
       0.44799
       0.44799
       0.44799
      0.447989
      0.447989
      0.447989
      0.447989
      0.447988
      0.447988
      0.447987
      0.447987
      0.447986
      0.447986
      0.447985
      0.447984
      0.447983
      0.447982
      0.447981
       0.44798
      0.447978
      0.447977
      0.447976
      0.447975
      0.447974
      0.447973
      0.447973
      0.447972
      0.447972
      0.447972
      0.447973
      0.447973
      0.447974
      0.447975
      0.447976
      0.447978
      0.447979
       0.44798
      0.447981
      0.447982
      0.447983
      0.447984
      0.447985
      0.447986
      0.447986
      0.447987
      0.447987
      0.447988
      0.447988
      0.447989
      0.447989
      0.447989
      0.447989
       0.44799
       0.44799
       0.44799
       0.44799
       0.44799
      0.415215
      0.415215
      0.415215
      0.415215
      0.415215
      0.415214
      0.415215
      0.415214
      0.415214
      0.415213
      0.415213
      0.415212
      0.415212
      0.415211
       0.41521
      0.415209
      0.415208
      0.415207
      0.415206
      0.415204
      0.415203
      0.415201
        0.4152
      0.415198
      0.415197
      0.415195
      0.415194
      0.415193
      0.415193
      0.415192
      0.415193
      0.415193
      0.415195
      0.415195
      0.415197
      0.415198
        0.4152
      0.415201
      0.415203
      0.415204
      0.415206
      0.415207
      0.415208
      0.415209
       0.41521
      0.415211
      0.415212
      0.415212
      0.415213
      0.415213
      0.415214
      0.415214
      0.415215
      0.415214
      0.415215
      0.415215
      0.415215
      0.415215
      0.415215
      0.384335
      0.384335
      0.384335
      0.384335
      0.384335
      0.384334
      0.384334
      0.384334
      0.384334
      0.384333
      0.384333
      0.384332
      0.384331
       0.38433
      0.384329
      0.384328
      0.384327
      0.384325
      0.384324
      0.384322
       0.38432
      0.384318
      0.384316
      0.384314
      0.384312
       0.38431
      0.384309
      0.384308
      0.384307
      0.384307
      0.384307
      0.384308
      0.384309
       0.38431
      0.384312
      0.384314
      0.384316
      0.384318
       0.38432
      0.384322
      0.384324
      0.384325
      0.384327
      0.384328
      0.384329
       0.38433
      0.384331
      0.384332
      0.384333
      0.384333
      0.384334
      0.384334
      0.384334
      0.384334
      0.384335
      0.384335
      0.384335
      0.384335
      0.384335
      0.355413
      0.355413
      0.355413
      0.355413
      0.355413
      0.355412
      0.355413
      0.355412
      0.355412
      0.355411
      0.355411
      0.355409
      0.355409
      0.355407
      0.355407
      0.355405
      0.355404
      0.355401
        0.3554
      0.355397
      0.355395
      0.355392
       0.35539
      0.355386
      0.355384
      0.355382
       0.35538
      0.355378
      0.355378
      0.355377
      0.355378
      0.355379
      0.355381
      0.355382
      0.355385
      0.355387
       0.35539
      0.355392
      0.355395
      0.355397
        0.3554
      0.355401
      0.355404
      0.355405
      0.355407
      0.355407
      0.355409
      0.355409
      0.355411
      0.355411
      0.355412
      0.355412
      0.355413
      0.355412
      0.355413
      0.355413
      0.355413
      0.355413
      0.355413
        0.3285
        0.3285
        0.3285
        0.3285
        0.3285
        0.3285
      0.328499
      0.328499
      0.328498
      0.328498
      0.328497
      0.328496
      0.328495
      0.328494
      0.328492
      0.328491
      0.328489
      0.328486
      0.328484
      0.328481
      0.328478
      0.328474
      0.328471
      0.328467
      0.328464
      0.328461
      0.328458
      0.328456
      0.328455
      0.328455
      0.328456
      0.328457
      0.328459
      0.328462
      0.328465
      0.328469
      0.328472
      0.328475
      0.328479
      0.328482
      0.328484
      0.328487
      0.328489
      0.328491
      0.328493
      0.328494
      0.328495
      0.328496
      0.328497
      0.328498
      0.328498
      0.328499
      0.328499
        0.3285
        0.3285
        0.3285
        0.3285
        0.3285
        0.3285
      0.303642
      0.303641
      0.303641
      0.303641
      0.303641
       0.30364
       0.30364
       0.30364
      0.303639
      0.303638
      0.303638
      0.303636
      0.303636
      0.303634
      0.303632
       0.30363
      0.303628
      0.303625
      0.303622
      0.303618
      0.303614
      0.303609
      0.303605
        0.3036
      0.303596
      0.303591
      0.303588
      0.303585
      0.303584
      0.303583
      0.303584
      0.303586
       0.30359
      0.303593
      0.303598
      0.303602
      0.303607
      0.303611
      0.303616
      0.303619
      0.303623
      0.303625
      0.303628
       0.30363
      0.303633
      0.303634
      0.303636
      0.303636
      0.303638
      0.303638
      0.303639
       0.30364
       0.30364
       0.30364
      0.303641
      0.303641
      0.303641
      0.303641
      0.303642
      0.280871
       0.28087
       0.28087
       0.28087
       0.28087
       0.28087
      0.280869
      0.280869
      0.280868
      0.280867
      0.280866
      0.280865
      0.280864
      0.280862
       0.28086
      0.280857
      0.280855
      0.280851
      0.280847
      0.280843
      0.280838
      0.280832
      0.280826
      0.280819
      0.280813
      0.280807
      0.280802
      0.280798
      0.280796
      0.280796
      0.280797
        0.2808
      0.280805
       0.28081
      0.280816
      0.280822
      0.280829
      0.280834
       0.28084
      0.280844
      0.280848
      0.280852
      0.280855
      0.280858
       0.28086
      0.280862
      0.280864
      0.280865
      0.280866
      0.280867
      0.280868
      0.280869
      0.280869
       0.28087
       0.28087
       0.28087
       0.28087
       0.28087
      0.280871
      0.260217
      0.260217
      0.260217
      0.260216
      0.260216
      0.260216
      0.260216
      0.260215
      0.260214
      0.260213
      0.260212
      0.260211
      0.260209
      0.260207
      0.260205
      0.260202
      0.260199
      0.260194
       0.26019
      0.260184
      0.260177
       0.26017
      0.260162
      0.260153
      0.260145
      0.260136
       0.26013
      0.260124
      0.260121
       0.26012
      0.260123
      0.260127
      0.260134
      0.260142
       0.26015
      0.260158
      0.260166
      0.260173
       0.26018
      0.260186
      0.260191
      0.260195
      0.260199
      0.260202
      0.260205
      0.260207
       0.26021
      0.260211
      0.260212
      0.260213
      0.260214
      0.260215
      0.260216
      0.260216
      0.260216
      0.260216
      0.260217
      0.260217
      0.260217
      0.241702
      0.241701
      0.241701
      0.241701
      0.241701
        0.2417
        0.2417
      0.241699
      0.241699
      0.241697
      0.241696
      0.241695
      0.241693
      0.241691
      0.241688
      0.241685
      0.241681
      0.241676
       0.24167
      0.241663
      0.241654
      0.241645
      0.241634
      0.241623
      0.241611
        0.2416
      0.241589
      0.241581
      0.241577
      0.241576
       0.24158
      0.241587
      0.241596
      0.241607
      0.241619
       0.24163
      0.241641
       0.24165
      0.241659
      0.241666
      0.241672
      0.241677
      0.241682
      0.241685
      0.241688
      0.241691
      0.241693
      0.241695
      0.241696
      0.241698
      0.241699
      0.241699
        0.2417
        0.2417
      0.241701
      0.241701
      0.241701
      0.241701
      0.241702
      0.225342
      0.225341
      0.225342
      0.225341
      0.225341
       0.22534
       0.22534
      0.225339
      0.225338
      0.225337
      0.225336
      0.225334
      0.225332
      0.225329
      0.225327
      0.225322
      0.225318
      0.225312
      0.225305
      0.225296
      0.225286
      0.225274
       0.22526
      0.225245
      0.225229
      0.225212
      0.225197
      0.225185
      0.225178
      0.225177
      0.225183
      0.225194
      0.225208
      0.225224
       0.22524
      0.225255
      0.225269
      0.225281
      0.225292
        0.2253
      0.225308
      0.225314
      0.225319
      0.225323
      0.225327
       0.22533
      0.225333
      0.225334
      0.225336
      0.225337
      0.225338
      0.225339
       0.22534
       0.22534
      0.225341
      0.225341
      0.225342
      0.225341
      0.225342
      0.211148
      0.211148
      0.211148
      0.211148
      0.211148
      0.211147
      0.211147
      0.211146
      0.211145
      0.211144
      0.211142
       0.21114
      0.211138
      0.211135
      0.211132
      0.211127
      0.211122
      0.211115
      0.211106
      0.211096
      0.211083
      0.211068
       0.21105
       0.21103
      0.211007
      0.210984
      0.210961
      0.210942
      0.210931
      0.210929
      0.210939
      0.210956
      0.210978
      0.211002
      0.211024
      0.211045
      0.211063
      0.211078
      0.211091
      0.211102
       0.21111
      0.211118
      0.211124
      0.211128
      0.211132
      0.211136
      0.211138
       0.21114
      0.211142
      0.211144
      0.211145
      0.211146
      0.211147
      0.211147
      0.211148
      0.211148
      0.211148
      0.211148
      0.211148
       0.19913
       0.19913
       0.19913
       0.19913
       0.19913
      0.199129
      0.199129
      0.199128
      0.199127
      0.199125
      0.199124
      0.199122
      0.199119
      0.199116
      0.199112
      0.199107
      0.199101
      0.199093
      0.199083
      0.199071
      0.199056
      0.199037
      0.199014
      0.198987
      0.198956
      0.198922
      0.198887
      0.198856
      0.198837
      0.198832
      0.198849
      0.198878
      0.198913
      0.198949
       0.19898
      0.199008
      0.199031
       0.19905
      0.199065
      0.199078
      0.199088
      0.199097
      0.199103
      0.199109
      0.199113
      0.199117
       0.19912
      0.199122
      0.199124
      0.199125
      0.199127
      0.199128
      0.199129
      0.199129
       0.19913
       0.19913
       0.19913
       0.19913
       0.19913
      0.189293
      0.189293
      0.189293
      0.189292
      0.189292
      0.189292
      0.189291
       0.18929
      0.189289
      0.189288
      0.189286
      0.189284
      0.189281
      0.189278
      0.189273
      0.189268
      0.189261
      0.189252
      0.189241
      0.189227
      0.189209
      0.189186
      0.189158
      0.189123
       0.18908
      0.189031
      0.188975
      0.188923
      0.188884
      0.188874
      0.188905
      0.188959
      0.189017
       0.18907
      0.189114
       0.18915
      0.189179
      0.189202
      0.189221
      0.189235
      0.189247
      0.189256
      0.189264
       0.18927
      0.189275
      0.189278
      0.189282
      0.189284
      0.189286
      0.189288
      0.189289
       0.18929
      0.189291
      0.189292
      0.189292
      0.189292
      0.189293
      0.189293
      0.189293
      0.181639
      0.181639
      0.181639
      0.181639
      0.181639
      0.181638
      0.181637
      0.181636
      0.181635
      0.181634
      0.181632
       0.18163
      0.181627
      0.181623
      0.181619
      0.181613
      0.181605
      0.181596
      0.181583
      0.181567
      0.181547
       0.18152
      0.181486
      0.181442
      0.181386
      0.181315
      0.181226
      0.181135
      0.181056
      0.181028
      0.181093
      0.181198
      0.181292
      0.181372
      0.181432
      0.181477
      0.181512
      0.181539
      0.181561
      0.181577
       0.18159
        0.1816
      0.181609
      0.181615
       0.18162
      0.181624
      0.181628
       0.18163
      0.181632
      0.181634
      0.181635
      0.181637
      0.181637
      0.181638
      0.181639
      0.181639
      0.181639
      0.181639
      0.181639
      0.176172
      0.176172
      0.176172
      0.176171
      0.176171
       0.17617
       0.17617
      0.176169
      0.176168
      0.176166
      0.176164
      0.176162
      0.176159
      0.176155
       0.17615
      0.176144
      0.176136
      0.176126
      0.176112
      0.176095
      0.176072
      0.176042
      0.176002
       0.17595
       0.17588
      0.175785
      0.175656
      0.175486
      0.175295
      0.175231
      0.175396
      0.175599
      0.175754
      0.175862
      0.175938
      0.175993
      0.176034
      0.176064
      0.176088
      0.176106
       0.17612
      0.176131
      0.176139
      0.176146
      0.176152
      0.176156
      0.176159
      0.176162
      0.176164
      0.176166
      0.176168
      0.176169
       0.17617
       0.17617
      0.176171
      0.176171
      0.176172
      0.176172
      0.176172
      0.172891
      0.172891
      0.172891
       0.17289
       0.17289
      0.172889
      0.172889
      0.172888
      0.172887
      0.172885
      0.172883
      0.172881
      0.172878
      0.172874
      0.172869
      0.172862
      0.172854
      0.172843
      0.172829
       0.17281
      0.172786
      0.172754
      0.172711
      0.172652
      0.172572
      0.172455
      0.172283
      0.171999
       0.17154
       0.17133
      0.171795
      0.172191
      0.172422
      0.172552
       0.17264
      0.172701
      0.172746
      0.172778
      0.172803
      0.172822
      0.172837
      0.172849
      0.172858
      0.172865
       0.17287
      0.172875
      0.172878
      0.172881
      0.172883
      0.172885
      0.172887
      0.172888
      0.172889
      0.172889
       0.17289
       0.17289
      0.172891
      0.172891
      0.172891
      0.171797
      0.171797
      0.171797
      0.171797
      0.171796
      0.171796
      0.171795
      0.171794
      0.171793
      0.171791
      0.171789
      0.171787
      0.171784
       0.17178
      0.171775
      0.171768
       0.17176
      0.171749
      0.171735
      0.171716
      0.171691
      0.171657
      0.171613
      0.171552
      0.171467
      0.171342
       0.17115
      0.170826
      0.170221
      0.170173
      0.170738
      0.171091
      0.171311
      0.171449
       0.17154
      0.171603
      0.171649
      0.171683
      0.171708
      0.171728
      0.171743
      0.171755
      0.171764
      0.171771
      0.171777
      0.171781
      0.171785
      0.171787
       0.17179
      0.171792
      0.171793
      0.171794
      0.171795
      0.171796
      0.171796
      0.171797
      0.171797
      0.171797
      0.171797
      0.172891
      0.172891
      0.172891
       0.17289
       0.17289
      0.172889
      0.172889
      0.172888
      0.172887
      0.172885
      0.172883
      0.172881
      0.172878
      0.172874
      0.172869
      0.172862
      0.172854
      0.172843
      0.172829
       0.17281
      0.172786
      0.172754
      0.172711
      0.172653
      0.172574
      0.172461
      0.172301
      0.172075
      0.171767
      0.171817
      0.172022
      0.172267
      0.172439
      0.172559
      0.172643
      0.172702
      0.172746
      0.172778
      0.172803
      0.172822
      0.172837
      0.172849
      0.172858
      0.172865
       0.17287
      0.172875
      0.172878
      0.172881
      0.172883
      0.172885
      0.172887
      0.172888
      0.172889
      0.172889
       0.17289
       0.17289
      0.172891
      0.172891
      0.172891
      0.176172
      0.176172
      0.176172
      0.176171
      0.176171
       0.17617
       0.17617
      0.176169
      0.176168
      0.176166
      0.176164
      0.176162
      0.176159
      0.176155
       0.17615
      0.176144
      0.176136
      0.176126
      0.176112
      0.176095
      0.176072
      0.176042
      0.176003
      0.175951
      0.175884
      0.175796
      0.175684
      0.175554
      0.175436
      0.175441
      0.175537
      0.175667
      0.175782
      0.175873
      0.175942
      0.175994
      0.176034
      0.176064
      0.176088
      0.176106
       0.17612
      0.176131
      0.176139
      0.176146
      0.176152
      0.176156
      0.176159
      0.176162
      0.176164
      0.176166
      0.176168
      0.176169
       0.17617
       0.17617
      0.176171
      0.176171
      0.176172
      0.176172
      0.176172
      0.181639
      0.181639
      0.181639
      0.181639
      0.181639
      0.181638
      0.181637
      0.181636
      0.181635
      0.181634
      0.181632
       0.18163
      0.181627
      0.181623
      0.181619
      0.181613
      0.181605
      0.181596
      0.181583
      0.181567
      0.181547
       0.18152
      0.181486
      0.181443
       0.18139
      0.181325
       0.18125
       0.18118
      0.181134
      0.181126
      0.181171
      0.181243
      0.181315
      0.181382
      0.181436
      0.181479
      0.181513
       0.18154
      0.181561
      0.181577
       0.18159
        0.1816
      0.181609
      0.181615
       0.18162
      0.181624
      0.181628
       0.18163
      0.181632
      0.181634
      0.181635
      0.181637
      0.181637
      0.181638
      0.181639
      0.181639
      0.181639
      0.181639
      0.181639
      0.189293
      0.189293
      0.189293
      0.189292
      0.189292
      0.189292
      0.189291
       0.18929
      0.189289
      0.189288
      0.189286
      0.189284
      0.189281
      0.189278
      0.189273
      0.189268
      0.189261
      0.189252
      0.189241
      0.189227
      0.189209
      0.189186
      0.189158
      0.189124
      0.189083
      0.189037
      0.188989
      0.188947
      0.188921
      0.188919
      0.188943
      0.188984
      0.189031
      0.189077
      0.189117
      0.189151
       0.18918
      0.189202
      0.189221
      0.189235
      0.189247
      0.189256
      0.189264
       0.18927
      0.189275
      0.189278
      0.189282
      0.189284
      0.189286
      0.189288
      0.189289
       0.18929
      0.189291
      0.189292
      0.189292
      0.189292
      0.189293
      0.189293
      0.189293
       0.19913
       0.19913
       0.19913
       0.19913
       0.19913
      0.199129
      0.199129
      0.199128
      0.199127
      0.199125
      0.199124
      0.199122
      0.199119
      0.199116
      0.199112
      0.199107
      0.199101
      0.199093
      0.199083
      0.199071
      0.199056
      0.199037
      0.199015
      0.198988
      0.198958
      0.198926
      0.198894
      0.198868
      0.198853
      0.198851
      0.198866
       0.19889
      0.198921
      0.198952
      0.198982
      0.199009
      0.199031
       0.19905
      0.199065
      0.199078
      0.199088
      0.199097
      0.199103
      0.199109
      0.199113
      0.199117
       0.19912
      0.199122
      0.199124
      0.199125
      0.199127
      0.199128
      0.199129
      0.199129
       0.19913
       0.19913
       0.19913
       0.19913
       0.19913
      0.211148
      0.211148
      0.211148
      0.211148
      0.211148
      0.211147
      0.211147
      0.211146
      0.211145
      0.211144
      0.211142
       0.21114
      0.211138
      0.211135
      0.211132
      0.211127
      0.211122
      0.211115
      0.211106
      0.211096
      0.211084
      0.211068
      0.211051
       0.21103
      0.211008
      0.210986
      0.210965
      0.210948
      0.210938
      0.210937
      0.210946
      0.210961
      0.210982
      0.211004
      0.211025
      0.211045
      0.211063
      0.211078
      0.211091
      0.211102
       0.21111
      0.211118
      0.211124
      0.211128
      0.211132
      0.211136
      0.211138
       0.21114
      0.211142
      0.211144
      0.211145
      0.211146
      0.211147
      0.211147
      0.211148
      0.211148
      0.211148
      0.211148
      0.211148
      0.225342
      0.225341
      0.225342
      0.225341
      0.225341
       0.22534
       0.22534
      0.225339
      0.225338
      0.225337
      0.225336
      0.225334
      0.225332
      0.225329
      0.225327
      0.225322
      0.225318
      0.225312
      0.225305
      0.225296
      0.225286
      0.225274
       0.22526
      0.225245
      0.225229
      0.225213
      0.225199
      0.225187
      0.225181
       0.22518
      0.225186
      0.225196
       0.22521
      0.225225
      0.225241
      0.225255
      0.225269
      0.225281
      0.225292
        0.2253
      0.225308
      0.225314
      0.225319
      0.225323
      0.225327
       0.22533
      0.225333
      0.225334
      0.225336
      0.225337
      0.225338
      0.225339
       0.22534
       0.22534
      0.225341
      0.225341
      0.225342
      0.225341
      0.225342
      0.241702
      0.241701
      0.241701
      0.241701
      0.241701
        0.2417
        0.2417
      0.241699
      0.241699
      0.241697
      0.241696
      0.241695
      0.241693
      0.241691
      0.241688
      0.241685
      0.241681
      0.241676
       0.24167
      0.241663
      0.241654
      0.241645
      0.241635
      0.241623
      0.241611
        0.2416
       0.24159
      0.241582
      0.241578
      0.241577
      0.241581
      0.241588
      0.241597
      0.241608
      0.241619
       0.24163
      0.241641
       0.24165
      0.241659
      0.241666
      0.241672
      0.241677
      0.241682
      0.241685
      0.241688
      0.241691
      0.241693
      0.241695
      0.241696
      0.241698
      0.241699
      0.241699
        0.2417
        0.2417
      0.241701
      0.241701
      0.241701
      0.241701
      0.241702
      0.260217
      0.260217
      0.260217
      0.260216
      0.260216
      0.260216
      0.260216
      0.260215
      0.260214
      0.260213
      0.260212
      0.260211
      0.260209
      0.260207
      0.260205
      0.260202
      0.260199
      0.260194
       0.26019
      0.260184
      0.260177
       0.26017
      0.260162
      0.260153
      0.260145
      0.260137
       0.26013
      0.260124
      0.260122
      0.260121
      0.260123
      0.260128
      0.260134
      0.260142
       0.26015
      0.260158
      0.260166
      0.260173
       0.26018
      0.260186
      0.260191
      0.260195
      0.260199
      0.260202
      0.260205
      0.260207
       0.26021
      0.260211
      0.260212
      0.260213
      0.260214
      0.260215
      0.260216
      0.260216
      0.260216
      0.260216
      0.260217
      0.260217
      0.260217
      0.280871
       0.28087
       0.28087
       0.28087
       0.28087
       0.28087
      0.280869
      0.280869
      0.280868
      0.280867
      0.280866
      0.280865
      0.280864
      0.280862
       0.28086
      0.280857
      0.280855
      0.280851
      0.280847
      0.280843
      0.280838
      0.280832
      0.280826
      0.280819
      0.280813
      0.280807
      0.280802
      0.280798
      0.280796
      0.280796
      0.280797
        0.2808
      0.280805
       0.28081
      0.280817
      0.280823
      0.280829
      0.280834
       0.28084
      0.280844
      0.280848
      0.280852
      0.280855
      0.280858
       0.28086
      0.280862
      0.280864
      0.280865
      0.280866
      0.280867
      0.280868
      0.280869
      0.280869
       0.28087
       0.28087
       0.28087
       0.28087
       0.28087
      0.280871
      0.303642
      0.303641
      0.303641
      0.303641
      0.303641
       0.30364
       0.30364
       0.30364
      0.303639
      0.303638
      0.303638
      0.303636
      0.303636
      0.303634
      0.303632
       0.30363
      0.303628
      0.303625
      0.303622
      0.303618
      0.303614
      0.303609
      0.303605
        0.3036
      0.303596
      0.303591
      0.303588
      0.303585
      0.303584
      0.303583
      0.303584
      0.303586
       0.30359
      0.303593
      0.303598
      0.303602
      0.303607
      0.303611
      0.303616
      0.303619
      0.303623
      0.303625
      0.303628
       0.30363
      0.303633
      0.303634
      0.303636
      0.303636
      0.303638
      0.303638
      0.303639
       0.30364
       0.30364
       0.30364
      0.303641
      0.303641
      0.303641
      0.303641
      0.303642
        0.3285
        0.3285
        0.3285
        0.3285
        0.3285
        0.3285
      0.328499
      0.328499
      0.328498
      0.328498
      0.328497
      0.328496
      0.328495
      0.328494
      0.328492
      0.328491
      0.328489
      0.328486
      0.328484
      0.328481
      0.328478
      0.328474
      0.328471
      0.328467
      0.328464
      0.328461
      0.328458
      0.328456
      0.328455
      0.328455
      0.328456
      0.328457
      0.328459
      0.328462
      0.328465
      0.328469
      0.328472
      0.328475
      0.328479
      0.328482
      0.328484
      0.328487
      0.328489
      0.328491
      0.328493
      0.328494
      0.328495
      0.328496
      0.328497
      0.328498
      0.328498
      0.328499
      0.328499
        0.3285
        0.3285
        0.3285
        0.3285
        0.3285
        0.3285
      0.355413
      0.355413
      0.355413
      0.355413
      0.355413
      0.355412
      0.355413
      0.355412
      0.355412
      0.355411
      0.355411
      0.355409
      0.355409
      0.355407
      0.355407
      0.355405
      0.355404
      0.355401
        0.3554
      0.355397
      0.355395
      0.355392
       0.35539
      0.355386
      0.355384
      0.355382
       0.35538
      0.355378
      0.355378
      0.355377
      0.355378
      0.355379
      0.355381
      0.355382
      0.355385
      0.355387
       0.35539
      0.355392
      0.355395
      0.355397
        0.3554
      0.355401
      0.355404
      0.355405
      0.355407
      0.355407
      0.355409
      0.355409
      0.355411
      0.355411
      0.355412
      0.355412
      0.355413
      0.355412
      0.355413
      0.355413
      0.355413
      0.355413
      0.355413
      0.384335
      0.384335
      0.384335
      0.384335
      0.384335
      0.384334
      0.384334
      0.384334
      0.384334
      0.384333
      0.384333
      0.384332
      0.384331
       0.38433
      0.384329
      0.384328
      0.384327
      0.384325
      0.384324
      0.384322
       0.38432
      0.384318
      0.384316
      0.384314
      0.384312
       0.38431
      0.384309
      0.384308
      0.384307
      0.384307
      0.384307
      0.384308
      0.384309
       0.38431
      0.384312
      0.384314
      0.384316
      0.384318
       0.38432
      0.384322
      0.384324
      0.384325
      0.384327
      0.384328
      0.384329
       0.38433
      0.384331
      0.384332
      0.384333
      0.384333
      0.384334
      0.384334
      0.384334
      0.384334
      0.384335
      0.384335
      0.384335
      0.384335
      0.384335
      0.415215
      0.415215
      0.415215
      0.415215
      0.415215
      0.415214
      0.415215
      0.415214
      0.415214
      0.415213
      0.415213
      0.415212
      0.415212
      0.415211
       0.41521
      0.415209
      0.415208
      0.415207
      0.415206
      0.415204
      0.415203
      0.415201
        0.4152
      0.415198
      0.415197
      0.415195
      0.415194
      0.415193
      0.415193
      0.415192
      0.415193
      0.415193
      0.415195
      0.415195
      0.415197
      0.415198
        0.4152
      0.415201
      0.415203
      0.415204
      0.415206
      0.415207
      0.415208
      0.415209
       0.41521
      0.415211
      0.415212
      0.415212
      0.415213
      0.415213
      0.415214
      0.415214
      0.415215
      0.415214
      0.415215
      0.415215
      0.415215
      0.415215
      0.415215
       0.44799
       0.44799
       0.44799
       0.44799
       0.44799
      0.447989
      0.447989
      0.447989
      0.447989
      0.447988
      0.447988
      0.447987
      0.447987
      0.447986
      0.447986
      0.447985
      0.447984
      0.447983
      0.447982
      0.447981
       0.44798
      0.447978
      0.447977
      0.447976
      0.447975
      0.447974
      0.447973
      0.447973
      0.447972
      0.447972
      0.447972
      0.447973
      0.447973
      0.447974
      0.447975
      0.447976
      0.447978
      0.447979
       0.44798
      0.447981
      0.447982
      0.447983
      0.447984
      0.447985
      0.447986
      0.447986
      0.447987
      0.447987
      0.447988
      0.447988
      0.447989
      0.447989
      0.447989
      0.447989
       0.44799
       0.44799
       0.44799
       0.44799
       0.44799
       0.48259
      0.482589
       0.48259
      0.482589
      0.482589
      0.482589
      0.482589
      0.482588
      0.482589
      0.482588
      0.482588
      0.482587
      0.482587
      0.482586
      0.482586
      0.482585
      0.482585
      0.482583
      0.482583
      0.482582
      0.482581
       0.48258
      0.482579
      0.482578
      0.482578
      0.482576
      0.482576
      0.482575
      0.482576
      0.482575
      0.482576
      0.482575
      0.482576
      0.482576
      0.482578
      0.482578
       0.48258
       0.48258
      0.482581
      0.482582
      0.482583
      0.482583
      0.482585
      0.482585
      0.482586
      0.482586
      0.482587
      0.482587
      0.482588
      0.482588
      0.482589
      0.482588
      0.482589
      0.482589
      0.482589
      0.482589
       0.48259
      0.482589
       0.48259
      0.518929
      0.518929
      0.518929
      0.518929
      0.518929
      0.518929
      0.518929
      0.518929
      0.518929
      0.518928
      0.518928
      0.518928
      0.518927
      0.518927
      0.518926
      0.518926
      0.518925
      0.518925
      0.518924
      0.518923
      0.518923
      0.518922
      0.518921
       0.51892
       0.51892
      0.518919
      0.518919
      0.518918
      0.518918
      0.518918
      0.518918
      0.518918
      0.518919
      0.518919
       0.51892
       0.51892
      0.518921
      0.518922
      0.518923
      0.518923
      0.518924
      0.518925
      0.518925
      0.518926
      0.518927
      0.518927
      0.518927
      0.518928
      0.518928
      0.518928
      0.518929
      0.518929
      0.518929
      0.518929
      0.518929
      0.518929
      0.518929
      0.518929
      0.518929
      0.556919
      0.556919
      0.556919
      0.556919
      0.556919
      0.556918
      0.556919
      0.556918
      0.556919
      0.556918
      0.556918
      0.556917
      0.556918
      0.556917
      0.556917
      0.556916
      0.556916
      0.556915
      0.556915
      0.556914
      0.556914
      0.556913
      0.556913
      0.556911
      0.556912
      0.556911
      0.556911
       0.55691
       0.55691
       0.55691
       0.55691
       0.55691
      0.556911
      0.556911
      0.556912
      0.556911
      0.556913
      0.556913
      0.556914
      0.556914
      0.556915
      0.556915
      0.556916
      0.556916
      0.556917
      0.556917
      0.556918
      0.556917
      0.556918
      0.556918
      0.556919
      0.556918
      0.556919
      0.556918
      0.556919
      0.556919
      0.556919
      0.556919
      0.556919
      0.596453
      0.596453
      0.596453
      0.596453
      0.596453
      0.596453
      0.596453
      0.596452
      0.596452
      0.596452
      0.596452
      0.596452
      0.596452
      0.596451
      0.596451
       0.59645
       0.59645
       0.59645
      0.596449
      0.596449
      0.596449
      0.596448
      0.596448
      0.596447
      0.596447
      0.596446
      0.596446
      0.596446
      0.596446
      0.596446
      0.596446
      0.596446
      0.596446
      0.596446
      0.596447
      0.596447
      0.596448
      0.596448
      0.596449
      0.596449
       0.59645
       0.59645
       0.59645
       0.59645
      0.596451
      0.596451
      0.596452
      0.596452
      0.596452
      0.596452
      0.596452
      0.596452
      0.596453
      0.596453
      0.596453
      0.596453
      0.596453
      0.596453
      0.596453
      0.637419
      0.637419
      0.637419
      0.637419
      0.637419
      0.637419
      0.637419
      0.637418
      0.637419
      0.637418
      0.637419
      0.637418
      0.637418
      0.637417
      0.637418
      0.637417
      0.637417
      0.637416
      0.637417
      0.637416
      0.637416
      0.637415
      0.637415
      0.637414
      0.637415
      0.637414
      0.637414
      0.637413
      0.637414
      0.637413
      0.637414
      0.637413
      0.637414
      0.637414
      0.637415
      0.637414
      0.637415
      0.637415
      0.637416
      0.637416
      0.637417
      0.637416
      0.637417
      0.637417
      0.637418
      0.637417
      0.637418
      0.637418
      0.637419
      0.637418
      0.637419
      0.637418
      0.637419
      0.637419
      0.637419
      0.637419
      0.637419
      0.637419
      0.637419
      0.679692
      0.679692
      0.679692
      0.679692
      0.679692
      0.679692
      0.679692
      0.679691
      0.679692
      0.679691
      0.679691
      0.679691
      0.679691
      0.679691
      0.679691
       0.67969
       0.67969
       0.67969
       0.67969
      0.679689
      0.679689
      0.679689
      0.679689
      0.679688
      0.679688
      0.679688
      0.679688
      0.679688
      0.679688
      0.679687
      0.679688
      0.679688
      0.679688
      0.679688
      0.679688
      0.679688
      0.679689
      0.679689
      0.679689
      0.679689
       0.67969
       0.67969
       0.67969
       0.67969
      0.679691
      0.679691
      0.679691
      0.679691
      0.679691
      0.679691
      0.679692
      0.679691
      0.679692
      0.679692
      0.679692
      0.679692
      0.679692
      0.679692
      0.679692
      0.723139
      0.723139
      0.723139
      0.723139
      0.723139
      0.723139
      0.723139
      0.723139
      0.723139
      0.723138
      0.723139
      0.723138
      0.723139
      0.723138
      0.723138
      0.723138
      0.723138
      0.723137
      0.723138
      0.723137
      0.723137
      0.723136
      0.723137
      0.723136
      0.723136
      0.723136
      0.723136
      0.723136
      0.723136
      0.723135
      0.723136
      0.723136
      0.723136
      0.723136
      0.723136
      0.723136
      0.723137
      0.723136
      0.723137
      0.723137
      0.723138
      0.723137
      0.723138
      0.723138
      0.723138
      0.723138
      0.723139
      0.723138
      0.723139
      0.723138
      0.723139
      0.723139
      0.723139
      0.723139
      0.723139
      0.723139
      0.723139
      0.723139
      0.723139
      0.767617
      0.767617
      0.767617
      0.767617
      0.767617
      0.767617
      0.767617
      0.767617
      0.767617
      0.767617
      0.767617
      0.767616
      0.767616
      0.767616
      0.767616
      0.767616
      0.767616
      0.767616
      0.767616
      0.767615
      0.767615
      0.767615
      0.767615
      0.767615
      0.767615
      0.767615
      0.767615
      0.767614
      0.767614
      0.767614
      0.767614
      0.767614
      0.767615
      0.767615
      0.767615
      0.767615
      0.767615
      0.767615
      0.767615
      0.767615
      0.767616
      0.767616
      0.767616
      0.767616
      0.767616
      0.767616
      0.767616
      0.767616
      0.767617
      0.767617
      0.767617
      0.767617
      0.767617
      0.767617
      0.767617
      0.767617
      0.767617
      0.767617
      0.767617
      0.812977
      0.812976
      0.812977
      0.812976
      0.812977
      0.812976
      0.812976
      0.812976
      0.812976
      0.812976
      0.812976
      0.812976
      0.812976
      0.812976
      0.812976
      0.812975
      0.812976
      0.812975
      0.812976
      0.812975
      0.812975
      0.812975
      0.812975
      0.812975
      0.812975
      0.812974
      0.812975
      0.812974
      0.812975
      0.812974
      0.812975
      0.812974
      0.812975
      0.812974
      0.812975
      0.812975
      0.812975
      0.812975
      0.812975
      0.812975
      0.812976
      0.812975
      0.812976
      0.812975
      0.812976
      0.812976
      0.812976
      0.812976
      0.812976
      0.812976
      0.812976
      0.812976
      0.812976
      0.812976
      0.812977
      0.812976
      0.812977
      0.812976
      0.812977
      0.859059
      0.859059
      0.859059
      0.859059
      0.859059
      0.859059
      0.859059
      0.859059
      0.859059
      0.859059
      0.859059
      0.859059
      0.859059
      0.859059
      0.859059
      0.859058
      0.859058
      0.859058
      0.859058
      0.859058
      0.859058
      0.859058
      0.859058
      0.859058
      0.859058
      0.859058
      0.859058
      0.859058
      0.859058
      0.859058
      0.859058
      0.859058
      0.859058
      0.859058
      0.859058
      0.859058
      0.859058
      0.859058
      0.859058
      0.859058
      0.859058
      0.859058
      0.859058
      0.859058
      0.859059
      0.859059
      0.859059
      0.859059
      0.859059
      0.859059
      0.859059
      0.859059
      0.859059
      0.859059
      0.859059
      0.859059
      0.859059
      0.859059
      0.859059
      0.905703
      0.905703
      0.905703
      0.905703
      0.905703
      0.905703
      0.905703
      0.905703
      0.905703
      0.905703
      0.905703
      0.905703
      0.905703
      0.905702
      0.905703
      0.905702
      0.905702
      0.905702
      0.905702
      0.905702
      0.905702
      0.905702
      0.905702
      0.905702
      0.905702
      0.905702
      0.905702
      0.905702
      0.905702
      0.905702
      0.905702
      0.905702
      0.905702
      0.905702
      0.905702
      0.905702
      0.905702
      0.905702
      0.905702
      0.905702
      0.905702
      0.905702
      0.905702
      0.905702
      0.905703
      0.905702
      0.905703
      0.905703
      0.905703
      0.905703
      0.905703
      0.905703
      0.905703
      0.905703
      0.905703
      0.905703
      0.905703
      0.905703
      0.905703
       0.95274
       0.95274
       0.95274
       0.95274
       0.95274
       0.95274
       0.95274
       0.95274
       0.95274
       0.95274
       0.95274
       0.95274
       0.95274
       0.95274
       0.95274
       0.95274
       0.95274
       0.95274
       0.95274
      0.952739
      0.952739
      0.952739
      0.952739
      0.952739
      0.952739
      0.952739
      0.952739
      0.952739
      0.952739
      0.952739
      0.952739
      0.952739
      0.952739
      0.952739
      0.952739
      0.952739
      0.952739
      0.952739
      0.952739
      0.952739
       0.95274
       0.95274
       0.95274
       0.95274
       0.95274
       0.95274
       0.95274
       0.95274
       0.95274
       0.95274
       0.95274
       0.95274
       0.95274
       0.95274
       0.95274
       0.95274
       0.95274
       0.95274
       0.95274
             1
             1
             1
             1
             1
             1
             1
             1
             1
             1
             1
             1
             1
             1
             1
             1
             1
             1
             1
             1
             1
             1
             1
             1
             1
             1
             1
             1
             1
             1
             1
             1
             1
             1
             1
             1
             1
             1
             1
             1
             1
             1
             1
             1
             1
             1
             1
             1
             1
             1
             1
             1
             1
             1
             1
             1
             1
             1
             1
