             1
             1
             1
             1
             1
             1
             1
             1
             1
             1
             1
             1
             1
             1
             1
             1
             1
             1
             1
             1
             1
             1
             1
             1
             1
             1
             1
             1
             1
             1
             1
             1
             1
             1
             1
             1
             1
             1
             1
             1
             1
             1
             1
             1
             1
             1
             1
             1
             1
             1
             1
             1
             1
             1
             1
             1
             1
             1
             1
      0.953809
      0.953808
      0.953809
      0.953808
      0.953809
      0.953808
      0.953808
      0.953808
      0.953808
      0.953808
      0.953808
      0.953808
      0.953808
      0.953808
      0.953808
      0.953808
      0.953808
      0.953808
      0.953808
      0.953808
      0.953808
      0.953808
      0.953808
      0.953808
      0.953808
      0.953808
      0.953808
      0.953808
      0.953808
      0.953808
      0.953808
      0.953808
      0.953808
      0.953808
      0.953808
      0.953808
      0.953808
      0.953808
      0.953808
      0.953808
      0.953808
      0.953808
      0.953808
      0.953808
      0.953808
      0.953808
      0.953808
      0.953808
      0.953808
      0.953808
      0.953808
      0.953808
      0.953808
      0.953808
      0.953809
      0.953808
      0.953809
      0.953808
      0.953809
      0.907831
      0.907831
      0.907831
      0.907831
      0.907831
      0.907831
      0.907831
      0.907831
      0.907831
      0.907831
      0.907831
      0.907831
      0.907831
      0.907831
      0.907831
      0.907831
      0.907831
      0.907831
      0.907831
      0.907831
      0.907831
      0.907831
      0.907831
       0.90783
      0.907831
       0.90783
       0.90783
       0.90783
       0.90783
       0.90783
       0.90783
       0.90783
       0.90783
       0.90783
      0.907831
       0.90783
      0.907831
      0.907831
      0.907831
      0.907831
      0.907831
      0.907831
      0.907831
      0.907831
      0.907831
      0.907831
      0.907831
      0.907831
      0.907831
      0.907831
      0.907831
      0.907831
      0.907831
      0.907831
      0.907831
      0.907831
      0.907831
      0.907831
      0.907831
       0.86223
       0.86223
       0.86223
       0.86223
       0.86223
       0.86223
       0.86223
       0.86223
       0.86223
       0.86223
       0.86223
       0.86223
       0.86223
      0.862229
      0.862229
      0.862229
      0.862229
      0.862229
      0.862229
      0.862229
      0.862229
      0.862229
      0.862229
      0.862228
      0.862228
      0.862228
      0.862228
      0.862228
      0.862228
      0.862228
      0.862228
      0.862228
      0.862228
      0.862228
      0.862228
      0.862228
      0.862229
      0.862229
      0.862229
      0.862229
      0.862229
      0.862229
      0.862229
      0.862229
      0.862229
      0.862229
       0.86223
       0.86223
       0.86223
       0.86223
       0.86223
       0.86223
       0.86223
       0.86223
       0.86223
       0.86223
       0.86223
       0.86223
       0.86223
      0.817164
      0.817163
      0.817164
      0.817163
      0.817164
      0.817163
      0.817164
      0.817163
      0.817163
      0.817163
      0.817163
      0.817163
      0.817163
      0.817163
      0.817163
      0.817162
      0.817163
      0.817162
      0.817162
      0.817162
      0.817162
      0.817162
      0.817162
      0.817161
      0.817162
      0.817161
      0.817161
      0.817161
      0.817161
      0.817161
      0.817161
      0.817161
      0.817161
      0.817161
      0.817162
      0.817161
      0.817162
      0.817162
      0.817162
      0.817162
      0.817162
      0.817162
      0.817163
      0.817162
      0.817163
      0.817163
      0.817163
      0.817163
      0.817163
      0.817163
      0.817163
      0.817163
      0.817164
      0.817163
      0.817164
      0.817163
      0.817164
      0.817163
      0.817164
      0.772787
      0.772787
      0.772787
      0.772787
      0.772787
      0.772787
      0.772787
      0.772786
      0.772786
      0.772786
      0.772786
      0.772786
      0.772786
      0.772786
      0.772786
      0.772785
      0.772785
      0.772785
      0.772785
      0.772785
      0.772785
      0.772784
      0.772784
      0.772784
      0.772784
      0.772784
      0.772784
      0.772783
      0.772783
      0.772783
      0.772783
      0.772783
      0.772784
      0.772784
      0.772784
      0.772784
      0.772784
      0.772784
      0.772785
      0.772785
      0.772785
      0.772785
      0.772785
      0.772785
      0.772786
      0.772786
      0.772786
      0.772786
      0.772786
      0.772786
      0.772786
      0.772786
      0.772787
      0.772787
      0.772787
      0.772787
      0.772787
      0.772787
      0.772787
      0.729251
       0.72925
       0.72925
       0.72925
       0.72925
       0.72925
       0.72925
       0.72925
       0.72925
       0.72925
       0.72925
      0.729249
       0.72925
      0.729249
      0.729249
      0.729249
      0.729249
      0.729248
      0.729248
      0.729248
      0.729248
      0.729247
      0.729247
      0.729246
      0.729247
      0.729246
      0.729246
      0.729246
      0.729246
      0.729246
      0.729246
      0.729246
      0.729246
      0.729246
      0.729247
      0.729247
      0.729247
      0.729247
      0.729248
      0.729248
      0.729248
      0.729248
      0.729249
      0.729249
      0.729249
      0.729249
       0.72925
      0.729249
       0.72925
       0.72925
       0.72925
       0.72925
       0.72925
       0.72925
       0.72925
       0.72925
       0.72925
       0.72925
      0.729251
      0.686697
      0.686697
      0.686697
      0.686697
      0.686697
      0.686697
      0.686697
      0.686697
      0.686697
      0.686697
      0.686697
      0.686696
      0.686696
      0.686696
      0.686696
      0.686695
      0.686695
      0.686695
      0.686694
      0.686694
      0.686694
      0.686693
      0.686693
      0.686693
      0.686693
      0.686692
      0.686692
      0.686692
      0.686692
      0.686692
      0.686692
      0.686692
      0.686692
      0.686692
      0.686693
      0.686693
      0.686693
      0.686693
      0.686694
      0.686694
      0.686695
      0.686695
      0.686695
      0.686695
      0.686696
      0.686696
      0.686696
      0.686696
      0.686697
      0.686697
      0.686697
      0.686697
      0.686697
      0.686697
      0.686697
      0.686697
      0.686697
      0.686697
      0.686697
      0.645266
      0.645266
      0.645266
      0.645266
      0.645266
      0.645266
      0.645266
      0.645265
      0.645266
      0.645265
      0.645265
      0.645265
      0.645265
      0.645264
      0.645264
      0.645263
      0.645263
      0.645263
      0.645263
      0.645262
      0.645262
      0.645261
      0.645261
       0.64526
       0.64526
      0.645259
       0.64526
      0.645259
      0.645259
      0.645259
      0.645259
      0.645259
       0.64526
      0.645259
       0.64526
       0.64526
      0.645261
      0.645261
      0.645262
      0.645262
      0.645263
      0.645263
      0.645263
      0.645263
      0.645264
      0.645264
      0.645265
      0.645265
      0.645265
      0.645265
      0.645266
      0.645265
      0.645266
      0.645266
      0.645266
      0.645266
      0.645266
      0.645266
      0.645266
      0.605084
      0.605084
      0.605084
      0.605084
      0.605084
      0.605084
      0.605084
      0.605084
      0.605084
      0.605083
      0.605083
      0.605083
      0.605082
      0.605082
      0.605082
      0.605081
      0.605081
       0.60508
       0.60508
      0.605079
      0.605079
      0.605078
      0.605077
      0.605077
      0.605076
      0.605076
      0.605076
      0.605075
      0.605075
      0.605075
      0.605075
      0.605075
      0.605076
      0.605076
      0.605077
      0.605077
      0.605078
      0.605078
      0.605079
      0.605079
       0.60508
       0.60508
      0.605081
      0.605081
      0.605082
      0.605082
      0.605082
      0.605083
      0.605083
      0.605083
      0.605084
      0.605084
      0.605084
      0.605084
      0.605084
      0.605084
      0.605084
      0.605084
      0.605084
      0.566274
      0.566274
      0.566274
      0.566273
      0.566274
      0.566273
      0.566274
      0.566273
      0.566273
      0.566272
      0.566273
      0.566272
      0.566272
      0.566271
      0.566271
       0.56627
       0.56627
      0.566269
      0.566269
      0.566267
      0.566267
      0.566266
      0.566266
      0.566264
      0.566264
      0.566263
      0.566263
      0.566263
      0.566263
      0.566262
      0.566263
      0.566263
      0.566264
      0.566263
      0.566265
      0.566265
      0.566266
      0.566266
      0.566267
      0.566267
      0.566269
      0.566269
       0.56627
       0.56627
      0.566271
      0.566271
      0.566272
      0.566272
      0.566273
      0.566272
      0.566273
      0.566273
      0.566274
      0.566273
      0.566274
      0.566273
      0.566274
      0.566274
      0.566274
      0.528946
      0.528945
      0.528945
      0.528945
      0.528945
      0.528945
      0.528945
      0.528945
      0.528944
      0.528944
      0.528944
      0.528943
      0.528943
      0.528942
      0.528942
      0.528941
       0.52894
      0.528939
      0.528939
      0.528938
      0.528937
      0.528936
      0.528935
      0.528934
      0.528933
      0.528932
      0.528932
      0.528931
      0.528931
      0.528931
      0.528931
      0.528931
      0.528932
      0.528933
      0.528933
      0.528934
      0.528935
      0.528936
      0.528937
      0.528938
      0.528939
      0.528939
       0.52894
      0.528941
      0.528942
      0.528942
      0.528943
      0.528943
      0.528944
      0.528944
      0.528944
      0.528945
      0.528945
      0.528945
      0.528945
      0.528945
      0.528945
      0.528945
      0.528946
      0.493203
      0.493202
      0.493203
      0.493202
      0.493203
      0.493202
      0.493202
      0.493201
      0.493202
      0.493201
      0.493201
        0.4932
        0.4932
      0.493198
      0.493198
      0.493197
      0.493197
      0.493195
      0.493194
      0.493193
      0.493192
       0.49319
       0.49319
      0.493188
      0.493187
      0.493186
      0.493186
      0.493185
      0.493185
      0.493184
      0.493185
      0.493185
      0.493186
      0.493186
      0.493188
      0.493188
       0.49319
      0.493191
      0.493192
      0.493193
      0.493195
      0.493195
      0.493197
      0.493197
      0.493198
      0.493199
        0.4932
        0.4932
      0.493201
      0.493201
      0.493202
      0.493201
      0.493202
      0.493202
      0.493203
      0.493202
      0.493203
      0.493202
      0.493203
      0.459137
      0.459136
      0.459137
      0.459136
      0.459136
      0.459136
      0.459136
      0.459135
      0.459135
      0.459135
      0.459134
      0.459133
      0.459133
      0.459132
      0.459131
       0.45913
      0.459129
      0.459128
      0.459126
      0.459125
      0.459123
      0.459122
       0.45912
      0.459119
      0.459117
      0.459116
      0.459115
      0.459114
      0.459114
      0.459114
      0.459114
      0.459114
      0.459115
      0.459116
      0.459118
      0.459119
      0.459121
      0.459122
      0.459124
      0.459125
      0.459127
      0.459128
      0.459129
       0.45913
      0.459131
      0.459132
      0.459133
      0.459134
      0.459134
      0.459135
      0.459135
      0.459135
      0.459136
      0.459136
      0.459136
      0.459136
      0.459137
      0.459136
      0.459137
      0.426833
      0.426832
      0.426832
      0.426832
      0.426832
      0.426831
      0.426832
      0.426831
      0.426831
       0.42683
       0.42683
      0.426828
      0.426828
      0.426827
      0.426826
      0.426824
      0.426823
      0.426821
       0.42682
      0.426818
      0.426816
      0.426814
      0.426812
       0.42681
      0.426808
      0.426806
      0.426805
      0.426804
      0.426804
      0.426803
      0.426804
      0.426804
      0.426806
      0.426807
      0.426809
       0.42681
      0.426813
      0.426814
      0.426817
      0.426818
      0.426821
      0.426822
      0.426824
      0.426825
      0.426826
      0.426827
      0.426828
      0.426829
       0.42683
       0.42683
      0.426831
      0.426831
      0.426832
      0.426831
      0.426832
      0.426832
      0.426832
      0.426832
      0.426833
      0.396362
      0.396362
      0.396362
      0.396362
      0.396362
      0.396361
      0.396361
       0.39636
       0.39636
      0.396359
      0.396359
      0.396358
      0.396357
      0.396356
      0.396354
      0.396353
      0.396351
      0.396349
      0.396347
      0.396345
      0.396342
      0.396339
      0.396337
      0.396334
      0.396332
      0.396329
      0.396328
      0.396326
      0.396325
      0.396325
      0.396326
      0.396327
      0.396328
       0.39633
      0.396333
      0.396335
      0.396338
       0.39634
      0.396343
      0.396345
      0.396348
       0.39635
      0.396352
      0.396353
      0.396355
      0.396356
      0.396357
      0.396358
      0.396359
      0.396359
       0.39636
       0.39636
      0.396361
      0.396361
      0.396362
      0.396362
      0.396362
      0.396362
      0.396362
      0.367792
      0.367792
      0.367792
      0.367791
      0.367792
      0.367791
      0.367791
       0.36779
       0.36779
      0.367789
      0.367788
      0.367787
      0.367786
      0.367784
      0.367783
      0.367781
      0.367779
      0.367776
      0.367774
      0.367771
      0.367768
      0.367764
      0.367761
      0.367757
      0.367754
       0.36775
      0.367748
      0.367746
      0.367745
      0.367745
      0.367746
      0.367747
       0.36775
      0.367752
      0.367756
      0.367758
      0.367762
      0.367765
      0.367769
      0.367772
      0.367775
      0.367777
       0.36778
      0.367781
      0.367784
      0.367785
      0.367786
      0.367787
      0.367788
      0.367789
       0.36779
       0.36779
      0.367791
      0.367791
      0.367792
      0.367791
      0.367792
      0.367792
      0.367792
      0.341177
      0.341176
      0.341176
      0.341176
      0.341176
      0.341176
      0.341175
      0.341175
      0.341174
      0.341173
      0.341172
      0.341171
       0.34117
      0.341168
      0.341166
      0.341164
      0.341161
      0.341158
      0.341155
      0.341151
      0.341147
      0.341142
      0.341138
      0.341133
      0.341128
      0.341124
      0.341121
      0.341118
      0.341116
      0.341116
      0.341117
      0.341119
      0.341123
      0.341126
      0.341131
      0.341135
       0.34114
      0.341144
      0.341149
      0.341153
      0.341156
      0.341159
      0.341162
      0.341164
      0.341167
      0.341168
       0.34117
      0.341171
      0.341172
      0.341173
      0.341174
      0.341175
      0.341175
      0.341176
      0.341176
      0.341176
      0.341176
      0.341176
      0.341177
      0.316565
      0.316565
      0.316565
      0.316564
      0.316565
      0.316564
      0.316564
      0.316563
      0.316562
      0.316561
       0.31656
      0.316559
      0.316557
      0.316555
      0.316553
       0.31655
      0.316547
      0.316543
      0.316539
      0.316534
      0.316529
      0.316523
      0.316517
       0.31651
      0.316504
      0.316498
      0.316493
      0.316489
      0.316488
      0.316487
      0.316489
      0.316491
      0.316496
      0.316501
      0.316508
      0.316514
       0.31652
      0.316526
      0.316532
      0.316536
      0.316541
      0.316545
      0.316548
      0.316551
      0.316554
      0.316556
      0.316558
      0.316559
      0.316561
      0.316561
      0.316562
      0.316563
      0.316564
      0.316564
      0.316565
      0.316564
      0.316565
      0.316565
      0.316565
      0.293996
      0.293996
      0.293996
      0.293996
      0.293996
      0.293995
      0.293995
      0.293994
      0.293993
      0.293992
      0.293991
      0.293989
      0.293987
      0.293985
      0.293983
      0.293979
      0.293975
      0.293971
      0.293966
      0.293959
      0.293953
      0.293945
      0.293937
      0.293928
      0.293919
      0.293911
      0.293904
      0.293898
      0.293895
      0.293895
      0.293897
      0.293901
      0.293908
      0.293916
      0.293925
      0.293933
      0.293942
      0.293949
      0.293956
      0.293963
      0.293968
      0.293973
      0.293977
       0.29398
      0.293983
      0.293986
      0.293988
       0.29399
      0.293991
      0.293992
      0.293993
      0.293994
      0.293995
      0.293995
      0.293996
      0.293996
      0.293996
      0.293996
      0.293996
      0.273505
      0.273504
      0.273505
      0.273504
      0.273504
      0.273503
      0.273503
      0.273502
      0.273501
        0.2735
      0.273499
      0.273497
      0.273495
      0.273492
      0.273489
      0.273485
      0.273481
      0.273475
      0.273469
      0.273461
      0.273452
      0.273442
      0.273431
      0.273419
      0.273407
      0.273395
      0.273385
      0.273376
      0.273372
      0.273371
      0.273375
      0.273381
      0.273392
      0.273403
      0.273415
      0.273427
      0.273438
      0.273448
      0.273457
      0.273465
      0.273472
      0.273477
      0.273483
      0.273486
       0.27349
      0.273493
      0.273495
      0.273497
      0.273499
        0.2735
      0.273501
      0.273502
      0.273503
      0.273503
      0.273504
      0.273504
      0.273505
      0.273504
      0.273505
      0.255116
      0.255116
      0.255116
      0.255116
      0.255116
      0.255115
      0.255114
      0.255113
      0.255113
      0.255111
       0.25511
      0.255108
      0.255105
      0.255102
      0.255099
      0.255094
      0.255089
      0.255082
      0.255074
      0.255064
      0.255053
       0.25504
      0.255026
      0.255009
      0.254992
      0.254975
       0.25496
      0.254947
       0.25494
      0.254939
      0.254945
      0.254955
       0.25497
      0.254987
      0.255004
       0.25502
      0.255036
      0.255049
       0.25506
       0.25507
      0.255078
      0.255085
      0.255091
      0.255096
        0.2551
      0.255103
      0.255106
      0.255108
       0.25511
      0.255111
      0.255113
      0.255114
      0.255114
      0.255115
      0.255116
      0.255116
      0.255116
      0.255116
      0.255116
      0.238854
      0.238853
      0.238853
      0.238853
      0.238853
      0.238852
      0.238852
       0.23885
       0.23885
      0.238848
      0.238846
      0.238844
      0.238841
      0.238838
      0.238834
      0.238828
      0.238822
      0.238814
      0.238805
      0.238793
      0.238779
      0.238762
      0.238742
       0.23872
      0.238696
      0.238671
      0.238648
      0.238629
      0.238618
      0.238616
      0.238625
      0.238641
      0.238664
      0.238689
      0.238713
      0.238736
      0.238756
      0.238773
      0.238788
        0.2388
       0.23881
      0.238818
      0.238825
      0.238831
      0.238835
      0.238839
      0.238842
      0.238844
      0.238847
      0.238848
       0.23885
      0.238851
      0.238852
      0.238852
      0.238853
      0.238853
      0.238853
      0.238853
      0.238854
      0.224733
      0.224733
      0.224732
      0.224732
      0.224732
      0.224731
       0.22473
      0.224729
      0.224728
      0.224727
      0.224725
      0.224722
      0.224719
      0.224715
      0.224711
      0.224705
      0.224697
      0.224688
      0.224677
      0.224662
      0.224645
      0.224624
      0.224598
      0.224567
      0.224533
      0.224496
       0.22446
       0.22443
      0.224412
      0.224409
      0.224423
      0.224451
      0.224486
      0.224523
      0.224559
       0.22459
      0.224617
      0.224639
      0.224657
      0.224672
      0.224684
      0.224693
      0.224701
      0.224708
      0.224713
      0.224717
       0.22472
      0.224723
      0.224725
      0.224727
      0.224728
       0.22473
      0.224731
      0.224731
      0.224732
      0.224732
      0.224732
      0.224733
      0.224733
      0.212767
      0.212767
      0.212767
      0.212767
      0.212766
      0.212765
      0.212765
      0.212764
      0.212762
      0.212761
      0.212759
      0.212756
      0.212753
      0.212748
      0.212743
      0.212736
      0.212728
      0.212717
      0.212704
      0.212687
      0.212666
      0.212639
      0.212605
      0.212564
      0.212515
      0.212461
      0.212405
      0.212356
      0.212326
      0.212319
      0.212345
      0.212391
      0.212447
      0.212503
      0.212553
      0.212596
      0.212631
      0.212659
      0.212681
      0.212699
      0.212713
      0.212724
      0.212733
       0.21274
      0.212746
       0.21275
      0.212754
      0.212757
      0.212759
      0.212761
      0.212763
      0.212764
      0.212765
      0.212766
      0.212766
      0.212767
      0.212767
      0.212767
      0.212767
      0.202966
      0.202966
      0.202966
      0.202966
      0.202965
      0.202965
      0.202964
      0.202963
      0.202961
      0.202959
      0.202957
      0.202954
      0.202951
      0.202946
       0.20294
      0.202933
      0.202924
      0.202912
      0.202896
      0.202877
      0.202851
      0.202818
      0.202775
      0.202721
      0.202653
      0.202572
      0.202484
      0.202402
      0.202345
      0.202334
       0.20238
      0.202463
      0.202553
      0.202638
      0.202709
      0.202765
       0.20281
      0.202844
       0.20287
      0.202891
      0.202907
      0.202919
      0.202929
      0.202937
      0.202943
      0.202948
      0.202952
      0.202955
      0.202958
       0.20296
      0.202961
      0.202963
      0.202964
      0.202965
      0.202965
      0.202966
      0.202966
      0.202966
      0.202966
      0.195337
      0.195337
      0.195337
      0.195337
      0.195336
      0.195335
      0.195335
      0.195333
      0.195332
       0.19533
      0.195328
      0.195325
      0.195321
      0.195316
       0.19531
      0.195302
      0.195292
      0.195279
      0.195262
      0.195239
      0.195209
       0.19517
      0.195117
      0.195046
      0.194953
      0.194837
      0.194697
       0.19456
      0.194454
      0.194423
      0.194517
      0.194668
      0.194812
      0.194937
      0.195034
      0.195107
      0.195161
      0.195202
      0.195232
      0.195255
      0.195273
      0.195287
      0.195298
      0.195306
      0.195313
      0.195318
      0.195322
      0.195326
      0.195328
       0.19533
      0.195332
      0.195334
      0.195335
      0.195335
      0.195336
      0.195337
      0.195337
      0.195337
      0.195337
      0.189885
      0.189885
      0.189885
      0.189884
      0.189884
      0.189883
      0.189882
      0.189881
      0.189879
      0.189877
      0.189875
      0.189872
      0.189868
      0.189863
      0.189856
      0.189848
      0.189837
      0.189823
      0.189804
      0.189779
      0.189746
        0.1897
      0.189637
       0.18955
      0.189429
      0.189267
       0.18906
      0.188815
      0.188578
      0.188514
      0.188735
      0.189017
      0.189248
      0.189418
      0.189541
      0.189629
      0.189692
      0.189739
      0.189773
      0.189798
      0.189817
      0.189832
      0.189843
      0.189852
      0.189859
      0.189865
      0.189869
      0.189873
      0.189876
      0.189878
       0.18988
      0.189881
      0.189882
      0.189883
      0.189884
      0.189884
      0.189885
      0.189885
      0.189885
      0.186612
      0.186612
      0.186612
      0.186612
      0.186611
       0.18661
      0.186609
      0.186608
      0.186607
      0.186605
      0.186602
      0.186599
      0.186595
       0.18659
      0.186583
      0.186574
      0.186563
      0.186548
      0.186529
      0.186502
      0.186466
      0.186416
      0.186345
      0.186242
      0.186093
      0.185881
      0.185586
      0.185182
      0.184644
      0.184432
      0.185014
      0.185546
      0.185884
      0.186095
       0.18624
      0.186339
       0.18641
      0.186459
      0.186496
      0.186522
      0.186543
      0.186558
       0.18657
      0.186579
      0.186586
      0.186592
      0.186596
        0.1866
      0.186603
      0.186605
      0.186607
      0.186608
       0.18661
       0.18661
      0.186611
      0.186612
      0.186612
      0.186612
      0.186612
      0.185521
      0.185521
      0.185521
       0.18552
       0.18552
      0.185519
      0.185518
      0.185517
      0.185516
      0.185514
      0.185511
      0.185508
      0.185504
      0.185498
      0.185492
      0.185483
      0.185471
      0.185456
      0.185436
      0.185409
      0.185372
      0.185319
      0.185244
      0.185133
      0.184966
      0.184709
      0.184326
      0.183789
      0.183101
      0.183059
      0.183839
       0.18439
      0.184753
      0.184985
      0.185139
      0.185243
      0.185315
      0.185366
      0.185403
       0.18543
      0.185451
      0.185466
      0.185478
      0.185488
      0.185495
      0.185501
      0.185505
      0.185509
      0.185512
      0.185514
      0.185516
      0.185517
      0.185518
      0.185519
       0.18552
       0.18552
      0.185521
      0.185521
      0.185521
      0.186612
      0.186612
      0.186612
      0.186612
      0.186611
       0.18661
      0.186609
      0.186608
      0.186607
      0.186605
      0.186602
      0.186599
      0.186595
       0.18659
      0.186583
      0.186574
      0.186563
      0.186548
      0.186529
      0.186502
      0.186466
      0.186414
       0.18634
      0.186231
      0.186069
      0.185791
      0.185331
      0.184646
      0.184393
      0.184348
      0.184997
      0.185542
      0.185886
      0.186098
      0.186243
      0.186341
      0.186411
       0.18646
      0.186496
      0.186523
      0.186543
      0.186558
       0.18657
      0.186579
      0.186586
      0.186592
      0.186596
        0.1866
      0.186603
      0.186605
      0.186607
      0.186608
       0.18661
       0.18661
      0.186611
      0.186612
      0.186612
      0.186612
      0.186612
      0.189885
      0.189885
      0.189885
      0.189884
      0.189884
      0.189883
      0.189882
      0.189881
      0.189879
      0.189877
      0.189875
      0.189872
      0.189868
      0.189863
      0.189856
      0.189848
      0.189837
      0.189823
      0.189804
      0.189779
      0.189745
      0.189697
       0.18963
      0.189532
       0.18939
       0.18918
      0.188892
      0.188574
      0.188417
      0.188437
      0.188708
      0.189011
      0.189251
      0.189423
      0.189546
      0.189633
      0.189695
       0.18974
      0.189774
      0.189799
      0.189818
      0.189832
      0.189844
      0.189852
      0.189859
      0.189865
      0.189869
      0.189873
      0.189876
      0.189878
       0.18988
      0.189881
      0.189882
      0.189883
      0.189884
      0.189884
      0.189885
      0.189885
      0.189885
      0.195337
      0.195337
      0.195337
      0.195337
      0.195336
      0.195335
      0.195335
      0.195333
      0.195332
       0.19533
      0.195328
      0.195325
      0.195321
      0.195316
       0.19531
      0.195302
      0.195292
      0.195279
      0.195261
      0.195239
      0.195208
      0.195167
      0.195109
       0.19503
      0.194919
      0.194776
      0.194599
      0.194442
      0.194362
      0.194374
      0.194497
      0.194666
      0.194818
      0.194945
      0.195041
      0.195112
      0.195165
      0.195204
      0.195234
      0.195256
      0.195274
      0.195287
      0.195298
      0.195306
      0.195313
      0.195318
      0.195322
      0.195326
      0.195328
       0.19533
      0.195332
      0.195334
      0.195335
      0.195335
      0.195336
      0.195337
      0.195337
      0.195337
      0.195337
      0.202966
      0.202966
      0.202966
      0.202966
      0.202965
      0.202965
      0.202964
      0.202963
      0.202961
      0.202959
      0.202957
      0.202954
      0.202951
      0.202946
       0.20294
      0.202933
      0.202924
      0.202912
      0.202896
      0.202876
       0.20285
      0.202816
       0.20277
      0.202709
      0.202631
      0.202538
      0.202435
      0.202348
      0.202302
       0.20231
      0.202374
      0.202467
      0.202561
      0.202647
      0.202716
      0.202771
      0.202813
      0.202846
      0.202872
      0.202892
      0.202907
      0.202919
      0.202929
      0.202937
      0.202943
      0.202948
      0.202952
      0.202955
      0.202958
       0.20296
      0.202961
      0.202963
      0.202964
      0.202965
      0.202965
      0.202966
      0.202966
      0.202966
      0.202966
      0.212767
      0.212767
      0.212767
      0.212767
      0.212766
      0.212765
      0.212765
      0.212764
      0.212762
      0.212761
      0.212759
      0.212756
      0.212753
      0.212748
      0.212743
      0.212736
      0.212728
      0.212717
      0.212704
      0.212687
      0.212665
      0.212637
      0.212602
      0.212558
      0.212504
      0.212444
      0.212384
      0.212334
       0.21231
      0.212312
      0.212346
      0.212398
      0.212456
      0.212512
      0.212561
      0.212601
      0.212635
      0.212661
      0.212683
        0.2127
      0.212713
      0.212724
      0.212733
       0.21274
      0.212746
       0.21275
      0.212754
      0.212757
      0.212759
      0.212761
      0.212763
      0.212764
      0.212765
      0.212766
      0.212766
      0.212767
      0.212767
      0.212767
      0.212767
      0.224733
      0.224733
      0.224732
      0.224732
      0.224732
      0.224731
       0.22473
      0.224729
      0.224728
      0.224727
      0.224725
      0.224722
      0.224719
      0.224715
      0.224711
      0.224705
      0.224697
      0.224688
      0.224677
      0.224662
      0.224645
      0.224623
      0.224597
      0.224565
      0.224529
       0.22449
      0.224453
      0.224424
      0.224409
       0.22441
      0.224429
      0.224459
      0.224494
      0.224531
      0.224565
      0.224595
       0.22462
      0.224641
      0.224658
      0.224672
      0.224684
      0.224694
      0.224701
      0.224708
      0.224713
      0.224717
       0.22472
      0.224723
      0.224725
      0.224727
      0.224728
       0.22473
      0.224731
      0.224731
      0.224732
      0.224732
      0.224732
      0.224733
      0.224733
      0.238854
      0.238853
      0.238853
      0.238853
      0.238853
      0.238852
      0.238852
       0.23885
       0.23885
      0.238848
      0.238846
      0.238844
      0.238841
      0.238838
      0.238834
      0.238828
      0.238822
      0.238814
      0.238805
      0.238793
      0.238779
      0.238762
      0.238742
       0.23872
      0.238695
       0.23867
      0.238647
      0.238629
       0.23862
       0.23862
      0.238631
      0.238648
      0.238671
      0.238695
      0.238718
       0.23874
      0.238759
      0.238775
      0.238789
      0.238801
      0.238811
      0.238819
      0.238825
      0.238831
      0.238835
      0.238839
      0.238842
      0.238844
      0.238847
      0.238848
       0.23885
      0.238851
      0.238852
      0.238852
      0.238853
      0.238853
      0.238853
      0.238853
      0.238854
      0.255116
      0.255116
      0.255116
      0.255116
      0.255116
      0.255115
      0.255114
      0.255113
      0.255113
      0.255111
       0.25511
      0.255108
      0.255105
      0.255102
      0.255099
      0.255094
      0.255089
      0.255082
      0.255074
      0.255065
      0.255053
       0.25504
      0.255026
       0.25501
      0.254993
      0.254976
      0.254961
       0.25495
      0.254944
      0.254944
       0.25495
      0.254961
      0.254975
      0.254991
      0.255007
      0.255023
      0.255037
       0.25505
      0.255061
       0.25507
      0.255079
      0.255085
      0.255091
      0.255096
        0.2551
      0.255103
      0.255106
      0.255108
       0.25511
      0.255111
      0.255113
      0.255114
      0.255114
      0.255115
      0.255116
      0.255116
      0.255116
      0.255116
      0.255116
      0.273505
      0.273504
      0.273505
      0.273504
      0.273504
      0.273503
      0.273503
      0.273502
      0.273501
        0.2735
      0.273499
      0.273497
      0.273495
      0.273492
      0.273489
      0.273485
      0.273481
      0.273475
      0.273469
      0.273461
      0.273452
      0.273442
      0.273432
       0.27342
      0.273408
      0.273396
      0.273387
      0.273379
      0.273375
      0.273375
      0.273379
      0.273385
      0.273395
      0.273406
      0.273417
      0.273428
      0.273439
      0.273449
      0.273458
      0.273465
      0.273472
      0.273478
      0.273483
      0.273486
       0.27349
      0.273493
      0.273495
      0.273497
      0.273499
        0.2735
      0.273502
      0.273502
      0.273503
      0.273503
      0.273504
      0.273504
      0.273505
      0.273504
      0.273505
      0.293996
      0.293996
      0.293996
      0.293996
      0.293996
      0.293995
      0.293995
      0.293994
      0.293993
      0.293992
      0.293991
      0.293989
      0.293988
      0.293985
      0.293983
      0.293979
      0.293975
      0.293971
      0.293966
      0.293959
      0.293953
      0.293945
      0.293937
      0.293928
       0.29392
      0.293912
      0.293905
        0.2939
      0.293898
      0.293897
        0.2939
      0.293904
      0.293911
      0.293918
      0.293926
      0.293934
      0.293942
       0.29395
      0.293957
      0.293963
      0.293968
      0.293973
      0.293977
       0.29398
      0.293983
      0.293986
      0.293988
       0.29399
      0.293991
      0.293992
      0.293993
      0.293994
      0.293995
      0.293995
      0.293996
      0.293996
      0.293996
      0.293996
      0.293996
      0.316565
      0.316565
      0.316565
      0.316564
      0.316565
      0.316564
      0.316564
      0.316563
      0.316562
      0.316561
       0.31656
      0.316559
      0.316557
      0.316555
      0.316553
       0.31655
      0.316547
      0.316543
      0.316539
      0.316534
      0.316529
      0.316523
      0.316517
      0.316511
      0.316505
      0.316499
      0.316494
       0.31649
      0.316489
      0.316488
       0.31649
      0.316493
      0.316498
      0.316503
      0.316509
      0.316515
      0.316521
      0.316526
      0.316532
      0.316536
      0.316541
      0.316545
      0.316548
      0.316551
      0.316554
      0.316556
      0.316558
      0.316559
      0.316561
      0.316561
      0.316562
      0.316563
      0.316564
      0.316564
      0.316565
      0.316564
      0.316565
      0.316565
      0.316565
      0.341177
      0.341176
      0.341176
      0.341176
      0.341176
      0.341176
      0.341175
      0.341175
      0.341174
      0.341173
      0.341172
      0.341171
       0.34117
      0.341168
      0.341166
      0.341164
      0.341161
      0.341158
      0.341155
      0.341151
      0.341147
      0.341142
      0.341138
      0.341133
      0.341129
      0.341124
      0.341121
      0.341119
      0.341117
      0.341117
      0.341118
       0.34112
      0.341123
      0.341127
      0.341131
      0.341136
       0.34114
      0.341145
      0.341149
      0.341153
      0.341156
      0.341159
      0.341162
      0.341164
      0.341167
      0.341168
       0.34117
      0.341171
      0.341172
      0.341173
      0.341174
      0.341175
      0.341175
      0.341176
      0.341176
      0.341176
      0.341176
      0.341176
      0.341177
      0.367792
      0.367792
      0.367792
      0.367791
      0.367792
      0.367791
      0.367791
       0.36779
       0.36779
      0.367789
      0.367788
      0.367787
      0.367786
      0.367784
      0.367783
      0.367781
      0.367779
      0.367776
      0.367774
      0.367771
      0.367768
      0.367764
      0.367761
      0.367757
      0.367754
      0.367751
      0.367749
      0.367746
      0.367746
      0.367745
      0.367746
      0.367747
       0.36775
      0.367752
      0.367756
      0.367759
      0.367763
      0.367765
      0.367769
      0.367772
      0.367775
      0.367777
       0.36778
      0.367781
      0.367784
      0.367785
      0.367786
      0.367787
      0.367788
      0.367789
       0.36779
       0.36779
      0.367791
      0.367791
      0.367792
      0.367791
      0.367792
      0.367792
      0.367792
      0.396362
      0.396362
      0.396362
      0.396362
      0.396362
      0.396361
      0.396361
       0.39636
       0.39636
      0.396359
      0.396359
      0.396358
      0.396357
      0.396356
      0.396355
      0.396353
      0.396351
      0.396349
      0.396347
      0.396345
      0.396342
      0.396339
      0.396337
      0.396334
      0.396332
      0.396329
      0.396328
      0.396326
      0.396326
      0.396325
      0.396326
      0.396327
      0.396329
       0.39633
      0.396333
      0.396335
      0.396338
       0.39634
      0.396343
      0.396345
      0.396348
       0.39635
      0.396352
      0.396353
      0.396355
      0.396356
      0.396357
      0.396358
      0.396359
      0.396359
       0.39636
       0.39636
      0.396361
      0.396361
      0.396362
      0.396362
      0.396362
      0.396362
      0.396362
      0.426833
      0.426832
      0.426832
      0.426832
      0.426832
      0.426831
      0.426832
      0.426831
      0.426831
       0.42683
       0.42683
      0.426828
      0.426828
      0.426827
      0.426826
      0.426824
      0.426823
      0.426821
       0.42682
      0.426818
      0.426816
      0.426814
      0.426812
       0.42681
      0.426808
      0.426806
      0.426805
      0.426804
      0.426804
      0.426803
      0.426804
      0.426804
      0.426806
      0.426807
      0.426809
      0.426811
      0.426813
      0.426814
      0.426817
      0.426818
      0.426821
      0.426822
      0.426824
      0.426825
      0.426826
      0.426827
      0.426828
      0.426829
       0.42683
       0.42683
      0.426831
      0.426831
      0.426832
      0.426831
      0.426832
      0.426832
      0.426832
      0.426832
      0.426833
      0.459137
      0.459136
      0.459137
      0.459136
      0.459136
      0.459136
      0.459136
      0.459135
      0.459135
      0.459135
      0.459134
      0.459133
      0.459133
      0.459132
      0.459131
       0.45913
      0.459129
      0.459128
      0.459126
      0.459125
      0.459123
      0.459122
       0.45912
      0.459119
      0.459117
      0.459116
      0.459115
      0.459114
      0.459114
      0.459114
      0.459114
      0.459114
      0.459116
      0.459116
      0.459118
      0.459119
      0.459121
      0.459122
      0.459124
      0.459125
      0.459127
      0.459128
      0.459129
       0.45913
      0.459131
      0.459132
      0.459133
      0.459134
      0.459134
      0.459135
      0.459135
      0.459135
      0.459136
      0.459136
      0.459136
      0.459136
      0.459137
      0.459136
      0.459137
      0.493203
      0.493202
      0.493203
      0.493202
      0.493203
      0.493202
      0.493202
      0.493201
      0.493202
      0.493201
      0.493201
        0.4932
        0.4932
      0.493198
      0.493198
      0.493197
      0.493197
      0.493195
      0.493194
      0.493193
      0.493192
       0.49319
       0.49319
      0.493188
      0.493188
      0.493186
      0.493186
      0.493185
      0.493185
      0.493184
      0.493185
      0.493185
      0.493186
      0.493186
      0.493188
      0.493188
       0.49319
      0.493191
      0.493192
      0.493193
      0.493195
      0.493195
      0.493197
      0.493197
      0.493198
      0.493199
        0.4932
        0.4932
      0.493201
      0.493201
      0.493202
      0.493201
      0.493202
      0.493202
      0.493203
      0.493202
      0.493203
      0.493202
      0.493203
      0.528946
      0.528945
      0.528945
      0.528945
      0.528945
      0.528945
      0.528945
      0.528945
      0.528944
      0.528944
      0.528944
      0.528943
      0.528943
      0.528942
      0.528942
      0.528941
       0.52894
      0.528939
      0.528939
      0.528938
      0.528937
      0.528936
      0.528935
      0.528934
      0.528933
      0.528932
      0.528932
      0.528931
      0.528931
      0.528931
      0.528931
      0.528931
      0.528932
      0.528933
      0.528933
      0.528934
      0.528935
      0.528936
      0.528937
      0.528938
      0.528939
      0.528939
       0.52894
      0.528941
      0.528942
      0.528942
      0.528943
      0.528943
      0.528944
      0.528944
      0.528944
      0.528945
      0.528945
      0.528945
      0.528945
      0.528945
      0.528945
      0.528945
      0.528946
      0.566274
      0.566274
      0.566274
      0.566273
      0.566274
      0.566273
      0.566274
      0.566273
      0.566273
      0.566272
      0.566273
      0.566272
      0.566272
      0.566271
      0.566271
       0.56627
       0.56627
      0.566269
      0.566269
      0.566267
      0.566267
      0.566266
      0.566266
      0.566264
      0.566264
      0.566263
      0.566263
      0.566263
      0.566263
      0.566262
      0.566263
      0.566263
      0.566264
      0.566263
      0.566265
      0.566265
      0.566266
      0.566266
      0.566267
      0.566267
      0.566269
      0.566269
       0.56627
       0.56627
      0.566271
      0.566271
      0.566272
      0.566272
      0.566273
      0.566272
      0.566273
      0.566273
      0.566274
      0.566273
      0.566274
      0.566273
      0.566274
      0.566274
      0.566274
      0.605084
      0.605084
      0.605084
      0.605084
      0.605084
      0.605084
      0.605084
      0.605084
      0.605084
      0.605083
      0.605083
      0.605083
      0.605082
      0.605082
      0.605082
      0.605081
      0.605081
       0.60508
       0.60508
      0.605079
      0.605079
      0.605078
      0.605077
      0.605077
      0.605076
      0.605076
      0.605076
      0.605075
      0.605075
      0.605075
      0.605075
      0.605075
      0.605076
      0.605076
      0.605077
      0.605077
      0.605078
      0.605078
      0.605079
      0.605079
       0.60508
       0.60508
      0.605081
      0.605081
      0.605082
      0.605082
      0.605082
      0.605083
      0.605083
      0.605083
      0.605084
      0.605084
      0.605084
      0.605084
      0.605084
      0.605084
      0.605084
      0.605084
      0.605084
      0.645266
      0.645266
      0.645266
      0.645266
      0.645266
      0.645266
      0.645266
      0.645265
      0.645266
      0.645265
      0.645265
      0.645265
      0.645265
      0.645264
      0.645264
      0.645263
      0.645263
      0.645263
      0.645263
      0.645262
      0.645262
      0.645261
      0.645261
       0.64526
       0.64526
      0.645259
       0.64526
      0.645259
      0.645259
      0.645259
      0.645259
      0.645259
       0.64526
      0.645259
       0.64526
       0.64526
      0.645261
      0.645261
      0.645262
      0.645262
      0.645263
      0.645263
      0.645263
      0.645263
      0.645264
      0.645264
      0.645265
      0.645265
      0.645265
      0.645265
      0.645266
      0.645265
      0.645266
      0.645266
      0.645266
      0.645266
      0.645266
      0.645266
      0.645266
      0.686697
      0.686697
      0.686697
      0.686697
      0.686697
      0.686697
      0.686697
      0.686697
      0.686697
      0.686697
      0.686697
      0.686696
      0.686696
      0.686696
      0.686696
      0.686695
      0.686695
      0.686695
      0.686694
      0.686694
      0.686694
      0.686693
      0.686693
      0.686693
      0.686693
      0.686692
      0.686692
      0.686692
      0.686692
      0.686692
      0.686692
      0.686692
      0.686692
      0.686692
      0.686693
      0.686693
      0.686693
      0.686693
      0.686694
      0.686694
      0.686695
      0.686695
      0.686695
      0.686695
      0.686696
      0.686696
      0.686696
      0.686696
      0.686697
      0.686697
      0.686697
      0.686697
      0.686697
      0.686697
      0.686697
      0.686697
      0.686697
      0.686697
      0.686697
      0.729251
       0.72925
       0.72925
       0.72925
       0.72925
       0.72925
       0.72925
       0.72925
       0.72925
       0.72925
       0.72925
      0.729249
       0.72925
      0.729249
      0.729249
      0.729249
      0.729249
      0.729248
      0.729248
      0.729248
      0.729248
      0.729247
      0.729247
      0.729246
      0.729247
      0.729246
      0.729246
      0.729246
      0.729246
      0.729246
      0.729246
      0.729246
      0.729246
      0.729246
      0.729247
      0.729247
      0.729247
      0.729247
      0.729248
      0.729248
      0.729248
      0.729248
      0.729249
      0.729249
      0.729249
      0.729249
       0.72925
      0.729249
       0.72925
       0.72925
       0.72925
       0.72925
       0.72925
       0.72925
       0.72925
       0.72925
       0.72925
       0.72925
      0.729251
      0.772787
      0.772787
      0.772787
      0.772787
      0.772787
      0.772787
      0.772787
      0.772786
      0.772786
      0.772786
      0.772786
      0.772786
      0.772786
      0.772786
      0.772786
      0.772785
      0.772785
      0.772785
      0.772785
      0.772785
      0.772785
      0.772784
      0.772784
      0.772784
      0.772784
      0.772784
      0.772784
      0.772783
      0.772783
      0.772783
      0.772783
      0.772783
      0.772784
      0.772784
      0.772784
      0.772784
      0.772784
      0.772784
      0.772785
      0.772785
      0.772785
      0.772785
      0.772785
      0.772785
      0.772786
      0.772786
      0.772786
      0.772786
      0.772786
      0.772786
      0.772786
      0.772786
      0.772787
      0.772787
      0.772787
      0.772787
      0.772787
      0.772787
      0.772787
      0.817164
      0.817163
      0.817164
      0.817163
      0.817164
      0.817163
      0.817164
      0.817163
      0.817163
      0.817163
      0.817163
      0.817163
      0.817163
      0.817163
      0.817163
      0.817162
      0.817163
      0.817162
      0.817162
      0.817162
      0.817162
      0.817162
      0.817162
      0.817161
      0.817162
      0.817161
      0.817161
      0.817161
      0.817161
      0.817161
      0.817161
      0.817161
      0.817161
      0.817161
      0.817162
      0.817161
      0.817162
      0.817162
      0.817162
      0.817162
      0.817162
      0.817162
      0.817163
      0.817162
      0.817163
      0.817163
      0.817163
      0.817163
      0.817163
      0.817163
      0.817163
      0.817163
      0.817164
      0.817163
      0.817164
      0.817163
      0.817164
      0.817163
      0.817164
       0.86223
       0.86223
       0.86223
       0.86223
       0.86223
       0.86223
       0.86223
       0.86223
       0.86223
       0.86223
       0.86223
       0.86223
       0.86223
      0.862229
      0.862229
      0.862229
      0.862229
      0.862229
      0.862229
      0.862229
      0.862229
      0.862229
      0.862229
      0.862228
      0.862228
      0.862228
      0.862228
      0.862228
      0.862228
      0.862228
      0.862228
      0.862228
      0.862228
      0.862228
      0.862228
      0.862228
      0.862229
      0.862229
      0.862229
      0.862229
      0.862229
      0.862229
      0.862229
      0.862229
      0.862229
      0.862229
       0.86223
       0.86223
       0.86223
       0.86223
       0.86223
       0.86223
       0.86223
       0.86223
       0.86223
       0.86223
       0.86223
       0.86223
       0.86223
      0.907831
      0.907831
      0.907831
      0.907831
      0.907831
      0.907831
      0.907831
      0.907831
      0.907831
      0.907831
      0.907831
      0.907831
      0.907831
      0.907831
      0.907831
      0.907831
      0.907831
      0.907831
      0.907831
      0.907831
      0.907831
      0.907831
      0.907831
       0.90783
      0.907831
       0.90783
       0.90783
       0.90783
       0.90783
       0.90783
       0.90783
       0.90783
       0.90783
       0.90783
      0.907831
       0.90783
      0.907831
      0.907831
      0.907831
      0.907831
      0.907831
      0.907831
      0.907831
      0.907831
      0.907831
      0.907831
      0.907831
      0.907831
      0.907831
      0.907831
      0.907831
      0.907831
      0.907831
      0.907831
      0.907831
      0.907831
      0.907831
      0.907831
      0.907831
      0.953809
      0.953808
      0.953809
      0.953808
      0.953809
      0.953808
      0.953808
      0.953808
      0.953808
      0.953808
      0.953808
      0.953808
      0.953808
      0.953808
      0.953808
      0.953808
      0.953808
      0.953808
      0.953808
      0.953808
      0.953808
      0.953808
      0.953808
      0.953808
      0.953808
      0.953808
      0.953808
      0.953808
      0.953808
      0.953808
      0.953808
      0.953808
      0.953808
      0.953808
      0.953808
      0.953808
      0.953808
      0.953808
      0.953808
      0.953808
      0.953808
      0.953808
      0.953808
      0.953808
      0.953808
      0.953808
      0.953808
      0.953808
      0.953808
      0.953808
      0.953808
      0.953808
      0.953808
      0.953808
      0.953809
      0.953808
      0.953809
      0.953808
      0.953809
             1
             1
             1
             1
             1
             1
             1
             1
             1
             1
             1
             1
             1
             1
             1
             1
             1
             1
             1
             1
             1
             1
             1
             1
             1
             1
             1
             1
             1
             1
             1
             1
             1
             1
             1
             1
             1
             1
             1
             1
             1
             1
             1
             1
             1
             1
             1
             1
             1
             1
             1
             1
             1
             1
             1
             1
             1
             1
             1
