             1
             1
             1
             1
             1
             1
             1
             1
             1
             1
             1
             1
             1
             1
             1
             1
             1
             1
             1
             1
             1
             1
             1
             1
             1
             1
             1
             1
             1
             1
             1
             1
             1
             1
             1
             1
             1
             1
             1
             1
             1
             1
             1
             1
             1
             1
             1
             1
             1
             1
             1
             1
             1
             1
             1
             1
             1
             1
             1
      0.954153
      0.954153
      0.954153
      0.954153
      0.954153
      0.954153
      0.954153
      0.954153
      0.954153
      0.954153
      0.954153
      0.954153
      0.954153
      0.954152
      0.954152
      0.954152
      0.954152
      0.954152
      0.954152
      0.954152
      0.954152
      0.954152
      0.954152
      0.954152
      0.954152
      0.954152
      0.954152
      0.954152
      0.954152
      0.954152
      0.954152
      0.954152
      0.954152
      0.954152
      0.954152
      0.954152
      0.954152
      0.954152
      0.954152
      0.954152
      0.954152
      0.954152
      0.954152
      0.954152
      0.954152
      0.954152
      0.954153
      0.954153
      0.954153
      0.954153
      0.954153
      0.954153
      0.954153
      0.954153
      0.954153
      0.954153
      0.954153
      0.954153
      0.954153
      0.908517
      0.908517
      0.908517
      0.908517
      0.908517
      0.908517
      0.908517
      0.908517
      0.908517
      0.908517
      0.908517
      0.908517
      0.908517
      0.908517
      0.908517
      0.908516
      0.908517
      0.908516
      0.908516
      0.908516
      0.908516
      0.908516
      0.908516
      0.908516
      0.908516
      0.908516
      0.908516
      0.908516
      0.908516
      0.908516
      0.908516
      0.908516
      0.908516
      0.908516
      0.908516
      0.908516
      0.908516
      0.908516
      0.908516
      0.908516
      0.908516
      0.908516
      0.908517
      0.908516
      0.908517
      0.908517
      0.908517
      0.908517
      0.908517
      0.908517
      0.908517
      0.908517
      0.908517
      0.908517
      0.908517
      0.908517
      0.908517
      0.908517
      0.908517
      0.863252
      0.863252
      0.863252
      0.863252
      0.863252
      0.863252
      0.863252
      0.863251
      0.863251
      0.863251
      0.863251
      0.863251
      0.863251
      0.863251
      0.863251
      0.863251
      0.863251
      0.863251
      0.863251
       0.86325
       0.86325
       0.86325
       0.86325
       0.86325
       0.86325
       0.86325
       0.86325
       0.86325
       0.86325
       0.86325
       0.86325
       0.86325
       0.86325
       0.86325
       0.86325
       0.86325
       0.86325
       0.86325
       0.86325
       0.86325
      0.863251
      0.863251
      0.863251
      0.863251
      0.863251
      0.863251
      0.863251
      0.863251
      0.863251
      0.863251
      0.863251
      0.863251
      0.863252
      0.863252
      0.863252
      0.863252
      0.863252
      0.863252
      0.863252
      0.818514
      0.818513
      0.818513
      0.818513
      0.818513
      0.818513
      0.818513
      0.818513
      0.818513
      0.818513
      0.818513
      0.818513
      0.818513
      0.818512
      0.818513
      0.818512
      0.818512
      0.818512
      0.818512
      0.818512
      0.818512
      0.818511
      0.818511
      0.818511
      0.818511
      0.818511
      0.818511
      0.818511
      0.818511
      0.818511
      0.818511
      0.818511
      0.818511
      0.818511
      0.818511
      0.818511
      0.818511
      0.818511
      0.818512
      0.818512
      0.818512
      0.818512
      0.818512
      0.818512
      0.818513
      0.818512
      0.818513
      0.818513
      0.818513
      0.818513
      0.818513
      0.818513
      0.818513
      0.818513
      0.818513
      0.818513
      0.818513
      0.818513
      0.818514
      0.774454
      0.774454
      0.774454
      0.774454
      0.774454
      0.774454
      0.774454
      0.774454
      0.774454
      0.774454
      0.774454
      0.774453
      0.774453
      0.774453
      0.774453
      0.774453
      0.774453
      0.774452
      0.774452
      0.774452
      0.774452
      0.774452
      0.774451
      0.774451
      0.774451
      0.774451
      0.774451
      0.774451
      0.774451
      0.774451
      0.774451
      0.774451
      0.774451
      0.774451
      0.774451
      0.774451
      0.774452
      0.774452
      0.774452
      0.774452
      0.774452
      0.774452
      0.774453
      0.774453
      0.774453
      0.774453
      0.774453
      0.774453
      0.774454
      0.774454
      0.774454
      0.774454
      0.774454
      0.774454
      0.774454
      0.774454
      0.774454
      0.774454
      0.774454
      0.731223
      0.731223
      0.731223
      0.731223
      0.731223
      0.731223
      0.731223
      0.731222
      0.731223
      0.731222
      0.731222
      0.731222
      0.731222
      0.731222
      0.731222
      0.731221
      0.731221
      0.731221
      0.731221
       0.73122
       0.73122
      0.731219
       0.73122
      0.731219
      0.731219
      0.731218
      0.731219
      0.731218
      0.731219
      0.731218
      0.731219
      0.731218
      0.731219
      0.731218
      0.731219
      0.731219
       0.73122
      0.731219
       0.73122
       0.73122
      0.731221
      0.731221
      0.731221
      0.731221
      0.731222
      0.731222
      0.731222
      0.731222
      0.731222
      0.731222
      0.731223
      0.731222
      0.731223
      0.731223
      0.731223
      0.731223
      0.731223
      0.731223
      0.731223
      0.688961
      0.688961
      0.688961
       0.68896
      0.688961
       0.68896
       0.68896
       0.68896
       0.68896
       0.68896
       0.68896
      0.688959
      0.688959
      0.688959
      0.688959
      0.688958
      0.688958
      0.688958
      0.688958
      0.688957
      0.688957
      0.688956
      0.688956
      0.688956
      0.688955
      0.688955
      0.688955
      0.688955
      0.688955
      0.688955
      0.688955
      0.688955
      0.688955
      0.688955
      0.688955
      0.688956
      0.688956
      0.688956
      0.688957
      0.688957
      0.688958
      0.688958
      0.688958
      0.688958
      0.688959
      0.688959
      0.688959
      0.688959
       0.68896
       0.68896
       0.68896
       0.68896
       0.68896
       0.68896
      0.688961
       0.68896
      0.688961
      0.688961
      0.688961
      0.647804
      0.647803
      0.647804
      0.647803
      0.647804
      0.647803
      0.647804
      0.647803
      0.647803
      0.647803
      0.647803
      0.647802
      0.647802
      0.647802
      0.647802
      0.647801
      0.647801
        0.6478
        0.6478
      0.647799
      0.647799
      0.647798
      0.647798
      0.647797
      0.647797
      0.647796
      0.647797
      0.647796
      0.647796
      0.647796
      0.647796
      0.647796
      0.647797
      0.647796
      0.647797
      0.647797
      0.647798
      0.647798
      0.647799
      0.647799
        0.6478
        0.6478
      0.647801
      0.647801
      0.647802
      0.647802
      0.647802
      0.647802
      0.647803
      0.647803
      0.647803
      0.647803
      0.647804
      0.647803
      0.647804
      0.647803
      0.647804
      0.647803
      0.647804
      0.607879
      0.607879
      0.607879
      0.607878
      0.607879
      0.607878
      0.607878
      0.607878
      0.607878
      0.607878
      0.607877
      0.607877
      0.607877
      0.607876
      0.607876
      0.607875
      0.607875
      0.607874
      0.607874
      0.607873
      0.607873
      0.607872
      0.607871
      0.607871
       0.60787
       0.60787
      0.607869
      0.607869
      0.607869
      0.607869
      0.607869
      0.607869
       0.60787
       0.60787
       0.60787
      0.607871
      0.607871
      0.607872
      0.607873
      0.607873
      0.607874
      0.607874
      0.607875
      0.607875
      0.607876
      0.607876
      0.607877
      0.607877
      0.607877
      0.607878
      0.607878
      0.607878
      0.607878
      0.607878
      0.607879
      0.607878
      0.607879
      0.607879
      0.607879
      0.569307
      0.569306
      0.569307
      0.569306
      0.569307
      0.569306
      0.569306
      0.569306
      0.569306
      0.569305
      0.569305
      0.569304
      0.569304
      0.569303
      0.569303
      0.569302
      0.569302
      0.569301
      0.569301
      0.569299
      0.569299
      0.569298
      0.569298
      0.569296
      0.569296
      0.569295
      0.569295
      0.569294
      0.569295
      0.569294
      0.569295
      0.569294
      0.569295
      0.569295
      0.569296
      0.569296
      0.569298
      0.569298
      0.569299
        0.5693
      0.569301
      0.569301
      0.569302
      0.569302
      0.569303
      0.569303
      0.569304
      0.569304
      0.569305
      0.569305
      0.569306
      0.569306
      0.569306
      0.569306
      0.569307
      0.569306
      0.569307
      0.569306
      0.569307
      0.532197
      0.532197
      0.532197
      0.532196
      0.532197
      0.532196
      0.532196
      0.532196
      0.532196
      0.532195
      0.532195
      0.532194
      0.532194
      0.532193
      0.532193
      0.532192
      0.532191
       0.53219
      0.532189
      0.532188
      0.532187
      0.532186
      0.532185
      0.532184
      0.532183
      0.532182
      0.532182
      0.532181
      0.532181
      0.532181
      0.532181
      0.532182
      0.532182
      0.532183
      0.532184
      0.532184
      0.532186
      0.532186
      0.532188
      0.532188
       0.53219
       0.53219
      0.532191
      0.532192
      0.532193
      0.532193
      0.532194
      0.532194
      0.532195
      0.532195
      0.532196
      0.532196
      0.532196
      0.532196
      0.532197
      0.532196
      0.532197
      0.532197
      0.532197
      0.496653
      0.496652
      0.496653
      0.496652
      0.496653
      0.496652
      0.496652
      0.496651
      0.496652
      0.496651
      0.496651
       0.49665
       0.49665
      0.496648
      0.496648
      0.496647
      0.496646
      0.496645
      0.496644
      0.496642
      0.496641
      0.496639
      0.496639
      0.496637
      0.496636
      0.496635
      0.496634
      0.496633
      0.496633
      0.496633
      0.496634
      0.496633
      0.496635
      0.496635
      0.496637
      0.496637
      0.496639
       0.49664
      0.496642
      0.496642
      0.496644
      0.496645
      0.496646
      0.496647
      0.496648
      0.496648
       0.49665
       0.49665
      0.496651
      0.496651
      0.496652
      0.496651
      0.496652
      0.496652
      0.496653
      0.496652
      0.496653
      0.496652
      0.496653
      0.462766
      0.462766
      0.462766
      0.462765
      0.462765
      0.462765
      0.462765
      0.462765
      0.462764
      0.462764
      0.462763
      0.462762
      0.462762
      0.462761
       0.46276
      0.462759
      0.462758
      0.462756
      0.462755
      0.462753
      0.462751
       0.46275
      0.462748
      0.462746
      0.462745
      0.462743
      0.462742
      0.462741
      0.462741
      0.462741
      0.462741
      0.462742
      0.462743
      0.462744
      0.462745
      0.462747
      0.462749
       0.46275
      0.462752
      0.462753
      0.462755
      0.462756
      0.462758
      0.462759
       0.46276
      0.462761
      0.462762
      0.462762
      0.462763
      0.462764
      0.462764
      0.462765
      0.462765
      0.462765
      0.462765
      0.462765
      0.462766
      0.462766
      0.462766
      0.430621
      0.430621
      0.430621
       0.43062
      0.430621
       0.43062
       0.43062
      0.430619
      0.430619
      0.430618
      0.430618
      0.430617
      0.430616
      0.430615
      0.430614
      0.430612
      0.430611
      0.430609
      0.430608
      0.430605
      0.430603
      0.430601
      0.430599
      0.430596
      0.430595
      0.430592
      0.430591
       0.43059
      0.430589
      0.430589
       0.43059
       0.43059
      0.430592
      0.430593
      0.430595
      0.430597
        0.4306
      0.430601
      0.430604
      0.430606
      0.430608
      0.430609
      0.430612
      0.430613
      0.430614
      0.430615
      0.430617
      0.430617
      0.430618
      0.430618
      0.430619
      0.430619
       0.43062
       0.43062
      0.430621
       0.43062
      0.430621
      0.430621
      0.430621
      0.400291
      0.400291
      0.400291
       0.40029
       0.40029
       0.40029
       0.40029
      0.400289
      0.400289
      0.400288
      0.400287
      0.400286
      0.400285
      0.400284
      0.400283
      0.400281
      0.400279
      0.400277
      0.400275
      0.400272
      0.400269
      0.400266
      0.400263
       0.40026
      0.400257
      0.400255
      0.400253
      0.400251
       0.40025
       0.40025
      0.400251
      0.400252
      0.400254
      0.400256
      0.400259
      0.400261
      0.400265
      0.400267
       0.40027
      0.400273
      0.400275
      0.400277
       0.40028
      0.400281
      0.400283
      0.400284
      0.400286
      0.400286
      0.400287
      0.400288
      0.400289
      0.400289
       0.40029
       0.40029
       0.40029
       0.40029
      0.400291
      0.400291
      0.400291
      0.371843
      0.371842
      0.371843
      0.371842
      0.371842
      0.371842
      0.371842
      0.371841
      0.371841
      0.371839
      0.371839
      0.371837
      0.371837
      0.371835
      0.371833
      0.371831
      0.371829
      0.371826
      0.371823
      0.371819
      0.371816
      0.371812
      0.371808
      0.371804
      0.371801
      0.371797
      0.371794
      0.371792
      0.371791
       0.37179
      0.371792
      0.371793
      0.371796
      0.371799
      0.371803
      0.371806
       0.37181
      0.371814
      0.371818
      0.371821
      0.371824
      0.371827
       0.37183
      0.371831
      0.371834
      0.371835
      0.371837
      0.371838
      0.371839
      0.371839
      0.371841
      0.371841
      0.371842
      0.371842
      0.371842
      0.371842
      0.371843
      0.371842
      0.371843
      0.345332
      0.345332
      0.345332
      0.345332
      0.345332
      0.345331
      0.345331
       0.34533
      0.345329
      0.345328
      0.345328
      0.345326
      0.345325
      0.345323
      0.345321
      0.345318
      0.345315
      0.345312
      0.345308
      0.345304
      0.345299
      0.345294
      0.345289
      0.345284
      0.345279
      0.345274
       0.34527
      0.345267
      0.345265
      0.345265
      0.345266
      0.345269
      0.345272
      0.345277
      0.345282
      0.345287
      0.345292
      0.345297
      0.345302
      0.345306
       0.34531
      0.345313
      0.345317
      0.345319
      0.345321
      0.345323
      0.345325
      0.345326
      0.345328
      0.345329
       0.34533
       0.34533
      0.345331
      0.345331
      0.345332
      0.345332
      0.345332
      0.345332
      0.345332
       0.32081
      0.320809
      0.320809
      0.320809
      0.320809
      0.320808
      0.320808
      0.320807
      0.320806
      0.320805
      0.320804
      0.320802
      0.320801
      0.320798
      0.320796
      0.320793
       0.32079
      0.320785
      0.320781
      0.320775
       0.32077
      0.320763
      0.320756
      0.320748
      0.320742
      0.320735
      0.320729
      0.320725
      0.320723
      0.320722
      0.320724
      0.320727
      0.320733
      0.320739
      0.320746
      0.320753
       0.32076
      0.320766
      0.320773
      0.320778
      0.320783
      0.320787
      0.320791
      0.320794
      0.320797
      0.320799
      0.320801
      0.320803
      0.320804
      0.320805
      0.320807
      0.320807
      0.320808
      0.320808
      0.320809
      0.320809
      0.320809
      0.320809
       0.32081
      0.298315
      0.298315
      0.298315
      0.298314
      0.298314
      0.298313
      0.298313
      0.298312
      0.298311
       0.29831
      0.298309
      0.298307
      0.298305
      0.298302
        0.2983
      0.298296
      0.298292
      0.298287
      0.298281
      0.298274
      0.298266
      0.298257
      0.298248
      0.298238
      0.298228
      0.298219
      0.298211
      0.298204
      0.298201
        0.2982
      0.298203
      0.298208
      0.298216
      0.298225
      0.298235
      0.298245
      0.298254
      0.298263
      0.298271
      0.298278
      0.298284
      0.298289
      0.298294
      0.298297
      0.298301
      0.298303
      0.298306
      0.298307
      0.298309
       0.29831
      0.298311
      0.298312
      0.298313
      0.298313
      0.298314
      0.298314
      0.298315
      0.298315
      0.298315
      0.277884
      0.277884
      0.277884
      0.277883
      0.277883
      0.277882
      0.277882
      0.277881
       0.27788
      0.277879
      0.277877
      0.277875
      0.277873
       0.27787
      0.277867
      0.277862
      0.277857
      0.277851
      0.277844
      0.277835
      0.277826
      0.277814
      0.277802
      0.277788
      0.277774
       0.27776
      0.277749
      0.277739
      0.277734
      0.277733
      0.277738
      0.277745
      0.277757
       0.27777
      0.277784
      0.277797
       0.27781
      0.277821
      0.277832
       0.27784
      0.277848
      0.277854
       0.27786
      0.277864
      0.277868
      0.277871
      0.277874
      0.277876
      0.277878
      0.277879
       0.27788
      0.277881
      0.277882
      0.277882
      0.277883
      0.277883
      0.277884
      0.277884
      0.277884
      0.259545
      0.259545
      0.259545
      0.259544
      0.259544
      0.259543
      0.259543
      0.259542
      0.259541
      0.259539
      0.259537
      0.259535
      0.259533
      0.259529
      0.259525
       0.25952
      0.259514
      0.259507
      0.259498
      0.259487
      0.259474
       0.25946
      0.259443
      0.259424
      0.259404
      0.259385
      0.259367
      0.259353
      0.259345
      0.259344
       0.25935
      0.259363
       0.25938
      0.259399
      0.259419
      0.259437
      0.259455
       0.25947
      0.259483
      0.259494
      0.259503
      0.259511
      0.259517
      0.259522
      0.259527
       0.25953
      0.259533
      0.259536
      0.259538
      0.259539
      0.259541
      0.259542
      0.259543
      0.259543
      0.259544
      0.259544
      0.259545
      0.259545
      0.259545
      0.243321
      0.243321
      0.243321
       0.24332
       0.24332
      0.243319
      0.243319
      0.243318
      0.243317
      0.243315
      0.243313
       0.24331
      0.243308
      0.243304
      0.243299
      0.243293
      0.243286
      0.243277
      0.243267
      0.243253
      0.243237
      0.243218
      0.243196
       0.24317
      0.243142
      0.243113
      0.243087
      0.243065
      0.243053
      0.243051
      0.243061
       0.24308
      0.243106
      0.243135
      0.243163
      0.243189
      0.243212
      0.243232
      0.243249
      0.243262
      0.243274
      0.243283
       0.24329
      0.243296
      0.243301
      0.243305
      0.243309
      0.243311
      0.243314
      0.243315
      0.243317
      0.243318
      0.243319
      0.243319
       0.24332
       0.24332
      0.243321
      0.243321
      0.243321
      0.229231
       0.22923
       0.22923
       0.22923
       0.22923
      0.229229
      0.229228
      0.229227
      0.229226
      0.229224
      0.229222
      0.229219
      0.229216
      0.229212
      0.229206
        0.2292
      0.229191
      0.229181
      0.229168
      0.229152
      0.229132
      0.229107
      0.229077
      0.229042
      0.229002
       0.22896
      0.228919
      0.228885
      0.228865
      0.228862
      0.228879
       0.22891
      0.228951
      0.228993
      0.229034
       0.22907
      0.229101
      0.229126
      0.229147
      0.229163
      0.229177
      0.229188
      0.229196
      0.229203
      0.229209
      0.229213
      0.229217
       0.22922
      0.229222
      0.229224
      0.229226
      0.229227
      0.229228
      0.229229
       0.22923
       0.22923
       0.22923
       0.22923
      0.229231
      0.217288
      0.217288
      0.217288
      0.217287
      0.217287
      0.217286
      0.217286
      0.217284
      0.217283
      0.217281
      0.217279
      0.217276
      0.217272
      0.217267
      0.217262
      0.217254
      0.217245
      0.217233
      0.217218
      0.217198
      0.217174
      0.217142
      0.217103
      0.217055
      0.216999
      0.216937
      0.216873
      0.216818
      0.216788
      0.216778
      0.216808
      0.216861
      0.216924
      0.216988
      0.217046
      0.217095
      0.217135
      0.217167
      0.217193
      0.217212
      0.217228
      0.217241
      0.217251
      0.217258
      0.217265
      0.217269
      0.217274
      0.217277
       0.21728
      0.217281
      0.217283
      0.217284
      0.217286
      0.217286
      0.217287
      0.217287
      0.217288
      0.217288
      0.217288
      0.207504
      0.207504
      0.207504
      0.207504
      0.207503
      0.207502
      0.207501
        0.2075
      0.207499
      0.207497
      0.207494
      0.207491
      0.207487
      0.207482
      0.207476
      0.207468
      0.207457
      0.207443
      0.207426
      0.207403
      0.207373
      0.207335
      0.207285
      0.207221
      0.207142
       0.20705
      0.206948
      0.206851
       0.20678
      0.206782
      0.206841
      0.206934
      0.207036
      0.207131
      0.207211
      0.207276
      0.207327
      0.207367
      0.207397
       0.20742
      0.207439
      0.207453
      0.207464
      0.207472
      0.207479
      0.207484
      0.207489
      0.207492
      0.207495
      0.207497
      0.207499
        0.2075
      0.207502
      0.207502
      0.207503
      0.207504
      0.207504
      0.207504
      0.207504
      0.199887
      0.199887
      0.199887
      0.199887
      0.199886
      0.199885
      0.199884
      0.199883
      0.199882
      0.199879
      0.199877
      0.199874
      0.199869
      0.199864
      0.199857
      0.199848
      0.199837
      0.199822
      0.199802
      0.199776
      0.199741
      0.199695
      0.199633
       0.19955
      0.199442
      0.199306
       0.19914
      0.198958
      0.198774
      0.198835
      0.198964
      0.199133
      0.199293
      0.199433
      0.199542
      0.199625
      0.199688
      0.199735
       0.19977
      0.199796
      0.199817
      0.199832
      0.199844
      0.199853
      0.199861
      0.199866
      0.199871
      0.199875
      0.199878
       0.19988
      0.199882
      0.199883
      0.199885
      0.199885
      0.199886
      0.199887
      0.199887
      0.199887
      0.199887
      0.194443
      0.194443
      0.194442
      0.194442
      0.194442
      0.194441
       0.19444
      0.194438
      0.194437
      0.194435
      0.194432
      0.194429
      0.194424
      0.194419
      0.194411
      0.194402
       0.19439
      0.194373
      0.194352
      0.194323
      0.194284
       0.19423
      0.194156
      0.194053
      0.193913
      0.193715
      0.193442
      0.193089
      0.192663
      0.192866
       0.19316
      0.193471
      0.193723
      0.193912
       0.19405
      0.194151
      0.194224
      0.194278
      0.194317
      0.194346
      0.194368
      0.194385
      0.194398
      0.194407
      0.194415
      0.194421
      0.194426
       0.19443
      0.194433
      0.194435
      0.194437
      0.194439
       0.19444
      0.194441
      0.194442
      0.194442
      0.194443
      0.194443
      0.194443
      0.191175
      0.191175
      0.191174
      0.191174
      0.191174
      0.191173
      0.191172
       0.19117
      0.191169
      0.191167
      0.191164
       0.19116
      0.191156
       0.19115
      0.191142
      0.191133
       0.19112
      0.191103
       0.19108
      0.191049
      0.191007
      0.190947
      0.190864
      0.190744
      0.190575
      0.190301
      0.189845
      0.189155
      0.188759
      0.188761
      0.189428
       0.18999
      0.190354
      0.190586
      0.190749
      0.190863
      0.190944
      0.191002
      0.191044
      0.191075
      0.191098
      0.191115
      0.191128
      0.191139
      0.191147
      0.191153
      0.191158
      0.191162
      0.191165
      0.191167
      0.191169
      0.191171
      0.191172
      0.191173
      0.191174
      0.191174
      0.191175
      0.191175
      0.191175
      0.190085
      0.190085
      0.190085
      0.190084
      0.190084
      0.190083
      0.190082
      0.190081
      0.190079
      0.190077
      0.190074
       0.19007
      0.190066
       0.19006
      0.190052
      0.190043
       0.19003
      0.190012
      0.189989
      0.189957
      0.189913
      0.189851
      0.189762
      0.189632
      0.189441
      0.189143
      0.188693
      0.188077
      0.187403
      0.187414
      0.188244
      0.188828
      0.189218
      0.189473
      0.189647
      0.189766
       0.18985
       0.18991
      0.189953
      0.189984
      0.190007
      0.190025
      0.190038
      0.190049
      0.190057
      0.190063
      0.190068
      0.190072
      0.190075
      0.190077
      0.190079
      0.190081
      0.190082
      0.190083
      0.190084
      0.190084
      0.190085
      0.190085
      0.190085
      0.191175
      0.191175
      0.191174
      0.191174
      0.191174
      0.191173
      0.191172
       0.19117
      0.191169
      0.191167
      0.191164
       0.19116
      0.191156
       0.19115
      0.191142
      0.191133
       0.19112
      0.191103
       0.19108
      0.191048
      0.191005
      0.190944
      0.190857
      0.190729
      0.190543
      0.190236
      0.189738
      0.189014
      0.188762
      0.188724
      0.189403
      0.189979
      0.190351
      0.190586
       0.19075
      0.190864
      0.190945
      0.191003
      0.191045
      0.191075
      0.191098
      0.191115
      0.191128
      0.191139
      0.191147
      0.191153
      0.191158
      0.191162
      0.191165
      0.191167
      0.191169
      0.191171
      0.191172
      0.191173
      0.191174
      0.191174
      0.191175
      0.191175
      0.191175
      0.194443
      0.194443
      0.194442
      0.194442
      0.194442
      0.194441
       0.19444
      0.194438
      0.194437
      0.194435
      0.194432
      0.194429
      0.194424
      0.194419
      0.194411
      0.194402
       0.19439
      0.194373
      0.194351
      0.194322
      0.194281
      0.194224
      0.194144
      0.194029
      0.193867
      0.193633
       0.19332
       0.19298
      0.192816
      0.192841
       0.19313
      0.193455
      0.193718
      0.193912
      0.194052
      0.194153
      0.194226
      0.194279
      0.194318
      0.194347
      0.194369
      0.194385
      0.194398
      0.194408
      0.194415
      0.194421
      0.194426
       0.19443
      0.194433
      0.194435
      0.194437
      0.194439
       0.19444
      0.194441
      0.194442
      0.194442
      0.194443
      0.194443
      0.194443
      0.199887
      0.199887
      0.199887
      0.199887
      0.199886
      0.199885
      0.199884
      0.199883
      0.199882
      0.199879
      0.199877
      0.199874
      0.199869
      0.199864
      0.199857
      0.199848
      0.199837
      0.199821
      0.199802
      0.199775
      0.199738
      0.199688
       0.19962
      0.199526
      0.199398
      0.199236
       0.19904
      0.198869
      0.198783
      0.198797
      0.198932
      0.199118
      0.199289
      0.199434
      0.199545
      0.199628
      0.199691
      0.199737
      0.199771
      0.199797
      0.199817
      0.199832
      0.199844
      0.199853
      0.199861
      0.199867
      0.199871
      0.199875
      0.199878
       0.19988
      0.199882
      0.199883
      0.199885
      0.199885
      0.199886
      0.199887
      0.199887
      0.199887
      0.199887
      0.207504
      0.207504
      0.207504
      0.207504
      0.207503
      0.207502
      0.207501
        0.2075
      0.207499
      0.207497
      0.207494
      0.207491
      0.207487
      0.207482
      0.207476
      0.207467
      0.207457
      0.207443
      0.207425
      0.207402
      0.207371
      0.207329
      0.207274
      0.207202
       0.20711
      0.207002
      0.206885
      0.206788
      0.206738
      0.206747
      0.206819
      0.206925
      0.207034
      0.207133
      0.207215
       0.20728
       0.20733
      0.207369
      0.207399
      0.207421
      0.207439
      0.207453
      0.207464
      0.207472
      0.207479
      0.207484
      0.207489
      0.207492
      0.207495
      0.207497
      0.207499
        0.2075
      0.207502
      0.207502
      0.207503
      0.207504
      0.207504
      0.207504
      0.207504
      0.217288
      0.217288
      0.217288
      0.217287
      0.217287
      0.217286
      0.217286
      0.217284
      0.217283
      0.217281
      0.217279
      0.217276
      0.217272
      0.217267
      0.217262
      0.217254
      0.217245
      0.217233
      0.217217
      0.217197
      0.217172
      0.217138
      0.217096
      0.217042
      0.216978
      0.216908
      0.216837
       0.21678
      0.216752
      0.216756
      0.216796
      0.216857
      0.216925
      0.216992
       0.21705
      0.217099
      0.217138
      0.217169
      0.217194
      0.217213
      0.217229
      0.217241
      0.217251
      0.217258
      0.217265
       0.21727
      0.217274
      0.217277
       0.21728
      0.217281
      0.217283
      0.217284
      0.217286
      0.217286
      0.217287
      0.217287
      0.217288
      0.217288
      0.217288
      0.229231
       0.22923
       0.22923
       0.22923
       0.22923
      0.229229
      0.229228
      0.229227
      0.229226
      0.229224
      0.229222
      0.229219
      0.229216
      0.229212
      0.229206
        0.2292
      0.229191
      0.229181
      0.229168
      0.229151
      0.229131
      0.229105
      0.229073
      0.229034
      0.228991
      0.228945
      0.228901
      0.228866
      0.228849
      0.228852
      0.228874
       0.22891
      0.228953
      0.228997
      0.229038
      0.229074
      0.229104
      0.229128
      0.229148
      0.229164
      0.229177
      0.229188
      0.229196
      0.229203
      0.229209
      0.229213
      0.229217
       0.22922
      0.229222
      0.229224
      0.229226
      0.229227
      0.229228
      0.229229
       0.22923
       0.22923
       0.22923
       0.22923
      0.229231
      0.243321
      0.243321
      0.243321
       0.24332
       0.24332
      0.243319
      0.243319
      0.243318
      0.243317
      0.243315
      0.243313
       0.24331
      0.243308
      0.243304
      0.243299
      0.243293
      0.243286
      0.243277
      0.243267
      0.243253
      0.243237
      0.243217
      0.243193
      0.243166
      0.243136
      0.243106
      0.243079
      0.243057
      0.243047
      0.243048
      0.243061
      0.243082
       0.24311
      0.243139
      0.243167
      0.243192
      0.243215
      0.243234
       0.24325
      0.243263
      0.243274
      0.243283
       0.24329
      0.243296
      0.243301
      0.243305
      0.243309
      0.243311
      0.243314
      0.243315
      0.243317
      0.243318
      0.243319
      0.243319
       0.24332
       0.24332
      0.243321
      0.243321
      0.243321
      0.259545
      0.259545
      0.259545
      0.259544
      0.259544
      0.259543
      0.259543
      0.259542
      0.259541
      0.259539
      0.259537
      0.259535
      0.259533
      0.259529
      0.259525
       0.25952
      0.259514
      0.259507
      0.259498
      0.259487
      0.259474
      0.259459
      0.259442
      0.259422
      0.259402
      0.259382
      0.259364
      0.259351
      0.259344
      0.259344
      0.259352
      0.259366
      0.259383
      0.259402
      0.259422
       0.25944
      0.259457
      0.259471
      0.259484
      0.259495
      0.259504
      0.259511
      0.259517
      0.259523
      0.259527
       0.25953
      0.259533
      0.259536
      0.259538
      0.259539
      0.259541
      0.259542
      0.259543
      0.259543
      0.259544
      0.259544
      0.259545
      0.259545
      0.259545
      0.277884
      0.277884
      0.277884
      0.277883
      0.277883
      0.277882
      0.277882
      0.277881
       0.27788
      0.277879
      0.277877
      0.277875
      0.277873
       0.27787
      0.277867
      0.277862
      0.277857
      0.277851
      0.277844
      0.277835
      0.277826
      0.277814
      0.277801
      0.277787
      0.277774
       0.27776
      0.277749
      0.277739
      0.277735
      0.277735
       0.27774
      0.277748
       0.27776
      0.277773
      0.277786
      0.277799
      0.277812
      0.277822
      0.277833
      0.277841
      0.277848
      0.277854
       0.27786
      0.277864
      0.277868
      0.277871
      0.277874
      0.277876
      0.277878
      0.277879
       0.27788
      0.277881
      0.277882
      0.277882
      0.277883
      0.277883
      0.277884
      0.277884
      0.277884
      0.298315
      0.298315
      0.298315
      0.298314
      0.298314
      0.298313
      0.298313
      0.298312
      0.298311
       0.29831
      0.298309
      0.298307
      0.298305
      0.298302
        0.2983
      0.298296
      0.298292
      0.298287
      0.298281
      0.298274
      0.298266
      0.298258
      0.298248
      0.298238
      0.298229
      0.298219
      0.298212
      0.298206
      0.298203
      0.298202
      0.298205
      0.298211
      0.298219
      0.298227
      0.298237
      0.298246
      0.298255
      0.298264
      0.298271
      0.298278
      0.298284
      0.298289
      0.298294
      0.298297
      0.298301
      0.298303
      0.298306
      0.298307
      0.298309
       0.29831
      0.298311
      0.298312
      0.298313
      0.298313
      0.298314
      0.298314
      0.298315
      0.298315
      0.298315
       0.32081
      0.320809
      0.320809
      0.320809
      0.320809
      0.320808
      0.320808
      0.320807
      0.320806
      0.320805
      0.320804
      0.320802
      0.320801
      0.320798
      0.320796
      0.320793
       0.32079
      0.320785
      0.320781
      0.320775
       0.32077
      0.320763
      0.320756
      0.320749
      0.320742
      0.320735
       0.32073
      0.320726
      0.320724
      0.320723
      0.320726
      0.320729
      0.320735
       0.32074
      0.320747
      0.320754
      0.320761
      0.320767
      0.320773
      0.320778
      0.320783
      0.320787
      0.320791
      0.320794
      0.320797
      0.320799
      0.320801
      0.320803
      0.320804
      0.320805
      0.320807
      0.320807
      0.320808
      0.320808
      0.320809
      0.320809
      0.320809
      0.320809
       0.32081
      0.345332
      0.345332
      0.345332
      0.345332
      0.345332
      0.345331
      0.345331
       0.34533
      0.345329
      0.345328
      0.345328
      0.345326
      0.345325
      0.345323
      0.345321
      0.345318
      0.345315
      0.345312
      0.345308
      0.345304
        0.3453
      0.345294
      0.345289
      0.345284
      0.345279
      0.345274
      0.345271
      0.345268
      0.345266
      0.345266
      0.345267
       0.34527
      0.345273
      0.345278
      0.345283
      0.345287
      0.345293
      0.345297
      0.345302
      0.345306
       0.34531
      0.345313
      0.345317
      0.345319
      0.345321
      0.345323
      0.345325
      0.345326
      0.345328
      0.345329
       0.34533
       0.34533
      0.345331
      0.345331
      0.345332
      0.345332
      0.345332
      0.345332
      0.345332
      0.371843
      0.371842
      0.371843
      0.371842
      0.371842
      0.371842
      0.371842
      0.371841
      0.371841
      0.371839
      0.371839
      0.371837
      0.371837
      0.371835
      0.371833
      0.371831
      0.371829
      0.371826
      0.371823
      0.371819
      0.371816
      0.371812
      0.371809
      0.371804
      0.371801
      0.371797
      0.371795
      0.371792
      0.371792
      0.371791
      0.371793
      0.371794
      0.371797
      0.371799
      0.371803
      0.371806
      0.371811
      0.371814
      0.371818
      0.371821
      0.371824
      0.371827
       0.37183
      0.371831
      0.371834
      0.371835
      0.371837
      0.371838
      0.371839
      0.371839
      0.371841
      0.371841
      0.371842
      0.371842
      0.371842
      0.371842
      0.371843
      0.371842
      0.371843
      0.400291
      0.400291
      0.400291
       0.40029
       0.40029
       0.40029
       0.40029
      0.400289
      0.400289
      0.400288
      0.400287
      0.400286
      0.400285
      0.400284
      0.400283
      0.400281
      0.400279
      0.400277
      0.400275
      0.400272
      0.400269
      0.400266
      0.400263
       0.40026
      0.400258
      0.400255
      0.400253
      0.400252
      0.400251
      0.400251
      0.400251
      0.400252
      0.400254
      0.400256
      0.400259
      0.400262
      0.400265
      0.400267
       0.40027
      0.400273
      0.400275
      0.400277
       0.40028
      0.400281
      0.400283
      0.400284
      0.400286
      0.400286
      0.400288
      0.400288
      0.400289
      0.400289
       0.40029
       0.40029
       0.40029
       0.40029
      0.400291
      0.400291
      0.400291
      0.430621
      0.430621
      0.430621
       0.43062
      0.430621
       0.43062
       0.43062
      0.430619
      0.430619
      0.430618
      0.430618
      0.430617
      0.430616
      0.430615
      0.430614
      0.430612
      0.430611
      0.430609
      0.430608
      0.430605
      0.430603
      0.430601
      0.430599
      0.430596
      0.430595
      0.430592
      0.430591
       0.43059
       0.43059
      0.430589
       0.43059
       0.43059
      0.430592
      0.430593
      0.430596
      0.430597
        0.4306
      0.430602
      0.430604
      0.430606
      0.430608
      0.430609
      0.430612
      0.430613
      0.430614
      0.430615
      0.430617
      0.430617
      0.430618
      0.430618
      0.430619
      0.430619
       0.43062
       0.43062
      0.430621
       0.43062
      0.430621
      0.430621
      0.430621
      0.462766
      0.462766
      0.462766
      0.462765
      0.462765
      0.462765
      0.462765
      0.462765
      0.462764
      0.462764
      0.462763
      0.462762
      0.462762
      0.462761
       0.46276
      0.462759
      0.462758
      0.462756
      0.462755
      0.462753
      0.462751
       0.46275
      0.462748
      0.462746
      0.462745
      0.462743
      0.462742
      0.462741
      0.462741
      0.462741
      0.462741
      0.462742
      0.462743
      0.462744
      0.462745
      0.462747
      0.462749
       0.46275
      0.462752
      0.462753
      0.462755
      0.462756
      0.462758
      0.462759
       0.46276
      0.462761
      0.462762
      0.462762
      0.462763
      0.462764
      0.462764
      0.462765
      0.462765
      0.462765
      0.462765
      0.462765
      0.462766
      0.462766
      0.462766
      0.496653
      0.496652
      0.496653
      0.496652
      0.496653
      0.496652
      0.496652
      0.496651
      0.496652
      0.496651
      0.496651
       0.49665
       0.49665
      0.496648
      0.496648
      0.496647
      0.496646
      0.496645
      0.496644
      0.496642
      0.496641
      0.496639
      0.496639
      0.496637
      0.496636
      0.496635
      0.496634
      0.496633
      0.496633
      0.496633
      0.496634
      0.496633
      0.496635
      0.496635
      0.496637
      0.496637
      0.496639
       0.49664
      0.496642
      0.496642
      0.496644
      0.496645
      0.496646
      0.496647
      0.496648
      0.496648
       0.49665
       0.49665
      0.496651
      0.496651
      0.496652
      0.496651
      0.496652
      0.496652
      0.496653
      0.496652
      0.496653
      0.496652
      0.496653
      0.532197
      0.532197
      0.532197
      0.532196
      0.532197
      0.532196
      0.532196
      0.532196
      0.532196
      0.532195
      0.532195
      0.532194
      0.532194
      0.532193
      0.532193
      0.532192
      0.532191
       0.53219
      0.532189
      0.532188
      0.532187
      0.532186
      0.532185
      0.532184
      0.532183
      0.532183
      0.532182
      0.532181
      0.532181
      0.532181
      0.532181
      0.532182
      0.532182
      0.532183
      0.532184
      0.532184
      0.532186
      0.532186
      0.532188
      0.532188
       0.53219
       0.53219
      0.532191
      0.532192
      0.532193
      0.532193
      0.532194
      0.532194
      0.532195
      0.532195
      0.532196
      0.532196
      0.532196
      0.532196
      0.532197
      0.532196
      0.532197
      0.532197
      0.532197
      0.569307
      0.569306
      0.569307
      0.569306
      0.569307
      0.569306
      0.569306
      0.569306
      0.569306
      0.569305
      0.569305
      0.569304
      0.569304
      0.569303
      0.569303
      0.569302
      0.569302
      0.569301
      0.569301
      0.569299
      0.569299
      0.569298
      0.569298
      0.569296
      0.569296
      0.569295
      0.569295
      0.569294
      0.569295
      0.569294
      0.569295
      0.569294
      0.569295
      0.569295
      0.569296
      0.569296
      0.569298
      0.569298
      0.569299
        0.5693
      0.569301
      0.569301
      0.569302
      0.569302
      0.569303
      0.569303
      0.569304
      0.569304
      0.569305
      0.569305
      0.569306
      0.569306
      0.569306
      0.569306
      0.569307
      0.569306
      0.569307
      0.569306
      0.569307
      0.607879
      0.607879
      0.607879
      0.607878
      0.607879
      0.607878
      0.607878
      0.607878
      0.607878
      0.607878
      0.607877
      0.607877
      0.607877
      0.607876
      0.607876
      0.607875
      0.607875
      0.607874
      0.607874
      0.607873
      0.607873
      0.607872
      0.607871
      0.607871
       0.60787
       0.60787
      0.607869
      0.607869
      0.607869
      0.607869
      0.607869
      0.607869
       0.60787
       0.60787
       0.60787
      0.607871
      0.607872
      0.607872
      0.607873
      0.607873
      0.607874
      0.607874
      0.607875
      0.607875
      0.607876
      0.607876
      0.607877
      0.607877
      0.607877
      0.607878
      0.607878
      0.607878
      0.607878
      0.607878
      0.607879
      0.607878
      0.607879
      0.607879
      0.607879
      0.647804
      0.647803
      0.647804
      0.647803
      0.647804
      0.647803
      0.647804
      0.647803
      0.647803
      0.647803
      0.647803
      0.647802
      0.647802
      0.647802
      0.647802
      0.647801
      0.647801
        0.6478
        0.6478
      0.647799
      0.647799
      0.647798
      0.647798
      0.647797
      0.647797
      0.647796
      0.647797
      0.647796
      0.647796
      0.647796
      0.647796
      0.647796
      0.647797
      0.647796
      0.647797
      0.647797
      0.647798
      0.647798
      0.647799
      0.647799
        0.6478
        0.6478
      0.647801
      0.647801
      0.647802
      0.647802
      0.647802
      0.647802
      0.647803
      0.647803
      0.647803
      0.647803
      0.647804
      0.647803
      0.647804
      0.647803
      0.647804
      0.647803
      0.647804
      0.688961
      0.688961
      0.688961
       0.68896
      0.688961
       0.68896
       0.68896
       0.68896
       0.68896
       0.68896
       0.68896
      0.688959
      0.688959
      0.688959
      0.688959
      0.688958
      0.688958
      0.688958
      0.688958
      0.688957
      0.688957
      0.688956
      0.688956
      0.688956
      0.688955
      0.688955
      0.688955
      0.688955
      0.688955
      0.688955
      0.688955
      0.688955
      0.688955
      0.688955
      0.688955
      0.688956
      0.688956
      0.688956
      0.688957
      0.688957
      0.688958
      0.688958
      0.688958
      0.688958
      0.688959
      0.688959
      0.688959
      0.688959
       0.68896
       0.68896
       0.68896
       0.68896
       0.68896
       0.68896
      0.688961
       0.68896
      0.688961
      0.688961
      0.688961
      0.731223
      0.731223
      0.731223
      0.731223
      0.731223
      0.731223
      0.731223
      0.731222
      0.731223
      0.731222
      0.731222
      0.731222
      0.731222
      0.731222
      0.731222
      0.731221
      0.731221
      0.731221
      0.731221
       0.73122
       0.73122
      0.731219
       0.73122
      0.731219
      0.731219
      0.731218
      0.731219
      0.731218
      0.731219
      0.731218
      0.731219
      0.731218
      0.731219
      0.731218
      0.731219
      0.731219
       0.73122
      0.731219
       0.73122
       0.73122
      0.731221
      0.731221
      0.731221
      0.731221
      0.731222
      0.731222
      0.731222
      0.731222
      0.731222
      0.731222
      0.731223
      0.731222
      0.731223
      0.731223
      0.731223
      0.731223
      0.731223
      0.731223
      0.731223
      0.774454
      0.774454
      0.774454
      0.774454
      0.774454
      0.774454
      0.774454
      0.774454
      0.774454
      0.774454
      0.774454
      0.774453
      0.774453
      0.774453
      0.774453
      0.774453
      0.774453
      0.774452
      0.774452
      0.774452
      0.774452
      0.774452
      0.774451
      0.774451
      0.774451
      0.774451
      0.774451
      0.774451
      0.774451
      0.774451
      0.774451
      0.774451
      0.774451
      0.774451
      0.774451
      0.774451
      0.774452
      0.774452
      0.774452
      0.774452
      0.774452
      0.774452
      0.774453
      0.774453
      0.774453
      0.774453
      0.774453
      0.774453
      0.774454
      0.774454
      0.774454
      0.774454
      0.774454
      0.774454
      0.774454
      0.774454
      0.774454
      0.774454
      0.774454
      0.818514
      0.818513
      0.818513
      0.818513
      0.818513
      0.818513
      0.818513
      0.818513
      0.818513
      0.818513
      0.818513
      0.818513
      0.818513
      0.818512
      0.818513
      0.818512
      0.818512
      0.818512
      0.818512
      0.818512
      0.818512
      0.818511
      0.818511
      0.818511
      0.818511
      0.818511
      0.818511
      0.818511
      0.818511
      0.818511
      0.818511
      0.818511
      0.818511
      0.818511
      0.818511
      0.818511
      0.818511
      0.818511
      0.818512
      0.818512
      0.818512
      0.818512
      0.818512
      0.818512
      0.818513
      0.818512
      0.818513
      0.818513
      0.818513
      0.818513
      0.818513
      0.818513
      0.818513
      0.818513
      0.818513
      0.818513
      0.818513
      0.818513
      0.818514
      0.863252
      0.863252
      0.863252
      0.863252
      0.863252
      0.863252
      0.863252
      0.863251
      0.863251
      0.863251
      0.863251
      0.863251
      0.863251
      0.863251
      0.863251
      0.863251
      0.863251
      0.863251
      0.863251
       0.86325
       0.86325
       0.86325
       0.86325
       0.86325
       0.86325
       0.86325
       0.86325
       0.86325
       0.86325
       0.86325
       0.86325
       0.86325
       0.86325
       0.86325
       0.86325
       0.86325
       0.86325
       0.86325
       0.86325
       0.86325
      0.863251
      0.863251
      0.863251
      0.863251
      0.863251
      0.863251
      0.863251
      0.863251
      0.863251
      0.863251
      0.863251
      0.863251
      0.863252
      0.863252
      0.863252
      0.863252
      0.863252
      0.863252
      0.863252
      0.908517
      0.908517
      0.908517
      0.908517
      0.908517
      0.908517
      0.908517
      0.908517
      0.908517
      0.908517
      0.908517
      0.908517
      0.908517
      0.908517
      0.908517
      0.908516
      0.908517
      0.908516
      0.908516
      0.908516
      0.908516
      0.908516
      0.908516
      0.908516
      0.908516
      0.908516
      0.908516
      0.908516
      0.908516
      0.908516
      0.908516
      0.908516
      0.908516
      0.908516
      0.908516
      0.908516
      0.908516
      0.908516
      0.908516
      0.908516
      0.908516
      0.908516
      0.908517
      0.908516
      0.908517
      0.908517
      0.908517
      0.908517
      0.908517
      0.908517
      0.908517
      0.908517
      0.908517
      0.908517
      0.908517
      0.908517
      0.908517
      0.908517
      0.908517
      0.954153
      0.954153
      0.954153
      0.954153
      0.954153
      0.954153
      0.954153
      0.954153
      0.954153
      0.954153
      0.954153
      0.954153
      0.954153
      0.954152
      0.954152
      0.954152
      0.954152
      0.954152
      0.954152
      0.954152
      0.954152
      0.954152
      0.954152
      0.954152
      0.954152
      0.954152
      0.954152
      0.954152
      0.954152
      0.954152
      0.954152
      0.954152
      0.954152
      0.954152
      0.954152
      0.954152
      0.954152
      0.954152
      0.954152
      0.954152
      0.954152
      0.954152
      0.954152
      0.954152
      0.954152
      0.954152
      0.954153
      0.954153
      0.954153
      0.954153
      0.954153
      0.954153
      0.954153
      0.954153
      0.954153
      0.954153
      0.954153
      0.954153
      0.954153
             1
             1
             1
             1
             1
             1
             1
             1
             1
             1
             1
             1
             1
             1
             1
             1
             1
             1
             1
             1
             1
             1
             1
             1
             1
             1
             1
             1
             1
             1
             1
             1
             1
             1
             1
             1
             1
             1
             1
             1
             1
             1
             1
             1
             1
             1
             1
             1
             1
             1
             1
             1
             1
             1
             1
             1
             1
             1
             1
