             1
             1
             1
             1
             1
             1
             1
             1
             1
             1
             1
             1
             1
             1
             1
             1
             1
             1
             1
             1
             1
             1
             1
             1
             1
             1
             1
             1
             1
             1
             1
             1
             1
             1
             1
             1
             1
             1
             1
             1
             1
             1
             1
             1
             1
             1
             1
             1
             1
             1
             1
             1
             1
             1
             1
             1
             1
             1
             1
      0.955475
      0.955475
      0.955475
      0.955475
      0.955475
      0.955475
      0.955475
      0.955475
      0.955475
      0.955475
      0.955475
      0.955475
      0.955475
      0.955475
      0.955475
      0.955475
      0.955475
      0.955475
      0.955475
      0.955475
      0.955475
      0.955475
      0.955475
      0.955475
      0.955475
      0.955474
      0.955474
      0.955474
      0.955474
      0.955474
      0.955474
      0.955474
      0.955474
      0.955474
      0.955475
      0.955475
      0.955475
      0.955475
      0.955475
      0.955475
      0.955475
      0.955475
      0.955475
      0.955475
      0.955475
      0.955475
      0.955475
      0.955475
      0.955475
      0.955475
      0.955475
      0.955475
      0.955475
      0.955475
      0.955475
      0.955475
      0.955475
      0.955475
      0.955475
      0.911152
      0.911152
      0.911152
      0.911152
      0.911152
      0.911152
      0.911152
      0.911152
      0.911152
      0.911152
      0.911152
      0.911152
      0.911152
      0.911152
      0.911152
      0.911152
      0.911152
      0.911151
      0.911151
      0.911151
      0.911151
      0.911151
      0.911151
      0.911151
      0.911151
      0.911151
      0.911151
      0.911151
      0.911151
      0.911151
      0.911151
      0.911151
      0.911151
      0.911151
      0.911151
      0.911151
      0.911151
      0.911151
      0.911151
      0.911151
      0.911151
      0.911151
      0.911152
      0.911152
      0.911152
      0.911152
      0.911152
      0.911152
      0.911152
      0.911152
      0.911152
      0.911152
      0.911152
      0.911152
      0.911152
      0.911152
      0.911152
      0.911152
      0.911152
       0.86718
       0.86718
       0.86718
       0.86718
       0.86718
       0.86718
       0.86718
       0.86718
       0.86718
       0.86718
       0.86718
       0.86718
      0.867179
      0.867179
      0.867179
      0.867179
      0.867179
      0.867179
      0.867179
      0.867178
      0.867178
      0.867178
      0.867178
      0.867178
      0.867178
      0.867178
      0.867178
      0.867177
      0.867178
      0.867177
      0.867178
      0.867177
      0.867178
      0.867178
      0.867178
      0.867178
      0.867178
      0.867178
      0.867178
      0.867178
      0.867179
      0.867179
      0.867179
      0.867179
      0.867179
      0.867179
       0.86718
       0.86718
       0.86718
       0.86718
       0.86718
       0.86718
       0.86718
       0.86718
       0.86718
       0.86718
       0.86718
       0.86718
       0.86718
      0.823706
      0.823706
      0.823706
      0.823706
      0.823706
      0.823706
      0.823706
      0.823706
      0.823706
      0.823706
      0.823706
      0.823705
      0.823705
      0.823705
      0.823705
      0.823705
      0.823705
      0.823704
      0.823704
      0.823704
      0.823704
      0.823703
      0.823703
      0.823703
      0.823703
      0.823703
      0.823703
      0.823702
      0.823703
      0.823702
      0.823703
      0.823702
      0.823703
      0.823703
      0.823703
      0.823703
      0.823703
      0.823703
      0.823704
      0.823704
      0.823704
      0.823704
      0.823705
      0.823705
      0.823705
      0.823705
      0.823705
      0.823705
      0.823706
      0.823706
      0.823706
      0.823706
      0.823706
      0.823706
      0.823706
      0.823706
      0.823706
      0.823706
      0.823706
      0.780874
      0.780874
      0.780874
      0.780874
      0.780874
      0.780874
      0.780874
      0.780873
      0.780873
      0.780873
      0.780873
      0.780873
      0.780873
      0.780872
      0.780872
      0.780872
      0.780872
      0.780871
      0.780871
      0.780871
      0.780871
       0.78087
       0.78087
       0.78087
       0.78087
      0.780869
      0.780869
      0.780869
      0.780869
      0.780869
      0.780869
      0.780869
      0.780869
      0.780869
       0.78087
       0.78087
       0.78087
       0.78087
      0.780871
      0.780871
      0.780871
      0.780871
      0.780872
      0.780872
      0.780872
      0.780872
      0.780873
      0.780873
      0.780873
      0.780873
      0.780873
      0.780873
      0.780874
      0.780874
      0.780874
      0.780874
      0.780874
      0.780874
      0.780874
      0.738824
      0.738824
      0.738824
      0.738824
      0.738824
      0.738823
      0.738824
      0.738823
      0.738823
      0.738823
      0.738823
      0.738822
      0.738823
      0.738822
      0.738822
      0.738821
      0.738821
      0.738821
       0.73882
       0.73882
       0.73882
      0.738819
      0.738819
      0.738818
      0.738818
      0.738818
      0.738818
      0.738817
      0.738817
      0.738817
      0.738818
      0.738817
      0.738818
      0.738818
      0.738818
      0.738818
      0.738819
      0.738819
       0.73882
       0.73882
      0.738821
      0.738821
      0.738821
      0.738821
      0.738822
      0.738822
      0.738823
      0.738822
      0.738823
      0.738823
      0.738823
      0.738823
      0.738824
      0.738823
      0.738824
      0.738824
      0.738824
      0.738824
      0.738824
       0.69769
       0.69769
       0.69769
       0.69769
       0.69769
       0.69769
       0.69769
      0.697689
      0.697689
      0.697689
      0.697689
      0.697688
      0.697688
      0.697688
      0.697687
      0.697687
      0.697687
      0.697686
      0.697686
      0.697685
      0.697685
      0.697684
      0.697683
      0.697683
      0.697683
      0.697682
      0.697682
      0.697682
      0.697682
      0.697681
      0.697682
      0.697682
      0.697682
      0.697682
      0.697683
      0.697683
      0.697684
      0.697684
      0.697685
      0.697685
      0.697686
      0.697686
      0.697687
      0.697687
      0.697688
      0.697688
      0.697688
      0.697688
      0.697689
      0.697689
      0.697689
      0.697689
       0.69769
       0.69769
       0.69769
       0.69769
       0.69769
       0.69769
       0.69769
      0.657603
      0.657602
      0.657603
      0.657602
      0.657602
      0.657602
      0.657602
      0.657601
      0.657602
      0.657601
      0.657601
        0.6576
        0.6576
      0.657599
      0.657599
      0.657598
      0.657598
      0.657597
      0.657597
      0.657596
      0.657596
      0.657595
      0.657594
      0.657593
      0.657593
      0.657592
      0.657592
      0.657591
      0.657592
      0.657591
      0.657592
      0.657592
      0.657592
      0.657592
      0.657593
      0.657593
      0.657595
      0.657595
      0.657596
      0.657596
      0.657597
      0.657597
      0.657598
      0.657599
      0.657599
        0.6576
        0.6576
        0.6576
      0.657601
      0.657601
      0.657602
      0.657601
      0.657602
      0.657602
      0.657602
      0.657602
      0.657603
      0.657602
      0.657603
      0.618683
      0.618682
      0.618683
      0.618682
      0.618682
      0.618682
      0.618682
      0.618682
      0.618682
      0.618681
      0.618681
       0.61868
       0.61868
      0.618679
      0.618679
      0.618678
      0.618677
      0.618676
      0.618676
      0.618675
      0.618674
      0.618673
      0.618672
      0.618671
      0.618671
       0.61867
      0.618669
      0.618669
      0.618669
      0.618669
      0.618669
      0.618669
       0.61867
       0.61867
      0.618671
      0.618671
      0.618672
      0.618673
      0.618674
      0.618675
      0.618676
      0.618677
      0.618677
      0.618678
      0.618679
      0.618679
       0.61868
       0.61868
      0.618681
      0.618681
      0.618682
      0.618682
      0.618682
      0.618682
      0.618682
      0.618682
      0.618683
      0.618682
      0.618683
      0.581048
      0.581047
      0.581047
      0.581047
      0.581047
      0.581047
      0.581047
      0.581046
      0.581046
      0.581045
      0.581045
      0.581044
      0.581044
      0.581043
      0.581043
      0.581041
      0.581041
      0.581039
      0.581039
      0.581037
      0.581037
      0.581035
      0.581034
      0.581033
      0.581032
      0.581031
      0.581031
       0.58103
       0.58103
      0.581029
       0.58103
       0.58103
      0.581031
      0.581031
      0.581033
      0.581033
      0.581035
      0.581035
      0.581037
      0.581038
      0.581039
       0.58104
      0.581041
      0.581042
      0.581043
      0.581043
      0.581044
      0.581044
      0.581045
      0.581045
      0.581046
      0.581046
      0.581047
      0.581047
      0.581047
      0.581047
      0.581047
      0.581047
      0.581048
      0.544803
      0.544803
      0.544803
      0.544803
      0.544803
      0.544803
      0.544803
      0.544802
      0.544802
      0.544801
      0.544801
        0.5448
      0.544799
      0.544798
      0.544798
      0.544796
      0.544795
      0.544794
      0.544793
      0.544791
       0.54479
      0.544788
      0.544787
      0.544785
      0.544784
      0.544783
      0.544782
      0.544781
      0.544781
      0.544781
      0.544781
      0.544781
      0.544782
      0.544783
      0.544785
      0.544786
      0.544787
      0.544789
       0.54479
      0.544792
      0.544793
      0.544794
      0.544796
      0.544797
      0.544798
      0.544799
        0.5448
        0.5448
      0.544801
      0.544801
      0.544802
      0.544802
      0.544803
      0.544803
      0.544803
      0.544803
      0.544803
      0.544803
      0.544803
      0.510053
      0.510052
      0.510052
      0.510052
      0.510052
      0.510051
      0.510052
      0.510051
      0.510051
       0.51005
      0.510049
      0.510048
      0.510048
      0.510046
      0.510046
      0.510044
      0.510043
      0.510041
      0.510039
      0.510037
      0.510036
      0.510033
      0.510032
      0.510029
      0.510028
      0.510026
      0.510025
      0.510023
      0.510023
      0.510023
      0.510024
      0.510024
      0.510026
      0.510027
      0.510029
       0.51003
      0.510033
      0.510034
      0.510037
      0.510038
       0.51004
      0.510041
      0.510043
      0.510044
      0.510046
      0.510047
      0.510048
      0.510048
       0.51005
       0.51005
      0.510051
      0.510051
      0.510052
      0.510051
      0.510052
      0.510052
      0.510052
      0.510052
      0.510053
      0.476885
      0.476885
      0.476885
      0.476885
      0.476885
      0.476884
      0.476884
      0.476883
      0.476883
      0.476882
      0.476881
       0.47688
      0.476879
      0.476878
      0.476877
      0.476875
      0.476873
      0.476871
      0.476869
      0.476866
      0.476864
      0.476861
      0.476858
      0.476856
      0.476853
      0.476851
      0.476849
      0.476848
      0.476847
      0.476847
      0.476848
      0.476849
      0.476851
      0.476852
      0.476855
      0.476857
       0.47686
      0.476863
      0.476865
      0.476868
       0.47687
      0.476872
      0.476874
      0.476876
      0.476877
      0.476878
       0.47688
      0.476881
      0.476882
      0.476882
      0.476883
      0.476883
      0.476884
      0.476884
      0.476885
      0.476885
      0.476885
      0.476885
      0.476885
      0.445387
      0.445387
      0.445387
      0.445386
      0.445386
      0.445386
      0.445386
      0.445385
      0.445385
      0.445383
      0.445383
      0.445381
       0.44538
      0.445378
      0.445377
      0.445374
      0.445373
       0.44537
      0.445367
      0.445364
      0.445361
      0.445357
      0.445353
      0.445349
      0.445346
      0.445343
      0.445341
      0.445338
      0.445338
      0.445337
      0.445339
       0.44534
      0.445343
      0.445345
      0.445349
      0.445352
      0.445356
      0.445359
      0.445363
      0.445365
      0.445369
      0.445371
      0.445374
      0.445375
      0.445378
      0.445379
      0.445381
      0.445382
      0.445383
      0.445383
      0.445385
      0.445385
      0.445386
      0.445386
      0.445387
      0.445386
      0.445387
      0.445387
      0.445387
      0.415633
      0.415632
      0.415632
      0.415632
      0.415632
      0.415631
      0.415631
       0.41563
       0.41563
      0.415629
      0.415628
      0.415626
      0.415625
      0.415623
      0.415621
      0.415618
      0.415615
      0.415612
      0.415608
      0.415604
      0.415599
      0.415594
       0.41559
      0.415584
       0.41558
      0.415575
      0.415572
      0.415569
      0.415568
      0.415568
      0.415569
      0.415571
      0.415575
      0.415579
      0.415584
      0.415588
      0.415593
      0.415598
      0.415602
      0.415606
       0.41561
      0.415614
      0.415617
      0.415619
      0.415622
      0.415623
      0.415625
      0.415627
      0.415628
      0.415629
       0.41563
       0.41563
      0.415631
      0.415631
      0.415632
      0.415632
      0.415632
      0.415632
      0.415633
      0.387692
      0.387691
      0.387691
      0.387691
      0.387691
       0.38769
       0.38769
      0.387689
      0.387688
      0.387687
      0.387686
      0.387684
      0.387682
       0.38768
      0.387677
      0.387674
      0.387671
      0.387666
      0.387662
      0.387656
       0.38765
      0.387643
      0.387637
      0.387629
      0.387622
      0.387615
       0.38761
      0.387606
      0.387605
      0.387604
      0.387607
       0.38761
      0.387616
      0.387622
      0.387629
      0.387635
      0.387642
      0.387648
      0.387655
      0.387659
      0.387665
      0.387669
      0.387673
      0.387675
      0.387679
      0.387681
      0.387683
      0.387684
      0.387686
      0.387687
      0.387688
      0.387689
       0.38769
       0.38769
      0.387691
      0.387691
      0.387691
      0.387691
      0.387692
      0.361623
      0.361622
      0.361622
      0.361622
      0.361622
      0.361621
      0.361621
       0.36162
      0.361619
      0.361617
      0.361616
      0.361614
      0.361612
      0.361609
      0.361606
      0.361602
      0.361598
      0.361592
      0.361586
      0.361579
      0.361571
      0.361561
      0.361551
       0.36154
       0.36153
       0.36152
      0.361512
      0.361505
      0.361503
      0.361503
      0.361508
      0.361514
      0.361522
      0.361532
      0.361542
      0.361551
      0.361561
      0.361569
      0.361577
      0.361584
       0.36159
      0.361595
        0.3616
      0.361604
      0.361608
       0.36161
      0.361613
      0.361615
      0.361616
      0.361618
      0.361619
       0.36162
      0.361621
      0.361621
      0.361622
      0.361622
      0.361622
      0.361622
      0.361623
       0.33748
       0.33748
       0.33748
      0.337479
      0.337479
      0.337478
      0.337478
      0.337477
      0.337476
      0.337474
      0.337473
       0.33747
      0.337468
      0.337464
      0.337461
      0.337456
      0.337451
      0.337443
      0.337436
      0.337426
      0.337415
      0.337401
      0.337387
       0.33737
      0.337354
      0.337337
      0.337325
      0.337314
      0.337311
      0.337312
       0.33732
      0.337331
      0.337345
       0.33736
      0.337375
      0.337389
      0.337403
      0.337414
      0.337425
      0.337433
      0.337442
      0.337448
      0.337454
      0.337459
      0.337463
      0.337466
      0.337469
      0.337471
      0.337473
      0.337475
      0.337476
      0.337477
      0.337478
      0.337479
       0.33748
       0.33748
       0.33748
       0.33748
       0.33748
      0.315309
      0.315309
      0.315309
      0.315309
      0.315308
      0.315308
      0.315307
      0.315306
      0.315305
      0.315303
      0.315301
      0.315298
      0.315295
      0.315291
      0.315287
      0.315281
      0.315274
      0.315265
      0.315255
      0.315242
      0.315227
      0.315208
      0.315185
       0.31516
      0.315132
      0.315104
      0.315081
      0.315064
      0.315059
      0.315064
      0.315079
      0.315099
      0.315124
      0.315148
      0.315172
      0.315193
      0.315211
      0.315228
      0.315242
      0.315253
      0.315264
      0.315272
      0.315279
      0.315285
       0.31529
      0.315293
      0.315297
      0.315299
      0.315302
      0.315303
      0.315305
      0.315306
      0.315307
      0.315308
      0.315309
      0.315309
      0.315309
      0.315309
       0.31531
      0.295151
      0.295151
      0.295151
       0.29515
       0.29515
      0.295149
      0.295148
      0.295147
      0.295146
      0.295143
      0.295141
      0.295138
      0.295135
       0.29513
      0.295125
      0.295118
      0.295109
      0.295098
      0.295085
      0.295068
      0.295046
      0.295018
      0.294984
      0.294942
      0.294895
      0.294846
      0.294805
      0.294773
      0.294767
      0.294777
      0.294808
      0.294847
      0.294891
      0.294932
      0.294969
      0.295001
      0.295028
       0.29505
      0.295069
      0.295084
      0.295097
      0.295107
      0.295116
      0.295122
      0.295128
      0.295133
      0.295137
       0.29514
      0.295142
      0.295144
      0.295146
      0.295147
      0.295148
      0.295149
       0.29515
       0.29515
      0.295151
      0.295151
      0.295151
      0.277037
      0.277037
      0.277037
      0.277036
      0.277036
      0.277035
      0.277034
      0.277033
      0.277031
      0.277029
      0.277027
      0.277023
      0.277019
      0.277014
      0.277007
      0.276999
      0.276989
      0.276975
      0.276958
      0.276935
      0.276904
      0.276864
       0.27681
       0.27674
      0.276657
      0.276567
      0.276485
      0.276428
      0.276416
      0.276443
      0.276507
      0.276585
      0.276665
      0.276736
      0.276796
      0.276844
      0.276883
      0.276914
      0.276938
      0.276958
      0.276974
      0.276986
      0.276997
      0.277005
      0.277012
      0.277017
      0.277021
      0.277025
      0.277028
       0.27703
      0.277032
      0.277033
      0.277035
      0.277035
      0.277036
      0.277037
      0.277037
      0.277037
      0.277037
      0.260998
      0.260998
      0.260998
      0.260997
      0.260997
      0.260995
      0.260995
      0.260993
      0.260991
      0.260989
      0.260986
      0.260982
      0.260978
      0.260971
      0.260964
      0.260954
      0.260942
      0.260925
      0.260903
      0.260872
      0.260829
      0.260769
      0.260689
       0.26057
      0.260421
      0.260254
      0.260097
       0.25998
      0.259965
       0.26002
      0.260157
       0.26031
      0.260457
      0.260582
      0.260678
      0.260751
      0.260806
      0.260848
       0.26088
      0.260905
      0.260924
       0.26094
      0.260952
      0.260961
      0.260969
      0.260975
       0.26098
      0.260984
      0.260987
       0.26099
      0.260992
      0.260993
      0.260995
      0.260996
      0.260997
      0.260997
      0.260998
      0.260998
      0.260998
      0.247055
      0.247055
      0.247055
      0.247054
      0.247054
      0.247053
      0.247051
       0.24705
      0.247048
      0.247045
      0.247042
      0.247038
      0.247033
      0.247026
      0.247017
      0.247006
      0.246991
      0.246971
      0.246943
      0.246902
      0.246842
      0.246749
      0.246608
      0.246435
      0.246185
      0.245861
      0.245514
      0.245306
      0.245246
      0.245394
      0.245652
      0.245993
      0.246276
      0.246487
      0.246637
      0.246743
       0.24682
      0.246875
      0.246916
      0.246947
      0.246971
      0.246989
      0.247004
      0.247015
      0.247024
       0.24703
      0.247036
       0.24704
      0.247044
      0.247046
      0.247049
       0.24705
      0.247052
      0.247053
      0.247054
      0.247054
      0.247055
      0.247055
      0.247055
      0.235229
      0.235228
      0.235228
      0.235228
      0.235227
      0.235226
      0.235225
      0.235223
      0.235221
      0.235218
      0.235215
       0.23521
      0.235205
      0.235197
      0.235187
      0.235174
      0.235157
      0.235132
      0.235098
      0.235046
      0.234964
      0.234814
      0.234527
      0.234322
      0.233926
      0.233334
       0.23258
      0.232228
      0.232051
      0.232394
      0.232846
      0.233601
      0.234121
      0.234466
      0.234692
      0.234842
      0.234945
      0.235017
      0.235069
      0.235106
      0.235135
      0.235156
      0.235172
      0.235185
      0.235195
      0.235202
      0.235208
      0.235213
      0.235217
       0.23522
      0.235222
      0.235224
      0.235225
      0.235226
      0.235227
      0.235228
      0.235229
      0.235229
      0.235229
      0.225533
      0.225533
      0.225533
      0.225532
      0.225532
      0.225531
      0.225529
      0.225528
      0.225525
      0.225522
      0.225519
      0.225514
      0.225508
      0.225499
      0.225488
      0.225474
      0.225454
      0.225425
      0.225384
      0.225318
      0.225207
      0.224981
      0.224417
      0.224202
       0.22359
      0.222659
      0.221302
      0.220522
      0.220358
      0.220789
      0.221739
      0.223165
      0.224031
       0.22455
      0.224868
      0.225068
        0.2252
       0.22529
      0.225352
      0.225397
      0.225429
      0.225454
      0.225472
      0.225486
      0.225497
      0.225505
      0.225512
      0.225517
      0.225521
      0.225524
      0.225526
      0.225528
       0.22553
      0.225531
      0.225532
      0.225533
      0.225533
      0.225533
      0.225534
      0.217982
      0.217981
      0.217981
       0.21798
       0.21798
      0.217979
      0.217977
      0.217975
      0.217973
       0.21797
      0.217966
      0.217961
      0.217954
      0.217945
      0.217933
      0.217917
      0.217895
      0.217863
      0.217816
      0.217738
      0.217611
      0.217333
      0.216736
      0.215959
      0.215084
      0.213849
      0.212482
      0.211081
      0.210903
      0.211494
      0.213065
      0.214754
      0.216051
      0.216781
        0.2172
      0.217443
      0.217603
      0.217709
      0.217782
      0.217832
      0.217869
      0.217896
      0.217916
      0.217931
      0.217943
      0.217951
      0.217959
      0.217964
      0.217968
      0.217971
      0.217974
      0.217976
      0.217978
      0.217979
       0.21798
      0.217981
      0.217981
      0.217981
      0.217982
      0.212581
      0.212581
      0.212581
       0.21258
      0.212579
      0.212578
      0.212577
      0.212575
      0.212572
      0.212569
      0.212565
       0.21256
      0.212553
      0.212543
      0.212531
      0.212513
       0.21249
      0.212455
      0.212401
      0.212313
      0.212158
      0.211852
      0.211261
      0.210155
      0.209046
      0.207898
      0.206735
      0.205645
      0.204629
      0.205103
      0.207141
      0.209174
      0.210444
      0.211221
      0.211694
      0.211982
      0.212166
      0.212285
      0.212366
      0.212422
      0.212462
      0.212491
      0.212512
      0.212528
      0.212541
       0.21255
      0.212557
      0.212563
      0.212567
      0.212571
      0.212574
      0.212576
      0.212577
      0.212579
       0.21258
       0.21258
      0.212581
      0.212581
      0.212581
      0.209339
      0.209338
      0.209338
      0.209338
      0.209337
      0.209336
      0.209334
      0.209332
       0.20933
      0.209326
      0.209322
      0.209317
       0.20931
        0.2093
      0.209287
      0.209269
      0.209244
      0.209208
      0.209153
      0.209059
      0.208899
      0.208543
      0.207823
      0.206633
      0.205623
      0.204596
      0.203516
      0.202538
      0.201808
       0.20254
      0.203933
      0.205765
      0.207041
      0.207881
      0.208395
      0.208704
      0.208902
      0.209029
      0.209115
      0.209173
      0.209215
      0.209245
      0.209268
      0.209285
      0.209297
      0.209307
      0.209314
       0.20932
      0.209325
      0.209328
      0.209331
      0.209333
      0.209335
      0.209336
      0.209337
      0.209338
      0.209338
      0.209339
      0.209339
      0.208257
      0.208257
      0.208257
      0.208256
      0.208256
      0.208254
      0.208253
      0.208251
      0.208248
      0.208245
      0.208241
      0.208235
      0.208228
      0.208218
      0.208205
      0.208187
      0.208162
      0.208125
       0.20807
      0.207978
      0.207817
      0.207508
      0.206916
      0.205784
      0.204892
       0.20392
      0.202916
      0.201705
      0.201223
      0.201976
      0.203068
      0.204446
      0.205919
      0.206783
      0.207301
      0.207616
      0.207815
      0.207944
       0.20803
       0.20809
      0.208133
      0.208163
      0.208186
      0.208203
      0.208216
      0.208225
      0.208233
      0.208239
      0.208243
      0.208247
       0.20825
      0.208252
      0.208254
      0.208255
      0.208256
      0.208257
      0.208257
      0.208257
      0.208257
      0.209339
      0.209338
      0.209338
      0.209338
      0.209337
      0.209336
      0.209334
      0.209332
       0.20933
      0.209326
      0.209322
      0.209317
      0.209309
        0.2093
      0.209287
      0.209269
      0.209245
      0.209209
      0.209158
      0.209074
      0.208939
      0.208699
      0.208281
      0.207662
      0.206771
      0.205819
      0.205037
      0.204172
      0.203668
      0.203989
      0.204946
      0.206138
      0.207159
      0.207947
      0.208431
      0.208723
      0.208911
      0.209033
      0.209117
      0.209174
      0.209216
      0.209246
      0.209268
      0.209285
      0.209297
      0.209307
      0.209314
       0.20932
      0.209325
      0.209328
      0.209331
      0.209333
      0.209335
      0.209336
      0.209337
      0.209338
      0.209338
      0.209339
      0.209339
      0.212581
      0.212581
      0.212581
       0.21258
      0.212579
      0.212578
      0.212577
      0.212575
      0.212572
      0.212569
      0.212565
       0.21256
      0.212553
      0.212543
      0.212531
      0.212514
       0.21249
      0.212458
      0.212411
       0.21234
      0.212231
      0.212058
      0.211793
      0.211412
      0.210876
      0.210075
      0.209706
      0.209107
       0.20839
      0.208441
       0.20924
      0.209683
       0.21071
      0.211355
       0.21176
      0.212015
      0.212182
      0.212293
       0.21237
      0.212424
      0.212463
      0.212491
      0.212513
      0.212529
      0.212541
       0.21255
      0.212557
      0.212563
      0.212567
      0.212571
      0.212574
      0.212576
      0.212577
      0.212579
       0.21258
       0.21258
      0.212581
      0.212581
      0.212581
      0.217982
      0.217981
      0.217981
       0.21798
       0.21798
      0.217979
      0.217977
      0.217975
      0.217973
       0.21797
      0.217966
      0.217961
      0.217954
      0.217945
      0.217933
      0.217917
      0.217896
      0.217866
      0.217825
      0.217766
       0.21768
      0.217555
      0.217378
      0.217132
      0.216804
      0.216414
      0.216049
      0.215672
      0.215296
      0.215353
      0.215624
      0.216039
      0.216529
      0.216979
      0.217283
      0.217486
      0.217624
      0.217719
      0.217786
      0.217834
       0.21787
      0.217896
      0.217916
      0.217931
      0.217943
      0.217952
      0.217959
      0.217964
      0.217968
      0.217971
      0.217974
      0.217976
      0.217978
      0.217979
       0.21798
      0.217981
      0.217981
      0.217981
      0.217982
      0.225533
      0.225533
      0.225533
      0.225532
      0.225532
      0.225531
      0.225529
      0.225528
      0.225525
      0.225522
      0.225519
      0.225514
      0.225507
      0.225499
      0.225488
      0.225474
      0.225455
      0.225429
      0.225393
      0.225344
      0.225277
      0.225185
       0.22506
      0.224896
      0.224692
      0.224457
       0.22422
      0.223999
      0.223839
      0.223841
      0.223982
      0.224217
      0.224496
       0.22476
      0.224965
      0.225115
      0.225223
        0.2253
      0.225357
      0.225399
      0.225431
      0.225454
      0.225472
      0.225486
      0.225497
      0.225505
      0.225512
      0.225517
      0.225521
      0.225524
      0.225526
      0.225528
       0.22553
      0.225531
      0.225532
      0.225533
      0.225533
      0.225533
      0.225534
      0.235229
      0.235228
      0.235228
      0.235228
      0.235227
      0.235226
      0.235225
      0.235223
      0.235221
      0.235218
      0.235215
       0.23521
      0.235205
      0.235197
      0.235187
      0.235174
      0.235157
      0.235135
      0.235105
      0.235065
      0.235013
      0.234943
      0.234854
      0.234742
      0.234611
      0.234463
      0.234318
      0.234193
      0.234125
      0.234114
      0.234193
      0.234324
      0.234485
      0.234643
      0.234777
      0.234884
      0.234965
      0.235027
      0.235074
      0.235109
      0.235136
      0.235156
      0.235173
      0.235185
      0.235195
      0.235202
      0.235208
      0.235213
      0.235217
       0.23522
      0.235222
      0.235224
      0.235225
      0.235226
      0.235227
      0.235228
      0.235229
      0.235229
      0.235229
      0.247055
      0.247055
      0.247055
      0.247054
      0.247054
      0.247053
      0.247051
       0.24705
      0.247048
      0.247045
      0.247042
      0.247038
      0.247033
      0.247026
      0.247017
      0.247006
      0.246991
      0.246972
      0.246948
      0.246916
      0.246875
      0.246823
      0.246759
      0.246682
      0.246594
        0.2465
      0.246411
      0.246339
      0.246299
      0.246298
      0.246343
      0.246421
      0.246516
      0.246614
      0.246702
      0.246776
      0.246836
      0.246884
      0.246921
       0.24695
      0.246973
       0.24699
      0.247004
      0.247015
      0.247024
      0.247031
      0.247036
       0.24704
      0.247044
      0.247046
      0.247049
       0.24705
      0.247052
      0.247053
      0.247054
      0.247054
      0.247055
      0.247055
      0.247055
      0.260998
      0.260998
      0.260998
      0.260997
      0.260997
      0.260995
      0.260995
      0.260993
      0.260991
      0.260989
      0.260986
      0.260982
      0.260978
      0.260971
      0.260964
      0.260954
      0.260942
      0.260926
      0.260906
      0.260881
      0.260849
       0.26081
      0.260764
      0.260711
      0.260652
      0.260592
      0.260538
      0.260494
      0.260473
      0.260472
      0.260501
      0.260545
      0.260604
      0.260665
      0.260723
      0.260775
      0.260818
      0.260854
      0.260883
      0.260907
      0.260926
       0.26094
      0.260953
      0.260962
       0.26097
      0.260975
       0.26098
      0.260984
      0.260988
       0.26099
      0.260992
      0.260993
      0.260995
      0.260996
      0.260997
      0.260997
      0.260998
      0.260998
      0.260998
      0.277037
      0.277037
      0.277037
      0.277036
      0.277036
      0.277035
      0.277034
      0.277033
      0.277031
      0.277029
      0.277027
      0.277023
      0.277019
      0.277014
      0.277007
      0.276999
      0.276989
      0.276976
       0.27696
       0.27694
      0.276916
      0.276887
      0.276854
      0.276816
      0.276777
      0.276738
      0.276703
      0.276677
      0.276664
      0.276665
      0.276681
      0.276709
      0.276746
      0.276785
      0.276824
       0.27686
      0.276892
      0.276918
      0.276941
       0.27696
      0.276975
      0.276987
      0.276997
      0.277005
      0.277012
      0.277017
      0.277022
      0.277025
      0.277028
       0.27703
      0.277032
      0.277033
      0.277035
      0.277035
      0.277036
      0.277037
      0.277037
      0.277037
      0.277037
      0.295151
      0.295151
      0.295151
       0.29515
       0.29515
      0.295149
      0.295148
      0.295147
      0.295146
      0.295143
      0.295141
      0.295138
      0.295135
       0.29513
      0.295125
      0.295118
      0.295109
      0.295098
      0.295086
       0.29507
      0.295052
      0.295031
      0.295007
      0.294981
      0.294954
      0.294928
      0.294907
       0.29489
      0.294882
      0.294882
      0.294893
       0.29491
      0.294934
      0.294959
      0.294986
       0.29501
      0.295033
      0.295053
      0.295071
      0.295085
      0.295098
      0.295107
      0.295116
      0.295123
      0.295129
      0.295133
      0.295137
       0.29514
      0.295142
      0.295144
      0.295146
      0.295147
      0.295148
      0.295149
       0.29515
       0.29515
      0.295151
      0.295151
      0.295151
      0.315309
      0.315309
      0.315309
      0.315309
      0.315308
      0.315308
      0.315307
      0.315306
      0.315305
      0.315303
      0.315301
      0.315298
      0.315295
      0.315291
      0.315287
      0.315281
      0.315274
      0.315265
      0.315256
      0.315244
       0.31523
      0.315214
      0.315197
      0.315179
       0.31516
      0.315143
      0.315128
      0.315118
      0.315112
      0.315113
      0.315119
       0.31513
      0.315146
      0.315163
      0.315181
      0.315198
      0.315215
       0.31523
      0.315243
      0.315254
      0.315264
      0.315272
      0.315279
      0.315285
       0.31529
      0.315294
      0.315297
      0.315299
      0.315302
      0.315303
      0.315305
      0.315306
      0.315307
      0.315308
      0.315309
      0.315309
      0.315309
      0.315309
       0.31531
       0.33748
       0.33748
       0.33748
      0.337479
      0.337479
      0.337478
      0.337478
      0.337477
      0.337476
      0.337474
      0.337473
       0.33747
      0.337468
      0.337464
      0.337461
      0.337456
       0.33745
      0.337443
      0.337436
      0.337426
      0.337416
      0.337404
      0.337392
      0.337379
      0.337367
      0.337355
      0.337345
      0.337338
      0.337335
      0.337334
      0.337339
      0.337346
      0.337356
      0.337367
       0.33738
      0.337392
      0.337405
      0.337415
      0.337426
      0.337434
      0.337442
      0.337448
      0.337454
      0.337459
      0.337463
      0.337466
      0.337469
      0.337471
      0.337474
      0.337475
      0.337476
      0.337477
      0.337478
      0.337479
       0.33748
       0.33748
       0.33748
       0.33748
       0.33748
      0.361623
      0.361622
      0.361622
      0.361622
      0.361622
      0.361621
      0.361621
       0.36162
      0.361619
      0.361617
      0.361616
      0.361614
      0.361612
      0.361609
      0.361606
      0.361602
      0.361597
      0.361592
      0.361586
      0.361579
      0.361571
      0.361562
      0.361554
      0.361544
      0.361535
      0.361527
      0.361521
      0.361516
      0.361513
      0.361513
      0.361516
      0.361521
      0.361528
      0.361536
      0.361544
      0.361553
      0.361562
       0.36157
      0.361578
      0.361585
      0.361591
      0.361596
        0.3616
      0.361604
      0.361608
       0.36161
      0.361613
      0.361615
      0.361616
      0.361618
      0.361619
       0.36162
      0.361621
      0.361621
      0.361622
      0.361622
      0.361622
      0.361622
      0.361623
      0.387692
      0.387691
      0.387691
      0.387691
      0.387691
       0.38769
       0.38769
      0.387689
      0.387688
      0.387687
      0.387686
      0.387684
      0.387682
       0.38768
      0.387677
      0.387674
      0.387671
      0.387666
      0.387662
      0.387656
       0.38765
      0.387644
      0.387637
       0.38763
      0.387625
      0.387618
      0.387614
       0.38761
      0.387609
      0.387609
      0.387611
      0.387614
      0.387619
      0.387624
      0.387631
      0.387636
      0.387643
      0.387649
      0.387655
       0.38766
      0.387665
      0.387669
      0.387673
      0.387676
      0.387679
      0.387681
      0.387683
      0.387684
      0.387686
      0.387687
      0.387688
      0.387689
       0.38769
       0.38769
      0.387691
      0.387691
      0.387691
      0.387691
      0.387692
      0.415633
      0.415632
      0.415632
      0.415632
      0.415632
      0.415631
      0.415631
       0.41563
       0.41563
      0.415629
      0.415628
      0.415626
      0.415625
      0.415623
      0.415621
      0.415618
      0.415615
      0.415612
      0.415608
      0.415604
        0.4156
      0.415595
       0.41559
      0.415585
      0.415581
      0.415577
      0.415573
      0.415571
       0.41557
       0.41557
      0.415571
      0.415573
      0.415576
       0.41558
      0.415585
      0.415589
      0.415594
      0.415598
      0.415603
      0.415607
      0.415611
      0.415614
      0.415617
      0.415619
      0.415622
      0.415623
      0.415625
      0.415627
      0.415628
      0.415629
       0.41563
       0.41563
      0.415631
      0.415631
      0.415632
      0.415632
      0.415632
      0.415632
      0.415633
      0.445387
      0.445387
      0.445387
      0.445386
      0.445386
      0.445386
      0.445386
      0.445385
      0.445385
      0.445383
      0.445383
      0.445381
       0.44538
      0.445378
      0.445377
      0.445374
      0.445373
       0.44537
      0.445367
      0.445364
      0.445361
      0.445357
      0.445354
       0.44535
      0.445347
      0.445343
      0.445342
      0.445339
      0.445339
      0.445338
       0.44534
      0.445341
      0.445344
      0.445346
      0.445349
      0.445352
      0.445356
      0.445359
      0.445363
      0.445366
      0.445369
      0.445371
      0.445374
      0.445375
      0.445378
      0.445379
      0.445381
      0.445382
      0.445383
      0.445383
      0.445385
      0.445385
      0.445386
      0.445386
      0.445387
      0.445386
      0.445387
      0.445387
      0.445387
      0.476885
      0.476885
      0.476885
      0.476885
      0.476885
      0.476884
      0.476884
      0.476883
      0.476883
      0.476882
      0.476881
       0.47688
      0.476879
      0.476878
      0.476877
      0.476875
      0.476873
      0.476871
      0.476869
      0.476866
      0.476864
      0.476861
      0.476859
      0.476856
      0.476854
      0.476851
       0.47685
      0.476848
      0.476848
      0.476848
      0.476848
      0.476849
      0.476851
      0.476853
      0.476855
      0.476858
       0.47686
      0.476863
      0.476865
      0.476868
       0.47687
      0.476872
      0.476874
      0.476876
      0.476877
      0.476878
       0.47688
      0.476881
      0.476882
      0.476882
      0.476883
      0.476883
      0.476884
      0.476884
      0.476885
      0.476885
      0.476885
      0.476885
      0.476885
      0.510053
      0.510052
      0.510052
      0.510052
      0.510052
      0.510051
      0.510052
      0.510051
      0.510051
       0.51005
      0.510049
      0.510048
      0.510048
      0.510046
      0.510046
      0.510044
      0.510043
      0.510041
      0.510039
      0.510037
      0.510036
      0.510033
      0.510032
      0.510029
      0.510028
      0.510026
      0.510025
      0.510024
      0.510024
      0.510023
      0.510024
      0.510024
      0.510026
      0.510027
      0.510029
       0.51003
      0.510033
      0.510034
      0.510037
      0.510038
       0.51004
      0.510041
      0.510043
      0.510044
      0.510046
      0.510047
      0.510048
      0.510048
       0.51005
       0.51005
      0.510051
      0.510051
      0.510052
      0.510051
      0.510052
      0.510052
      0.510052
      0.510052
      0.510053
      0.544803
      0.544803
      0.544803
      0.544803
      0.544803
      0.544803
      0.544803
      0.544802
      0.544802
      0.544801
      0.544801
        0.5448
      0.544799
      0.544798
      0.544798
      0.544796
      0.544795
      0.544794
      0.544793
      0.544791
       0.54479
      0.544788
      0.544787
      0.544785
      0.544784
      0.544783
      0.544782
      0.544781
      0.544781
      0.544781
      0.544781
      0.544782
      0.544783
      0.544783
      0.544785
      0.544786
      0.544788
      0.544789
      0.544791
      0.544792
      0.544793
      0.544794
      0.544796
      0.544797
      0.544798
      0.544799
        0.5448
        0.5448
      0.544801
      0.544801
      0.544802
      0.544802
      0.544803
      0.544803
      0.544803
      0.544803
      0.544803
      0.544803
      0.544803
      0.581048
      0.581047
      0.581047
      0.581047
      0.581047
      0.581047
      0.581047
      0.581046
      0.581046
      0.581045
      0.581045
      0.581044
      0.581044
      0.581043
      0.581043
      0.581041
      0.581041
      0.581039
      0.581039
      0.581037
      0.581037
      0.581035
      0.581034
      0.581033
      0.581032
      0.581031
      0.581031
       0.58103
       0.58103
      0.581029
       0.58103
       0.58103
      0.581031
      0.581031
      0.581033
      0.581033
      0.581035
      0.581036
      0.581037
      0.581038
      0.581039
       0.58104
      0.581041
      0.581042
      0.581043
      0.581043
      0.581044
      0.581044
      0.581045
      0.581045
      0.581046
      0.581046
      0.581047
      0.581047
      0.581047
      0.581047
      0.581047
      0.581047
      0.581048
      0.618683
      0.618682
      0.618683
      0.618682
      0.618682
      0.618682
      0.618682
      0.618682
      0.618682
      0.618681
      0.618681
       0.61868
       0.61868
      0.618679
      0.618679
      0.618678
      0.618677
      0.618676
      0.618676
      0.618675
      0.618674
      0.618673
      0.618672
      0.618671
      0.618671
       0.61867
      0.618669
      0.618669
      0.618669
      0.618669
      0.618669
      0.618669
       0.61867
       0.61867
      0.618671
      0.618672
      0.618673
      0.618673
      0.618674
      0.618675
      0.618676
      0.618677
      0.618678
      0.618678
      0.618679
      0.618679
       0.61868
       0.61868
      0.618681
      0.618681
      0.618682
      0.618682
      0.618682
      0.618682
      0.618682
      0.618682
      0.618683
      0.618682
      0.618683
      0.657603
      0.657602
      0.657603
      0.657602
      0.657602
      0.657602
      0.657602
      0.657601
      0.657602
      0.657601
      0.657601
        0.6576
        0.6576
      0.657599
      0.657599
      0.657598
      0.657598
      0.657597
      0.657597
      0.657596
      0.657596
      0.657595
      0.657594
      0.657593
      0.657593
      0.657592
      0.657592
      0.657592
      0.657592
      0.657591
      0.657592
      0.657592
      0.657592
      0.657592
      0.657593
      0.657593
      0.657595
      0.657595
      0.657596
      0.657596
      0.657597
      0.657597
      0.657598
      0.657599
      0.657599
        0.6576
        0.6576
        0.6576
      0.657601
      0.657601
      0.657602
      0.657601
      0.657602
      0.657602
      0.657602
      0.657602
      0.657603
      0.657602
      0.657603
       0.69769
       0.69769
       0.69769
       0.69769
       0.69769
       0.69769
       0.69769
      0.697689
      0.697689
      0.697689
      0.697689
      0.697688
      0.697688
      0.697688
      0.697687
      0.697687
      0.697687
      0.697686
      0.697686
      0.697685
      0.697685
      0.697684
      0.697684
      0.697683
      0.697683
      0.697682
      0.697682
      0.697682
      0.697682
      0.697681
      0.697682
      0.697682
      0.697682
      0.697682
      0.697683
      0.697683
      0.697684
      0.697684
      0.697685
      0.697685
      0.697686
      0.697686
      0.697687
      0.697687
      0.697688
      0.697688
      0.697688
      0.697688
      0.697689
      0.697689
      0.697689
      0.697689
       0.69769
       0.69769
       0.69769
       0.69769
       0.69769
       0.69769
       0.69769
      0.738824
      0.738824
      0.738824
      0.738824
      0.738824
      0.738823
      0.738824
      0.738823
      0.738823
      0.738823
      0.738823
      0.738822
      0.738823
      0.738822
      0.738822
      0.738821
      0.738821
      0.738821
      0.738821
       0.73882
       0.73882
      0.738819
      0.738819
      0.738818
      0.738818
      0.738818
      0.738818
      0.738817
      0.738818
      0.738817
      0.738818
      0.738817
      0.738818
      0.738818
      0.738818
      0.738818
      0.738819
      0.738819
       0.73882
       0.73882
      0.738821
      0.738821
      0.738821
      0.738821
      0.738822
      0.738822
      0.738823
      0.738822
      0.738823
      0.738823
      0.738823
      0.738823
      0.738824
      0.738823
      0.738824
      0.738824
      0.738824
      0.738824
      0.738824
      0.780874
      0.780874
      0.780874
      0.780874
      0.780874
      0.780874
      0.780874
      0.780873
      0.780873
      0.780873
      0.780873
      0.780873
      0.780873
      0.780872
      0.780872
      0.780872
      0.780872
      0.780871
      0.780871
      0.780871
      0.780871
       0.78087
       0.78087
       0.78087
       0.78087
      0.780869
      0.780869
      0.780869
      0.780869
      0.780869
      0.780869
      0.780869
      0.780869
      0.780869
       0.78087
       0.78087
       0.78087
       0.78087
      0.780871
      0.780871
      0.780871
      0.780871
      0.780872
      0.780872
      0.780872
      0.780872
      0.780873
      0.780873
      0.780873
      0.780873
      0.780873
      0.780873
      0.780874
      0.780874
      0.780874
      0.780874
      0.780874
      0.780874
      0.780874
      0.823706
      0.823706
      0.823706
      0.823706
      0.823706
      0.823706
      0.823706
      0.823706
      0.823706
      0.823706
      0.823706
      0.823705
      0.823705
      0.823705
      0.823705
      0.823705
      0.823705
      0.823704
      0.823704
      0.823704
      0.823704
      0.823703
      0.823703
      0.823703
      0.823703
      0.823703
      0.823703
      0.823702
      0.823703
      0.823702
      0.823703
      0.823702
      0.823703
      0.823703
      0.823703
      0.823703
      0.823703
      0.823703
      0.823704
      0.823704
      0.823704
      0.823704
      0.823705
      0.823705
      0.823705
      0.823705
      0.823705
      0.823705
      0.823706
      0.823706
      0.823706
      0.823706
      0.823706
      0.823706
      0.823706
      0.823706
      0.823706
      0.823706
      0.823706
       0.86718
       0.86718
       0.86718
       0.86718
       0.86718
       0.86718
       0.86718
       0.86718
       0.86718
       0.86718
       0.86718
       0.86718
      0.867179
      0.867179
      0.867179
      0.867179
      0.867179
      0.867179
      0.867179
      0.867178
      0.867178
      0.867178
      0.867178
      0.867178
      0.867178
      0.867178
      0.867178
      0.867177
      0.867178
      0.867177
      0.867178
      0.867178
      0.867178
      0.867178
      0.867178
      0.867178
      0.867178
      0.867178
      0.867178
      0.867178
      0.867179
      0.867179
      0.867179
      0.867179
      0.867179
      0.867179
       0.86718
       0.86718
       0.86718
       0.86718
       0.86718
       0.86718
       0.86718
       0.86718
       0.86718
       0.86718
       0.86718
       0.86718
       0.86718
      0.911152
      0.911152
      0.911152
      0.911152
      0.911152
      0.911152
      0.911152
      0.911152
      0.911152
      0.911152
      0.911152
      0.911152
      0.911152
      0.911152
      0.911152
      0.911152
      0.911152
      0.911151
      0.911151
      0.911151
      0.911151
      0.911151
      0.911151
      0.911151
      0.911151
      0.911151
      0.911151
      0.911151
      0.911151
      0.911151
      0.911151
      0.911151
      0.911151
      0.911151
      0.911151
      0.911151
      0.911151
      0.911151
      0.911151
      0.911151
      0.911151
      0.911151
      0.911152
      0.911152
      0.911152
      0.911152
      0.911152
      0.911152
      0.911152
      0.911152
      0.911152
      0.911152
      0.911152
      0.911152
      0.911152
      0.911152
      0.911152
      0.911152
      0.911152
      0.955475
      0.955475
      0.955475
      0.955475
      0.955475
      0.955475
      0.955475
      0.955475
      0.955475
      0.955475
      0.955475
      0.955475
      0.955475
      0.955475
      0.955475
      0.955475
      0.955475
      0.955475
      0.955475
      0.955475
      0.955475
      0.955475
      0.955475
      0.955475
      0.955475
      0.955474
      0.955474
      0.955474
      0.955474
      0.955474
      0.955474
      0.955474
      0.955474
      0.955474
      0.955475
      0.955475
      0.955475
      0.955475
      0.955475
      0.955475
      0.955475
      0.955475
      0.955475
      0.955475
      0.955475
      0.955475
      0.955475
      0.955475
      0.955475
      0.955475
      0.955475
      0.955475
      0.955475
      0.955475
      0.955475
      0.955475
      0.955475
      0.955475
      0.955475
             1
             1
             1
             1
             1
             1
             1
             1
             1
             1
             1
             1
             1
             1
             1
             1
             1
             1
             1
             1
             1
             1
             1
             1
             1
             1
             1
             1
             1
             1
             1
             1
             1
             1
             1
             1
             1
             1
             1
             1
             1
             1
             1
             1
             1
             1
             1
             1
             1
             1
             1
             1
             1
             1
             1
             1
             1
             1
             1
