             1
             1
             1
             1
             1
             1
             1
             1
             1
             1
             1
             1
             1
             1
             1
             1
             1
             1
             1
             1
             1
             1
             1
             1
             1
             1
             1
             1
             1
             1
             1
             1
             1
             1
             1
             1
             1
             1
             1
             1
             1
             1
             1
             1
             1
             1
             1
             1
             1
             1
             1
             1
             1
             1
             1
             1
             1
             1
             1
      0.955793
      0.955793
      0.955793
      0.955793
      0.955793
      0.955793
      0.955793
      0.955793
      0.955793
      0.955793
      0.955793
      0.955793
      0.955793
      0.955793
      0.955793
      0.955793
      0.955793
      0.955793
      0.955793
      0.955793
      0.955793
      0.955793
      0.955793
      0.955793
      0.955793
      0.955793
      0.955793
      0.955793
      0.955793
      0.955792
      0.955793
      0.955793
      0.955793
      0.955793
      0.955793
      0.955793
      0.955793
      0.955793
      0.955793
      0.955793
      0.955793
      0.955793
      0.955793
      0.955793
      0.955793
      0.955793
      0.955793
      0.955793
      0.955793
      0.955793
      0.955793
      0.955793
      0.955793
      0.955793
      0.955793
      0.955793
      0.955793
      0.955793
      0.955793
      0.911786
      0.911786
      0.911786
      0.911786
      0.911786
      0.911786
      0.911786
      0.911786
      0.911786
      0.911786
      0.911786
      0.911786
      0.911786
      0.911786
      0.911786
      0.911786
      0.911786
      0.911785
      0.911785
      0.911785
      0.911785
      0.911785
      0.911785
      0.911785
      0.911785
      0.911785
      0.911785
      0.911784
      0.911785
      0.911784
      0.911785
      0.911784
      0.911785
      0.911785
      0.911785
      0.911785
      0.911785
      0.911785
      0.911785
      0.911785
      0.911785
      0.911785
      0.911786
      0.911786
      0.911786
      0.911786
      0.911786
      0.911786
      0.911786
      0.911786
      0.911786
      0.911786
      0.911786
      0.911786
      0.911786
      0.911786
      0.911786
      0.911786
      0.911786
      0.868126
      0.868126
      0.868126
      0.868126
      0.868126
      0.868125
      0.868126
      0.868125
      0.868125
      0.868125
      0.868125
      0.868125
      0.868125
      0.868125
      0.868125
      0.868125
      0.868124
      0.868124
      0.868124
      0.868124
      0.868124
      0.868124
      0.868123
      0.868123
      0.868123
      0.868123
      0.868123
      0.868123
      0.868123
      0.868123
      0.868123
      0.868123
      0.868123
      0.868123
      0.868123
      0.868123
      0.868123
      0.868124
      0.868124
      0.868124
      0.868124
      0.868124
      0.868124
      0.868125
      0.868125
      0.868125
      0.868125
      0.868125
      0.868125
      0.868125
      0.868125
      0.868125
      0.868126
      0.868125
      0.868126
      0.868126
      0.868126
      0.868126
      0.868126
      0.824957
      0.824957
      0.824957
      0.824957
      0.824957
      0.824956
      0.824957
      0.824956
      0.824956
      0.824956
      0.824956
      0.824956
      0.824956
      0.824955
      0.824955
      0.824955
      0.824955
      0.824955
      0.824955
      0.824954
      0.824954
      0.824954
      0.824954
      0.824953
      0.824953
      0.824953
      0.824953
      0.824953
      0.824953
      0.824953
      0.824953
      0.824953
      0.824953
      0.824953
      0.824953
      0.824953
      0.824954
      0.824954
      0.824954
      0.824954
      0.824955
      0.824955
      0.824955
      0.824955
      0.824956
      0.824955
      0.824956
      0.824956
      0.824956
      0.824956
      0.824956
      0.824956
      0.824957
      0.824956
      0.824957
      0.824957
      0.824957
      0.824957
      0.824957
      0.782421
      0.782421
      0.782421
      0.782421
      0.782421
      0.782421
      0.782421
       0.78242
       0.78242
       0.78242
       0.78242
       0.78242
       0.78242
      0.782419
      0.782419
      0.782419
      0.782419
      0.782418
      0.782418
      0.782418
      0.782417
      0.782417
      0.782417
      0.782416
      0.782416
      0.782416
      0.782416
      0.782415
      0.782415
      0.782415
      0.782416
      0.782416
      0.782416
      0.782416
      0.782416
      0.782416
      0.782417
      0.782417
      0.782417
      0.782418
      0.782418
      0.782418
      0.782419
      0.782419
      0.782419
      0.782419
       0.78242
       0.78242
       0.78242
       0.78242
       0.78242
       0.78242
      0.782421
      0.782421
      0.782421
      0.782421
      0.782421
      0.782421
      0.782421
      0.740657
      0.740657
      0.740657
      0.740657
      0.740657
      0.740656
      0.740657
      0.740656
      0.740656
      0.740656
      0.740656
      0.740655
      0.740655
      0.740655
      0.740655
      0.740654
      0.740654
      0.740653
      0.740653
      0.740652
      0.740652
      0.740652
      0.740652
      0.740651
      0.740651
       0.74065
       0.74065
       0.74065
       0.74065
       0.74065
       0.74065
       0.74065
       0.74065
       0.74065
      0.740651
      0.740651
      0.740652
      0.740652
      0.740652
      0.740653
      0.740653
      0.740653
      0.740654
      0.740654
      0.740655
      0.740655
      0.740656
      0.740655
      0.740656
      0.740656
      0.740656
      0.740656
      0.740657
      0.740656
      0.740657
      0.740657
      0.740657
      0.740657
      0.740657
      0.699797
      0.699797
      0.699797
      0.699797
      0.699797
      0.699797
      0.699797
      0.699796
      0.699796
      0.699796
      0.699796
      0.699795
      0.699795
      0.699795
      0.699794
      0.699794
      0.699793
      0.699793
      0.699792
      0.699792
      0.699791
       0.69979
       0.69979
      0.699789
      0.699789
      0.699789
      0.699788
      0.699788
      0.699788
      0.699788
      0.699788
      0.699788
      0.699788
      0.699789
      0.699789
       0.69979
       0.69979
      0.699791
      0.699791
      0.699792
      0.699793
      0.699793
      0.699794
      0.699794
      0.699794
      0.699795
      0.699795
      0.699795
      0.699796
      0.699796
      0.699796
      0.699796
      0.699797
      0.699797
      0.699797
      0.699797
      0.699797
      0.699797
      0.699797
       0.65997
       0.65997
       0.65997
       0.65997
       0.65997
       0.65997
       0.65997
      0.659969
      0.659969
      0.659969
      0.659969
      0.659968
      0.659968
      0.659967
      0.659967
      0.659966
      0.659966
      0.659965
      0.659964
      0.659963
      0.659963
      0.659962
      0.659961
       0.65996
       0.65996
      0.659959
      0.659959
      0.659958
      0.659959
      0.659958
      0.659959
      0.659958
      0.659959
      0.659959
       0.65996
       0.65996
      0.659962
      0.659962
      0.659963
      0.659963
      0.659965
      0.659965
      0.659966
      0.659966
      0.659967
      0.659967
      0.659968
      0.659968
      0.659969
      0.659969
      0.659969
      0.659969
       0.65997
       0.65997
       0.65997
       0.65997
       0.65997
       0.65997
       0.65997
      0.621297
      0.621296
      0.621296
      0.621296
      0.621296
      0.621296
      0.621296
      0.621295
      0.621295
      0.621295
      0.621295
      0.621294
      0.621294
      0.621293
      0.621292
      0.621291
      0.621291
       0.62129
      0.621289
      0.621288
      0.621287
      0.621286
      0.621285
      0.621284
      0.621283
      0.621282
      0.621282
      0.621281
      0.621281
      0.621281
      0.621281
      0.621282
      0.621282
      0.621283
      0.621284
      0.621284
      0.621285
      0.621286
      0.621287
      0.621288
      0.621289
       0.62129
      0.621291
      0.621292
      0.621292
      0.621293
      0.621294
      0.621294
      0.621295
      0.621295
      0.621295
      0.621295
      0.621296
      0.621296
      0.621296
      0.621296
      0.621296
      0.621296
      0.621297
      0.583892
      0.583891
      0.583892
      0.583891
      0.583891
      0.583891
      0.583891
       0.58389
       0.58389
      0.583889
      0.583889
      0.583888
      0.583888
      0.583887
      0.583887
      0.583885
      0.583885
      0.583883
      0.583882
      0.583881
       0.58388
      0.583878
      0.583877
      0.583875
      0.583875
      0.583873
      0.583873
      0.583872
      0.583872
      0.583872
      0.583872
      0.583872
      0.583873
      0.583874
      0.583875
      0.583876
      0.583878
      0.583879
       0.58388
      0.583881
      0.583883
      0.583883
      0.583885
      0.583885
      0.583887
      0.583887
      0.583888
      0.583889
       0.58389
       0.58389
       0.58389
       0.58389
      0.583891
      0.583891
      0.583891
      0.583891
      0.583892
      0.583891
      0.583892
      0.547862
      0.547862
      0.547862
      0.547861
      0.547861
      0.547861
      0.547861
       0.54786
       0.54786
      0.547859
      0.547859
      0.547858
      0.547857
      0.547856
      0.547855
      0.547854
      0.547853
      0.547851
       0.54785
      0.547848
      0.547847
      0.547845
      0.547843
      0.547841
       0.54784
      0.547839
      0.547838
      0.547837
      0.547836
      0.547836
      0.547837
      0.547837
      0.547838
      0.547839
      0.547841
      0.547842
      0.547844
      0.547846
      0.547848
      0.547849
      0.547851
      0.547852
      0.547854
      0.547855
      0.547856
      0.547857
      0.547858
      0.547858
      0.547859
       0.54786
       0.54786
       0.54786
      0.547861
      0.547861
      0.547861
      0.547861
      0.547862
      0.547862
      0.547862
      0.513308
      0.513308
      0.513308
      0.513308
      0.513308
      0.513307
      0.513307
      0.513306
      0.513306
      0.513305
      0.513305
      0.513304
      0.513303
      0.513301
      0.513301
      0.513299
      0.513297
      0.513295
      0.513294
      0.513291
      0.513289
      0.513286
      0.513285
      0.513282
       0.51328
      0.513278
      0.513277
      0.513275
      0.513275
      0.513275
      0.513276
      0.513276
      0.513278
      0.513279
      0.513282
      0.513283
      0.513286
      0.513288
      0.513291
      0.513292
      0.513295
      0.513296
      0.513298
      0.513299
      0.513301
      0.513302
      0.513303
      0.513304
      0.513305
      0.513305
      0.513306
      0.513306
      0.513307
      0.513307
      0.513308
      0.513308
      0.513308
      0.513308
      0.513308
      0.480321
      0.480321
      0.480321
      0.480321
      0.480321
       0.48032
       0.48032
      0.480319
      0.480319
      0.480318
      0.480317
      0.480316
      0.480315
      0.480313
      0.480312
       0.48031
      0.480308
      0.480306
      0.480303
        0.4803
      0.480297
      0.480294
      0.480291
      0.480288
      0.480285
      0.480282
       0.48028
      0.480278
      0.480278
      0.480278
      0.480279
       0.48028
      0.480282
      0.480284
      0.480287
       0.48029
      0.480293
      0.480296
      0.480299
      0.480302
      0.480305
      0.480307
      0.480309
      0.480311
      0.480313
      0.480314
      0.480315
      0.480316
      0.480317
      0.480318
      0.480319
      0.480319
       0.48032
       0.48032
      0.480321
      0.480321
      0.480321
      0.480321
      0.480321
      0.448987
      0.448986
      0.448987
      0.448986
      0.448986
      0.448985
      0.448985
      0.448984
      0.448984
      0.448983
      0.448982
       0.44898
      0.448979
      0.448977
      0.448976
      0.448973
      0.448971
      0.448967
      0.448964
       0.44896
      0.448957
      0.448952
      0.448948
      0.448943
      0.448939
      0.448935
      0.448932
      0.448929
      0.448929
      0.448928
       0.44893
      0.448932
      0.448935
      0.448939
      0.448943
      0.448947
      0.448951
      0.448955
      0.448959
      0.448963
      0.448966
      0.448969
      0.448972
      0.448974
      0.448977
      0.448978
       0.44898
      0.448981
      0.448982
      0.448983
      0.448984
      0.448984
      0.448985
      0.448985
      0.448986
      0.448986
      0.448987
      0.448986
      0.448987
      0.419379
      0.419379
      0.419379
      0.419379
      0.419378
      0.419378
      0.419377
      0.419377
      0.419376
      0.419375
      0.419374
      0.419372
       0.41937
      0.419368
      0.419366
      0.419363
       0.41936
      0.419356
      0.419351
      0.419346
      0.419341
      0.419335
      0.419328
      0.419321
      0.419315
      0.419309
      0.419305
      0.419301
        0.4193
        0.4193
      0.419302
      0.419306
      0.419311
      0.419316
      0.419322
      0.419328
      0.419334
       0.41934
      0.419345
       0.41935
      0.419354
      0.419358
      0.419362
      0.419364
      0.419367
      0.419369
      0.419371
      0.419373
      0.419374
      0.419375
      0.419376
      0.419377
      0.419378
      0.419378
      0.419378
      0.419379
      0.419379
      0.419379
      0.419379
      0.391569
      0.391568
      0.391569
      0.391568
      0.391568
      0.391567
      0.391567
      0.391566
      0.391565
      0.391563
      0.391562
       0.39156
      0.391559
      0.391556
      0.391553
      0.391549
      0.391545
       0.39154
      0.391534
      0.391527
       0.39152
      0.391511
      0.391502
      0.391491
      0.391482
      0.391472
      0.391465
      0.391459
      0.391458
      0.391458
      0.391463
      0.391468
      0.391477
      0.391485
      0.391495
      0.391503
      0.391512
      0.391519
      0.391527
      0.391533
      0.391539
      0.391543
      0.391548
      0.391551
      0.391555
      0.391557
       0.39156
      0.391561
      0.391563
      0.391564
      0.391565
      0.391566
      0.391567
      0.391567
      0.391568
      0.391568
      0.391569
      0.391568
      0.391569
      0.365615
      0.365615
      0.365615
      0.365614
      0.365614
      0.365613
      0.365613
      0.365612
      0.365611
      0.365609
      0.365608
      0.365606
      0.365603
        0.3656
      0.365596
      0.365592
      0.365587
       0.36558
      0.365572
      0.365563
      0.365552
      0.365539
      0.365525
      0.365509
      0.365493
      0.365478
      0.365466
      0.365457
      0.365454
      0.365456
      0.365464
      0.365474
      0.365488
      0.365502
      0.365517
       0.36553
      0.365543
      0.365554
      0.365563
      0.365572
      0.365579
      0.365585
       0.36559
      0.365595
      0.365599
      0.365602
      0.365604
      0.365606
      0.365608
       0.36561
      0.365611
      0.365612
      0.365613
      0.365614
      0.365614
      0.365615
      0.365615
      0.365615
      0.365615
      0.341574
      0.341573
      0.341573
      0.341573
      0.341573
      0.341572
      0.341571
       0.34157
      0.341569
      0.341567
      0.341565
      0.341562
       0.34156
      0.341556
      0.341552
      0.341546
      0.341539
       0.34153
       0.34152
      0.341507
      0.341491
      0.341471
      0.341449
      0.341423
      0.341398
      0.341371
      0.341351
      0.341336
      0.341333
      0.341336
      0.341352
       0.34137
      0.341395
      0.341418
      0.341442
      0.341462
      0.341481
      0.341496
       0.34151
       0.34152
       0.34153
      0.341537
      0.341544
      0.341549
      0.341554
      0.341558
      0.341561
      0.341564
      0.341566
      0.341567
      0.341569
       0.34157
      0.341571
      0.341572
      0.341573
      0.341573
      0.341573
      0.341573
      0.341574
       0.31949
      0.319489
      0.319489
      0.319489
      0.319488
      0.319488
      0.319487
      0.319486
      0.319484
      0.319482
       0.31948
      0.319477
      0.319474
      0.319469
      0.319464
      0.319457
      0.319448
      0.319437
      0.319423
      0.319404
       0.31938
       0.31935
      0.319314
      0.319271
      0.319226
       0.31918
      0.319144
      0.319118
      0.319112
      0.319123
      0.319151
      0.319188
       0.31923
      0.319272
       0.31931
      0.319343
       0.31937
      0.319392
      0.319411
      0.319425
      0.319438
      0.319447
      0.319455
      0.319462
      0.319468
      0.319472
      0.319476
      0.319479
      0.319481
      0.319483
      0.319485
      0.319486
      0.319487
      0.319488
      0.319489
      0.319489
      0.319489
      0.319489
       0.31949
      0.299405
      0.299405
      0.299405
      0.299404
      0.299404
      0.299403
      0.299402
      0.299401
      0.299399
      0.299397
      0.299395
      0.299391
      0.299387
      0.299382
      0.299376
      0.299367
      0.299356
      0.299341
      0.299321
      0.299294
      0.299258
       0.29921
      0.299151
      0.299078
      0.298998
      0.298912
      0.298855
      0.298803
      0.298798
      0.298819
      0.298875
      0.298943
      0.299021
      0.299093
      0.299157
      0.299209
      0.299251
      0.299283
      0.299308
      0.299328
      0.299344
      0.299356
      0.299366
      0.299374
       0.29938
      0.299385
       0.29939
      0.299393
      0.299396
      0.299398
        0.2994
      0.299401
      0.299403
      0.299403
      0.299404
      0.299405
      0.299405
      0.299405
      0.299405
      0.281354
      0.281354
      0.281354
      0.281354
      0.281353
      0.281352
      0.281351
      0.281349
      0.281348
      0.281345
      0.281342
      0.281339
      0.281334
      0.281328
       0.28132
      0.281309
      0.281295
      0.281276
      0.281248
      0.281208
      0.281151
      0.281073
      0.280973
      0.280844
      0.280688
      0.280523
      0.280391
      0.280334
      0.280335
      0.280387
      0.280493
      0.280624
      0.280767
      0.280898
      0.281007
      0.281092
      0.281155
      0.281202
      0.281236
      0.281262
      0.281281
      0.281297
      0.281309
      0.281318
      0.281326
      0.281332
      0.281337
      0.281341
      0.281344
      0.281346
      0.281349
       0.28135
      0.281351
      0.281352
      0.281353
      0.281354
      0.281354
      0.281354
      0.281354
      0.265367
      0.265367
      0.265367
      0.265366
      0.265366
      0.265364
      0.265363
      0.265362
       0.26536
      0.265357
      0.265354
      0.265349
      0.265344
      0.265337
      0.265328
      0.265315
      0.265297
      0.265271
      0.265232
      0.265171
      0.265079
      0.264948
      0.264782
      0.264548
      0.264237
      0.263884
      0.263592
      0.263597
      0.263641
      0.263741
      0.263949
      0.264185
      0.264454
       0.26469
      0.264877
      0.265017
      0.265112
      0.265178
      0.265224
      0.265257
      0.265282
      0.265301
      0.265315
      0.265326
      0.265335
      0.265342
      0.265348
      0.265352
      0.265356
      0.265358
      0.265361
      0.265362
      0.265364
      0.265365
      0.265366
      0.265366
      0.265367
      0.265367
      0.265367
      0.251467
      0.251467
      0.251467
      0.251466
      0.251465
      0.251464
      0.251463
      0.251461
      0.251459
      0.251456
      0.251453
      0.251448
      0.251442
      0.251434
      0.251423
      0.251407
      0.251386
      0.251352
      0.251297
      0.251205
       0.25105
      0.250813
      0.250486
      0.250126
      0.249577
       0.24864
      0.248276
      0.248371
      0.248456
      0.248677
      0.249036
      0.249487
      0.249977
       0.25045
      0.250787
      0.251006
      0.251146
      0.251236
      0.251297
      0.251339
      0.251369
      0.251392
      0.251409
      0.251422
      0.251432
       0.25144
      0.251446
      0.251451
      0.251455
      0.251458
       0.25146
      0.251462
      0.251464
      0.251465
      0.251466
      0.251466
      0.251467
      0.251467
      0.251467
      0.239675
      0.239675
      0.239675
      0.239674
      0.239673
      0.239672
      0.239671
      0.239669
      0.239667
      0.239663
      0.239659
      0.239654
      0.239647
      0.239638
      0.239626
      0.239608
      0.239582
      0.239539
      0.239467
      0.239327
      0.239061
      0.238626
      0.237975
      0.237472
      0.236578
      0.235521
      0.234759
      0.234338
      0.234492
      0.234824
      0.235464
      0.236228
       0.23718
      0.238176
      0.238755
      0.239084
      0.239281
      0.239399
      0.239477
      0.239528
      0.239565
      0.239591
      0.239611
      0.239625
      0.239637
      0.239645
      0.239652
      0.239657
      0.239662
      0.239665
      0.239668
       0.23967
      0.239671
      0.239672
      0.239674
      0.239674
      0.239675
      0.239675
      0.239675
      0.230006
      0.230006
      0.230006
      0.230005
      0.230004
      0.230003
      0.230002
          0.23
      0.229997
      0.229994
       0.22999
      0.229984
      0.229977
      0.229967
      0.229953
      0.229932
      0.229901
      0.229849
      0.229758
      0.229572
      0.229181
      0.228277
       0.22731
      0.226453
      0.225584
      0.224407
      0.223292
       0.22243
      0.222323
      0.222865
       0.22392
       0.22516
      0.226456
      0.228013
       0.22884
      0.229286
      0.229538
      0.229687
       0.22978
      0.229842
      0.229884
      0.229914
      0.229936
      0.229953
      0.229965
      0.229975
      0.229982
      0.229988
      0.229992
      0.229996
      0.229999
      0.230001
      0.230002
      0.230004
      0.230005
      0.230005
      0.230006
      0.230006
      0.230006
      0.222474
      0.222474
      0.222474
      0.222473
      0.222472
      0.222471
       0.22247
      0.222467
      0.222465
      0.222461
      0.222457
      0.222451
      0.222443
      0.222432
      0.222417
      0.222394
       0.22236
      0.222302
      0.222205
      0.221978
      0.221485
       0.22055
      0.219459
      0.218083
      0.216714
      0.215446
      0.213935
      0.212219
      0.211994
      0.212914
      0.214848
      0.216791
       0.21852
      0.220198
      0.221147
      0.221654
      0.221949
      0.222117
      0.222225
      0.222294
      0.222342
      0.222375
        0.2224
      0.222417
      0.222431
      0.222441
      0.222449
      0.222455
       0.22246
      0.222463
      0.222466
      0.222468
       0.22247
      0.222472
      0.222473
      0.222473
      0.222474
      0.222474
      0.222474
      0.217088
      0.217087
      0.217087
      0.217086
      0.217086
      0.217084
      0.217083
      0.217081
      0.217078
      0.217074
       0.21707
      0.217063
      0.217055
      0.217043
      0.217027
      0.217003
      0.216966
      0.216903
      0.216793
      0.216579
      0.216171
      0.215419
      0.214199
      0.212281
      0.210352
      0.208926
      0.207779
      0.205859
      0.204949
      0.205888
      0.208896
      0.211251
      0.212938
      0.214689
      0.215659
      0.216201
      0.216516
      0.216702
      0.216819
      0.216895
      0.216947
      0.216983
      0.217009
      0.217028
      0.217042
      0.217053
      0.217061
      0.217068
      0.217072
      0.217076
      0.217079
      0.217082
      0.217083
      0.217085
      0.217086
      0.217087
      0.217087
      0.217088
      0.217088
      0.213853
      0.213853
      0.213853
      0.213852
      0.213851
       0.21385
      0.213848
      0.213846
      0.213843
       0.21384
      0.213835
      0.213828
       0.21382
      0.213808
      0.213791
      0.213766
      0.213729
      0.213665
      0.213557
      0.213353
      0.212985
      0.212244
      0.210892
      0.209092
      0.207318
       0.20575
      0.204257
      0.203197
      0.202417
      0.203626
      0.205927
      0.208428
       0.21012
      0.211545
      0.212423
      0.212946
      0.213264
      0.213453
      0.213576
      0.213654
      0.213708
      0.213745
      0.213773
      0.213792
      0.213807
      0.213818
      0.213826
      0.213833
      0.213838
      0.213842
      0.213845
      0.213847
      0.213849
       0.21385
      0.213852
      0.213852
      0.213853
      0.213853
      0.213853
      0.212775
      0.212774
      0.212774
      0.212773
      0.212773
      0.212771
       0.21277
      0.212767
      0.212765
      0.212761
      0.212756
      0.212749
      0.212741
      0.212729
      0.212712
      0.212687
       0.21265
      0.212589
      0.212485
      0.212299
       0.21196
      0.211308
      0.210007
      0.208513
       0.20705
      0.205532
      0.203596
      0.202956
      0.202469
      0.203991
      0.205681
      0.207518
      0.209384
      0.210617
        0.2114
      0.211885
      0.212186
      0.212374
      0.212494
      0.212574
      0.212628
      0.212666
      0.212693
      0.212713
      0.212728
      0.212739
      0.212747
      0.212754
      0.212759
      0.212763
      0.212766
      0.212768
       0.21277
      0.212772
      0.212773
      0.212774
      0.212774
      0.212774
      0.212775
      0.213853
      0.213853
      0.213853
      0.213852
      0.213851
       0.21385
      0.213848
      0.213846
      0.213843
       0.21384
      0.213835
      0.213828
       0.21382
      0.213808
      0.213792
      0.213768
      0.213733
      0.213677
      0.213586
      0.213428
       0.21316
      0.212651
      0.211708
      0.210532
      0.209301
      0.207859
      0.206538
      0.206036
      0.205784
      0.206637
      0.208017
      0.209545
       0.21087
      0.211911
       0.21259
      0.213018
      0.213293
      0.213466
      0.213581
      0.213657
      0.213709
      0.213746
      0.213773
      0.213792
      0.213807
      0.213818
      0.213826
      0.213833
      0.213838
      0.213842
      0.213845
      0.213847
      0.213849
       0.21385
      0.213852
      0.213852
      0.213853
      0.213853
      0.213853
      0.217088
      0.217087
      0.217087
      0.217086
      0.217086
      0.217084
      0.217083
      0.217081
      0.217078
      0.217074
       0.21707
      0.217063
      0.217055
      0.217044
      0.217028
      0.217006
      0.216974
      0.216925
      0.216847
      0.216721
      0.216515
      0.216175
      0.215638
      0.214893
      0.213904
      0.212479
       0.21154
       0.21108
      0.210948
      0.211465
      0.212637
       0.21334
      0.214593
      0.215424
      0.215975
      0.216336
      0.216572
      0.216726
       0.21683
        0.2169
      0.216949
      0.216984
       0.21701
      0.217028
      0.217042
      0.217053
      0.217061
      0.217068
      0.217073
      0.217076
      0.217079
      0.217082
      0.217083
      0.217085
      0.217086
      0.217087
      0.217087
      0.217088
      0.217088
      0.222474
      0.222474
      0.222474
      0.222473
      0.222472
      0.222471
       0.22247
      0.222467
      0.222465
      0.222461
      0.222457
      0.222451
      0.222443
      0.222432
      0.222418
      0.222398
       0.22237
      0.222327
      0.222265
      0.222167
      0.222016
       0.22179
      0.221462
      0.220956
      0.220203
      0.219167
      0.218329
      0.217952
      0.217984
      0.218443
      0.219213
      0.219899
       0.22056
      0.221136
      0.221545
      0.221826
      0.222019
      0.222149
      0.222239
        0.2223
      0.222345
      0.222377
        0.2224
      0.222418
      0.222431
      0.222441
      0.222449
      0.222455
       0.22246
      0.222463
      0.222466
      0.222468
       0.22247
      0.222472
      0.222473
      0.222473
      0.222474
      0.222474
      0.222474
      0.230006
      0.230006
      0.230006
      0.230005
      0.230004
      0.230003
      0.230002
          0.23
      0.229997
      0.229994
       0.22999
      0.229984
      0.229977
      0.229967
      0.229954
      0.229936
      0.229911
      0.229876
      0.229826
      0.229752
      0.229644
       0.22949
      0.229271
      0.228953
      0.228495
      0.227849
       0.22695
      0.226687
       0.22689
      0.227463
      0.227869
      0.228251
      0.228635
      0.228986
      0.229263
      0.229469
      0.229616
      0.229721
      0.229796
      0.229849
      0.229888
      0.229916
      0.229937
      0.229953
      0.229966
      0.229975
      0.229982
      0.229988
      0.229992
      0.229996
      0.229999
      0.230001
      0.230002
      0.230004
      0.230005
      0.230005
      0.230006
      0.230006
      0.230006
      0.239675
      0.239675
      0.239675
      0.239674
      0.239673
      0.239672
      0.239671
      0.239669
      0.239667
      0.239663
      0.239659
      0.239654
      0.239648
      0.239638
      0.239627
      0.239611
       0.23959
      0.239561
      0.239521
      0.239465
      0.239388
      0.239283
      0.239143
      0.238926
      0.238565
      0.238004
      0.237759
      0.237772
      0.237799
      0.238054
      0.238272
      0.238478
      0.238701
      0.238915
      0.239095
       0.23924
       0.23935
      0.239431
      0.239491
      0.239535
      0.239568
      0.239593
      0.239612
      0.239626
      0.239637
      0.239645
      0.239652
      0.239657
      0.239662
      0.239665
      0.239668
       0.23967
      0.239671
      0.239672
      0.239674
      0.239674
      0.239675
      0.239675
      0.239675
      0.251467
      0.251467
      0.251467
      0.251466
      0.251465
      0.251464
      0.251463
      0.251461
      0.251459
      0.251456
      0.251453
      0.251448
      0.251442
      0.251434
      0.251424
       0.25141
      0.251392
      0.251369
      0.251337
      0.251295
      0.251239
      0.251166
      0.251071
      0.250944
      0.250773
      0.250562
      0.250409
      0.250348
       0.25035
      0.250425
      0.250525
      0.250643
      0.250775
      0.250906
      0.251024
      0.251122
      0.251201
      0.251262
      0.251309
      0.251345
      0.251373
      0.251393
       0.25141
      0.251422
      0.251432
       0.25144
      0.251446
      0.251451
      0.251455
      0.251458
       0.25146
      0.251462
      0.251464
      0.251465
      0.251466
      0.251466
      0.251467
      0.251467
      0.251467
      0.265367
      0.265367
      0.265367
      0.265366
      0.265366
      0.265364
      0.265363
      0.265362
       0.26536
      0.265357
      0.265354
      0.265349
      0.265344
      0.265337
      0.265329
      0.265317
      0.265302
      0.265283
      0.265258
      0.265226
      0.265186
      0.265134
       0.26507
      0.264993
      0.264904
      0.264804
      0.264734
      0.264672
      0.264666
       0.26468
      0.264728
      0.264793
      0.264872
      0.264953
      0.265029
      0.265096
      0.265153
      0.265198
      0.265234
      0.265262
      0.265285
      0.265302
      0.265316
      0.265327
      0.265336
      0.265342
      0.265348
      0.265352
      0.265356
      0.265358
      0.265361
      0.265362
      0.265364
      0.265365
      0.265366
      0.265366
      0.265367
      0.265367
      0.265367
      0.281354
      0.281354
      0.281354
      0.281354
      0.281353
      0.281352
      0.281351
      0.281349
      0.281348
      0.281345
      0.281342
      0.281339
      0.281334
      0.281328
       0.28132
      0.281311
      0.281299
      0.281283
      0.281264
      0.281239
      0.281209
      0.281173
       0.28113
       0.28108
      0.281027
      0.280972
      0.280926
      0.280892
       0.28088
      0.280885
       0.28091
      0.280949
      0.280996
      0.281047
      0.281097
      0.281143
      0.281183
      0.281216
      0.281243
      0.281266
      0.281284
      0.281298
       0.28131
      0.281319
      0.281326
      0.281332
      0.281337
      0.281341
      0.281344
      0.281346
      0.281349
       0.28135
      0.281351
      0.281352
      0.281353
      0.281354
      0.281354
      0.281354
      0.281354
      0.299405
      0.299405
      0.299405
      0.299404
      0.299404
      0.299403
      0.299402
      0.299401
      0.299399
      0.299397
      0.299395
      0.299391
      0.299387
      0.299382
      0.299376
      0.299367
      0.299358
      0.299345
       0.29933
      0.299311
       0.29929
      0.299263
      0.299234
      0.299201
      0.299167
      0.299133
      0.299106
      0.299084
      0.299076
      0.299077
      0.299092
      0.299114
      0.299144
      0.299176
      0.299209
       0.29924
      0.299269
      0.299293
      0.299314
      0.299331
      0.299345
      0.299357
      0.299366
      0.299374
      0.299381
      0.299385
       0.29939
      0.299393
      0.299396
      0.299398
        0.2994
      0.299401
      0.299403
      0.299403
      0.299404
      0.299405
      0.299405
      0.299405
      0.299405
       0.31949
      0.319489
      0.319489
      0.319489
      0.319488
      0.319488
      0.319487
      0.319486
      0.319484
      0.319482
       0.31948
      0.319477
      0.319474
      0.319469
      0.319464
      0.319457
      0.319449
      0.319439
      0.319428
      0.319413
      0.319397
      0.319378
      0.319358
      0.319335
      0.319313
      0.319291
      0.319273
       0.31926
      0.319254
      0.319254
      0.319263
      0.319277
      0.319296
      0.319317
      0.319339
      0.319361
      0.319381
      0.319399
      0.319414
      0.319427
      0.319439
      0.319448
      0.319456
      0.319462
      0.319468
      0.319472
      0.319476
      0.319479
      0.319481
      0.319483
      0.319485
      0.319486
      0.319487
      0.319488
      0.319489
      0.319489
      0.319489
      0.319489
       0.31949
      0.341574
      0.341573
      0.341573
      0.341573
      0.341573
      0.341572
      0.341571
       0.34157
      0.341569
      0.341567
      0.341565
      0.341562
       0.34156
      0.341556
      0.341552
      0.341546
       0.34154
      0.341532
      0.341523
      0.341512
        0.3415
      0.341486
      0.341471
      0.341456
      0.341441
      0.341426
      0.341415
      0.341406
      0.341402
      0.341402
      0.341408
      0.341416
      0.341429
      0.341442
      0.341458
      0.341473
      0.341487
        0.3415
      0.341512
      0.341522
      0.341531
      0.341538
      0.341545
       0.34155
      0.341555
      0.341558
      0.341561
      0.341564
      0.341566
      0.341567
      0.341569
       0.34157
      0.341571
      0.341572
      0.341573
      0.341573
      0.341573
      0.341573
      0.341574
      0.365615
      0.365615
      0.365615
      0.365614
      0.365614
      0.365613
      0.365613
      0.365612
      0.365611
      0.365609
      0.365608
      0.365606
      0.365603
        0.3656
      0.365596
      0.365592
      0.365587
      0.365581
      0.365574
      0.365565
      0.365556
      0.365546
      0.365536
      0.365525
      0.365514
      0.365505
      0.365497
      0.365491
      0.365488
      0.365488
      0.365492
      0.365497
      0.365506
      0.365515
      0.365526
      0.365536
      0.365547
      0.365556
      0.365565
      0.365573
       0.36558
      0.365585
      0.365591
      0.365595
      0.365599
      0.365602
      0.365604
      0.365607
      0.365608
       0.36561
      0.365611
      0.365612
      0.365613
      0.365614
      0.365614
      0.365615
      0.365615
      0.365615
      0.365615
      0.391569
      0.391568
      0.391569
      0.391568
      0.391568
      0.391567
      0.391567
      0.391566
      0.391565
      0.391563
      0.391562
       0.39156
      0.391559
      0.391556
      0.391553
      0.391549
      0.391545
       0.39154
      0.391535
      0.391528
      0.391522
      0.391514
      0.391507
      0.391499
      0.391492
      0.391485
       0.39148
      0.391475
      0.391474
      0.391474
      0.391476
       0.39148
      0.391486
      0.391492
      0.391499
      0.391506
      0.391514
      0.391521
      0.391528
      0.391534
      0.391539
      0.391544
      0.391548
      0.391551
      0.391555
      0.391557
       0.39156
      0.391561
      0.391563
      0.391564
      0.391565
      0.391566
      0.391567
      0.391567
      0.391568
      0.391568
      0.391569
      0.391568
      0.391569
      0.419379
      0.419379
      0.419379
      0.419379
      0.419378
      0.419378
      0.419377
      0.419377
      0.419376
      0.419375
      0.419374
      0.419372
       0.41937
      0.419368
      0.419366
      0.419363
       0.41936
      0.419356
      0.419352
      0.419347
      0.419342
      0.419336
      0.419331
      0.419325
       0.41932
      0.419315
      0.419312
      0.419309
      0.419307
      0.419307
      0.419309
      0.419311
      0.419315
       0.41932
      0.419325
       0.41933
      0.419336
      0.419341
      0.419346
       0.41935
      0.419355
      0.419358
      0.419362
      0.419364
      0.419367
      0.419369
      0.419371
      0.419373
      0.419374
      0.419375
      0.419376
      0.419377
      0.419378
      0.419378
      0.419378
      0.419379
      0.419379
      0.419379
      0.419379
      0.448987
      0.448986
      0.448987
      0.448986
      0.448986
      0.448985
      0.448985
      0.448984
      0.448984
      0.448983
      0.448982
       0.44898
      0.448979
      0.448977
      0.448976
      0.448973
      0.448971
      0.448967
      0.448964
       0.44896
      0.448957
      0.448953
      0.448949
      0.448944
      0.448941
      0.448937
      0.448935
      0.448933
      0.448932
      0.448932
      0.448933
      0.448934
      0.448938
       0.44894
      0.448944
      0.448948
      0.448952
      0.448956
       0.44896
      0.448963
      0.448967
      0.448969
      0.448972
      0.448974
      0.448977
      0.448978
       0.44898
      0.448981
      0.448982
      0.448983
      0.448984
      0.448984
      0.448985
      0.448985
      0.448986
      0.448986
      0.448987
      0.448986
      0.448987
      0.480321
      0.480321
      0.480321
      0.480321
      0.480321
       0.48032
       0.48032
      0.480319
      0.480319
      0.480318
      0.480317
      0.480316
      0.480315
      0.480313
      0.480312
       0.48031
      0.480308
      0.480306
      0.480303
        0.4803
      0.480298
      0.480294
      0.480292
      0.480288
      0.480286
      0.480283
      0.480282
       0.48028
      0.480279
      0.480279
       0.48028
      0.480281
      0.480283
      0.480285
      0.480288
      0.480291
      0.480294
      0.480297
        0.4803
      0.480302
      0.480305
      0.480307
      0.480309
      0.480311
      0.480313
      0.480314
      0.480315
      0.480316
      0.480317
      0.480318
      0.480319
      0.480319
       0.48032
       0.48032
      0.480321
      0.480321
      0.480321
      0.480321
      0.480321
      0.513308
      0.513308
      0.513308
      0.513308
      0.513308
      0.513307
      0.513307
      0.513306
      0.513306
      0.513305
      0.513305
      0.513304
      0.513303
      0.513301
      0.513301
      0.513299
      0.513297
      0.513295
      0.513294
      0.513291
      0.513289
      0.513287
      0.513285
      0.513282
      0.513281
      0.513279
      0.513278
      0.513276
      0.513276
      0.513276
      0.513276
      0.513277
      0.513279
       0.51328
      0.513282
      0.513284
      0.513286
      0.513288
      0.513291
      0.513292
      0.513295
      0.513296
      0.513298
      0.513299
      0.513301
      0.513302
      0.513303
      0.513304
      0.513305
      0.513305
      0.513306
      0.513306
      0.513307
      0.513307
      0.513308
      0.513308
      0.513308
      0.513308
      0.513308
      0.547862
      0.547862
      0.547862
      0.547861
      0.547861
      0.547861
      0.547861
       0.54786
       0.54786
      0.547859
      0.547859
      0.547858
      0.547857
      0.547856
      0.547855
      0.547854
      0.547853
      0.547851
       0.54785
      0.547848
      0.547847
      0.547845
      0.547843
      0.547842
       0.54784
      0.547839
      0.547838
      0.547837
      0.547837
      0.547837
      0.547837
      0.547838
      0.547839
       0.54784
      0.547841
      0.547843
      0.547844
      0.547846
      0.547848
      0.547849
      0.547851
      0.547852
      0.547854
      0.547855
      0.547856
      0.547857
      0.547858
      0.547858
      0.547859
       0.54786
       0.54786
       0.54786
      0.547861
      0.547861
      0.547861
      0.547861
      0.547862
      0.547862
      0.547862
      0.583892
      0.583891
      0.583892
      0.583891
      0.583891
      0.583891
      0.583891
       0.58389
       0.58389
      0.583889
      0.583889
      0.583888
      0.583888
      0.583887
      0.583887
      0.583885
      0.583885
      0.583883
      0.583882
      0.583881
       0.58388
      0.583878
      0.583877
      0.583876
      0.583875
      0.583874
      0.583873
      0.583872
      0.583872
      0.583872
      0.583873
      0.583873
      0.583874
      0.583874
      0.583876
      0.583876
      0.583878
      0.583879
       0.58388
      0.583881
      0.583883
      0.583883
      0.583885
      0.583886
      0.583887
      0.583887
      0.583888
      0.583889
       0.58389
       0.58389
       0.58389
       0.58389
      0.583891
      0.583891
      0.583891
      0.583891
      0.583892
      0.583891
      0.583892
      0.621297
      0.621296
      0.621296
      0.621296
      0.621296
      0.621296
      0.621296
      0.621295
      0.621295
      0.621295
      0.621295
      0.621294
      0.621294
      0.621293
      0.621292
      0.621291
      0.621291
       0.62129
      0.621289
      0.621288
      0.621287
      0.621286
      0.621285
      0.621284
      0.621283
      0.621282
      0.621282
      0.621281
      0.621281
      0.621281
      0.621281
      0.621282
      0.621282
      0.621283
      0.621284
      0.621284
      0.621285
      0.621286
      0.621287
      0.621288
      0.621289
       0.62129
      0.621291
      0.621292
      0.621292
      0.621293
      0.621294
      0.621294
      0.621295
      0.621295
      0.621295
      0.621295
      0.621296
      0.621296
      0.621296
      0.621296
      0.621296
      0.621296
      0.621297
       0.65997
       0.65997
       0.65997
       0.65997
       0.65997
       0.65997
       0.65997
      0.659969
      0.659969
      0.659969
      0.659969
      0.659968
      0.659968
      0.659967
      0.659967
      0.659966
      0.659966
      0.659965
      0.659964
      0.659963
      0.659963
      0.659962
      0.659961
       0.65996
       0.65996
      0.659959
      0.659959
      0.659958
      0.659959
      0.659958
      0.659959
      0.659958
      0.659959
      0.659959
       0.65996
      0.659961
      0.659962
      0.659962
      0.659963
      0.659963
      0.659965
      0.659965
      0.659966
      0.659966
      0.659967
      0.659967
      0.659968
      0.659968
      0.659969
      0.659969
      0.659969
      0.659969
       0.65997
       0.65997
       0.65997
       0.65997
       0.65997
       0.65997
       0.65997
      0.699797
      0.699797
      0.699797
      0.699797
      0.699797
      0.699797
      0.699797
      0.699796
      0.699796
      0.699796
      0.699796
      0.699795
      0.699795
      0.699795
      0.699794
      0.699794
      0.699793
      0.699793
      0.699792
      0.699792
      0.699791
       0.69979
       0.69979
      0.699789
      0.699789
      0.699789
      0.699788
      0.699788
      0.699788
      0.699788
      0.699788
      0.699788
      0.699789
      0.699789
      0.699789
       0.69979
       0.69979
      0.699791
      0.699791
      0.699792
      0.699793
      0.699793
      0.699794
      0.699794
      0.699794
      0.699795
      0.699795
      0.699795
      0.699796
      0.699796
      0.699796
      0.699796
      0.699797
      0.699797
      0.699797
      0.699797
      0.699797
      0.699797
      0.699797
      0.740657
      0.740657
      0.740657
      0.740657
      0.740657
      0.740656
      0.740657
      0.740656
      0.740656
      0.740656
      0.740656
      0.740655
      0.740655
      0.740655
      0.740655
      0.740654
      0.740654
      0.740653
      0.740653
      0.740652
      0.740652
      0.740652
      0.740652
      0.740651
      0.740651
       0.74065
       0.74065
       0.74065
       0.74065
       0.74065
       0.74065
       0.74065
       0.74065
       0.74065
      0.740651
      0.740651
      0.740652
      0.740652
      0.740653
      0.740653
      0.740653
      0.740653
      0.740654
      0.740654
      0.740655
      0.740655
      0.740656
      0.740655
      0.740656
      0.740656
      0.740656
      0.740656
      0.740657
      0.740656
      0.740657
      0.740657
      0.740657
      0.740657
      0.740657
      0.782421
      0.782421
      0.782421
      0.782421
      0.782421
      0.782421
      0.782421
       0.78242
       0.78242
       0.78242
       0.78242
       0.78242
       0.78242
      0.782419
      0.782419
      0.782419
      0.782419
      0.782418
      0.782418
      0.782418
      0.782417
      0.782417
      0.782417
      0.782416
      0.782416
      0.782416
      0.782416
      0.782415
      0.782416
      0.782415
      0.782416
      0.782416
      0.782416
      0.782416
      0.782416
      0.782416
      0.782417
      0.782417
      0.782417
      0.782418
      0.782418
      0.782418
      0.782419
      0.782419
      0.782419
      0.782419
       0.78242
       0.78242
       0.78242
       0.78242
       0.78242
       0.78242
      0.782421
      0.782421
      0.782421
      0.782421
      0.782421
      0.782421
      0.782421
      0.824957
      0.824957
      0.824957
      0.824957
      0.824957
      0.824956
      0.824957
      0.824956
      0.824956
      0.824956
      0.824956
      0.824956
      0.824956
      0.824955
      0.824955
      0.824955
      0.824955
      0.824955
      0.824955
      0.824954
      0.824954
      0.824954
      0.824954
      0.824953
      0.824953
      0.824953
      0.824953
      0.824953
      0.824953
      0.824953
      0.824953
      0.824953
      0.824953
      0.824953
      0.824953
      0.824953
      0.824954
      0.824954
      0.824954
      0.824954
      0.824955
      0.824955
      0.824955
      0.824955
      0.824956
      0.824955
      0.824956
      0.824956
      0.824956
      0.824956
      0.824956
      0.824956
      0.824957
      0.824956
      0.824957
      0.824957
      0.824957
      0.824957
      0.824957
      0.868126
      0.868126
      0.868126
      0.868126
      0.868126
      0.868125
      0.868126
      0.868125
      0.868125
      0.868125
      0.868125
      0.868125
      0.868125
      0.868125
      0.868125
      0.868125
      0.868124
      0.868124
      0.868124
      0.868124
      0.868124
      0.868124
      0.868123
      0.868123
      0.868123
      0.868123
      0.868123
      0.868123
      0.868123
      0.868123
      0.868123
      0.868123
      0.868123
      0.868123
      0.868123
      0.868123
      0.868123
      0.868124
      0.868124
      0.868124
      0.868124
      0.868124
      0.868124
      0.868125
      0.868125
      0.868125
      0.868125
      0.868125
      0.868125
      0.868125
      0.868125
      0.868125
      0.868126
      0.868125
      0.868126
      0.868126
      0.868126
      0.868126
      0.868126
      0.911786
      0.911786
      0.911786
      0.911786
      0.911786
      0.911786
      0.911786
      0.911786
      0.911786
      0.911786
      0.911786
      0.911786
      0.911786
      0.911786
      0.911786
      0.911786
      0.911786
      0.911785
      0.911785
      0.911785
      0.911785
      0.911785
      0.911785
      0.911785
      0.911785
      0.911785
      0.911785
      0.911784
      0.911785
      0.911784
      0.911785
      0.911784
      0.911785
      0.911785
      0.911785
      0.911785
      0.911785
      0.911785
      0.911785
      0.911785
      0.911785
      0.911785
      0.911786
      0.911786
      0.911786
      0.911786
      0.911786
      0.911786
      0.911786
      0.911786
      0.911786
      0.911786
      0.911786
      0.911786
      0.911786
      0.911786
      0.911786
      0.911786
      0.911786
      0.955793
      0.955793
      0.955793
      0.955793
      0.955793
      0.955793
      0.955793
      0.955793
      0.955793
      0.955793
      0.955793
      0.955793
      0.955793
      0.955793
      0.955793
      0.955793
      0.955793
      0.955793
      0.955793
      0.955793
      0.955793
      0.955793
      0.955793
      0.955793
      0.955793
      0.955793
      0.955793
      0.955793
      0.955793
      0.955792
      0.955793
      0.955793
      0.955793
      0.955793
      0.955793
      0.955793
      0.955793
      0.955793
      0.955793
      0.955793
      0.955793
      0.955793
      0.955793
      0.955793
      0.955793
      0.955793
      0.955793
      0.955793
      0.955793
      0.955793
      0.955793
      0.955793
      0.955793
      0.955793
      0.955793
      0.955793
      0.955793
      0.955793
      0.955793
             1
             1
             1
             1
             1
             1
             1
             1
             1
             1
             1
             1
             1
             1
             1
             1
             1
             1
             1
             1
             1
             1
             1
             1
             1
             1
             1
             1
             1
             1
             1
             1
             1
             1
             1
             1
             1
             1
             1
             1
             1
             1
             1
             1
             1
             1
             1
             1
             1
             1
             1
             1
             1
             1
             1
             1
             1
             1
             1
