             1
             1
             1
             1
             1
             1
             1
             1
             1
             1
             1
             1
             1
             1
             1
             1
             1
             1
             1
             1
             1
             1
             1
             1
             1
             1
             1
             1
             1
             1
             1
             1
             1
             1
             1
             1
             1
             1
             1
             1
             1
             1
             1
             1
             1
             1
             1
             1
             1
             1
             1
             1
             1
             1
             1
             1
             1
             1
             1
      0.956107
      0.956107
      0.956107
      0.956107
      0.956107
      0.956107
      0.956107
      0.956107
      0.956107
      0.956107
      0.956107
      0.956107
      0.956107
      0.956107
      0.956107
      0.956107
      0.956106
      0.956106
      0.956106
      0.956106
      0.956106
      0.956106
      0.956106
      0.956106
      0.956106
      0.956106
      0.956106
      0.956106
      0.956106
      0.956106
      0.956106
      0.956106
      0.956106
      0.956106
      0.956106
      0.956106
      0.956106
      0.956106
      0.956106
      0.956106
      0.956106
      0.956106
      0.956106
      0.956107
      0.956107
      0.956107
      0.956107
      0.956107
      0.956107
      0.956107
      0.956107
      0.956107
      0.956107
      0.956107
      0.956107
      0.956107
      0.956107
      0.956107
      0.956107
      0.912411
      0.912411
      0.912411
      0.912411
      0.912411
      0.912411
      0.912411
      0.912411
      0.912411
      0.912411
      0.912411
      0.912411
      0.912411
      0.912411
      0.912411
       0.91241
       0.91241
       0.91241
       0.91241
       0.91241
       0.91241
       0.91241
       0.91241
      0.912409
       0.91241
      0.912409
      0.912409
      0.912409
      0.912409
      0.912409
      0.912409
      0.912409
      0.912409
      0.912409
       0.91241
       0.91241
       0.91241
       0.91241
       0.91241
       0.91241
       0.91241
       0.91241
       0.91241
       0.91241
      0.912411
      0.912411
      0.912411
      0.912411
      0.912411
      0.912411
      0.912411
      0.912411
      0.912411
      0.912411
      0.912411
      0.912411
      0.912411
      0.912411
      0.912411
      0.869058
      0.869058
      0.869058
      0.869058
      0.869058
      0.869058
      0.869058
      0.869057
      0.869057
      0.869057
      0.869057
      0.869057
      0.869057
      0.869057
      0.869057
      0.869056
      0.869056
      0.869056
      0.869056
      0.869056
      0.869056
      0.869055
      0.869055
      0.869055
      0.869055
      0.869055
      0.869055
      0.869055
      0.869055
      0.869055
      0.869055
      0.869055
      0.869055
      0.869055
      0.869055
      0.869055
      0.869055
      0.869055
      0.869056
      0.869056
      0.869056
      0.869056
      0.869056
      0.869056
      0.869057
      0.869057
      0.869057
      0.869057
      0.869057
      0.869057
      0.869057
      0.869057
      0.869058
      0.869058
      0.869058
      0.869058
      0.869058
      0.869058
      0.869058
       0.82619
      0.826189
       0.82619
      0.826189
       0.82619
      0.826189
      0.826189
      0.826189
      0.826189
      0.826189
      0.826189
      0.826189
      0.826189
      0.826188
      0.826188
      0.826188
      0.826188
      0.826187
      0.826187
      0.826187
      0.826187
      0.826186
      0.826186
      0.826186
      0.826186
      0.826185
      0.826185
      0.826185
      0.826185
      0.826185
      0.826185
      0.826185
      0.826185
      0.826185
      0.826186
      0.826186
      0.826186
      0.826186
      0.826187
      0.826187
      0.826187
      0.826187
      0.826188
      0.826188
      0.826188
      0.826188
      0.826189
      0.826189
      0.826189
      0.826189
      0.826189
      0.826189
      0.826189
      0.826189
       0.82619
      0.826189
       0.82619
      0.826189
       0.82619
      0.783946
      0.783946
      0.783946
      0.783946
      0.783946
      0.783946
      0.783946
      0.783946
      0.783946
      0.783946
      0.783945
      0.783945
      0.783945
      0.783945
      0.783945
      0.783944
      0.783944
      0.783943
      0.783943
      0.783943
      0.783942
      0.783942
      0.783942
      0.783941
      0.783941
      0.783941
      0.783941
       0.78394
       0.78394
       0.78394
       0.78394
       0.78394
      0.783941
      0.783941
      0.783941
      0.783941
      0.783942
      0.783942
      0.783943
      0.783943
      0.783943
      0.783944
      0.783944
      0.783944
      0.783945
      0.783945
      0.783945
      0.783945
      0.783946
      0.783946
      0.783946
      0.783946
      0.783946
      0.783946
      0.783946
      0.783946
      0.783946
      0.783946
      0.783946
      0.742465
      0.742465
      0.742465
      0.742465
      0.742465
      0.742465
      0.742465
      0.742464
      0.742465
      0.742464
      0.742464
      0.742463
      0.742463
      0.742463
      0.742463
      0.742462
      0.742462
      0.742461
      0.742461
       0.74246
       0.74246
      0.742459
      0.742459
      0.742458
      0.742458
      0.742458
      0.742458
      0.742457
      0.742457
      0.742457
      0.742457
      0.742457
      0.742458
      0.742458
      0.742458
      0.742459
      0.742459
      0.742459
       0.74246
       0.74246
      0.742461
      0.742461
      0.742462
      0.742462
      0.742463
      0.742463
      0.742464
      0.742464
      0.742464
      0.742464
      0.742465
      0.742464
      0.742465
      0.742465
      0.742465
      0.742465
      0.742465
      0.742465
      0.742465
      0.701876
      0.701876
      0.701876
      0.701876
      0.701876
      0.701876
      0.701876
      0.701876
      0.701876
      0.701875
      0.701875
      0.701875
      0.701874
      0.701874
      0.701873
      0.701873
      0.701872
      0.701872
      0.701871
       0.70187
       0.70187
      0.701869
      0.701869
      0.701868
      0.701867
      0.701867
      0.701867
      0.701866
      0.701866
      0.701866
      0.701866
      0.701866
      0.701867
      0.701867
      0.701868
      0.701868
      0.701869
      0.701869
       0.70187
      0.701871
      0.701871
      0.701872
      0.701873
      0.701873
      0.701874
      0.701874
      0.701874
      0.701875
      0.701875
      0.701875
      0.701876
      0.701876
      0.701876
      0.701876
      0.701876
      0.701876
      0.701876
      0.701876
      0.701876
      0.662308
      0.662307
      0.662308
      0.662307
      0.662308
      0.662307
      0.662307
      0.662307
      0.662307
      0.662306
      0.662306
      0.662305
      0.662305
      0.662304
      0.662304
      0.662303
      0.662303
      0.662301
      0.662301
        0.6623
      0.662299
      0.662298
      0.662298
      0.662297
      0.662296
      0.662295
      0.662295
      0.662294
      0.662295
      0.662294
      0.662295
      0.662295
      0.662295
      0.662296
      0.662297
      0.662297
      0.662298
      0.662299
        0.6623
        0.6623
      0.662301
      0.662302
      0.662303
      0.662303
      0.662304
      0.662304
      0.662305
      0.662305
      0.662306
      0.662306
      0.662307
      0.662307
      0.662307
      0.662307
      0.662308
      0.662307
      0.662308
      0.662307
      0.662308
      0.623878
      0.623878
      0.623878
      0.623878
      0.623878
      0.623877
      0.623877
      0.623877
      0.623877
      0.623876
      0.623876
      0.623875
      0.623875
      0.623874
      0.623873
      0.623872
      0.623871
       0.62387
      0.623869
      0.623868
      0.623867
      0.623866
      0.623865
      0.623864
      0.623863
      0.623862
      0.623862
      0.623861
      0.623861
      0.623861
      0.623861
      0.623861
      0.623862
      0.623863
      0.623864
      0.623864
      0.623866
      0.623867
      0.623868
      0.623869
       0.62387
      0.623871
      0.623872
      0.623873
      0.623873
      0.623874
      0.623875
      0.623875
      0.623876
      0.623876
      0.623877
      0.623877
      0.623877
      0.623877
      0.623878
      0.623878
      0.623878
      0.623878
      0.623878
      0.586702
      0.586702
      0.586702
      0.586701
      0.586702
      0.586701
      0.586701
        0.5867
      0.586701
        0.5867
      0.586699
      0.586698
      0.586698
      0.586697
      0.586696
      0.586695
      0.586694
      0.586692
      0.586692
       0.58669
      0.586689
      0.586687
      0.586686
      0.586684
      0.586683
      0.586681
      0.586681
       0.58668
       0.58668
      0.586679
       0.58668
       0.58668
      0.586682
      0.586682
      0.586684
      0.586685
      0.586687
      0.586688
      0.586689
       0.58669
      0.586692
      0.586693
      0.586695
      0.586695
      0.586697
      0.586697
      0.586698
      0.586699
        0.5867
        0.5867
      0.586701
      0.586701
      0.586701
      0.586701
      0.586702
      0.586701
      0.586702
      0.586702
      0.586702
      0.550885
      0.550885
      0.550885
      0.550885
      0.550885
      0.550884
      0.550884
      0.550884
      0.550883
      0.550883
      0.550882
      0.550881
       0.55088
      0.550879
      0.550878
      0.550877
      0.550875
      0.550874
      0.550872
       0.55087
      0.550868
      0.550866
      0.550864
      0.550862
       0.55086
      0.550859
      0.550857
      0.550856
      0.550856
      0.550856
      0.550856
      0.550857
      0.550859
       0.55086
      0.550862
      0.550864
      0.550866
      0.550867
      0.550869
      0.550871
      0.550873
      0.550875
      0.550876
      0.550877
      0.550879
       0.55088
      0.550881
      0.550881
      0.550882
      0.550883
      0.550884
      0.550884
      0.550884
      0.550884
      0.550885
      0.550885
      0.550885
      0.550885
      0.550885
      0.516529
      0.516528
      0.516528
      0.516528
      0.516528
      0.516527
      0.516527
      0.516526
      0.516526
      0.516525
      0.516525
      0.516523
      0.516523
      0.516521
       0.51652
      0.516518
      0.516517
      0.516514
      0.516512
      0.516509
      0.516507
      0.516504
      0.516501
      0.516498
      0.516496
      0.516493
      0.516492
       0.51649
       0.51649
      0.516489
      0.516491
      0.516491
      0.516494
      0.516495
      0.516498
        0.5165
      0.516504
      0.516506
      0.516509
      0.516511
      0.516514
      0.516515
      0.516518
      0.516519
      0.516521
      0.516522
      0.516523
      0.516524
      0.516525
      0.516525
      0.516527
      0.516527
      0.516528
      0.516527
      0.516528
      0.516528
      0.516529
      0.516528
      0.516529
      0.483722
      0.483722
      0.483722
      0.483722
      0.483721
      0.483721
      0.483721
       0.48372
      0.483719
      0.483718
      0.483718
      0.483716
      0.483715
      0.483713
      0.483712
      0.483709
      0.483707
      0.483704
      0.483701
      0.483698
      0.483694
       0.48369
      0.483686
      0.483682
      0.483678
      0.483674
      0.483672
       0.48367
      0.483669
      0.483669
      0.483671
      0.483673
      0.483676
      0.483679
      0.483683
      0.483686
       0.48369
      0.483694
      0.483697
        0.4837
      0.483704
      0.483706
      0.483709
      0.483711
      0.483713
      0.483714
      0.483716
      0.483717
      0.483718
      0.483719
       0.48372
       0.48372
      0.483721
      0.483721
      0.483721
      0.483722
      0.483722
      0.483722
      0.483722
      0.452551
      0.452551
      0.452551
      0.452551
      0.452551
       0.45255
       0.45255
      0.452549
      0.452548
      0.452547
      0.452546
      0.452544
      0.452543
      0.452541
      0.452539
      0.452536
      0.452533
      0.452529
      0.452525
       0.45252
      0.452516
      0.452509
      0.452504
      0.452497
      0.452492
      0.452486
      0.452482
      0.452478
      0.452478
      0.452478
      0.452481
      0.452484
      0.452489
      0.452494
        0.4525
      0.452505
      0.452511
      0.452515
      0.452521
      0.452524
      0.452529
      0.452532
      0.452535
      0.452538
       0.45254
      0.452542
      0.452544
      0.452545
      0.452547
      0.452547
      0.452549
      0.452549
       0.45255
       0.45255
      0.452551
      0.452551
      0.452551
      0.452551
      0.452552
      0.423092
      0.423091
      0.423092
      0.423091
      0.423091
       0.42309
       0.42309
      0.423089
      0.423088
      0.423087
      0.423086
      0.423084
      0.423082
      0.423079
      0.423077
      0.423073
      0.423069
      0.423064
      0.423059
      0.423052
      0.423044
      0.423036
      0.423026
      0.423016
      0.423007
      0.422998
      0.422991
      0.422986
      0.422985
      0.422987
      0.422991
      0.422997
      0.423005
      0.423014
      0.423022
      0.423031
      0.423039
      0.423046
      0.423053
      0.423059
      0.423064
      0.423068
      0.423072
      0.423075
      0.423078
      0.423081
      0.423083
      0.423085
      0.423086
      0.423087
      0.423088
      0.423089
       0.42309
       0.42309
      0.423091
      0.423091
      0.423092
      0.423092
      0.423092
      0.395413
      0.395413
      0.395413
      0.395413
      0.395413
      0.395412
      0.395411
       0.39541
      0.395409
      0.395408
      0.395406
      0.395404
      0.395402
      0.395399
      0.395395
      0.395391
      0.395386
      0.395379
      0.395371
      0.395361
       0.39535
      0.395336
      0.395322
      0.395305
      0.395289
      0.395272
      0.395262
      0.395253
      0.395254
      0.395256
      0.395266
      0.395277
      0.395291
      0.395305
       0.39532
      0.395332
      0.395345
      0.395355
      0.395365
      0.395372
       0.39538
      0.395385
       0.39539
      0.395394
      0.395398
        0.3954
      0.395403
      0.395405
      0.395407
      0.395408
       0.39541
       0.39541
      0.395412
      0.395412
      0.395413
      0.395413
      0.395413
      0.395413
      0.395414
      0.369577
      0.369576
      0.369576
      0.369576
      0.369576
      0.369575
      0.369574
      0.369573
      0.369572
       0.36957
      0.369569
      0.369566
      0.369563
      0.369559
      0.369555
      0.369549
      0.369542
      0.369533
      0.369522
      0.369507
       0.36949
      0.369468
      0.369443
      0.369413
      0.369382
      0.369351
      0.369329
      0.369313
      0.369319
       0.36933
       0.36935
      0.369373
      0.369398
      0.369423
      0.369447
      0.369468
      0.369486
      0.369502
      0.369515
      0.369526
      0.369535
      0.369543
      0.369549
      0.369554
      0.369558
      0.369562
      0.369565
      0.369567
      0.369569
      0.369571
      0.369573
      0.369573
      0.369575
      0.369575
      0.369576
      0.369576
      0.369577
      0.369577
      0.369577
      0.345638
      0.345637
      0.345637
      0.345637
      0.345637
      0.345635
      0.345635
      0.345633
      0.345632
       0.34563
      0.345628
      0.345625
      0.345622
      0.345617
      0.345612
      0.345604
      0.345595
      0.345582
      0.345566
      0.345543
      0.345515
      0.345478
      0.345435
      0.345379
      0.345317
       0.34525
      0.345207
      0.345164
      0.345199
      0.345226
      0.345276
      0.345322
       0.34537
      0.345414
      0.345454
      0.345488
      0.345518
      0.345541
       0.34556
      0.345575
      0.345587
      0.345597
      0.345605
      0.345611
      0.345616
       0.34562
      0.345624
      0.345627
      0.345629
      0.345631
      0.345633
      0.345634
      0.345635
      0.345636
      0.345637
      0.345637
      0.345637
      0.345637
      0.345638
      0.323643
      0.323643
      0.323642
      0.323642
      0.323641
      0.323641
       0.32364
      0.323638
      0.323637
      0.323635
      0.323632
      0.323629
      0.323625
      0.323619
      0.323612
      0.323602
      0.323589
      0.323571
      0.323545
       0.32351
      0.323463
        0.3234
       0.32332
      0.323217
       0.32309
      0.322924
       0.32274
      0.322668
      0.322746
        0.3229
      0.323032
      0.323136
      0.323228
      0.323308
      0.323378
      0.323436
      0.323482
      0.323517
      0.323545
      0.323565
      0.323582
      0.323594
      0.323604
      0.323612
      0.323618
      0.323623
      0.323627
      0.323631
      0.323633
      0.323636
      0.323637
      0.323639
       0.32364
      0.323641
      0.323642
      0.323642
      0.323643
      0.323643
      0.323643
      0.303635
      0.303635
      0.303635
      0.303634
      0.303634
      0.303632
      0.303632
       0.30363
      0.303628
      0.303626
      0.303623
      0.303619
      0.303614
      0.303607
      0.303598
      0.303585
      0.303567
       0.30354
      0.303501
      0.303443
      0.303364
      0.303252
      0.303108
      0.302914
      0.302669
      0.302281
      0.301677
      0.301395
      0.301692
      0.302232
      0.302578
      0.302795
      0.302982
      0.303124
      0.303247
      0.303345
      0.303419
      0.303472
      0.303512
       0.30354
      0.303561
      0.303577
       0.30359
      0.303599
      0.303607
      0.303613
      0.303618
      0.303621
      0.303625
      0.303627
      0.303629
       0.30363
      0.303632
      0.303633
      0.303634
      0.303634
      0.303635
      0.303635
      0.303635
      0.285649
      0.285649
      0.285648
      0.285648
      0.285647
      0.285646
      0.285645
      0.285643
      0.285641
      0.285639
      0.285635
      0.285631
      0.285625
      0.285617
      0.285605
      0.285589
      0.285563
      0.285523
      0.285459
      0.285362
      0.285221
      0.285026
      0.284772
      0.284405
      0.283884
      0.283231
      0.282193
      0.281969
      0.282285
      0.282933
      0.283757
      0.284215
      0.284553
      0.284852
      0.285078
      0.285242
      0.285358
      0.285439
      0.285494
      0.285533
      0.285561
      0.285581
      0.285596
      0.285608
      0.285617
      0.285624
      0.285629
      0.285634
      0.285637
       0.28564
      0.285642
      0.285644
      0.285646
      0.285647
      0.285648
      0.285648
      0.285649
      0.285649
      0.285649
      0.269716
      0.269715
      0.269715
      0.269715
      0.269714
      0.269713
      0.269712
       0.26971
      0.269708
      0.269704
      0.269701
      0.269695
      0.269689
      0.269679
      0.269665
      0.269643
      0.269608
      0.269547
      0.269442
      0.269275
      0.269025
       0.26868
      0.268266
      0.267616
       0.26654
       0.26553
      0.264749
      0.264533
      0.264876
      0.265583
      0.266388
      0.267241
       0.26782
      0.268469
      0.268881
      0.269152
      0.269331
      0.269448
      0.269525
      0.269576
      0.269612
      0.269637
      0.269656
      0.269669
       0.26968
      0.269688
      0.269694
      0.269699
      0.269703
      0.269706
      0.269709
      0.269711
      0.269712
      0.269713
      0.269714
      0.269715
      0.269716
      0.269716
      0.269716
       0.25586
       0.25586
       0.25586
      0.255859
      0.255859
      0.255857
      0.255856
      0.255854
      0.255852
      0.255848
      0.255844
      0.255838
       0.25583
      0.255819
      0.255802
      0.255773
      0.255725
      0.255637
      0.255476
      0.255176
      0.254683
      0.254082
      0.253465
      0.252536
      0.250819
      0.249528
      0.248868
      0.248773
       0.24911
       0.24977
      0.250628
      0.251588
      0.252714
      0.253981
       0.25468
      0.255101
      0.255363
      0.255526
      0.255629
      0.255696
       0.25574
      0.255771
      0.255793
      0.255809
      0.255821
       0.25583
      0.255837
      0.255842
      0.255847
       0.25585
      0.255853
      0.255855
      0.255857
      0.255858
      0.255859
       0.25586
       0.25586
       0.25586
       0.25586
      0.244104
      0.244104
      0.244104
      0.244103
      0.244103
      0.244101
        0.2441
      0.244097
      0.244095
      0.244091
      0.244087
       0.24408
      0.244071
      0.244058
      0.244038
      0.244003
      0.243943
      0.243821
      0.243586
      0.243075
      0.242066
      0.240949
       0.24026
      0.239265
      0.237221
      0.235027
      0.234414
      0.234483
      0.234707
      0.235769
       0.23691
      0.238201
       0.23981
      0.241524
      0.242543
      0.243131
      0.243489
      0.243701
      0.243833
      0.243914
      0.243968
      0.244004
      0.244029
      0.244047
      0.244061
      0.244071
      0.244079
      0.244085
       0.24409
      0.244093
      0.244096
      0.244099
        0.2441
      0.244102
      0.244103
      0.244103
      0.244104
      0.244104
      0.244105
      0.234464
      0.234464
      0.234463
      0.234463
      0.234462
      0.234461
      0.234459
      0.234457
      0.234454
       0.23445
      0.234445
      0.234438
      0.234428
      0.234413
       0.23439
      0.234349
      0.234273
       0.23412
      0.233805
      0.233127
      0.231693
      0.230382
      0.229165
      0.227766
      0.226065
      0.224276
      0.222405
      0.221577
      0.221824
      0.223684
      0.225322
      0.227032
      0.229004
      0.231218
      0.232527
      0.233288
      0.233734
      0.233995
      0.234152
      0.234249
      0.234312
      0.234353
      0.234382
      0.234402
      0.234417
      0.234429
      0.234437
      0.234443
      0.234449
      0.234452
      0.234456
      0.234458
       0.23446
      0.234461
      0.234462
      0.234463
      0.234464
      0.234464
      0.234464
      0.226953
      0.226953
      0.226953
      0.226952
      0.226951
       0.22695
      0.226948
      0.226946
      0.226943
      0.226938
      0.226933
      0.226925
      0.226915
      0.226899
      0.226874
      0.226828
      0.226746
       0.22657
      0.226218
      0.225449
      0.223939
      0.222379
      0.220708
      0.218715
      0.216835
      0.215082
      0.213485
      0.212103
      0.212055
      0.213697
      0.215855
      0.218086
      0.220773
       0.22324
      0.224751
       0.22563
      0.226143
      0.226433
      0.226611
      0.226719
      0.226788
      0.226834
      0.226866
      0.226887
      0.226904
      0.226916
      0.226925
      0.226932
      0.226937
      0.226941
      0.226944
      0.226947
      0.226949
       0.22695
      0.226951
      0.226952
      0.226953
      0.226953
      0.226953
      0.221581
      0.221581
      0.221581
       0.22158
      0.221579
      0.221578
      0.221576
      0.221573
       0.22157
      0.221566
       0.22156
      0.221552
      0.221541
      0.221524
      0.221497
       0.22145
      0.221361
      0.221179
      0.220805
       0.22001
      0.218396
      0.216893
      0.215112
      0.212791
      0.210365
      0.208724
      0.207737
      0.205945
      0.205331
      0.206692
      0.209685
      0.212642
      0.215176
      0.217486
      0.219243
       0.22018
      0.220716
      0.221028
      0.221216
      0.221332
      0.221406
      0.221455
      0.221489
      0.221512
       0.22153
      0.221542
      0.221552
      0.221559
      0.221564
      0.221569
      0.221572
      0.221575
      0.221577
      0.221578
      0.221579
       0.22158
      0.221581
      0.221581
      0.221581
      0.218355
      0.218355
      0.218355
      0.218354
      0.218353
      0.218352
       0.21835
      0.218347
      0.218344
       0.21834
      0.218334
      0.218326
      0.218315
      0.218298
      0.218271
      0.218224
      0.218141
      0.217968
      0.217627
      0.216882
      0.215405
      0.213802
      0.211953
       0.20966
      0.207479
       0.20574
      0.204183
      0.203368
      0.203105
      0.204719
      0.207159
      0.209874
      0.212335
      0.214639
       0.21609
      0.216967
      0.217489
      0.217793
      0.217983
        0.2181
      0.218176
      0.218226
      0.218261
      0.218285
      0.218303
      0.218316
      0.218325
      0.218333
      0.218339
      0.218343
      0.218346
      0.218349
      0.218351
      0.218352
      0.218354
      0.218354
      0.218355
      0.218355
      0.218356
       0.21728
      0.217279
      0.217279
      0.217278
      0.217277
      0.217276
      0.217274
      0.217272
      0.217268
      0.217264
      0.217258
       0.21725
      0.217239
      0.217222
      0.217196
      0.217151
      0.217073
      0.216922
      0.216621
      0.215978
      0.214597
      0.213189
      0.211584
      0.209738
      0.207543
      0.205604
      0.203543
       0.20353
      0.203556
      0.205528
      0.207542
      0.209687
      0.211773
      0.213915
      0.215195
      0.215967
       0.21644
      0.216728
      0.216909
      0.217024
      0.217099
       0.21715
      0.217184
      0.217209
      0.217226
      0.217239
      0.217249
      0.217257
      0.217263
      0.217267
       0.21727
      0.217273
      0.217275
      0.217277
      0.217278
      0.217279
      0.217279
       0.21728
       0.21728
      0.218355
      0.218355
      0.218355
      0.218354
      0.218353
      0.218352
       0.21835
      0.218347
      0.218344
       0.21834
      0.218334
      0.218326
      0.218315
      0.218299
      0.218275
      0.218235
      0.218168
      0.218044
      0.217816
      0.217323
      0.216329
      0.215032
      0.213607
      0.212115
       0.21052
      0.208852
      0.207291
      0.207093
      0.207236
      0.208491
      0.210086
       0.21195
      0.213811
       0.21548
      0.216526
      0.217168
      0.217578
      0.217835
      0.218002
      0.218108
       0.21818
      0.218228
      0.218262
      0.218285
      0.218303
      0.218316
      0.218326
      0.218333
      0.218339
      0.218343
      0.218346
      0.218349
      0.218351
      0.218352
      0.218354
      0.218354
      0.218355
      0.218355
      0.218356
      0.221581
      0.221581
      0.221581
       0.22158
      0.221579
      0.221578
      0.221576
      0.221573
       0.22157
      0.221566
       0.22156
      0.221553
      0.221542
      0.221527
      0.221505
       0.22147
      0.221413
      0.221315
      0.221142
      0.220821
      0.220255
       0.21937
      0.217939
      0.216777
      0.215756
      0.213989
      0.212804
      0.212372
      0.212571
      0.213424
        0.2147
       0.21621
      0.218003
      0.219224
      0.220026
      0.220545
      0.220884
      0.221105
      0.221251
      0.221348
      0.221414
      0.221459
       0.22149
      0.221513
       0.22153
      0.221542
      0.221552
      0.221559
      0.221565
      0.221569
      0.221572
      0.221575
      0.221577
      0.221578
      0.221579
       0.22158
      0.221581
      0.221581
      0.221581
      0.226953
      0.226953
      0.226953
      0.226952
      0.226951
       0.22695
      0.226948
      0.226946
      0.226943
      0.226938
      0.226933
      0.226926
      0.226916
      0.226902
      0.226883
      0.226853
      0.226806
       0.22673
      0.226605
      0.226394
      0.226052
      0.225478
      0.224596
      0.223728
      0.222452
      0.220819
      0.219732
      0.219138
      0.219528
      0.220337
      0.221499
      0.222813
       0.22415
      0.225086
      0.225689
      0.226081
      0.226351
      0.226532
      0.226656
      0.226739
      0.226798
      0.226838
      0.226868
      0.226888
      0.226904
      0.226916
      0.226925
      0.226932
      0.226937
      0.226941
      0.226944
      0.226947
      0.226949
       0.22695
      0.226951
      0.226952
      0.226953
      0.226953
      0.226953
      0.234464
      0.234464
      0.234463
      0.234463
      0.234462
      0.234461
      0.234459
      0.234457
      0.234454
       0.23445
      0.234445
      0.234438
       0.23443
      0.234417
        0.2344
      0.234374
      0.234337
      0.234278
      0.234188
      0.234045
       0.23382
      0.233467
      0.232943
      0.232233
      0.231162
      0.229591
       0.22874
      0.228168
       0.22864
      0.229313
      0.230407
      0.231655
      0.232478
      0.233055
      0.233464
      0.233753
      0.233957
      0.234101
      0.234202
      0.234272
      0.234322
      0.234358
      0.234384
      0.234404
      0.234418
      0.234429
      0.234437
      0.234444
      0.234449
      0.234452
      0.234456
      0.234458
       0.23446
      0.234461
      0.234462
      0.234463
      0.234464
      0.234464
      0.234464
      0.244104
      0.244104
      0.244104
      0.244103
      0.244103
      0.244101
        0.2441
      0.244097
      0.244095
      0.244091
      0.244087
      0.244081
      0.244073
      0.244061
      0.244047
      0.244025
      0.243995
      0.243951
      0.243886
      0.243786
      0.243639
      0.243415
      0.243091
      0.242525
      0.241586
      0.240381
      0.239949
      0.239683
      0.239944
      0.240333
       0.24127
       0.24217
      0.242717
      0.243068
      0.243336
      0.243539
      0.243689
      0.243799
      0.243879
      0.243936
      0.243978
      0.244009
      0.244032
      0.244049
      0.244062
      0.244072
      0.244079
      0.244085
       0.24409
      0.244093
      0.244097
      0.244099
      0.244101
      0.244102
      0.244103
      0.244103
      0.244104
      0.244104
      0.244105
       0.25586
       0.25586
       0.25586
      0.255859
      0.255859
      0.255857
      0.255856
      0.255854
      0.255852
      0.255848
      0.255844
      0.255839
      0.255831
      0.255822
      0.255809
      0.255791
      0.255767
      0.255733
      0.255685
      0.255616
      0.255517
       0.25537
      0.255152
      0.254802
      0.254245
      0.253363
      0.253446
        0.2534
      0.253449
      0.253333
      0.254098
      0.254571
      0.254883
      0.255106
      0.255281
      0.255419
      0.255527
      0.255608
      0.255669
      0.255715
       0.25575
      0.255775
      0.255795
       0.25581
      0.255821
       0.25583
      0.255837
      0.255843
      0.255847
       0.25585
      0.255853
      0.255855
      0.255857
      0.255858
      0.255859
       0.25586
       0.25586
       0.25586
       0.25586
      0.269716
      0.269715
      0.269715
      0.269715
      0.269714
      0.269713
      0.269712
       0.26971
      0.269708
      0.269704
      0.269701
      0.269696
       0.26969
      0.269681
      0.269671
      0.269656
      0.269637
      0.269611
      0.269576
      0.269527
       0.26946
      0.269365
       0.26923
      0.269029
      0.268731
      0.268456
      0.268357
      0.268335
      0.268344
      0.268409
      0.268631
      0.268865
      0.269037
      0.269171
      0.269283
      0.269376
      0.269451
       0.26951
      0.269557
      0.269592
       0.26962
      0.269641
      0.269658
       0.26967
      0.269681
      0.269688
      0.269695
      0.269699
      0.269703
      0.269706
      0.269709
      0.269711
      0.269712
      0.269713
      0.269714
      0.269715
      0.269716
      0.269716
      0.269716
      0.285649
      0.285649
      0.285648
      0.285648
      0.285647
      0.285646
      0.285645
      0.285643
      0.285641
      0.285639
      0.285635
      0.285631
      0.285626
      0.285618
      0.285609
      0.285598
      0.285582
      0.285562
      0.285536
      0.285501
      0.285456
      0.285395
      0.285315
      0.285208
      0.285076
      0.284954
      0.284885
      0.284855
       0.28486
      0.284899
      0.284986
      0.285085
      0.285175
      0.285255
      0.285326
      0.285388
       0.28544
      0.285483
      0.285518
      0.285545
      0.285567
      0.285584
      0.285598
      0.285609
      0.285617
      0.285624
       0.28563
      0.285634
      0.285637
       0.28564
      0.285642
      0.285644
      0.285646
      0.285647
      0.285648
      0.285648
      0.285649
      0.285649
      0.285649
      0.303635
      0.303635
      0.303635
      0.303634
      0.303634
      0.303632
      0.303632
       0.30363
      0.303628
      0.303626
      0.303623
      0.303619
      0.303614
      0.303608
      0.303601
      0.303591
      0.303579
      0.303563
      0.303544
      0.303519
      0.303488
      0.303449
      0.303401
      0.303343
      0.303282
      0.303219
      0.303183
      0.303155
      0.303158
       0.30317
       0.30321
      0.303253
      0.303301
      0.303349
      0.303394
      0.303435
      0.303471
      0.303502
      0.303528
      0.303549
      0.303566
       0.30358
      0.303591
        0.3036
      0.303607
      0.303613
      0.303618
      0.303621
      0.303625
      0.303627
      0.303629
       0.30363
      0.303632
      0.303633
      0.303634
      0.303634
      0.303635
      0.303635
      0.303635
      0.323643
      0.323643
      0.323642
      0.323642
      0.323641
      0.323641
       0.32364
      0.323638
      0.323637
      0.323635
      0.323632
      0.323629
      0.323625
       0.32362
      0.323614
      0.323606
      0.323596
      0.323584
      0.323569
      0.323551
       0.32353
      0.323504
      0.323474
       0.32344
      0.323405
      0.323372
      0.323348
      0.323332
      0.323329
      0.323335
      0.323352
      0.323375
      0.323403
      0.323432
      0.323462
      0.323489
      0.323514
      0.323536
      0.323556
      0.323571
      0.323585
      0.323596
      0.323605
      0.323612
      0.323619
      0.323623
      0.323628
      0.323631
      0.323634
      0.323636
      0.323637
      0.323639
       0.32364
      0.323641
      0.323642
      0.323642
      0.323643
      0.323643
      0.323643
      0.345638
      0.345637
      0.345637
      0.345637
      0.345637
      0.345635
      0.345635
      0.345633
      0.345632
       0.34563
      0.345628
      0.345625
      0.345622
      0.345618
      0.345613
      0.345606
      0.345599
      0.345589
      0.345579
      0.345565
       0.34555
      0.345532
      0.345513
      0.345492
      0.345471
      0.345451
      0.345437
      0.345425
      0.345423
      0.345424
      0.345434
      0.345446
      0.345463
      0.345481
      0.345501
      0.345519
      0.345537
      0.345553
      0.345567
      0.345579
       0.34559
      0.345598
      0.345606
      0.345611
      0.345617
       0.34562
      0.345624
      0.345627
       0.34563
      0.345631
      0.345633
      0.345634
      0.345635
      0.345636
      0.345637
      0.345637
      0.345637
      0.345637
      0.345638
      0.369577
      0.369576
      0.369576
      0.369576
      0.369576
      0.369575
      0.369574
      0.369573
      0.369572
       0.36957
      0.369569
      0.369566
      0.369563
       0.36956
      0.369556
       0.36955
      0.369545
      0.369537
      0.369529
      0.369519
      0.369508
      0.369496
      0.369483
      0.369469
      0.369455
      0.369443
      0.369433
      0.369426
      0.369423
      0.369424
      0.369429
      0.369437
      0.369447
      0.369459
      0.369472
      0.369485
      0.369498
      0.369509
       0.36952
      0.369529
      0.369537
      0.369544
       0.36955
      0.369554
      0.369559
      0.369562
      0.369565
      0.369567
       0.36957
      0.369571
      0.369573
      0.369574
      0.369575
      0.369575
      0.369576
      0.369576
      0.369577
      0.369577
      0.369577
      0.395413
      0.395413
      0.395413
      0.395413
      0.395413
      0.395412
      0.395411
       0.39541
      0.395409
      0.395408
      0.395406
      0.395404
      0.395402
      0.395399
      0.395396
      0.395391
      0.395387
      0.395381
      0.395375
      0.395367
       0.39536
       0.39535
      0.395342
      0.395332
      0.395323
      0.395315
      0.395309
      0.395303
      0.395302
      0.395301
      0.395305
      0.395309
      0.395317
      0.395324
      0.395334
      0.395342
      0.395351
      0.395359
      0.395367
      0.395374
      0.395381
      0.395386
      0.395391
      0.395394
      0.395398
      0.395401
      0.395403
      0.395405
      0.395407
      0.395408
       0.39541
       0.39541
      0.395412
      0.395412
      0.395413
      0.395413
      0.395413
      0.395413
      0.395414
      0.423092
      0.423091
      0.423092
      0.423091
      0.423091
       0.42309
       0.42309
      0.423089
      0.423088
      0.423087
      0.423086
      0.423084
      0.423082
      0.423079
      0.423077
      0.423073
       0.42307
      0.423065
      0.423061
      0.423055
      0.423049
      0.423043
      0.423036
       0.42303
      0.423023
      0.423018
      0.423013
       0.42301
      0.423009
      0.423009
      0.423011
      0.423014
      0.423018
      0.423024
       0.42303
      0.423036
      0.423043
      0.423049
      0.423055
       0.42306
      0.423065
      0.423069
      0.423073
      0.423076
      0.423079
      0.423081
      0.423083
      0.423085
      0.423086
      0.423087
      0.423088
      0.423089
       0.42309
       0.42309
      0.423091
      0.423091
      0.423092
      0.423092
      0.423092
      0.452551
      0.452551
      0.452551
      0.452551
      0.452551
       0.45255
       0.45255
      0.452549
      0.452548
      0.452547
      0.452546
      0.452544
      0.452543
      0.452541
      0.452539
      0.452536
      0.452534
       0.45253
      0.452526
      0.452522
      0.452518
      0.452513
      0.452508
      0.452503
      0.452499
      0.452495
      0.452492
       0.45249
      0.452489
      0.452489
       0.45249
      0.452492
      0.452496
      0.452499
      0.452504
      0.452508
      0.452513
      0.452517
      0.452522
      0.452525
      0.452529
      0.452532
      0.452536
      0.452538
       0.45254
      0.452542
      0.452544
      0.452545
      0.452547
      0.452547
      0.452549
      0.452549
       0.45255
       0.45255
      0.452551
      0.452551
      0.452551
      0.452551
      0.452552
      0.483722
      0.483722
      0.483722
      0.483722
      0.483721
      0.483721
      0.483721
       0.48372
      0.483719
      0.483718
      0.483718
      0.483716
      0.483715
      0.483713
      0.483712
      0.483709
      0.483707
      0.483705
      0.483702
      0.483699
      0.483695
      0.483692
      0.483688
      0.483685
      0.483682
      0.483679
      0.483677
      0.483675
      0.483675
      0.483674
      0.483675
      0.483677
      0.483679
      0.483681
      0.483685
      0.483688
      0.483691
      0.483695
      0.483698
      0.483701
      0.483704
      0.483706
      0.483709
      0.483711
      0.483713
      0.483714
      0.483716
      0.483717
      0.483718
      0.483719
       0.48372
       0.48372
      0.483721
      0.483721
      0.483721
      0.483722
      0.483722
      0.483722
      0.483722
      0.516529
      0.516528
      0.516528
      0.516528
      0.516528
      0.516527
      0.516527
      0.516526
      0.516526
      0.516525
      0.516525
      0.516523
      0.516523
      0.516521
       0.51652
      0.516518
      0.516517
      0.516514
      0.516512
       0.51651
      0.516507
      0.516504
      0.516502
      0.516499
      0.516498
      0.516495
      0.516494
      0.516492
      0.516492
      0.516492
      0.516493
      0.516493
      0.516495
      0.516497
      0.516499
      0.516501
      0.516504
      0.516506
      0.516509
      0.516511
      0.516514
      0.516515
      0.516518
      0.516519
      0.516521
      0.516522
      0.516523
      0.516524
      0.516525
      0.516525
      0.516527
      0.516527
      0.516528
      0.516527
      0.516528
      0.516528
      0.516529
      0.516528
      0.516529
      0.550885
      0.550885
      0.550885
      0.550885
      0.550885
      0.550884
      0.550884
      0.550884
      0.550883
      0.550883
      0.550882
      0.550881
       0.55088
      0.550879
      0.550878
      0.550877
      0.550876
      0.550874
      0.550872
       0.55087
      0.550869
      0.550866
      0.550865
      0.550863
      0.550861
       0.55086
      0.550859
      0.550858
      0.550857
      0.550857
      0.550858
      0.550858
      0.550859
      0.550861
      0.550862
      0.550864
      0.550866
      0.550868
       0.55087
      0.550871
      0.550873
      0.550875
      0.550876
      0.550877
      0.550879
       0.55088
      0.550881
      0.550881
      0.550882
      0.550883
      0.550884
      0.550884
      0.550884
      0.550884
      0.550885
      0.550885
      0.550885
      0.550885
      0.550885
      0.586702
      0.586702
      0.586702
      0.586701
      0.586702
      0.586701
      0.586701
        0.5867
      0.586701
        0.5867
      0.586699
      0.586698
      0.586698
      0.586697
      0.586696
      0.586695
      0.586694
      0.586692
      0.586692
       0.58669
      0.586689
      0.586687
      0.586686
      0.586684
      0.586683
      0.586682
      0.586681
       0.58668
       0.58668
       0.58668
      0.586681
      0.586681
      0.586682
      0.586683
      0.586684
      0.586685
      0.586687
      0.586688
       0.58669
      0.586691
      0.586692
      0.586693
      0.586695
      0.586695
      0.586697
      0.586697
      0.586698
      0.586699
        0.5867
        0.5867
      0.586701
      0.586701
      0.586701
      0.586701
      0.586702
      0.586701
      0.586702
      0.586702
      0.586702
      0.623878
      0.623878
      0.623878
      0.623878
      0.623878
      0.623877
      0.623877
      0.623877
      0.623877
      0.623876
      0.623876
      0.623875
      0.623875
      0.623874
      0.623873
      0.623872
      0.623871
       0.62387
       0.62387
      0.623868
      0.623867
      0.623866
      0.623865
      0.623864
      0.623863
      0.623862
      0.623862
      0.623861
      0.623861
      0.623861
      0.623861
      0.623861
      0.623862
      0.623863
      0.623864
      0.623865
      0.623866
      0.623867
      0.623868
      0.623869
       0.62387
      0.623871
      0.623872
      0.623873
      0.623873
      0.623874
      0.623875
      0.623875
      0.623876
      0.623876
      0.623877
      0.623877
      0.623877
      0.623877
      0.623878
      0.623878
      0.623878
      0.623878
      0.623878
      0.662308
      0.662307
      0.662308
      0.662307
      0.662308
      0.662307
      0.662307
      0.662307
      0.662307
      0.662306
      0.662306
      0.662305
      0.662305
      0.662304
      0.662304
      0.662303
      0.662303
      0.662301
      0.662301
        0.6623
      0.662299
      0.662298
      0.662298
      0.662297
      0.662296
      0.662295
      0.662295
      0.662295
      0.662295
      0.662294
      0.662295
      0.662295
      0.662296
      0.662296
      0.662297
      0.662297
      0.662298
      0.662299
        0.6623
        0.6623
      0.662301
      0.662302
      0.662303
      0.662303
      0.662304
      0.662304
      0.662305
      0.662305
      0.662306
      0.662306
      0.662307
      0.662307
      0.662307
      0.662307
      0.662308
      0.662307
      0.662308
      0.662307
      0.662308
      0.701876
      0.701876
      0.701876
      0.701876
      0.701876
      0.701876
      0.701876
      0.701876
      0.701876
      0.701875
      0.701875
      0.701875
      0.701874
      0.701874
      0.701873
      0.701873
      0.701872
      0.701872
      0.701871
       0.70187
       0.70187
      0.701869
      0.701869
      0.701868
      0.701868
      0.701867
      0.701867
      0.701866
      0.701866
      0.701866
      0.701866
      0.701867
      0.701867
      0.701867
      0.701868
      0.701868
      0.701869
      0.701869
       0.70187
      0.701871
      0.701871
      0.701872
      0.701873
      0.701873
      0.701874
      0.701874
      0.701874
      0.701875
      0.701875
      0.701875
      0.701876
      0.701876
      0.701876
      0.701876
      0.701876
      0.701876
      0.701876
      0.701876
      0.701876
      0.742465
      0.742465
      0.742465
      0.742465
      0.742465
      0.742465
      0.742465
      0.742464
      0.742465
      0.742464
      0.742464
      0.742463
      0.742463
      0.742463
      0.742463
      0.742462
      0.742462
      0.742461
      0.742461
       0.74246
       0.74246
      0.742459
      0.742459
      0.742458
      0.742458
      0.742458
      0.742458
      0.742457
      0.742457
      0.742457
      0.742457
      0.742457
      0.742458
      0.742458
      0.742458
      0.742459
      0.742459
      0.742459
       0.74246
       0.74246
      0.742461
      0.742461
      0.742462
      0.742462
      0.742463
      0.742463
      0.742464
      0.742464
      0.742464
      0.742464
      0.742465
      0.742464
      0.742465
      0.742465
      0.742465
      0.742465
      0.742465
      0.742465
      0.742465
      0.783946
      0.783946
      0.783946
      0.783946
      0.783946
      0.783946
      0.783946
      0.783946
      0.783946
      0.783946
      0.783945
      0.783945
      0.783945
      0.783945
      0.783945
      0.783944
      0.783944
      0.783943
      0.783943
      0.783943
      0.783942
      0.783942
      0.783942
      0.783941
      0.783941
      0.783941
      0.783941
       0.78394
       0.78394
       0.78394
      0.783941
      0.783941
      0.783941
      0.783941
      0.783941
      0.783941
      0.783942
      0.783942
      0.783943
      0.783943
      0.783943
      0.783944
      0.783944
      0.783944
      0.783945
      0.783945
      0.783945
      0.783945
      0.783946
      0.783946
      0.783946
      0.783946
      0.783946
      0.783946
      0.783946
      0.783946
      0.783946
      0.783946
      0.783946
       0.82619
      0.826189
       0.82619
      0.826189
       0.82619
      0.826189
      0.826189
      0.826189
      0.826189
      0.826189
      0.826189
      0.826189
      0.826189
      0.826188
      0.826188
      0.826188
      0.826188
      0.826187
      0.826187
      0.826187
      0.826187
      0.826186
      0.826186
      0.826186
      0.826186
      0.826185
      0.826185
      0.826185
      0.826185
      0.826185
      0.826185
      0.826185
      0.826185
      0.826185
      0.826186
      0.826186
      0.826186
      0.826186
      0.826187
      0.826187
      0.826187
      0.826187
      0.826188
      0.826188
      0.826188
      0.826188
      0.826189
      0.826189
      0.826189
      0.826189
      0.826189
      0.826189
      0.826189
      0.826189
       0.82619
      0.826189
       0.82619
      0.826189
       0.82619
      0.869058
      0.869058
      0.869058
      0.869058
      0.869058
      0.869058
      0.869058
      0.869057
      0.869057
      0.869057
      0.869057
      0.869057
      0.869057
      0.869057
      0.869057
      0.869056
      0.869056
      0.869056
      0.869056
      0.869056
      0.869056
      0.869055
      0.869055
      0.869055
      0.869055
      0.869055
      0.869055
      0.869055
      0.869055
      0.869055
      0.869055
      0.869055
      0.869055
      0.869055
      0.869055
      0.869055
      0.869055
      0.869055
      0.869056
      0.869056
      0.869056
      0.869056
      0.869056
      0.869056
      0.869057
      0.869057
      0.869057
      0.869057
      0.869057
      0.869057
      0.869057
      0.869057
      0.869058
      0.869058
      0.869058
      0.869058
      0.869058
      0.869058
      0.869058
      0.912411
      0.912411
      0.912411
      0.912411
      0.912411
      0.912411
      0.912411
      0.912411
      0.912411
      0.912411
      0.912411
      0.912411
      0.912411
      0.912411
      0.912411
       0.91241
       0.91241
       0.91241
       0.91241
       0.91241
       0.91241
       0.91241
       0.91241
      0.912409
       0.91241
      0.912409
      0.912409
      0.912409
      0.912409
      0.912409
      0.912409
      0.912409
      0.912409
      0.912409
       0.91241
       0.91241
       0.91241
       0.91241
       0.91241
       0.91241
       0.91241
       0.91241
       0.91241
       0.91241
      0.912411
      0.912411
      0.912411
      0.912411
      0.912411
      0.912411
      0.912411
      0.912411
      0.912411
      0.912411
      0.912411
      0.912411
      0.912411
      0.912411
      0.912411
      0.956107
      0.956107
      0.956107
      0.956107
      0.956107
      0.956107
      0.956107
      0.956107
      0.956107
      0.956107
      0.956107
      0.956107
      0.956107
      0.956107
      0.956107
      0.956107
      0.956106
      0.956106
      0.956106
      0.956106
      0.956106
      0.956106
      0.956106
      0.956106
      0.956106
      0.956106
      0.956106
      0.956106
      0.956106
      0.956106
      0.956106
      0.956106
      0.956106
      0.956106
      0.956106
      0.956106
      0.956106
      0.956106
      0.956106
      0.956106
      0.956106
      0.956106
      0.956106
      0.956107
      0.956107
      0.956107
      0.956107
      0.956107
      0.956107
      0.956107
      0.956107
      0.956107
      0.956107
      0.956107
      0.956107
      0.956107
      0.956107
      0.956107
      0.956107
             1
             1
             1
             1
             1
             1
             1
             1
             1
             1
             1
             1
             1
             1
             1
             1
             1
             1
             1
             1
             1
             1
             1
             1
             1
             1
             1
             1
             1
             1
             1
             1
             1
             1
             1
             1
             1
             1
             1
             1
             1
             1
             1
             1
             1
             1
             1
             1
             1
             1
             1
             1
             1
             1
             1
             1
             1
             1
             1
