             1
             1
             1
             1
             1
             1
             1
             1
             1
             1
             1
             1
             1
             1
             1
             1
             1
             1
             1
             1
             1
             1
             1
             1
             1
             1
             1
             1
             1
             1
             1
             1
             1
             1
             1
             1
             1
             1
             1
             1
             1
             1
             1
             1
             1
             1
             1
             1
             1
             1
             1
             1
             1
             1
             1
             1
             1
             1
             1
      0.956721
      0.956721
      0.956721
      0.956721
      0.956721
      0.956721
      0.956721
      0.956721
      0.956721
      0.956721
      0.956721
      0.956721
       0.95672
       0.95672
       0.95672
       0.95672
       0.95672
       0.95672
       0.95672
       0.95672
       0.95672
       0.95672
       0.95672
       0.95672
       0.95672
       0.95672
       0.95672
       0.95672
       0.95672
       0.95672
       0.95672
       0.95672
       0.95672
       0.95672
       0.95672
       0.95672
       0.95672
       0.95672
       0.95672
       0.95672
       0.95672
       0.95672
       0.95672
       0.95672
       0.95672
       0.95672
       0.95672
      0.956721
      0.956721
      0.956721
      0.956721
      0.956721
      0.956721
      0.956721
      0.956721
      0.956721
      0.956721
      0.956721
      0.956721
      0.913635
      0.913635
      0.913635
      0.913635
      0.913635
      0.913635
      0.913635
      0.913635
      0.913635
      0.913634
      0.913635
      0.913634
      0.913634
      0.913634
      0.913634
      0.913634
      0.913634
      0.913634
      0.913634
      0.913633
      0.913633
      0.913633
      0.913633
      0.913633
      0.913633
      0.913633
      0.913633
      0.913632
      0.913633
      0.913632
      0.913633
      0.913632
      0.913633
      0.913633
      0.913633
      0.913633
      0.913633
      0.913633
      0.913633
      0.913633
      0.913634
      0.913634
      0.913634
      0.913634
      0.913634
      0.913634
      0.913634
      0.913634
      0.913635
      0.913635
      0.913635
      0.913635
      0.913635
      0.913635
      0.913635
      0.913635
      0.913635
      0.913635
      0.913635
      0.870883
      0.870883
      0.870883
      0.870883
      0.870883
      0.870883
      0.870883
      0.870883
      0.870883
      0.870883
      0.870882
      0.870882
      0.870882
      0.870882
      0.870882
      0.870882
      0.870881
      0.870881
      0.870881
      0.870881
      0.870881
       0.87088
       0.87088
       0.87088
       0.87088
       0.87088
      0.870879
      0.870879
      0.870879
      0.870879
      0.870879
      0.870879
       0.87088
       0.87088
       0.87088
       0.87088
       0.87088
       0.87088
      0.870881
      0.870881
      0.870881
      0.870881
      0.870882
      0.870882
      0.870882
      0.870882
      0.870882
      0.870882
      0.870882
      0.870883
      0.870883
      0.870883
      0.870883
      0.870883
      0.870883
      0.870883
      0.870883
      0.870883
      0.870883
      0.828605
      0.828605
      0.828605
      0.828605
      0.828605
      0.828604
      0.828605
      0.828604
      0.828604
      0.828604
      0.828604
      0.828604
      0.828604
      0.828603
      0.828603
      0.828603
      0.828603
      0.828602
      0.828602
      0.828601
      0.828601
      0.828601
      0.828601
        0.8286
        0.8286
        0.8286
        0.8286
      0.828599
        0.8286
      0.828599
        0.8286
      0.828599
        0.8286
        0.8286
        0.8286
        0.8286
      0.828601
      0.828601
      0.828601
      0.828602
      0.828602
      0.828602
      0.828603
      0.828603
      0.828603
      0.828603
      0.828604
      0.828604
      0.828604
      0.828604
      0.828604
      0.828604
      0.828605
      0.828604
      0.828605
      0.828605
      0.828605
      0.828605
      0.828605
      0.786936
      0.786936
      0.786936
      0.786936
      0.786936
      0.786936
      0.786936
      0.786935
      0.786935
      0.786935
      0.786935
      0.786935
      0.786934
      0.786934
      0.786934
      0.786933
      0.786933
      0.786932
      0.786932
      0.786932
      0.786931
      0.786931
       0.78693
       0.78693
       0.78693
      0.786929
      0.786929
      0.786929
      0.786929
      0.786929
      0.786929
      0.786929
      0.786929
      0.786929
       0.78693
       0.78693
      0.786931
      0.786931
      0.786931
      0.786932
      0.786932
      0.786933
      0.786933
      0.786933
      0.786934
      0.786934
      0.786934
      0.786935
      0.786935
      0.786935
      0.786935
      0.786935
      0.786936
      0.786936
      0.786936
      0.786936
      0.786936
      0.786936
      0.786936
       0.74601
       0.74601
       0.74601
       0.74601
       0.74601
       0.74601
       0.74601
      0.746009
      0.746009
      0.746009
      0.746009
      0.746008
      0.746008
      0.746007
      0.746007
      0.746007
      0.746006
      0.746005
      0.746005
      0.746004
      0.746004
      0.746003
      0.746003
      0.746002
      0.746002
      0.746001
      0.746001
         0.746
         0.746
         0.746
      0.746001
         0.746
      0.746001
      0.746001
      0.746002
      0.746002
      0.746003
      0.746003
      0.746004
      0.746005
      0.746005
      0.746006
      0.746007
      0.746007
      0.746007
      0.746008
      0.746008
      0.746008
      0.746009
      0.746009
      0.746009
      0.746009
       0.74601
       0.74601
       0.74601
       0.74601
       0.74601
       0.74601
       0.74601
      0.705955
      0.705955
      0.705955
      0.705955
      0.705955
      0.705955
      0.705955
      0.705954
      0.705954
      0.705954
      0.705953
      0.705953
      0.705952
      0.705952
      0.705951
      0.705951
       0.70595
      0.705949
      0.705948
      0.705947
      0.705947
      0.705946
      0.705945
      0.705944
      0.705944
      0.705943
      0.705942
      0.705942
      0.705942
      0.705942
      0.705942
      0.705942
      0.705943
      0.705943
      0.705944
      0.705945
      0.705946
      0.705946
      0.705947
      0.705948
      0.705949
       0.70595
       0.70595
      0.705951
      0.705952
      0.705952
      0.705953
      0.705953
      0.705953
      0.705954
      0.705954
      0.705954
      0.705955
      0.705955
      0.705955
      0.705955
      0.705955
      0.705955
      0.705955
      0.666895
      0.666895
      0.666895
      0.666895
      0.666895
      0.666894
      0.666895
      0.666894
      0.666894
      0.666893
      0.666893
      0.666892
      0.666892
      0.666891
      0.666891
      0.666889
      0.666889
      0.666888
      0.666887
      0.666885
      0.666884
      0.666883
      0.666882
       0.66688
       0.66688
      0.666879
      0.666878
      0.666877
      0.666878
      0.666877
      0.666878
      0.666878
      0.666879
       0.66688
      0.666881
      0.666882
      0.666883
      0.666884
      0.666885
      0.666886
      0.666888
      0.666888
      0.666889
       0.66689
      0.666891
      0.666891
      0.666892
      0.666892
      0.666893
      0.666893
      0.666894
      0.666894
      0.666895
      0.666895
      0.666895
      0.666895
      0.666895
      0.666895
      0.666895
      0.628948
      0.628947
      0.628947
      0.628947
      0.628947
      0.628947
      0.628947
      0.628946
      0.628946
      0.628945
      0.628945
      0.628944
      0.628944
      0.628943
      0.628942
       0.62894
      0.628939
      0.628938
      0.628937
      0.628935
      0.628933
      0.628931
       0.62893
      0.628928
      0.628926
      0.628925
      0.628924
      0.628923
      0.628923
      0.628923
      0.628924
      0.628924
      0.628926
      0.628927
      0.628929
       0.62893
      0.628932
      0.628933
      0.628935
      0.628936
      0.628938
      0.628939
       0.62894
      0.628941
      0.628942
      0.628943
      0.628944
      0.628944
      0.628945
      0.628945
      0.628946
      0.628946
      0.628947
      0.628947
      0.628947
      0.628947
      0.628947
      0.628947
      0.628948
      0.592225
      0.592225
      0.592225
      0.592224
      0.592225
      0.592224
      0.592224
      0.592223
      0.592223
      0.592222
      0.592222
      0.592221
       0.59222
      0.592219
      0.592218
      0.592216
      0.592215
      0.592212
      0.592211
      0.592208
      0.592206
      0.592203
      0.592201
      0.592197
      0.592195
      0.592192
      0.592191
       0.59219
       0.59219
       0.59219
      0.592192
      0.592193
      0.592195
      0.592197
        0.5922
      0.592202
      0.592205
      0.592206
      0.592209
       0.59221
      0.592213
      0.592214
      0.592216
      0.592217
      0.592219
      0.592219
      0.592221
      0.592221
      0.592222
      0.592222
      0.592223
      0.592223
      0.592224
      0.592224
      0.592225
      0.592224
      0.592225
      0.592225
      0.592225
      0.556832
      0.556831
      0.556831
      0.556831
      0.556831
      0.556831
       0.55683
       0.55683
      0.556829
      0.556828
      0.556828
      0.556827
      0.556826
      0.556824
      0.556822
       0.55682
      0.556818
      0.556816
      0.556813
      0.556809
      0.556805
      0.556801
      0.556796
      0.556791
      0.556787
      0.556783
       0.55678
      0.556779
      0.556779
       0.55678
      0.556783
      0.556786
       0.55679
      0.556793
      0.556797
      0.556801
      0.556804
      0.556808
      0.556811
      0.556813
      0.556816
      0.556818
       0.55682
      0.556822
      0.556824
      0.556825
      0.556826
      0.556827
      0.556828
      0.556829
      0.556829
       0.55683
       0.55683
      0.556831
      0.556831
      0.556831
      0.556831
      0.556831
      0.556832
      0.522867
      0.522867
      0.522867
      0.522866
      0.522867
      0.522866
      0.522866
      0.522865
      0.522864
      0.522863
      0.522862
      0.522861
       0.52286
      0.522857
      0.522856
      0.522853
       0.52285
      0.522846
      0.522842
      0.522836
       0.52283
      0.522822
      0.522814
      0.522805
      0.522798
      0.522789
      0.522786
      0.522781
      0.522784
      0.522786
      0.522793
      0.522798
      0.522806
      0.522812
      0.522819
      0.522825
      0.522831
      0.522835
       0.52284
      0.522844
      0.522848
       0.52285
      0.522853
      0.522855
      0.522858
      0.522859
      0.522861
      0.522861
      0.522863
      0.522863
      0.522865
      0.522865
      0.522866
      0.522866
      0.522867
      0.522866
      0.522867
      0.522867
      0.522867
      0.490421
      0.490421
      0.490421
      0.490421
      0.490421
       0.49042
       0.49042
      0.490419
      0.490418
      0.490417
      0.490416
      0.490414
      0.490412
       0.49041
      0.490407
      0.490403
      0.490399
      0.490393
      0.490385
      0.490376
      0.490365
      0.490351
      0.490336
      0.490319
      0.490302
      0.490287
      0.490277
      0.490271
      0.490277
      0.490285
      0.490299
      0.490313
      0.490327
       0.49034
      0.490352
      0.490362
      0.490372
      0.490379
      0.490386
      0.490392
      0.490397
      0.490401
      0.490404
      0.490407
       0.49041
      0.490412
      0.490414
      0.490415
      0.490416
      0.490417
      0.490418
      0.490419
       0.49042
       0.49042
      0.490421
      0.490421
      0.490421
      0.490421
      0.490421
       0.45958
       0.45958
       0.45958
      0.459579
      0.459579
      0.459578
      0.459578
      0.459577
      0.459576
      0.459574
      0.459573
      0.459571
      0.459569
      0.459565
      0.459562
      0.459556
      0.459549
       0.45954
      0.459528
      0.459511
      0.459491
      0.459465
      0.459436
        0.4594
      0.459367
      0.459331
      0.459313
      0.459294
      0.459316
      0.459336
       0.45937
      0.459399
       0.45943
      0.459454
      0.459477
      0.459495
      0.459511
      0.459523
      0.459534
      0.459542
      0.459549
      0.459554
      0.459559
      0.459562
      0.459566
      0.459568
      0.459571
      0.459572
      0.459574
      0.459575
      0.459577
      0.459577
      0.459578
      0.459578
      0.459579
      0.459579
       0.45958
       0.45958
       0.45958
      0.430418
      0.430418
      0.430418
      0.430418
      0.430417
      0.430417
      0.430416
      0.430415
      0.430414
      0.430412
       0.43041
      0.430408
      0.430405
        0.4304
      0.430394
      0.430386
      0.430375
       0.43036
      0.430338
      0.430308
       0.43027
      0.430219
      0.430158
      0.430086
      0.430009
      0.429926
      0.429855
      0.429822
      0.429874
      0.429955
      0.430037
      0.430106
      0.430167
      0.430217
       0.43026
      0.430293
      0.430319
       0.43034
      0.430356
      0.430369
      0.430379
      0.430386
      0.430393
      0.430397
      0.430402
      0.430405
      0.430408
       0.43041
      0.430412
      0.430413
      0.430414
      0.430415
      0.430416
      0.430417
      0.430418
      0.430418
      0.430418
      0.430418
      0.430418
      0.403008
      0.403007
      0.403007
      0.403007
      0.403007
      0.403005
      0.403005
      0.403003
      0.403002
         0.403
      0.402998
      0.402995
      0.402991
      0.402984
      0.402976
      0.402963
      0.402945
      0.402918
       0.40288
      0.402823
      0.402751
      0.402649
       0.40253
      0.402378
       0.40222
      0.402019
       0.40181
      0.401689
      0.401865
      0.402107
      0.402311
      0.402451
      0.402579
      0.402676
      0.402756
      0.402816
      0.402863
      0.402897
      0.402924
      0.402942
      0.402957
      0.402967
      0.402976
      0.402982
      0.402988
      0.402991
      0.402995
      0.402997
         0.403
      0.403001
      0.403003
      0.403004
      0.403005
      0.403006
      0.403007
      0.403007
      0.403008
      0.403007
      0.403008
      0.377409
      0.377409
      0.377409
      0.377408
      0.377408
      0.377407
      0.377406
      0.377405
      0.377403
      0.377401
      0.377398
      0.377393
      0.377388
      0.377379
      0.377366
      0.377346
      0.377315
      0.377265
      0.377191
      0.377082
      0.376936
      0.376742
      0.376508
        0.3762
       0.37582
      0.375442
      0.374974
      0.374303
      0.375111
      0.375662
      0.376056
       0.37639
       0.37665
      0.376848
      0.376998
       0.37711
      0.377193
      0.377252
      0.377293
      0.377323
      0.377344
      0.377359
       0.37737
      0.377379
      0.377385
       0.37739
      0.377394
      0.377398
        0.3774
      0.377402
      0.377404
      0.377405
      0.377407
      0.377407
      0.377408
      0.377408
      0.377409
      0.377409
      0.377409
       0.35368
       0.35368
       0.35368
      0.353679
      0.353679
      0.353678
      0.353677
      0.353675
      0.353673
       0.35367
      0.353667
      0.353661
      0.353653
       0.35364
       0.35362
      0.353587
      0.353533
      0.353441
      0.353299
      0.353083
      0.352799
      0.352422
      0.352008
      0.351409
      0.350556
       0.34993
      0.349034
      0.348564
      0.349306
      0.350386
      0.351054
      0.351796
      0.352332
      0.352719
      0.353005
      0.353206
      0.353352
      0.353453
      0.353521
      0.353565
      0.353597
      0.353617
      0.353633
      0.353643
      0.353652
      0.353658
      0.353663
      0.353667
       0.35367
      0.353672
      0.353675
      0.353676
      0.353677
      0.353678
      0.353679
      0.353679
       0.35368
       0.35368
       0.35368
      0.331869
      0.331869
      0.331868
      0.331868
      0.331867
      0.331866
      0.331865
      0.331863
      0.331861
      0.331857
      0.331853
      0.331845
      0.331834
      0.331815
      0.331783
      0.331727
      0.331631
      0.331462
       0.33118
      0.330745
      0.330143
      0.329454
      0.328751
      0.327803
      0.326243
      0.325149
      0.324409
      0.324233
      0.324818
      0.325911
      0.327162
      0.328316
      0.329544
      0.330223
       0.33073
      0.331112
      0.331372
      0.331541
      0.331649
      0.331717
      0.331762
      0.331791
      0.331811
      0.331825
      0.331836
      0.331843
      0.331849
      0.331854
      0.331857
       0.33186
      0.331862
      0.331864
      0.331866
      0.331867
      0.331868
      0.331868
      0.331869
      0.331869
      0.331869
       0.31202
      0.312019
      0.312019
      0.312018
      0.312018
      0.312017
      0.312015
      0.312013
      0.312011
      0.312006
      0.312001
      0.311991
      0.311976
      0.311947
      0.311897
      0.311803
      0.311636
      0.311325
       0.31078
      0.309926
      0.308692
      0.307383
       0.30639
      0.305164
       0.30368
      0.302263
      0.301429
      0.301189
      0.301884
      0.303317
      0.305005
       0.30689
      0.308216
      0.309221
      0.310119
      0.310828
      0.311279
      0.311554
      0.311721
      0.311821
      0.311884
      0.311924
      0.311951
      0.311968
      0.311981
       0.31199
      0.311998
      0.312003
      0.312007
       0.31201
      0.312013
      0.312014
      0.312016
      0.312017
      0.312018
      0.312019
       0.31202
      0.312019
       0.31202
      0.294169
      0.294169
      0.294169
      0.294168
      0.294167
      0.294166
      0.294164
      0.294162
      0.294159
      0.294154
      0.294147
      0.294134
      0.294113
      0.294072
      0.293993
      0.293837
      0.293541
      0.293011
      0.292079
      0.290419
      0.288978
      0.287587
      0.286012
      0.284853
      0.283123
      0.281931
      0.280435
      0.280291
      0.280516
      0.282342
      0.284246
       0.28619
      0.288297
      0.289365
      0.291172
      0.292374
      0.293104
      0.293525
       0.29377
      0.293913
         0.294
      0.294053
      0.294087
      0.294109
      0.294125
      0.294136
      0.294144
       0.29415
      0.294155
      0.294159
      0.294161
      0.294164
      0.294165
      0.294167
      0.294168
      0.294168
      0.294169
      0.294169
      0.294169
      0.278351
       0.27835
       0.27835
      0.278349
      0.278349
      0.278347
      0.278345
      0.278342
      0.278339
      0.278333
      0.278324
      0.278308
      0.278281
      0.278222
      0.278109
      0.277858
      0.277358
      0.276487
      0.275049
      0.273305
      0.271444
      0.269722
      0.268184
      0.266331
      0.264637
      0.262984
      0.261435
      0.260125
      0.261011
      0.262833
      0.265249
      0.267483
      0.269756
      0.271669
      0.273879
      0.275787
      0.276899
      0.277492
      0.277836
      0.278029
      0.278144
      0.278211
      0.278254
      0.278281
        0.2783
      0.278313
      0.278323
      0.278329
      0.278335
      0.278339
      0.278342
      0.278344
      0.278347
      0.278348
      0.278349
       0.27835
       0.27835
       0.27835
      0.278351
       0.26459
       0.26459
       0.26459
      0.264589
      0.264588
      0.264586
      0.264584
      0.264581
      0.264577
       0.26457
       0.26456
       0.26454
      0.264504
      0.264428
      0.264268
      0.263921
      0.263191
      0.261677
      0.260141
      0.258428
      0.256281
      0.254866
      0.252872
      0.250254
      0.248236
      0.246755
       0.24506
      0.244314
      0.244267
      0.245716
      0.248488
      0.250417
       0.25347
       0.25606
      0.258629
      0.261165
      0.262637
      0.263478
      0.263944
      0.264197
      0.264343
      0.264427
      0.264479
      0.264512
      0.264534
      0.264549
      0.264559
      0.264567
      0.264573
      0.264577
      0.264581
      0.264584
      0.264586
      0.264587
      0.264588
      0.264589
       0.26459
       0.26459
       0.26459
      0.252911
      0.252911
      0.252911
       0.25291
      0.252909
      0.252907
      0.252905
      0.252902
      0.252897
       0.25289
      0.252878
      0.252855
      0.252813
      0.252719
      0.252529
      0.252097
      0.251225
      0.249853
      0.247876
      0.245965
      0.243891
      0.241827
      0.239063
      0.235928
      0.233748
      0.231321
      0.230121
      0.230086
       0.23027
       0.23148
      0.233444
      0.235392
      0.239264
      0.242418
      0.245707
      0.248407
      0.250304
      0.251521
      0.252143
       0.25245
      0.252627
      0.252726
      0.252787
      0.252824
      0.252849
      0.252866
      0.252878
      0.252886
      0.252893
      0.252898
      0.252902
      0.252904
      0.252907
      0.252908
      0.252909
       0.25291
      0.252911
      0.252911
      0.252911
      0.243332
      0.243331
      0.243331
       0.24333
      0.243329
      0.243327
      0.243325
      0.243321
      0.243316
      0.243308
      0.243295
      0.243269
       0.24322
      0.243115
      0.242892
      0.242401
      0.241404
      0.239532
      0.237659
      0.235621
      0.233291
      0.230763
      0.227663
      0.224871
      0.222597
      0.220388
      0.217567
      0.217544
      0.218345
      0.220561
      0.222094
      0.224807
      0.228923
       0.23202
      0.235421
       0.23816
      0.240123
      0.241678
      0.242428
      0.242805
      0.243011
      0.243126
      0.243195
      0.243237
      0.243264
      0.243283
      0.243296
      0.243305
      0.243312
      0.243317
      0.243321
      0.243324
      0.243327
      0.243328
       0.24333
      0.243331
      0.243331
      0.243332
      0.243332
      0.235867
      0.235866
      0.235866
      0.235865
      0.235864
      0.235862
       0.23586
      0.235856
      0.235851
      0.235842
      0.235828
      0.235801
       0.23575
      0.235638
      0.235412
      0.234867
       0.23372
      0.231822
      0.229803
      0.227405
       0.22438
      0.221453
      0.218572
      0.215661
      0.213524
      0.211563
      0.209235
      0.207915
      0.208898
      0.210964
        0.2137
      0.217006
      0.220738
      0.224412
      0.227573
      0.230205
       0.23235
      0.234028
      0.234886
      0.235295
      0.235522
      0.235646
      0.235721
      0.235766
      0.235795
      0.235815
      0.235829
      0.235839
      0.235846
      0.235852
      0.235856
      0.235859
      0.235861
      0.235863
      0.235865
      0.235865
      0.235866
      0.235867
      0.235867
      0.230526
      0.230526
      0.230526
      0.230525
      0.230524
      0.230522
      0.230519
      0.230516
       0.23051
      0.230501
      0.230486
      0.230458
      0.230405
      0.230293
      0.230061
      0.229551
      0.228512
      0.226536
      0.224352
      0.221353
      0.217698
      0.214764
      0.212443
      0.209643
      0.207307
      0.205118
       0.20416
      0.202872
      0.203206
      0.204748
      0.208324
      0.211486
      0.215055
      0.218833
      0.222062
      0.224752
      0.226758
      0.228569
       0.22947
      0.229922
      0.230163
      0.230295
      0.230373
      0.230421
      0.230452
      0.230473
      0.230488
      0.230498
      0.230506
      0.230511
      0.230515
      0.230519
      0.230521
      0.230523
      0.230525
      0.230525
      0.230526
      0.230527
      0.230527
       0.22732
      0.227319
      0.227319
      0.227318
      0.227317
      0.227315
      0.227312
      0.227308
      0.227303
      0.227294
      0.227279
      0.227252
      0.227201
      0.227095
      0.226886
       0.22639
      0.225346
      0.223507
      0.221346
      0.218464
      0.214555
      0.211382
      0.209049
      0.206981
      0.204676
       0.20267
      0.201457
       0.20131
      0.201741
      0.203766
      0.206068
      0.208424
      0.212189
      0.215294
       0.21873
      0.221253
      0.223501
      0.225299
      0.226241
      0.226706
      0.226955
      0.227085
      0.227165
      0.227212
      0.227244
      0.227265
       0.22728
       0.22729
      0.227298
      0.227304
      0.227308
      0.227312
      0.227314
      0.227316
      0.227318
      0.227319
      0.227319
       0.22732
       0.22732
       0.22625
       0.22625
      0.226249
      0.226248
      0.226247
      0.226245
      0.226243
      0.226239
      0.226233
      0.226225
       0.22621
      0.226184
      0.226135
      0.226038
      0.225844
      0.225434
      0.224609
      0.222955
      0.220814
      0.217993
      0.214123
      0.211177
      0.208675
      0.206638
      0.205046
      0.203008
      0.201401
       0.20141
      0.202704
      0.205185
      0.207208
      0.210132
      0.213185
       0.21601
      0.218626
      0.220746
      0.222567
      0.224019
      0.225146
      0.225642
      0.225889
      0.226019
      0.226096
      0.226143
      0.226174
      0.226195
       0.22621
      0.226221
      0.226229
      0.226234
      0.226239
      0.226242
      0.226245
      0.226246
      0.226248
      0.226249
       0.22625
       0.22625
       0.22625
       0.22732
      0.227319
      0.227319
      0.227318
      0.227317
      0.227315
      0.227312
      0.227309
      0.227303
      0.227295
      0.227282
      0.227258
      0.227215
       0.22713
      0.226968
      0.226629
      0.225964
      0.224748
      0.222688
      0.220179
      0.217229
      0.214625
      0.211531
      0.209305
      0.207869
      0.206509
      0.205031
      0.205712
      0.206635
      0.208292
      0.210441
      0.213233
      0.216022
      0.218624
       0.22092
      0.222583
      0.224177
      0.225308
      0.226252
      0.226749
      0.226987
        0.2271
      0.227171
      0.227215
      0.227246
      0.227266
       0.22728
      0.227291
      0.227298
      0.227304
      0.227308
      0.227312
      0.227314
      0.227316
      0.227318
      0.227319
      0.227319
       0.22732
       0.22732
      0.230526
      0.230526
      0.230526
      0.230525
      0.230524
      0.230522
      0.230519
      0.230516
      0.230511
      0.230503
      0.230491
      0.230469
      0.230432
       0.23036
      0.230225
      0.229955
      0.229418
      0.228247
      0.226743
      0.224682
      0.222321
      0.219539
      0.216696
      0.214743
      0.213372
      0.211545
      0.209797
      0.210516
       0.21214
      0.213796
      0.215359
      0.217972
      0.220653
      0.223502
        0.2256
      0.226887
      0.228296
      0.229151
       0.22971
      0.230034
      0.230217
      0.230321
      0.230386
      0.230427
      0.230455
      0.230474
      0.230488
      0.230498
      0.230506
      0.230511
      0.230516
      0.230519
      0.230521
      0.230523
      0.230525
      0.230525
      0.230526
      0.230527
      0.230527
      0.235867
      0.235866
      0.235866
      0.235865
      0.235864
      0.235862
       0.23586
      0.235856
      0.235852
      0.235844
      0.235834
      0.235815
      0.235785
      0.235727
      0.235624
       0.23542
      0.235041
      0.234349
      0.233137
      0.231488
      0.229464
      0.227261
      0.224689
      0.222752
      0.221268
      0.219522
      0.217349
      0.216529
      0.218556
      0.220647
      0.222357
       0.22428
      0.226971
      0.229526
      0.231768
      0.233241
      0.234216
      0.234826
      0.235217
      0.235449
      0.235592
       0.23568
      0.235737
      0.235773
      0.235799
      0.235817
       0.23583
      0.235839
      0.235847
      0.235852
      0.235856
      0.235859
      0.235862
      0.235863
      0.235865
      0.235865
      0.235866
      0.235867
      0.235867
      0.243332
      0.243331
      0.243331
       0.24333
      0.243329
      0.243327
      0.243325
      0.243322
      0.243318
      0.243311
      0.243302
      0.243286
      0.243261
      0.243216
      0.243138
      0.242996
      0.242743
      0.242305
      0.241571
      0.240399
      0.238464
      0.236636
      0.234426
      0.232386
      0.231372
      0.229406
      0.227523
      0.226924
        0.2279
      0.229014
      0.231383
      0.233065
      0.235622
      0.237899
      0.240056
      0.241303
      0.242056
      0.242515
      0.242801
      0.242979
      0.243093
      0.243165
      0.243213
      0.243246
      0.243269
      0.243285
      0.243297
      0.243306
      0.243312
      0.243317
      0.243321
      0.243324
      0.243327
      0.243328
       0.24333
      0.243331
      0.243331
      0.243332
      0.243332
      0.252911
      0.252911
      0.252911
       0.25291
      0.252909
      0.252907
      0.252905
      0.252902
      0.252898
      0.252892
      0.252885
      0.252872
      0.252852
      0.252818
      0.252762
      0.252663
      0.252499
      0.252218
      0.251765
      0.250936
      0.249509
      0.247805
      0.246012
      0.244339
      0.242945
      0.241496
      0.240446
      0.240091
      0.239845
      0.240621
      0.242428
      0.244358
      0.246523
      0.248837
      0.250373
      0.251345
      0.251929
      0.252268
      0.252483
      0.252618
      0.252707
      0.252765
      0.252806
      0.252833
      0.252854
      0.252868
      0.252879
      0.252887
      0.252893
      0.252898
      0.252902
      0.252904
      0.252907
      0.252908
      0.252909
       0.25291
      0.252911
      0.252911
      0.252912
       0.26459
       0.26459
       0.26459
      0.264589
      0.264588
      0.264586
      0.264584
      0.264582
      0.264578
      0.264573
      0.264566
      0.264556
       0.26454
      0.264515
      0.264475
      0.264408
      0.264299
      0.264118
      0.263815
      0.263271
      0.262308
      0.260676
      0.259386
      0.258124
      0.256671
      0.255837
      0.254987
      0.254388
       0.25375
      0.254243
      0.255818
       0.25702
      0.259133
      0.261386
      0.262666
      0.263399
      0.263829
      0.264085
      0.264245
      0.264348
      0.264417
      0.264464
      0.264497
      0.264521
      0.264538
      0.264551
      0.264561
      0.264568
      0.264573
      0.264578
      0.264581
      0.264584
      0.264586
      0.264587
      0.264588
      0.264589
       0.26459
       0.26459
       0.26459
      0.278351
       0.27835
       0.27835
      0.278349
      0.278349
      0.278347
      0.278345
      0.278343
       0.27834
      0.278335
       0.27833
      0.278321
      0.278309
       0.27829
      0.278262
      0.278216
      0.278146
       0.27803
      0.277842
      0.277455
      0.276703
      0.275454
      0.274534
      0.273537
       0.27244
      0.271627
      0.270901
      0.270327
      0.269876
      0.269958
      0.270863
      0.271626
      0.273752
      0.275843
      0.276927
      0.277461
      0.277775
      0.277958
      0.278076
      0.278153
      0.278206
      0.278243
       0.27827
      0.278289
      0.278304
      0.278315
      0.278324
       0.27833
      0.278335
      0.278339
      0.278342
      0.278344
      0.278347
      0.278348
      0.278349
       0.27835
       0.27835
       0.27835
      0.278351
      0.294169
      0.294169
      0.294169
      0.294168
      0.294167
      0.294166
      0.294164
      0.294162
       0.29416
      0.294156
      0.294151
      0.294144
      0.294134
       0.29412
        0.2941
      0.294068
      0.294022
      0.293947
      0.293826
       0.29361
      0.293235
      0.292637
        0.2917
      0.290953
       0.29001
      0.289256
      0.288536
      0.288034
      0.287882
      0.288113
       0.28884
      0.289701
      0.290762
      0.292329
      0.293111
      0.293512
      0.293736
      0.293868
      0.293952
      0.294009
      0.294049
      0.294078
        0.2941
      0.294116
      0.294128
      0.294138
      0.294145
      0.294151
      0.294155
      0.294159
      0.294162
      0.294164
      0.294165
      0.294167
      0.294168
      0.294168
      0.294169
      0.294169
      0.294169
       0.31202
      0.312019
      0.312019
      0.312018
      0.312018
      0.312017
      0.312015
      0.312013
      0.312011
      0.312008
      0.312004
      0.311998
       0.31199
      0.311979
      0.311965
      0.311943
      0.311912
      0.311864
      0.311791
      0.311675
      0.311495
      0.311202
      0.310743
       0.31037
      0.309723
      0.309236
       0.30833
      0.307582
      0.307545
      0.307658
      0.308561
      0.309547
      0.310117
      0.310859
      0.311299
      0.311553
      0.311703
      0.311791
       0.31185
      0.311891
      0.311921
      0.311943
      0.311961
      0.311974
      0.311984
      0.311992
      0.311998
      0.312003
      0.312007
       0.31201
      0.312013
      0.312014
      0.312016
      0.312017
      0.312018
      0.312019
       0.31202
      0.312019
       0.31202
      0.331869
      0.331869
      0.331868
      0.331868
      0.331867
      0.331866
      0.331865
      0.331863
      0.331861
      0.331858
      0.331855
       0.33185
      0.331844
      0.331836
      0.331825
      0.331809
      0.331788
      0.331758
      0.331714
      0.331649
      0.331555
      0.331417
      0.331229
      0.331005
      0.330702
      0.330361
      0.329833
      0.328974
      0.329281
       0.32899
      0.329933
      0.330513
      0.330872
      0.331188
      0.331407
      0.331548
      0.331638
      0.331696
      0.331736
      0.331766
      0.331788
      0.331805
      0.331819
      0.331829
      0.331838
      0.331845
       0.33185
      0.331854
      0.331858
       0.33186
      0.331863
      0.331864
      0.331866
      0.331867
      0.331868
      0.331868
      0.331869
      0.331869
      0.331869
       0.35368
       0.35368
       0.35368
      0.353679
      0.353679
      0.353678
      0.353677
      0.353675
      0.353673
      0.353671
      0.353668
      0.353664
      0.353659
      0.353653
      0.353645
      0.353633
      0.353619
      0.353598
      0.353572
      0.353534
      0.353484
      0.353415
      0.353336
      0.353213
      0.353082
      0.352883
      0.352621
      0.352375
      0.352308
      0.352375
      0.352654
      0.352946
      0.353152
      0.353282
      0.353385
       0.35346
      0.353513
      0.353549
      0.353577
      0.353598
      0.353615
      0.353627
      0.353638
      0.353646
      0.353654
      0.353659
      0.353664
      0.353667
       0.35367
      0.353672
      0.353675
      0.353676
      0.353677
      0.353678
      0.353679
      0.353679
       0.35368
       0.35368
       0.35368
      0.377409
      0.377409
      0.377409
      0.377408
      0.377408
      0.377407
      0.377406
      0.377405
      0.377403
      0.377401
      0.377399
      0.377395
      0.377392
      0.377386
       0.37738
      0.377372
      0.377362
      0.377348
      0.377331
      0.377308
      0.377279
      0.377241
      0.377196
      0.377138
      0.377071
      0.376985
      0.376887
      0.376801
      0.376774
      0.376801
      0.376899
       0.37701
        0.3771
      0.377165
      0.377216
      0.377256
      0.377287
       0.37731
      0.377329
      0.377344
      0.377356
      0.377366
      0.377374
      0.377381
      0.377387
      0.377391
      0.377395
      0.377398
        0.3774
      0.377402
      0.377404
      0.377405
      0.377407
      0.377407
      0.377408
      0.377408
      0.377409
      0.377409
      0.377409
      0.403008
      0.403007
      0.403007
      0.403007
      0.403007
      0.403005
      0.403005
      0.403004
      0.403003
         0.403
      0.402999
      0.402996
      0.402993
      0.402989
      0.402984
      0.402977
       0.40297
      0.402961
      0.402949
      0.402934
      0.402918
      0.402895
      0.402871
      0.402841
       0.40281
      0.402772
      0.402741
      0.402706
      0.402705
      0.402706
      0.402745
      0.402781
       0.40282
       0.40285
      0.402877
      0.402898
      0.402917
      0.402932
      0.402945
      0.402955
      0.402965
      0.402972
      0.402979
      0.402984
      0.402989
      0.402992
      0.402995
      0.402998
         0.403
      0.403001
      0.403003
      0.403004
      0.403005
      0.403006
      0.403007
      0.403007
      0.403008
      0.403007
      0.403008
      0.430418
      0.430418
      0.430418
      0.430418
      0.430417
      0.430417
      0.430416
      0.430415
      0.430414
      0.430412
      0.430411
      0.430408
      0.430406
      0.430403
      0.430399
      0.430394
      0.430389
      0.430382
      0.430374
      0.430364
      0.430353
       0.43034
      0.430326
       0.43031
      0.430293
      0.430276
      0.430262
       0.43025
      0.430248
       0.43025
      0.430264
      0.430279
      0.430296
      0.430311
      0.430326
      0.430339
       0.43035
       0.43036
      0.430369
      0.430377
      0.430383
      0.430389
      0.430394
      0.430398
      0.430402
      0.430405
      0.430408
       0.43041
      0.430412
      0.430413
      0.430415
      0.430415
      0.430416
      0.430417
      0.430418
      0.430418
      0.430418
      0.430418
      0.430418
       0.45958
       0.45958
       0.45958
      0.459579
      0.459579
      0.459578
      0.459578
      0.459577
      0.459576
      0.459575
      0.459574
      0.459571
       0.45957
      0.459567
      0.459564
       0.45956
      0.459556
      0.459551
      0.459546
      0.459539
      0.459532
      0.459523
      0.459515
      0.459505
      0.459497
      0.459488
      0.459482
      0.459476
      0.459476
      0.459476
      0.459482
      0.459488
      0.459496
      0.459504
      0.459513
       0.45952
      0.459528
      0.459534
      0.459541
      0.459546
      0.459552
      0.459556
       0.45956
      0.459563
      0.459566
      0.459569
      0.459571
      0.459572
      0.459574
      0.459575
      0.459577
      0.459577
      0.459578
      0.459578
      0.459579
      0.459579
       0.45958
       0.45958
       0.45958
      0.490421
      0.490421
      0.490421
      0.490421
      0.490421
       0.49042
       0.49042
      0.490419
      0.490418
      0.490417
      0.490416
      0.490414
      0.490413
      0.490411
      0.490408
      0.490405
      0.490402
      0.490399
      0.490395
       0.49039
      0.490385
      0.490379
      0.490374
      0.490368
      0.490363
      0.490358
      0.490354
      0.490351
       0.49035
      0.490351
      0.490353
      0.490357
      0.490361
      0.490366
      0.490371
      0.490376
      0.490381
      0.490386
      0.490391
      0.490395
      0.490399
      0.490402
      0.490405
      0.490408
       0.49041
      0.490412
      0.490414
      0.490415
      0.490416
      0.490417
      0.490418
      0.490419
       0.49042
       0.49042
      0.490421
      0.490421
      0.490421
      0.490421
      0.490421
      0.522867
      0.522867
      0.522867
      0.522866
      0.522867
      0.522866
      0.522866
      0.522865
      0.522864
      0.522863
      0.522863
      0.522861
       0.52286
      0.522858
      0.522857
      0.522854
      0.522852
      0.522849
      0.522846
      0.522842
      0.522839
      0.522835
      0.522832
      0.522828
      0.522825
      0.522821
      0.522819
      0.522817
      0.522817
      0.522816
      0.522818
       0.52282
      0.522823
      0.522825
      0.522829
      0.522832
      0.522836
      0.522839
      0.522843
      0.522845
      0.522849
      0.522851
      0.522854
      0.522855
      0.522858
      0.522859
      0.522861
      0.522862
      0.522863
      0.522863
      0.522865
      0.522865
      0.522866
      0.522866
      0.522867
      0.522866
      0.522867
      0.522867
      0.522867
      0.556832
      0.556831
      0.556831
      0.556831
      0.556831
      0.556831
       0.55683
       0.55683
      0.556829
      0.556828
      0.556828
      0.556827
      0.556826
      0.556824
      0.556823
      0.556821
      0.556819
      0.556817
      0.556815
      0.556812
       0.55681
      0.556807
      0.556805
      0.556802
        0.5568
      0.556797
      0.556796
      0.556795
      0.556794
      0.556794
      0.556795
      0.556796
      0.556798
        0.5568
      0.556802
      0.556805
      0.556807
       0.55681
      0.556812
      0.556814
      0.556817
      0.556819
      0.556821
      0.556822
      0.556824
      0.556825
      0.556826
      0.556827
      0.556828
      0.556829
      0.556829
       0.55683
       0.55683
      0.556831
      0.556831
      0.556831
      0.556831
      0.556831
      0.556832
      0.592225
      0.592225
      0.592225
      0.592224
      0.592225
      0.592224
      0.592224
      0.592223
      0.592223
      0.592222
      0.592222
      0.592221
       0.59222
      0.592219
      0.592218
      0.592216
      0.592215
      0.592213
      0.592212
       0.59221
      0.592208
      0.592206
      0.592204
      0.592202
      0.592201
      0.592199
      0.592198
      0.592197
      0.592197
      0.592197
      0.592198
      0.592198
      0.592199
        0.5922
      0.592202
      0.592204
      0.592206
      0.592207
       0.59221
      0.592211
      0.592213
      0.592214
      0.592216
      0.592217
      0.592219
      0.592219
      0.592221
      0.592221
      0.592222
      0.592222
      0.592223
      0.592223
      0.592224
      0.592224
      0.592225
      0.592224
      0.592225
      0.592225
      0.592225
      0.628948
      0.628947
      0.628947
      0.628947
      0.628947
      0.628947
      0.628947
      0.628946
      0.628946
      0.628945
      0.628945
      0.628944
      0.628944
      0.628943
      0.628942
      0.628941
       0.62894
      0.628938
      0.628937
      0.628936
      0.628934
      0.628933
      0.628932
       0.62893
      0.628929
      0.628928
      0.628927
      0.628926
      0.628926
      0.628926
      0.628927
      0.628927
      0.628928
      0.628929
       0.62893
      0.628931
      0.628933
      0.628934
      0.628935
      0.628937
      0.628938
      0.628939
       0.62894
      0.628941
      0.628942
      0.628943
      0.628944
      0.628944
      0.628945
      0.628945
      0.628946
      0.628946
      0.628947
      0.628947
      0.628947
      0.628947
      0.628947
      0.628947
      0.628948
      0.666895
      0.666895
      0.666895
      0.666895
      0.666895
      0.666894
      0.666895
      0.666894
      0.666894
      0.666893
      0.666893
      0.666892
      0.666892
      0.666891
      0.666891
       0.66689
      0.666889
      0.666888
      0.666887
      0.666886
      0.666885
      0.666884
      0.666883
      0.666882
      0.666881
       0.66688
       0.66688
      0.666879
      0.666879
      0.666879
      0.666879
      0.666879
       0.66688
       0.66688
      0.666882
      0.666882
      0.666884
      0.666884
      0.666886
      0.666886
      0.666888
      0.666888
      0.666889
       0.66689
      0.666891
      0.666891
      0.666892
      0.666892
      0.666893
      0.666893
      0.666894
      0.666894
      0.666895
      0.666895
      0.666895
      0.666895
      0.666895
      0.666895
      0.666895
      0.705955
      0.705955
      0.705955
      0.705955
      0.705955
      0.705955
      0.705955
      0.705954
      0.705954
      0.705954
      0.705953
      0.705953
      0.705952
      0.705952
      0.705951
      0.705951
       0.70595
      0.705949
      0.705949
      0.705948
      0.705947
      0.705946
      0.705945
      0.705945
      0.705944
      0.705943
      0.705943
      0.705943
      0.705943
      0.705942
      0.705943
      0.705943
      0.705943
      0.705944
      0.705945
      0.705945
      0.705946
      0.705947
      0.705947
      0.705948
      0.705949
       0.70595
       0.70595
      0.705951
      0.705952
      0.705952
      0.705953
      0.705953
      0.705953
      0.705954
      0.705954
      0.705954
      0.705955
      0.705955
      0.705955
      0.705955
      0.705955
      0.705955
      0.705955
       0.74601
       0.74601
       0.74601
       0.74601
       0.74601
       0.74601
       0.74601
      0.746009
      0.746009
      0.746009
      0.746009
      0.746008
      0.746008
      0.746007
      0.746007
      0.746007
      0.746006
      0.746005
      0.746005
      0.746004
      0.746004
      0.746003
      0.746003
      0.746002
      0.746002
      0.746001
      0.746001
      0.746001
      0.746001
         0.746
      0.746001
      0.746001
      0.746001
      0.746001
      0.746002
      0.746002
      0.746003
      0.746003
      0.746004
      0.746005
      0.746005
      0.746006
      0.746007
      0.746007
      0.746008
      0.746008
      0.746008
      0.746008
      0.746009
      0.746009
      0.746009
      0.746009
       0.74601
       0.74601
       0.74601
       0.74601
       0.74601
       0.74601
       0.74601
      0.786936
      0.786936
      0.786936
      0.786936
      0.786936
      0.786936
      0.786936
      0.786935
      0.786935
      0.786935
      0.786935
      0.786935
      0.786934
      0.786934
      0.786934
      0.786933
      0.786933
      0.786932
      0.786932
      0.786932
      0.786931
      0.786931
       0.78693
       0.78693
       0.78693
      0.786929
      0.786929
      0.786929
      0.786929
      0.786929
      0.786929
      0.786929
      0.786929
      0.786929
       0.78693
       0.78693
      0.786931
      0.786931
      0.786931
      0.786932
      0.786932
      0.786933
      0.786933
      0.786933
      0.786934
      0.786934
      0.786934
      0.786935
      0.786935
      0.786935
      0.786935
      0.786935
      0.786936
      0.786936
      0.786936
      0.786936
      0.786936
      0.786936
      0.786936
      0.828605
      0.828605
      0.828605
      0.828605
      0.828605
      0.828604
      0.828605
      0.828604
      0.828604
      0.828604
      0.828604
      0.828604
      0.828604
      0.828603
      0.828603
      0.828603
      0.828603
      0.828602
      0.828602
      0.828601
      0.828601
      0.828601
      0.828601
        0.8286
        0.8286
        0.8286
        0.8286
      0.828599
        0.8286
      0.828599
        0.8286
        0.8286
        0.8286
        0.8286
        0.8286
        0.8286
      0.828601
      0.828601
      0.828601
      0.828602
      0.828602
      0.828602
      0.828603
      0.828603
      0.828603
      0.828603
      0.828604
      0.828604
      0.828604
      0.828604
      0.828604
      0.828604
      0.828605
      0.828604
      0.828605
      0.828605
      0.828605
      0.828605
      0.828605
      0.870883
      0.870883
      0.870883
      0.870883
      0.870883
      0.870883
      0.870883
      0.870883
      0.870883
      0.870883
      0.870882
      0.870882
      0.870882
      0.870882
      0.870882
      0.870882
      0.870881
      0.870881
      0.870881
      0.870881
      0.870881
       0.87088
       0.87088
       0.87088
       0.87088
       0.87088
      0.870879
      0.870879
      0.870879
      0.870879
      0.870879
      0.870879
       0.87088
       0.87088
       0.87088
       0.87088
       0.87088
       0.87088
      0.870881
      0.870881
      0.870881
      0.870881
      0.870882
      0.870882
      0.870882
      0.870882
      0.870882
      0.870882
      0.870883
      0.870883
      0.870883
      0.870883
      0.870883
      0.870883
      0.870883
      0.870883
      0.870883
      0.870883
      0.870883
      0.913635
      0.913635
      0.913635
      0.913635
      0.913635
      0.913635
      0.913635
      0.913635
      0.913635
      0.913634
      0.913635
      0.913634
      0.913634
      0.913634
      0.913634
      0.913634
      0.913634
      0.913634
      0.913634
      0.913633
      0.913633
      0.913633
      0.913633
      0.913633
      0.913633
      0.913633
      0.913633
      0.913632
      0.913633
      0.913632
      0.913633
      0.913632
      0.913633
      0.913633
      0.913633
      0.913633
      0.913633
      0.913633
      0.913633
      0.913633
      0.913634
      0.913634
      0.913634
      0.913634
      0.913634
      0.913634
      0.913634
      0.913634
      0.913635
      0.913635
      0.913635
      0.913635
      0.913635
      0.913635
      0.913635
      0.913635
      0.913635
      0.913635
      0.913635
      0.956721
      0.956721
      0.956721
      0.956721
      0.956721
      0.956721
      0.956721
      0.956721
      0.956721
      0.956721
      0.956721
      0.956721
       0.95672
       0.95672
       0.95672
       0.95672
       0.95672
       0.95672
       0.95672
       0.95672
       0.95672
       0.95672
       0.95672
       0.95672
       0.95672
       0.95672
       0.95672
       0.95672
       0.95672
       0.95672
       0.95672
       0.95672
       0.95672
       0.95672
       0.95672
       0.95672
       0.95672
       0.95672
       0.95672
       0.95672
       0.95672
       0.95672
       0.95672
       0.95672
       0.95672
       0.95672
       0.95672
      0.956721
      0.956721
      0.956721
      0.956721
      0.956721
      0.956721
      0.956721
      0.956721
      0.956721
      0.956721
      0.956721
      0.956721
             1
             1
             1
             1
             1
             1
             1
             1
             1
             1
             1
             1
             1
             1
             1
             1
             1
             1
             1
             1
             1
             1
             1
             1
             1
             1
             1
             1
             1
             1
             1
             1
             1
             1
             1
             1
             1
             1
             1
             1
             1
             1
             1
             1
             1
             1
             1
             1
             1
             1
             1
             1
             1
             1
             1
             1
             1
             1
             1
