             1
             1
             1
             1
             1
             1
             1
             1
             1
             1
             1
             1
             1
             1
             1
             1
             1
             1
             1
             1
             1
             1
             1
             1
             1
             1
             1
             1
             1
             1
             1
             1
             1
             1
             1
             1
             1
             1
             1
             1
             1
             1
             1
             1
             1
             1
             1
             1
             1
             1
             1
             1
             1
             1
             1
             1
             1
             1
             1
      0.957021
      0.957021
      0.957021
      0.957021
      0.957021
      0.957021
      0.957021
      0.957021
      0.957021
      0.957021
      0.957021
      0.957021
      0.957021
      0.957021
      0.957021
      0.957021
      0.957021
      0.957021
      0.957021
      0.957021
      0.957021
       0.95702
       0.95702
       0.95702
       0.95702
       0.95702
       0.95702
       0.95702
       0.95702
       0.95702
       0.95702
       0.95702
       0.95702
       0.95702
       0.95702
       0.95702
       0.95702
       0.95702
      0.957021
      0.957021
      0.957021
      0.957021
      0.957021
      0.957021
      0.957021
      0.957021
      0.957021
      0.957021
      0.957021
      0.957021
      0.957021
      0.957021
      0.957021
      0.957021
      0.957021
      0.957021
      0.957021
      0.957021
      0.957021
      0.914234
      0.914234
      0.914234
      0.914234
      0.914234
      0.914234
      0.914234
      0.914234
      0.914234
      0.914234
      0.914234
      0.914234
      0.914234
      0.914233
      0.914233
      0.914233
      0.914233
      0.914233
      0.914233
      0.914233
      0.914232
      0.914232
      0.914232
      0.914232
      0.914232
      0.914232
      0.914232
      0.914232
      0.914232
      0.914232
      0.914232
      0.914232
      0.914232
      0.914232
      0.914232
      0.914232
      0.914232
      0.914232
      0.914233
      0.914233
      0.914233
      0.914233
      0.914233
      0.914233
      0.914233
      0.914233
      0.914234
      0.914234
      0.914234
      0.914234
      0.914234
      0.914234
      0.914234
      0.914234
      0.914234
      0.914234
      0.914234
      0.914234
      0.914234
      0.871777
      0.871777
      0.871777
      0.871777
      0.871777
      0.871777
      0.871777
      0.871777
      0.871777
      0.871777
      0.871777
      0.871777
      0.871776
      0.871776
      0.871776
      0.871776
      0.871776
      0.871775
      0.871775
      0.871775
      0.871775
      0.871774
      0.871774
      0.871774
      0.871774
      0.871773
      0.871773
      0.871773
      0.871773
      0.871773
      0.871773
      0.871773
      0.871773
      0.871773
      0.871774
      0.871774
      0.871774
      0.871774
      0.871775
      0.871775
      0.871775
      0.871775
      0.871776
      0.871776
      0.871776
      0.871776
      0.871776
      0.871777
      0.871777
      0.871777
      0.871777
      0.871777
      0.871777
      0.871777
      0.871777
      0.871777
      0.871777
      0.871777
      0.871777
      0.829788
      0.829788
      0.829788
      0.829788
      0.829788
      0.829788
      0.829788
      0.829788
      0.829788
      0.829788
      0.829788
      0.829787
      0.829787
      0.829787
      0.829787
      0.829786
      0.829786
      0.829785
      0.829785
      0.829785
      0.829784
      0.829784
      0.829784
      0.829783
      0.829783
      0.829783
      0.829783
      0.829782
      0.829782
      0.829782
      0.829782
      0.829782
      0.829783
      0.829783
      0.829783
      0.829783
      0.829784
      0.829784
      0.829785
      0.829785
      0.829785
      0.829786
      0.829786
      0.829786
      0.829787
      0.829787
      0.829787
      0.829787
      0.829788
      0.829788
      0.829788
      0.829788
      0.829788
      0.829788
      0.829788
      0.829788
      0.829788
      0.829788
      0.829788
      0.788402
      0.788401
      0.788402
      0.788401
      0.788401
      0.788401
      0.788401
      0.788401
      0.788401
      0.788401
        0.7884
        0.7884
        0.7884
      0.788399
      0.788399
      0.788398
      0.788398
      0.788398
      0.788397
      0.788396
      0.788396
      0.788395
      0.788395
      0.788394
      0.788394
      0.788393
      0.788393
      0.788393
      0.788393
      0.788393
      0.788393
      0.788393
      0.788394
      0.788394
      0.788394
      0.788395
      0.788395
      0.788396
      0.788396
      0.788397
      0.788397
      0.788398
      0.788398
      0.788399
      0.788399
      0.788399
        0.7884
        0.7884
        0.7884
      0.788401
      0.788401
      0.788401
      0.788401
      0.788401
      0.788401
      0.788401
      0.788402
      0.788401
      0.788402
      0.747749
      0.747748
      0.747749
      0.747748
      0.747749
      0.747748
      0.747748
      0.747748
      0.747748
      0.747747
      0.747747
      0.747747
      0.747746
      0.747746
      0.747746
      0.747745
      0.747744
      0.747743
      0.747743
      0.747742
      0.747741
       0.74774
       0.74774
      0.747739
      0.747738
      0.747737
      0.747737
      0.747737
      0.747737
      0.747737
      0.747737
      0.747737
      0.747738
      0.747738
      0.747739
       0.74774
      0.747741
      0.747741
      0.747742
      0.747742
      0.747743
      0.747744
      0.747745
      0.747745
      0.747746
      0.747746
      0.747747
      0.747747
      0.747747
      0.747747
      0.747748
      0.747748
      0.747748
      0.747748
      0.747749
      0.747748
      0.747749
      0.747749
      0.747749
      0.707956
      0.707956
      0.707956
      0.707956
      0.707956
      0.707956
      0.707956
      0.707955
      0.707955
      0.707955
      0.707954
      0.707954
      0.707953
      0.707953
      0.707952
      0.707951
       0.70795
      0.707949
      0.707948
      0.707947
      0.707946
      0.707945
      0.707944
      0.707942
      0.707941
       0.70794
       0.70794
      0.707939
      0.707939
      0.707939
       0.70794
       0.70794
      0.707941
      0.707942
      0.707943
      0.707944
      0.707945
      0.707946
      0.707947
      0.707948
      0.707949
       0.70795
      0.707951
      0.707952
      0.707952
      0.707953
      0.707954
      0.707954
      0.707954
      0.707955
      0.707955
      0.707955
      0.707956
      0.707956
      0.707956
      0.707956
      0.707956
      0.707956
      0.707956
      0.669147
      0.669147
      0.669147
      0.669147
      0.669147
      0.669146
      0.669147
      0.669146
      0.669146
      0.669145
      0.669145
      0.669144
      0.669144
      0.669143
      0.669142
      0.669141
       0.66914
      0.669138
      0.669137
      0.669135
      0.669134
      0.669131
       0.66913
      0.669127
      0.669126
      0.669124
      0.669124
      0.669122
      0.669123
      0.669123
      0.669124
      0.669125
      0.669127
      0.669128
       0.66913
      0.669131
      0.669133
      0.669134
      0.669136
      0.669137
      0.669139
      0.669139
      0.669141
      0.669141
      0.669143
      0.669143
      0.669144
      0.669144
      0.669145
      0.669145
      0.669146
      0.669146
      0.669147
      0.669147
      0.669147
      0.669147
      0.669147
      0.669147
      0.669147
      0.631438
      0.631438
      0.631438
      0.631437
      0.631437
      0.631437
      0.631437
      0.631436
      0.631436
      0.631435
      0.631435
      0.631434
      0.631433
      0.631432
      0.631431
      0.631429
      0.631428
      0.631426
      0.631423
      0.631421
      0.631418
      0.631415
      0.631411
      0.631408
      0.631405
      0.631402
        0.6314
      0.631399
        0.6314
        0.6314
      0.631403
      0.631405
      0.631408
       0.63141
      0.631413
      0.631416
      0.631418
      0.631421
      0.631423
      0.631425
      0.631426
      0.631428
      0.631429
      0.631431
      0.631432
      0.631433
      0.631434
      0.631434
      0.631435
      0.631435
      0.631436
      0.631436
      0.631437
      0.631437
      0.631437
      0.631437
      0.631438
      0.631438
      0.631438
       0.59494
      0.594939
       0.59494
      0.594939
      0.594939
      0.594939
      0.594939
      0.594938
      0.594938
      0.594936
      0.594936
      0.594935
      0.594934
      0.594932
      0.594931
      0.594928
      0.594926
      0.594923
       0.59492
      0.594915
      0.594911
      0.594904
      0.594899
      0.594892
      0.594887
       0.59488
      0.594878
      0.594875
      0.594877
      0.594879
      0.594885
      0.594889
      0.594895
      0.594899
      0.594905
      0.594909
      0.594913
      0.594917
       0.59492
      0.594922
      0.594925
      0.594927
      0.594929
      0.594931
      0.594932
      0.594933
      0.594935
      0.594935
      0.594937
      0.594937
      0.594938
      0.594938
      0.594939
      0.594939
      0.594939
      0.594939
       0.59494
      0.594939
       0.59494
      0.559756
      0.559756
      0.559756
      0.559756
      0.559756
      0.559755
      0.559755
      0.559754
      0.559754
      0.559753
      0.559752
       0.55975
      0.559749
      0.559747
      0.559745
      0.559742
      0.559738
      0.559733
      0.559727
      0.559719
      0.559711
        0.5597
      0.559689
      0.559676
      0.559663
      0.559651
      0.559645
      0.559639
      0.559643
      0.559651
      0.559662
      0.559673
      0.559685
      0.559695
      0.559705
      0.559712
      0.559719
      0.559725
       0.55973
      0.559734
      0.559738
      0.559741
      0.559743
      0.559745
      0.559747
      0.559749
       0.55975
      0.559751
      0.559753
      0.559753
      0.559754
      0.559755
      0.559755
      0.559755
      0.559756
      0.559756
      0.559756
      0.559756
      0.559756
      0.525987
      0.525987
      0.525987
      0.525986
      0.525987
      0.525986
      0.525986
      0.525984
      0.525984
      0.525983
      0.525982
       0.52598
      0.525978
      0.525975
      0.525972
      0.525966
      0.525961
      0.525952
      0.525942
      0.525928
      0.525913
      0.525892
       0.52587
      0.525843
      0.525816
      0.525787
       0.52578
      0.525759
      0.525773
       0.52579
      0.525819
      0.525844
       0.52587
       0.52589
      0.525908
      0.525922
      0.525934
      0.525943
      0.525952
      0.525958
      0.525963
      0.525967
      0.525971
      0.525973
      0.525976
      0.525978
       0.52598
      0.525981
      0.525983
      0.525983
      0.525985
      0.525985
      0.525986
      0.525986
      0.525987
      0.525986
      0.525987
      0.525987
      0.525987
      0.493722
      0.493721
      0.493721
      0.493721
      0.493721
       0.49372
       0.49372
      0.493719
      0.493718
      0.493716
      0.493715
      0.493712
       0.49371
      0.493706
        0.4937
      0.493692
      0.493682
      0.493667
      0.493648
      0.493623
      0.493593
      0.493554
      0.493509
      0.493453
      0.493389
      0.493313
      0.493237
      0.493236
      0.493278
      0.493335
      0.493402
      0.493464
      0.493517
       0.49356
      0.493595
      0.493622
      0.493643
       0.49366
      0.493673
      0.493682
       0.49369
      0.493696
      0.493701
      0.493705
      0.493708
      0.493711
      0.493713
      0.493715
      0.493716
      0.493717
      0.493718
      0.493719
       0.49372
       0.49372
      0.493721
      0.493721
      0.493722
      0.493722
      0.493722
      0.463045
      0.463045
      0.463045
      0.463044
      0.463044
      0.463043
      0.463043
      0.463042
      0.463041
      0.463039
      0.463037
      0.463033
       0.46303
      0.463023
      0.463015
      0.463001
      0.462984
      0.462957
      0.462923
      0.462874
      0.462818
      0.462742
      0.462657
      0.462542
      0.462405
      0.462201
      0.461885
      0.461982
      0.462128
      0.462272
      0.462434
       0.46257
      0.462686
       0.46277
      0.462838
      0.462888
      0.462927
      0.462955
      0.462976
      0.462992
      0.463004
      0.463012
       0.46302
      0.463025
      0.463029
      0.463032
      0.463035
      0.463037
      0.463039
       0.46304
      0.463042
      0.463042
      0.463044
      0.463044
      0.463045
      0.463045
      0.463045
      0.463045
      0.463045
      0.434034
      0.434034
      0.434033
      0.434033
      0.434033
      0.434032
      0.434031
       0.43403
      0.434028
      0.434026
      0.434023
      0.434019
      0.434013
      0.434003
      0.433988
      0.433966
      0.433933
      0.433885
      0.433818
      0.433727
      0.433615
      0.433474
       0.43331
      0.433096
      0.432813
      0.432354
      0.431417
      0.431705
       0.43203
       0.43248
      0.432863
      0.433151
      0.433381
      0.433554
      0.433685
       0.43378
      0.433849
      0.433899
      0.433935
       0.43396
      0.433978
      0.433991
      0.434001
      0.434008
      0.434014
      0.434018
      0.434021
      0.434024
      0.434026
      0.434028
       0.43403
      0.434031
      0.434032
      0.434032
      0.434033
      0.434033
      0.434034
      0.434034
      0.434034
      0.406758
      0.406758
      0.406758
      0.406757
      0.406757
      0.406756
      0.406755
      0.406753
      0.406752
      0.406749
      0.406745
      0.406738
      0.406729
      0.406714
       0.40669
      0.406651
      0.406592
      0.406502
      0.406376
        0.4062
      0.405991
      0.405724
      0.405439
       0.40505
      0.404569
       0.40376
      0.402415
      0.401874
      0.402622
      0.403784
      0.404586
      0.405129
      0.405584
      0.405918
      0.406169
      0.406343
      0.406469
      0.406554
      0.406615
      0.406655
      0.406684
      0.406703
      0.406717
      0.406727
      0.406734
      0.406739
      0.406744
      0.406747
       0.40675
      0.406751
      0.406754
      0.406754
      0.406756
      0.406756
      0.406757
      0.406758
      0.406758
      0.406758
      0.406759
      0.381281
      0.381281
       0.38128
       0.38128
      0.381279
      0.381278
      0.381277
      0.381275
      0.381273
      0.381269
      0.381264
      0.381254
       0.38124
      0.381215
      0.381175
      0.381108
      0.381001
      0.380833
      0.380584
      0.380247
      0.379835
      0.379356
      0.378828
      0.378206
      0.377353
       0.37623
      0.374468
      0.373846
      0.374293
      0.376055
      0.377305
      0.378267
      0.379146
      0.379802
      0.380272
      0.380598
      0.380821
      0.380971
      0.381071
      0.381137
       0.38118
      0.381209
      0.381229
      0.381242
      0.381252
      0.381258
      0.381264
      0.381268
      0.381271
      0.381273
      0.381275
      0.381277
      0.381278
      0.381279
       0.38128
       0.38128
      0.381281
      0.381281
      0.381281
      0.357659
      0.357659
      0.357659
      0.357658
      0.357658
      0.357656
      0.357655
      0.357652
       0.35765
      0.357644
      0.357637
      0.357624
      0.357602
      0.357562
      0.357497
      0.357382
      0.357195
      0.356887
       0.35639
      0.355734
      0.354978
      0.354103
      0.353167
      0.352278
       0.35082
      0.349357
      0.348031
       0.34733
      0.347332
      0.348907
       0.35065
      0.352054
      0.353844
      0.355078
      0.355948
      0.356542
      0.356937
      0.357188
      0.357353
      0.357457
      0.357524
      0.357566
      0.357593
      0.357611
      0.357624
      0.357632
      0.357639
      0.357644
      0.357648
       0.35765
      0.357653
      0.357654
      0.357656
      0.357657
      0.357658
      0.357658
      0.357659
      0.357659
      0.357659
      0.335942
      0.335942
      0.335942
      0.335941
       0.33594
      0.335939
      0.335937
      0.335935
      0.335931
      0.335924
      0.335914
      0.335894
      0.335861
        0.3358
      0.335693
      0.335508
      0.335194
      0.334658
      0.333765
      0.332248
      0.331247
      0.329441
      0.328296
      0.326852
      0.325096
      0.323584
      0.322644
      0.321992
      0.321312
       0.32368
      0.325804
      0.327863
       0.33029
      0.331487
      0.333126
      0.334139
      0.334803
      0.335229
      0.335497
       0.33566
       0.33576
      0.335821
      0.335859
      0.335884
        0.3359
      0.335911
      0.335919
      0.335925
      0.335929
      0.335932
      0.335935
      0.335937
      0.335939
       0.33594
      0.335941
      0.335941
      0.335942
      0.335942
      0.335942
      0.316175
      0.316175
      0.316175
      0.316174
      0.316173
      0.316171
       0.31617
      0.316166
      0.316161
      0.316153
      0.316139
      0.316112
      0.316063
      0.315971
      0.315807
      0.315516
      0.315032
      0.314152
      0.312647
      0.310411
      0.308388
      0.306399
      0.304784
      0.303186
       0.30073
      0.298638
      0.298259
      0.297708
      0.298074
      0.299933
      0.302714
      0.305389
      0.307964
      0.310157
      0.311742
      0.313308
      0.314402
      0.315105
      0.315536
      0.315785
      0.315934
       0.31602
      0.316073
      0.316104
      0.316125
      0.316139
      0.316149
      0.316155
       0.31616
      0.316164
      0.316167
      0.316169
      0.316171
      0.316172
      0.316174
      0.316174
      0.316175
      0.316175
      0.316175
      0.298395
      0.298395
      0.298395
      0.298394
      0.298393
      0.298391
      0.298389
      0.298385
      0.298379
      0.298368
      0.298349
      0.298313
      0.298244
      0.298112
      0.297868
      0.297424
       0.29666
      0.295451
      0.293537
      0.290606
      0.287554
      0.284241
      0.282881
      0.281319
      0.278565
      0.277331
      0.276775
       0.27656
      0.276597
      0.277843
      0.281705
      0.284602
      0.287191
      0.289527
      0.291619
       0.29373
      0.295654
      0.296794
      0.297472
       0.29786
      0.298079
      0.298199
      0.298269
      0.298311
      0.298337
      0.298353
      0.298365
      0.298373
      0.298379
      0.298383
      0.298386
      0.298389
      0.298391
      0.298392
      0.298393
      0.298394
      0.298395
      0.298395
      0.298395
      0.282636
      0.282636
      0.282636
      0.282635
      0.282634
      0.282632
      0.282629
      0.282625
      0.282618
      0.282604
      0.282581
      0.282533
      0.282443
      0.282262
      0.281922
      0.281263
       0.28006
      0.278439
      0.275889
      0.272763
      0.269371
      0.266059
      0.263351
      0.260661
      0.259324
      0.257649
      0.257123
      0.256374
      0.257008
      0.258437
      0.262061
      0.265173
      0.268234
      0.271116
      0.273615
      0.276144
      0.278444
      0.280244
      0.281313
      0.281916
      0.282234
      0.282395
      0.282486
      0.282537
      0.282569
      0.282589
      0.282602
      0.282611
      0.282618
      0.282623
      0.282627
      0.282629
      0.282632
      0.282633
      0.282635
      0.282635
      0.282636
      0.282636
      0.282637
      0.268926
      0.268925
      0.268925
      0.268924
      0.268923
      0.268921
      0.268918
      0.268913
      0.268904
      0.268889
      0.268859
        0.2688
      0.268685
      0.268454
      0.268001
      0.267099
      0.265273
      0.263045
      0.260319
        0.2566
      0.253877
      0.250665
      0.247367
      0.245013
      0.243743
      0.242493
      0.240739
      0.240486
      0.240601
      0.241821
      0.245492
      0.247734
      0.251427
        0.2543
      0.257636
      0.260457
      0.263254
      0.265323
      0.267126
      0.267992
      0.268421
      0.268634
      0.268748
      0.268811
      0.268849
      0.268873
      0.268888
      0.268898
      0.268906
      0.268911
      0.268915
      0.268918
      0.268921
      0.268923
      0.268924
      0.268925
      0.268926
      0.268926
      0.268926
      0.257288
      0.257287
      0.257287
      0.257286
      0.257285
      0.257282
      0.257279
      0.257273
      0.257264
      0.257246
      0.257213
      0.257143
       0.25701
      0.256732
      0.256198
      0.255093
      0.252983
      0.250445
      0.247486
      0.244156
      0.240929
      0.237889
      0.234179
       0.23086
      0.229385
      0.227431
      0.226085
      0.225894
      0.226687
      0.228296
      0.230538
      0.232969
      0.237173
      0.240887
       0.24426
      0.247234
      0.250526
      0.253048
      0.255064
      0.256157
      0.256701
      0.256949
      0.257086
      0.257159
      0.257203
      0.257229
      0.257247
      0.257258
      0.257266
      0.257272
      0.257277
       0.25728
      0.257283
      0.257284
      0.257286
      0.257287
      0.257288
      0.257288
      0.257288
       0.24774
       0.24774
       0.24774
      0.247739
      0.247737
      0.247735
      0.247731
      0.247725
      0.247715
      0.247695
      0.247657
       0.24758
      0.247427
      0.247113
      0.246492
      0.245251
      0.242859
       0.24018
      0.237088
      0.233498
      0.229997
      0.227081
      0.223593
      0.221036
      0.218572
      0.216722
      0.213991
      0.213664
      0.215193
      0.217782
      0.219207
      0.222133
      0.226653
      0.230107
      0.233941
       0.23761
       0.24071
      0.243584
      0.245394
      0.246471
      0.247055
      0.247353
      0.247512
      0.247598
      0.247648
      0.247677
      0.247696
      0.247709
      0.247718
      0.247724
      0.247729
      0.247732
      0.247735
      0.247737
      0.247738
      0.247739
       0.24774
      0.247741
      0.247741
        0.2403
        0.2403
      0.240299
      0.240298
      0.240297
      0.240294
       0.24029
      0.240284
      0.240273
      0.240252
      0.240213
      0.240131
      0.239972
      0.239634
      0.238977
      0.237637
      0.235137
      0.232098
      0.228396
      0.225046
      0.221487
      0.218257
      0.215022
      0.212365
      0.210219
      0.208406
         0.206
      0.204491
      0.206059
      0.208582
      0.211478
      0.215021
      0.218629
      0.222846
      0.226358
      0.229641
      0.232908
      0.235774
      0.237584
      0.238852
      0.239534
       0.23987
      0.240052
      0.240147
      0.240202
      0.240233
      0.240254
      0.240267
      0.240276
      0.240283
      0.240288
      0.240291
      0.240294
      0.240296
      0.240298
      0.240299
        0.2403
        0.2403
        0.2403
      0.234977
      0.234977
      0.234976
      0.234975
      0.234974
      0.234971
      0.234967
       0.23496
      0.234949
      0.234928
      0.234887
      0.234804
      0.234639
      0.234299
      0.233619
      0.232251
      0.229597
      0.226216
      0.221992
      0.218981
      0.215396
      0.212057
      0.208766
      0.206127
      0.204227
       0.20225
      0.201404
      0.200219
      0.200896
      0.202523
      0.206647
      0.209908
      0.212838
      0.216826
       0.22099
      0.224137
      0.227035
      0.229569
      0.231646
      0.233296
      0.234091
        0.2345
      0.234709
      0.234815
      0.234873
      0.234907
      0.234929
      0.234943
      0.234952
      0.234959
      0.234964
      0.234968
      0.234971
      0.234973
      0.234975
      0.234976
      0.234977
      0.234977
      0.234977
       0.23178
       0.23178
       0.23178
      0.231778
      0.231777
      0.231774
       0.23177
      0.231764
      0.231753
      0.231732
      0.231693
      0.231613
      0.231458
       0.23113
      0.230495
      0.229197
       0.22677
      0.223721
      0.220032
      0.216758
      0.212587
      0.208995
       0.20577
      0.203419
      0.201244
       0.19958
      0.198797
      0.198945
      0.199778
      0.202214
       0.20486
      0.207348
      0.210879
      0.214093
      0.217573
      0.220158
      0.223271
      0.225966
      0.228148
      0.229898
      0.230727
      0.231254
      0.231503
      0.231614
      0.231676
      0.231709
      0.231731
      0.231745
      0.231755
      0.231762
      0.231768
      0.231771
      0.231774
      0.231776
      0.231778
      0.231779
       0.23178
       0.23178
      0.231781
      0.230714
      0.230714
      0.230713
      0.230712
       0.23071
      0.230708
      0.230704
      0.230698
      0.230687
      0.230667
       0.23063
      0.230556
      0.230409
      0.230111
      0.229521
      0.228349
      0.226112
      0.223336
      0.220082
      0.215992
      0.212356
      0.208999
      0.205556
      0.203384
      0.201306
      0.199995
       0.19875
      0.198827
      0.200903
      0.203924
      0.206323
      0.209437
      0.212488
      0.215248
      0.217655
      0.220328
      0.222424
      0.224918
      0.226844
      0.228626
      0.229357
      0.230131
      0.230424
      0.230547
      0.230609
      0.230643
      0.230665
      0.230679
      0.230689
      0.230696
      0.230701
      0.230705
      0.230708
       0.23071
      0.230712
      0.230713
      0.230714
      0.230714
      0.230714
       0.23178
       0.23178
       0.23178
      0.231778
      0.231777
      0.231774
      0.231771
      0.231764
      0.231755
      0.231736
      0.231704
      0.231637
       0.23151
      0.231243
      0.230724
      0.229643
      0.227607
      0.225064
      0.222077
      0.218789
      0.215689
      0.212683
      0.208849
      0.206193
      0.204412
      0.203237
      0.202126
      0.203222
      0.204783
      0.207075
      0.209671
      0.212693
       0.21546
       0.21778
        0.2202
      0.222331
      0.224454
      0.226448
       0.22806
       0.22939
      0.230497
      0.231219
      0.231516
      0.231621
      0.231679
      0.231711
      0.231732
      0.231746
      0.231756
      0.231762
      0.231768
      0.231771
      0.231774
      0.231776
      0.231778
      0.231779
       0.23178
       0.23178
      0.231781
      0.234977
      0.234977
      0.234976
      0.234975
      0.234974
      0.234971
      0.234968
      0.234962
      0.234953
      0.234937
      0.234907
       0.23485
      0.234739
      0.234505
      0.234025
       0.23303
      0.231104
      0.228958
      0.226375
      0.223799
      0.221183
      0.217707
      0.213941
      0.211277
      0.209746
      0.207929
      0.206627
      0.207498
      0.210073
      0.212378
      0.214454
      0.217399
      0.220223
      0.222867
      0.225275
      0.227271
      0.228962
       0.23041
      0.231734
      0.232845
      0.233978
      0.234495
      0.234725
      0.234827
       0.23488
      0.234911
       0.23493
      0.234943
      0.234953
       0.23496
      0.234965
      0.234968
      0.234971
      0.234973
      0.234975
      0.234976
      0.234977
      0.234977
      0.234977
        0.2403
        0.2403
      0.240299
      0.240298
      0.240297
      0.240294
      0.240291
      0.240286
      0.240278
      0.240264
      0.240239
      0.240193
      0.240108
      0.239899
      0.239429
      0.238377
      0.236837
      0.234889
       0.23299
      0.230879
      0.228259
      0.225279
      0.221431
      0.218356
      0.216768
      0.215243
      0.213839
      0.213542
      0.216123
      0.218609
      0.221029
      0.223439
      0.226467
      0.229558
      0.232275
      0.234182
      0.235685
      0.236686
      0.237844
      0.238846
      0.239504
      0.239899
      0.240083
      0.240165
      0.240211
      0.240238
      0.240256
      0.240268
      0.240277
      0.240283
      0.240288
      0.240291
      0.240294
      0.240296
      0.240298
      0.240299
        0.2403
        0.2403
        0.2403
       0.24774
       0.24774
       0.24774
      0.247739
      0.247737
      0.247735
      0.247732
      0.247728
       0.24772
      0.247708
      0.247688
       0.24765
      0.247579
       0.24743
      0.247118
      0.246449
      0.245059
       0.24364
      0.241807
      0.239408
      0.237049
      0.234213
      0.231008
      0.228077
      0.226671
      0.225577
      0.224125
      0.223487
      0.225085
      0.226554
      0.229426
      0.231679
      0.234697
      0.238182
       0.24132
      0.243359
      0.244645
      0.245242
       0.24614
      0.246376
      0.247104
      0.247411
      0.247551
       0.24762
      0.247659
      0.247683
      0.247699
       0.24771
      0.247718
      0.247724
      0.247729
      0.247732
      0.247735
      0.247737
      0.247738
      0.247739
       0.24774
      0.247741
      0.247741
      0.257288
      0.257287
      0.257287
      0.257286
      0.257285
      0.257283
       0.25728
      0.257276
       0.25727
       0.25726
      0.257244
      0.257214
      0.257162
      0.257059
      0.256861
      0.256445
      0.255645
      0.254626
       0.25274
      0.250691
      0.248344
      0.245769
      0.243291
      0.240955
      0.239164
      0.237828
      0.237056
      0.236486
      0.236103
      0.236938
      0.239105
      0.241877
      0.245301
      0.248762
      0.251693
      0.253875
      0.255111
      0.255783
      0.256246
      0.256561
      0.256831
       0.25703
      0.257132
      0.257183
      0.257215
      0.257235
       0.25725
      0.257259
      0.257267
      0.257272
      0.257277
       0.25728
      0.257283
      0.257284
      0.257286
      0.257287
      0.257288
      0.257288
      0.257288
      0.268926
      0.268925
      0.268925
      0.268924
      0.268923
      0.268921
      0.268919
      0.268915
       0.26891
      0.268902
      0.268889
      0.268867
      0.268829
      0.268758
      0.268629
       0.26838
      0.267921
      0.267099
      0.265411
      0.263758
      0.261989
      0.259971
      0.257792
      0.255081
       0.25385
      0.253184
      0.252101
      0.251075
      0.249575
       0.24976
      0.251625
      0.254122
      0.258193
      0.261466
      0.264004
      0.266173
      0.267284
       0.26788
      0.268238
      0.268463
      0.268622
       0.26873
      0.268796
      0.268835
      0.268861
      0.268879
      0.268891
        0.2689
      0.268907
      0.268912
      0.268916
      0.268919
      0.268921
      0.268923
      0.268924
      0.268925
      0.268926
      0.268926
      0.268926
      0.282636
      0.282636
      0.282636
      0.282635
      0.282634
      0.282632
       0.28263
      0.282627
      0.282623
      0.282616
      0.282606
      0.282589
      0.282562
      0.282515
      0.282433
      0.282282
      0.282018
      0.281433
      0.280287
      0.278857
      0.277579
      0.275735
       0.27366
      0.271414
      0.270132
      0.269051
      0.268382
      0.267934
      0.266815
      0.266506
      0.267772
      0.269608
      0.273239
      0.276647
      0.278839
      0.280492
      0.281397
      0.281867
      0.282149
      0.282307
      0.282416
      0.282483
      0.282529
      0.282559
       0.28258
      0.282594
      0.282605
      0.282613
      0.282619
      0.282623
      0.282627
      0.282629
      0.282632
      0.282633
      0.282635
      0.282635
      0.282636
      0.282636
      0.282637
      0.298395
      0.298395
      0.298395
      0.298394
      0.298393
      0.298391
      0.298389
      0.298387
      0.298383
      0.298378
       0.29837
      0.298357
      0.298338
      0.298306
      0.298252
      0.298157
      0.297988
      0.297666
      0.297109
      0.296327
      0.295314
      0.293563
      0.291627
      0.289636
      0.288513
      0.286612
      0.286165
      0.285724
      0.285949
       0.28615
      0.287161
      0.288663
        0.2908
      0.293071
      0.295396
      0.296723
      0.297439
      0.297813
      0.298023
      0.298145
      0.298222
      0.298272
      0.298306
      0.298329
      0.298346
      0.298358
      0.298367
      0.298374
      0.298379
      0.298383
      0.298387
      0.298389
      0.298391
      0.298392
      0.298394
      0.298394
      0.298395
      0.298395
      0.298395
      0.316175
      0.316175
      0.316175
      0.316174
      0.316173
      0.316172
       0.31617
      0.316167
      0.316165
       0.31616
      0.316154
      0.316144
      0.316131
      0.316109
      0.316074
      0.316014
      0.315912
      0.315738
      0.315459
      0.315002
      0.314335
      0.313202
      0.311345
      0.309793
      0.308526
      0.307447
      0.306408
      0.305687
      0.305817
      0.305701
      0.307179
      0.308641
      0.310218
      0.311886
      0.313759
      0.314893
      0.315472
      0.315742
      0.315896
      0.315983
      0.316039
      0.316075
      0.316101
      0.316119
      0.316133
      0.316143
      0.316151
      0.316156
      0.316161
      0.316164
      0.316167
      0.316169
      0.316171
      0.316172
      0.316174
      0.316174
      0.316175
      0.316175
      0.316175
      0.335942
      0.335942
      0.335942
      0.335941
       0.33594
      0.335939
      0.335938
      0.335936
      0.335933
      0.335929
      0.335924
      0.335917
      0.335907
      0.335892
      0.335869
      0.335832
      0.335771
      0.335673
      0.335514
      0.335244
      0.334792
      0.333975
      0.332454
       0.33135
      0.330347
      0.329443
       0.32866
      0.328136
       0.32813
      0.328408
      0.329251
      0.330296
      0.331623
      0.333343
      0.334424
      0.335073
      0.335434
      0.335624
      0.335731
      0.335794
      0.335834
      0.335861
      0.335881
      0.335895
      0.335906
      0.335914
      0.335921
      0.335926
       0.33593
      0.335933
      0.335935
      0.335937
      0.335939
       0.33594
      0.335941
      0.335941
      0.335942
      0.335942
      0.335942
      0.357659
      0.357659
      0.357659
      0.357658
      0.357658
      0.357656
      0.357655
      0.357653
      0.357651
      0.357648
      0.357644
      0.357639
      0.357632
      0.357621
      0.357606
      0.357582
      0.357546
       0.35749
      0.357408
      0.357224
      0.356828
      0.356081
      0.355642
      0.355202
      0.354205
      0.353115
      0.352211
      0.351459
      0.351658
       0.35215
      0.353068
      0.353823
      0.355013
      0.356135
      0.356764
      0.357108
      0.357313
      0.357432
      0.357503
      0.357545
      0.357574
      0.357594
      0.357609
       0.35762
      0.357629
      0.357635
      0.357641
      0.357644
      0.357648
      0.357651
      0.357653
      0.357654
      0.357656
      0.357657
      0.357658
      0.357658
      0.357659
      0.357659
      0.357659
      0.381281
      0.381281
      0.381281
       0.38128
      0.381279
      0.381278
      0.381277
      0.381276
      0.381274
      0.381271
      0.381268
      0.381264
      0.381259
      0.381251
       0.38124
      0.381225
      0.381203
       0.38117
      0.381119
      0.381029
      0.380872
      0.380622
      0.380371
      0.380058
      0.379528
      0.378477
      0.377677
      0.377206
      0.377145
      0.377643
      0.378829
      0.379457
      0.380008
      0.380463
      0.380759
       0.38094
      0.381052
      0.381121
      0.381165
      0.381194
      0.381214
      0.381228
      0.381239
      0.381248
      0.381255
       0.38126
      0.381265
      0.381268
      0.381271
      0.381273
      0.381275
      0.381277
      0.381278
      0.381279
       0.38128
       0.38128
      0.381281
      0.381281
      0.381281
      0.406758
      0.406758
      0.406758
      0.406757
      0.406757
      0.406756
      0.406755
      0.406754
      0.406753
       0.40675
      0.406748
      0.406744
       0.40674
      0.406734
      0.406727
      0.406717
      0.406704
      0.406683
      0.406654
       0.40661
      0.406546
      0.406447
      0.406347
       0.40617
      0.405933
      0.405524
      0.404844
      0.404395
       0.40454
      0.405103
      0.405551
      0.405883
      0.406154
      0.406327
      0.406458
      0.406547
      0.406607
      0.406646
      0.406673
      0.406691
      0.406706
      0.406716
      0.406725
      0.406731
      0.406737
      0.406741
      0.406745
      0.406747
       0.40675
      0.406752
      0.406754
      0.406755
      0.406756
      0.406756
      0.406757
      0.406758
      0.406758
      0.406758
      0.406759
      0.434034
      0.434034
      0.434033
      0.434033
      0.434033
      0.434032
      0.434031
       0.43403
      0.434029
      0.434027
      0.434025
      0.434022
      0.434019
      0.434015
       0.43401
      0.434002
      0.433994
      0.433981
      0.433965
      0.433942
       0.43391
      0.433866
      0.433814
      0.433739
       0.43364
      0.433493
        0.4333
      0.433165
      0.433171
      0.433313
      0.433472
      0.433606
      0.433717
      0.433796
      0.433856
        0.4339
      0.433931
      0.433953
       0.43397
      0.433982
      0.433992
         0.434
      0.434006
      0.434011
      0.434015
      0.434019
      0.434022
      0.434024
      0.434027
      0.434028
       0.43403
      0.434031
      0.434032
      0.434032
      0.434033
      0.434033
      0.434034
      0.434034
      0.434034
      0.463045
      0.463045
      0.463045
      0.463044
      0.463044
      0.463043
      0.463043
      0.463042
      0.463041
      0.463039
      0.463038
      0.463036
      0.463033
       0.46303
      0.463026
      0.463021
      0.463015
      0.463007
      0.462998
      0.462984
      0.462969
      0.462947
      0.462923
      0.462889
      0.462852
        0.4628
      0.462767
      0.462703
      0.462724
      0.462731
      0.462784
      0.462828
      0.462875
      0.462907
      0.462936
      0.462957
      0.462974
      0.462987
      0.462997
      0.463005
      0.463012
      0.463018
      0.463023
      0.463026
       0.46303
      0.463033
      0.463035
      0.463037
      0.463039
       0.46304
      0.463042
      0.463042
      0.463044
      0.463044
      0.463045
      0.463045
      0.463045
      0.463045
      0.463045
      0.493722
      0.493721
      0.493721
      0.493721
      0.493721
       0.49372
       0.49372
      0.493719
      0.493718
      0.493717
      0.493716
      0.493714
      0.493712
      0.493709
      0.493706
      0.493703
      0.493699
      0.493693
      0.493687
      0.493679
       0.49367
      0.493659
      0.493647
      0.493631
      0.493614
      0.493595
       0.49358
      0.493562
      0.493564
      0.493568
      0.493584
      0.493602
       0.49362
      0.493636
       0.49365
      0.493661
       0.49367
      0.493678
      0.493685
       0.49369
      0.493695
      0.493699
      0.493703
      0.493706
      0.493709
      0.493711
      0.493713
      0.493715
      0.493716
      0.493717
      0.493719
      0.493719
       0.49372
       0.49372
      0.493721
      0.493721
      0.493722
      0.493722
      0.493722
      0.525987
      0.525987
      0.525987
      0.525986
      0.525987
      0.525986
      0.525986
      0.525985
      0.525984
      0.525983
      0.525982
       0.52598
      0.525979
      0.525977
      0.525975
      0.525972
      0.525969
      0.525965
      0.525961
      0.525956
      0.525951
      0.525944
      0.525938
       0.52593
      0.525923
      0.525914
      0.525909
      0.525902
      0.525903
      0.525903
       0.52591
      0.525915
      0.525924
       0.52593
      0.525938
      0.525943
      0.525949
      0.525954
      0.525959
      0.525962
      0.525966
      0.525969
      0.525972
      0.525974
      0.525977
      0.525978
       0.52598
      0.525981
      0.525983
      0.525983
      0.525985
      0.525985
      0.525986
      0.525986
      0.525987
      0.525986
      0.525987
      0.525987
      0.525987
      0.559756
      0.559756
      0.559756
      0.559756
      0.559756
      0.559755
      0.559755
      0.559754
      0.559754
      0.559753
      0.559752
      0.559751
       0.55975
      0.559748
      0.559746
      0.559744
      0.559742
      0.559739
      0.559737
      0.559733
       0.55973
      0.559726
      0.559722
      0.559718
      0.559714
      0.559709
      0.559706
      0.559704
      0.559704
      0.559704
      0.559706
      0.559709
      0.559713
      0.559716
       0.55972
      0.559724
      0.559728
      0.559731
      0.559734
      0.559737
       0.55974
      0.559742
      0.559744
      0.559746
      0.559748
      0.559749
       0.55975
      0.559751
      0.559753
      0.559753
      0.559754
      0.559755
      0.559755
      0.559755
      0.559756
      0.559756
      0.559756
      0.559756
      0.559756
       0.59494
      0.594939
       0.59494
      0.594939
      0.594939
      0.594939
      0.594939
      0.594938
      0.594938
      0.594937
      0.594936
      0.594935
      0.594934
      0.594933
      0.594932
       0.59493
      0.594929
      0.594926
      0.594925
      0.594922
       0.59492
      0.594917
      0.594915
      0.594912
       0.59491
      0.594907
      0.594906
      0.594904
      0.594904
      0.594904
      0.594905
      0.594906
      0.594909
       0.59491
      0.594913
      0.594915
      0.594918
       0.59492
      0.594922
      0.594924
      0.594926
      0.594928
       0.59493
      0.594931
      0.594933
      0.594933
      0.594935
      0.594935
      0.594937
      0.594937
      0.594938
      0.594938
      0.594939
      0.594939
      0.594939
      0.594939
       0.59494
      0.594939
       0.59494
      0.631438
      0.631438
      0.631438
      0.631437
      0.631437
      0.631437
      0.631437
      0.631436
      0.631436
      0.631435
      0.631435
      0.631434
      0.631433
      0.631432
      0.631431
       0.63143
      0.631429
      0.631427
      0.631426
      0.631424
      0.631422
      0.631421
      0.631419
      0.631417
      0.631416
      0.631414
      0.631413
      0.631412
      0.631412
      0.631412
      0.631413
      0.631413
      0.631415
      0.631416
      0.631418
      0.631419
      0.631421
      0.631422
      0.631424
      0.631425
      0.631427
      0.631428
       0.63143
      0.631431
      0.631432
      0.631433
      0.631434
      0.631434
      0.631435
      0.631436
      0.631436
      0.631436
      0.631437
      0.631437
      0.631437
      0.631437
      0.631438
      0.631438
      0.631438
      0.669147
      0.669147
      0.669147
      0.669147
      0.669147
      0.669146
      0.669147
      0.669146
      0.669146
      0.669145
      0.669145
      0.669144
      0.669144
      0.669143
      0.669142
      0.669141
       0.66914
      0.669139
      0.669138
      0.669137
      0.669136
      0.669134
      0.669133
      0.669132
      0.669131
       0.66913
      0.669129
      0.669128
      0.669129
      0.669128
      0.669129
      0.669129
       0.66913
      0.669131
      0.669132
      0.669133
      0.669134
      0.669135
      0.669137
      0.669137
      0.669139
       0.66914
      0.669141
      0.669141
      0.669143
      0.669143
      0.669144
      0.669144
      0.669145
      0.669145
      0.669146
      0.669146
      0.669147
      0.669147
      0.669147
      0.669147
      0.669147
      0.669147
      0.669147
      0.707956
      0.707956
      0.707956
      0.707956
      0.707956
      0.707956
      0.707956
      0.707955
      0.707955
      0.707955
      0.707954
      0.707954
      0.707953
      0.707953
      0.707952
      0.707951
      0.707951
       0.70795
      0.707949
      0.707948
      0.707947
      0.707946
      0.707945
      0.707944
      0.707944
      0.707943
      0.707943
      0.707942
      0.707942
      0.707942
      0.707942
      0.707942
      0.707943
      0.707944
      0.707944
      0.707945
      0.707946
      0.707947
      0.707948
      0.707949
      0.707949
       0.70795
      0.707951
      0.707952
      0.707952
      0.707953
      0.707954
      0.707954
      0.707954
      0.707955
      0.707955
      0.707955
      0.707956
      0.707956
      0.707956
      0.707956
      0.707956
      0.707956
      0.707956
      0.747749
      0.747748
      0.747749
      0.747748
      0.747749
      0.747748
      0.747748
      0.747748
      0.747748
      0.747747
      0.747747
      0.747747
      0.747747
      0.747746
      0.747746
      0.747745
      0.747744
      0.747744
      0.747743
      0.747742
      0.747742
      0.747741
      0.747741
       0.74774
      0.747739
      0.747739
      0.747739
      0.747738
      0.747738
      0.747738
      0.747738
      0.747738
      0.747739
      0.747739
       0.74774
       0.74774
      0.747741
      0.747741
      0.747742
      0.747743
      0.747744
      0.747744
      0.747745
      0.747745
      0.747746
      0.747746
      0.747747
      0.747747
      0.747747
      0.747747
      0.747748
      0.747748
      0.747748
      0.747748
      0.747749
      0.747748
      0.747749
      0.747749
      0.747749
      0.788402
      0.788401
      0.788402
      0.788401
      0.788401
      0.788401
      0.788401
      0.788401
      0.788401
      0.788401
        0.7884
        0.7884
        0.7884
      0.788399
      0.788399
      0.788399
      0.788398
      0.788398
      0.788397
      0.788397
      0.788396
      0.788396
      0.788395
      0.788395
      0.788394
      0.788394
      0.788394
      0.788394
      0.788394
      0.788393
      0.788394
      0.788394
      0.788394
      0.788394
      0.788395
      0.788395
      0.788396
      0.788396
      0.788397
      0.788397
      0.788397
      0.788398
      0.788398
      0.788399
      0.788399
      0.788399
        0.7884
        0.7884
        0.7884
      0.788401
      0.788401
      0.788401
      0.788401
      0.788401
      0.788401
      0.788401
      0.788402
      0.788401
      0.788402
      0.829788
      0.829788
      0.829788
      0.829788
      0.829788
      0.829788
      0.829788
      0.829788
      0.829788
      0.829788
      0.829788
      0.829787
      0.829787
      0.829787
      0.829787
      0.829786
      0.829786
      0.829785
      0.829785
      0.829785
      0.829785
      0.829784
      0.829784
      0.829783
      0.829783
      0.829783
      0.829783
      0.829782
      0.829783
      0.829782
      0.829783
      0.829783
      0.829783
      0.829783
      0.829783
      0.829784
      0.829784
      0.829784
      0.829785
      0.829785
      0.829785
      0.829786
      0.829786
      0.829786
      0.829787
      0.829787
      0.829787
      0.829787
      0.829788
      0.829788
      0.829788
      0.829788
      0.829788
      0.829788
      0.829788
      0.829788
      0.829788
      0.829788
      0.829788
      0.871777
      0.871777
      0.871777
      0.871777
      0.871777
      0.871777
      0.871777
      0.871777
      0.871777
      0.871777
      0.871777
      0.871777
      0.871776
      0.871776
      0.871776
      0.871776
      0.871776
      0.871775
      0.871775
      0.871775
      0.871775
      0.871774
      0.871774
      0.871774
      0.871774
      0.871773
      0.871773
      0.871773
      0.871773
      0.871773
      0.871773
      0.871773
      0.871773
      0.871774
      0.871774
      0.871774
      0.871774
      0.871774
      0.871775
      0.871775
      0.871775
      0.871775
      0.871776
      0.871776
      0.871776
      0.871776
      0.871776
      0.871777
      0.871777
      0.871777
      0.871777
      0.871777
      0.871777
      0.871777
      0.871777
      0.871777
      0.871777
      0.871777
      0.871777
      0.914234
      0.914234
      0.914234
      0.914234
      0.914234
      0.914234
      0.914234
      0.914234
      0.914234
      0.914234
      0.914234
      0.914234
      0.914234
      0.914233
      0.914233
      0.914233
      0.914233
      0.914233
      0.914233
      0.914233
      0.914233
      0.914232
      0.914232
      0.914232
      0.914232
      0.914232
      0.914232
      0.914232
      0.914232
      0.914232
      0.914232
      0.914232
      0.914232
      0.914232
      0.914232
      0.914232
      0.914232
      0.914232
      0.914233
      0.914233
      0.914233
      0.914233
      0.914233
      0.914233
      0.914233
      0.914233
      0.914234
      0.914234
      0.914234
      0.914234
      0.914234
      0.914234
      0.914234
      0.914234
      0.914234
      0.914234
      0.914234
      0.914234
      0.914234
      0.957021
      0.957021
      0.957021
      0.957021
      0.957021
      0.957021
      0.957021
      0.957021
      0.957021
      0.957021
      0.957021
      0.957021
      0.957021
      0.957021
      0.957021
      0.957021
      0.957021
      0.957021
      0.957021
      0.957021
      0.957021
       0.95702
       0.95702
       0.95702
       0.95702
       0.95702
       0.95702
       0.95702
       0.95702
       0.95702
       0.95702
       0.95702
       0.95702
       0.95702
       0.95702
       0.95702
       0.95702
       0.95702
      0.957021
      0.957021
      0.957021
      0.957021
      0.957021
      0.957021
      0.957021
      0.957021
      0.957021
      0.957021
      0.957021
      0.957021
      0.957021
      0.957021
      0.957021
      0.957021
      0.957021
      0.957021
      0.957021
      0.957021
      0.957021
             1
             1
             1
             1
             1
             1
             1
             1
             1
             1
             1
             1
             1
             1
             1
             1
             1
             1
             1
             1
             1
             1
             1
             1
             1
             1
             1
             1
             1
             1
             1
             1
             1
             1
             1
             1
             1
             1
             1
             1
             1
             1
             1
             1
             1
             1
             1
             1
             1
             1
             1
             1
             1
             1
             1
             1
             1
             1
             1
