             1
             1
             1
             1
             1
             1
             1
             1
             1
             1
             1
             1
             1
             1
             1
             1
             1
             1
             1
             1
             1
             1
             1
             1
             1
             1
             1
             1
             1
             1
             1
             1
             1
             1
             1
             1
             1
             1
             1
             1
             1
             1
             1
             1
             1
             1
             1
             1
             1
             1
             1
             1
             1
             1
             1
             1
             1
             1
             1
      0.957318
      0.957318
      0.957318
      0.957318
      0.957318
      0.957318
      0.957318
      0.957318
      0.957318
      0.957318
      0.957318
      0.957318
      0.957318
      0.957318
      0.957318
      0.957317
      0.957317
      0.957317
      0.957317
      0.957317
      0.957317
      0.957317
      0.957317
      0.957317
      0.957317
      0.957317
      0.957317
      0.957317
      0.957317
      0.957317
      0.957317
      0.957317
      0.957317
      0.957317
      0.957317
      0.957317
      0.957317
      0.957317
      0.957317
      0.957317
      0.957317
      0.957317
      0.957317
      0.957318
      0.957318
      0.957318
      0.957318
      0.957318
      0.957318
      0.957318
      0.957318
      0.957318
      0.957318
      0.957318
      0.957318
      0.957318
      0.957318
      0.957318
      0.957318
      0.914826
      0.914826
      0.914826
      0.914826
      0.914826
      0.914826
      0.914826
      0.914825
      0.914825
      0.914825
      0.914825
      0.914825
      0.914825
      0.914825
      0.914825
      0.914825
      0.914824
      0.914824
      0.914824
      0.914824
      0.914824
      0.914823
      0.914823
      0.914823
      0.914823
      0.914823
      0.914823
      0.914823
      0.914823
      0.914823
      0.914823
      0.914823
      0.914823
      0.914823
      0.914823
      0.914823
      0.914823
      0.914824
      0.914824
      0.914824
      0.914824
      0.914824
      0.914825
      0.914825
      0.914825
      0.914825
      0.914825
      0.914825
      0.914825
      0.914825
      0.914825
      0.914825
      0.914826
      0.914826
      0.914826
      0.914826
      0.914826
      0.914826
      0.914826
       0.87266
       0.87266
       0.87266
       0.87266
       0.87266
       0.87266
       0.87266
       0.87266
       0.87266
      0.872659
      0.872659
      0.872659
      0.872659
      0.872659
      0.872658
      0.872658
      0.872658
      0.872658
      0.872657
      0.872657
      0.872657
      0.872656
      0.872656
      0.872656
      0.872655
      0.872655
      0.872655
      0.872655
      0.872655
      0.872655
      0.872655
      0.872655
      0.872655
      0.872655
      0.872656
      0.872656
      0.872656
      0.872657
      0.872657
      0.872657
      0.872658
      0.872658
      0.872658
      0.872658
      0.872659
      0.872659
      0.872659
      0.872659
      0.872659
      0.872659
       0.87266
       0.87266
       0.87266
       0.87266
       0.87266
       0.87266
       0.87266
       0.87266
       0.87266
      0.830957
      0.830957
      0.830957
      0.830957
      0.830957
      0.830956
      0.830956
      0.830956
      0.830956
      0.830956
      0.830956
      0.830955
      0.830955
      0.830955
      0.830955
      0.830954
      0.830954
      0.830953
      0.830953
      0.830952
      0.830952
      0.830951
      0.830951
       0.83095
       0.83095
      0.830949
      0.830949
      0.830949
      0.830949
      0.830949
      0.830949
      0.830949
       0.83095
       0.83095
      0.830951
      0.830951
      0.830952
      0.830952
      0.830952
      0.830953
      0.830953
      0.830954
      0.830954
      0.830954
      0.830955
      0.830955
      0.830955
      0.830955
      0.830956
      0.830956
      0.830956
      0.830956
      0.830956
      0.830956
      0.830957
      0.830957
      0.830957
      0.830957
      0.830957
      0.789848
      0.789848
      0.789848
      0.789848
      0.789848
      0.789848
      0.789848
      0.789848
      0.789848
      0.789847
      0.789847
      0.789847
      0.789846
      0.789846
      0.789846
      0.789845
      0.789844
      0.789844
      0.789843
      0.789842
      0.789842
      0.789841
       0.78984
      0.789839
      0.789838
      0.789838
      0.789837
      0.789837
      0.789837
      0.789837
      0.789838
      0.789838
      0.789839
      0.789839
       0.78984
       0.78984
      0.789841
      0.789842
      0.789843
      0.789843
      0.789844
      0.789844
      0.789845
      0.789845
      0.789846
      0.789846
      0.789847
      0.789847
      0.789847
      0.789847
      0.789848
      0.789848
      0.789848
      0.789848
      0.789848
      0.789848
      0.789848
      0.789848
      0.789848
      0.749466
      0.749465
      0.749466
      0.749465
      0.749465
      0.749465
      0.749465
      0.749465
      0.749465
      0.749464
      0.749464
      0.749463
      0.749463
      0.749462
      0.749462
      0.749461
       0.74946
      0.749459
      0.749458
      0.749457
      0.749456
      0.749454
      0.749453
      0.749451
      0.749451
      0.749449
      0.749449
      0.749448
      0.749448
      0.749448
      0.749449
       0.74945
      0.749451
      0.749452
      0.749454
      0.749454
      0.749456
      0.749456
      0.749458
      0.749458
       0.74946
       0.74946
      0.749461
      0.749461
      0.749462
      0.749463
      0.749463
      0.749463
      0.749464
      0.749464
      0.749465
      0.749465
      0.749465
      0.749465
      0.749465
      0.749465
      0.749466
      0.749465
      0.749466
      0.709933
      0.709933
      0.709933
      0.709933
      0.709933
      0.709932
      0.709932
      0.709932
      0.709932
      0.709931
      0.709931
       0.70993
       0.70993
      0.709929
      0.709928
      0.709927
      0.709926
      0.709924
      0.709922
       0.70992
      0.709918
      0.709916
      0.709914
      0.709911
      0.709909
      0.709906
      0.709905
      0.709904
      0.709905
      0.709905
      0.709907
      0.709909
      0.709911
      0.709913
      0.709916
      0.709917
      0.709919
      0.709921
      0.709922
      0.709924
      0.709925
      0.709926
      0.709927
      0.709928
      0.709929
      0.709929
       0.70993
       0.70993
      0.709931
      0.709931
      0.709932
      0.709932
      0.709932
      0.709932
      0.709933
      0.709933
      0.709933
      0.709933
      0.709933
      0.671373
      0.671372
      0.671373
      0.671372
      0.671372
      0.671372
      0.671372
      0.671371
      0.671371
       0.67137
       0.67137
      0.671369
      0.671368
      0.671367
      0.671366
      0.671364
      0.671362
       0.67136
      0.671357
      0.671354
       0.67135
      0.671346
      0.671342
      0.671336
      0.671332
      0.671327
      0.671325
      0.671322
      0.671324
      0.671325
       0.67133
      0.671334
      0.671339
      0.671343
      0.671347
       0.67135
      0.671354
      0.671356
      0.671359
       0.67136
      0.671362
      0.671363
      0.671365
      0.671366
      0.671367
      0.671368
      0.671369
      0.671369
       0.67137
      0.671371
      0.671371
      0.671371
      0.671372
      0.671372
      0.671372
      0.671372
      0.671373
      0.671372
      0.671373
      0.633899
      0.633899
      0.633899
      0.633899
      0.633899
      0.633899
      0.633898
      0.633898
      0.633897
      0.633897
      0.633896
      0.633895
      0.633894
      0.633892
       0.63389
      0.633887
      0.633884
       0.63388
      0.633876
       0.63387
      0.633863
      0.633855
      0.633846
      0.633836
      0.633825
      0.633815
      0.633808
      0.633803
      0.633806
       0.63381
      0.633821
      0.633831
      0.633842
      0.633852
       0.63386
      0.633866
      0.633872
      0.633876
       0.63388
      0.633883
      0.633886
      0.633888
       0.63389
      0.633891
      0.633893
      0.633894
      0.633895
      0.633896
      0.633896
      0.633897
      0.633898
      0.633898
      0.633898
      0.633899
      0.633899
      0.633899
      0.633899
      0.633899
      0.633899
      0.597624
      0.597624
      0.597624
      0.597624
      0.597624
      0.597623
      0.597623
      0.597622
      0.597622
      0.597621
       0.59762
      0.597618
      0.597617
      0.597614
      0.597611
      0.597607
      0.597602
      0.597595
      0.597587
      0.597576
      0.597564
      0.597548
       0.59753
      0.597508
      0.597485
      0.597459
      0.597444
      0.597428
      0.597437
      0.597445
      0.597474
      0.597499
      0.597525
      0.597544
      0.597561
      0.597573
      0.597583
      0.597591
      0.597597
      0.597602
      0.597606
      0.597609
      0.597612
      0.597614
      0.597616
      0.597617
      0.597619
       0.59762
      0.597621
      0.597621
      0.597622
      0.597622
      0.597623
      0.597623
      0.597624
      0.597624
      0.597624
      0.597624
      0.597624
       0.56265
       0.56265
       0.56265
       0.56265
      0.562649
      0.562649
      0.562649
      0.562648
      0.562647
      0.562646
      0.562644
      0.562642
       0.56264
      0.562636
      0.562631
      0.562624
      0.562615
      0.562603
      0.562588
      0.562568
      0.562544
      0.562514
      0.562477
       0.56243
      0.562374
      0.562312
      0.562259
       0.56222
      0.562229
      0.562263
      0.562335
      0.562406
      0.562466
       0.56251
      0.562544
      0.562568
      0.562587
        0.5626
      0.562611
      0.562619
      0.562626
       0.56263
      0.562634
      0.562637
       0.56264
      0.562642
      0.562643
      0.562645
      0.562646
      0.562647
      0.562648
      0.562648
      0.562649
      0.562649
       0.56265
       0.56265
       0.56265
       0.56265
       0.56265
      0.529076
      0.529075
      0.529076
      0.529075
      0.529075
      0.529074
      0.529074
      0.529072
      0.529072
       0.52907
      0.529068
      0.529065
      0.529061
      0.529055
      0.529047
      0.529034
      0.529019
      0.528996
      0.528969
      0.528932
      0.528888
      0.528829
      0.528757
      0.528657
      0.528531
      0.528374
      0.528237
      0.528113
       0.52814
      0.528216
      0.528417
      0.528593
      0.528731
      0.528824
      0.528894
       0.52894
      0.528975
         0.529
      0.529019
      0.529032
      0.529042
      0.529049
      0.529055
      0.529059
      0.529063
      0.529065
      0.529067
      0.529069
      0.529071
      0.529071
      0.529073
      0.529073
      0.529074
      0.529074
      0.529075
      0.529075
      0.529076
      0.529075
      0.529076
       0.49699
       0.49699
       0.49699
       0.49699
      0.496989
      0.496988
      0.496988
      0.496987
      0.496985
      0.496983
       0.49698
      0.496976
      0.496969
      0.496959
      0.496945
      0.496924
      0.496894
      0.496853
      0.496801
      0.496732
      0.496649
       0.49654
      0.496401
      0.496201
      0.495915
      0.495528
      0.495082
      0.494779
      0.494812
       0.49503
      0.495554
      0.496034
      0.496344
      0.496526
      0.496662
      0.496758
      0.496826
      0.496872
      0.496905
      0.496927
      0.496943
      0.496955
      0.496963
      0.496969
      0.496974
      0.496977
       0.49698
      0.496982
      0.496984
      0.496985
      0.496987
      0.496987
      0.496988
      0.496989
      0.496989
       0.49699
       0.49699
       0.49699
       0.49699
      0.466479
      0.466479
      0.466479
      0.466478
      0.466478
      0.466477
      0.466476
      0.466474
      0.466473
       0.46647
      0.466466
      0.466458
      0.466448
      0.466431
      0.466407
      0.466369
      0.466315
      0.466238
      0.466142
      0.466009
      0.465863
      0.465661
      0.465416
      0.465026
      0.464424
      0.463544
      0.462357
      0.461498
      0.461703
      0.462052
      0.463445
       0.46466
      0.465298
      0.465603
      0.465879
      0.466075
      0.466207
      0.466293
       0.46635
      0.466387
      0.466413
      0.466431
      0.466444
      0.466452
      0.466459
      0.466463
      0.466467
      0.466469
      0.466472
      0.466473
      0.466475
      0.466476
      0.466477
      0.466477
      0.466478
      0.466478
      0.466479
      0.466479
      0.466479
      0.437618
      0.437618
      0.437618
      0.437617
      0.437617
      0.437616
      0.437615
      0.437613
       0.43761
      0.437606
      0.437599
      0.437589
      0.437572
      0.437544
      0.437501
      0.437433
      0.437331
      0.437185
      0.436988
      0.436743
      0.436466
      0.436122
      0.435679
      0.435031
      0.433994
      0.432038
      0.430733
      0.430122
      0.430336
      0.431213
      0.432725
      0.434416
      0.435272
       0.43586
       0.43647
      0.436907
      0.437171
      0.437323
      0.437419
      0.437482
      0.437524
      0.437552
      0.437571
      0.437583
      0.437592
      0.437599
      0.437603
      0.437607
       0.43761
      0.437612
      0.437613
      0.437615
      0.437616
      0.437616
      0.437617
      0.437618
      0.437618
      0.437618
      0.437618
      0.410479
      0.410478
      0.410479
      0.410478
      0.410477
      0.410476
      0.410475
      0.410472
      0.410469
      0.410462
      0.410453
      0.410436
      0.410409
      0.410363
       0.41029
      0.410169
      0.409983
      0.409701
      0.409296
      0.408811
      0.408342
      0.407762
      0.407034
      0.405991
      0.404519
      0.402378
      0.400783
       0.39972
      0.400414
      0.401596
      0.403198
       0.40473
      0.405886
      0.406767
      0.408295
      0.409264
      0.409771
      0.410012
      0.410174
      0.410277
      0.410345
      0.410387
      0.410416
      0.410434
      0.410447
      0.410455
      0.410461
      0.410465
      0.410469
      0.410471
      0.410473
      0.410475
      0.410476
      0.410477
      0.410478
      0.410478
      0.410479
      0.410479
      0.410479
      0.385124
      0.385123
      0.385123
      0.385122
      0.385122
       0.38512
      0.385118
      0.385115
       0.38511
      0.385101
      0.385087
      0.385062
      0.385019
      0.384945
      0.384821
      0.384613
      0.384279
      0.383751
      0.382956
      0.381743
      0.381187
      0.380204
      0.379076
      0.377307
      0.376345
      0.374111
      0.372598
      0.371884
      0.372132
      0.372964
      0.375014
      0.376601
      0.378187
      0.379859
      0.382044
      0.383238
      0.383925
      0.384374
      0.384653
      0.384822
      0.384929
      0.384996
      0.385039
      0.385066
      0.385083
      0.385094
      0.385102
      0.385108
      0.385112
      0.385115
      0.385117
      0.385119
       0.38512
      0.385121
      0.385122
      0.385123
      0.385123
      0.385124
      0.385124
      0.361611
       0.36161
       0.36161
      0.361609
      0.361608
      0.361606
      0.361604
        0.3616
      0.361593
      0.361581
       0.36156
      0.361523
      0.361457
       0.36134
      0.361139
      0.360793
      0.360228
      0.359284
      0.357802
      0.356442
      0.354611
      0.352755
      0.351351
      0.349663
      0.348366
      0.346619
      0.345034
      0.344409
      0.344484
      0.346196
      0.348134
      0.349936
      0.352393
      0.354809
      0.357102
      0.358637
      0.359566
      0.360412
      0.360894
       0.36116
       0.36133
      0.361434
      0.361498
      0.361536
       0.36156
      0.361575
      0.361585
      0.361592
      0.361597
        0.3616
      0.361603
      0.361605
      0.361607
      0.361608
      0.361609
       0.36161
       0.36161
       0.36161
      0.361611
      0.339989
      0.339989
      0.339989
      0.339988
      0.339987
      0.339985
      0.339982
      0.339976
      0.339967
       0.33995
      0.339921
      0.339866
      0.339768
      0.339589
      0.339272
      0.338714
      0.337773
      0.336297
      0.333757
      0.331547
      0.329177
      0.326565
      0.325116
      0.322641
      0.321662
      0.319984
      0.318084
      0.317128
      0.317154
      0.320015
      0.322768
      0.325507
       0.32832
      0.330932
      0.333698
      0.335079
      0.336608
      0.338112
      0.338843
      0.339305
      0.339584
      0.339745
      0.339839
      0.339894
      0.339926
      0.339946
      0.339959
      0.339968
      0.339974
      0.339978
      0.339981
      0.339983
      0.339985
      0.339987
      0.339988
      0.339988
      0.339989
      0.339989
       0.33999
      0.320306
      0.320305
      0.320305
      0.320304
      0.320303
        0.3203
      0.320297
      0.320289
      0.320278
      0.320255
      0.320215
      0.320137
      0.319998
      0.319732
      0.319258
      0.318385
      0.316856
      0.314956
      0.311998
      0.308909
       0.30542
      0.302306
      0.300222
      0.298189
      0.295867
      0.293936
      0.292796
      0.291455
      0.292176
      0.294414
      0.297974
       0.30159
      0.305164
      0.308407
      0.311268
      0.313563
      0.315775
      0.317549
      0.318463
      0.319272
      0.319728
      0.319974
      0.320111
      0.320185
      0.320229
      0.320254
      0.320271
      0.320281
      0.320288
      0.320293
      0.320297
      0.320299
      0.320302
      0.320303
      0.320304
      0.320305
      0.320306
      0.320306
      0.320306
      0.302598
      0.302598
      0.302597
      0.302596
      0.302594
      0.302592
      0.302587
      0.302578
      0.302563
      0.302534
       0.30248
      0.302374
      0.302177
      0.301805
      0.301122
      0.299843
      0.297419
      0.294817
       0.29175
      0.288131
      0.283698
      0.279224
      0.277369
      0.274999
      0.272329
      0.271395
      0.271029
      0.269921
      0.270041
      0.271841
      0.275674
      0.279911
      0.283575
       0.28731
      0.290434
      0.293362
      0.296493
      0.298581
      0.299596
      0.301084
        0.3018
      0.302157
      0.302346
      0.302447
      0.302504
      0.302537
      0.302557
      0.302569
      0.302578
      0.302584
      0.302588
      0.302591
      0.302593
      0.302595
      0.302596
      0.302597
      0.302598
      0.302598
      0.302598
        0.2869
        0.2869
        0.2869
      0.286898
      0.286897
      0.286893
      0.286888
      0.286878
      0.286859
      0.286823
      0.286754
      0.286615
      0.286354
      0.285852
      0.284955
      0.283283
      0.280382
      0.276961
      0.273434
      0.269008
      0.264483
       0.25974
      0.256616
      0.253455
      0.252673
      0.251837
      0.251379
      0.250408
      0.250887
      0.252808
      0.256624
      0.260542
      0.263962
      0.267546
       0.27115
      0.274735
      0.278265
      0.281049
      0.283093
      0.284931
      0.285882
      0.286341
       0.28659
      0.286718
       0.28679
      0.286829
      0.286854
      0.286868
      0.286878
      0.286885
       0.28689
      0.286893
      0.286895
      0.286897
      0.286899
      0.286899
        0.2869
      0.286901
      0.286901
      0.273241
      0.273241
       0.27324
      0.273239
      0.273237
      0.273233
      0.273227
      0.273215
      0.273193
      0.273149
      0.273063
       0.27289
      0.272551
      0.271883
      0.270657
      0.268608
      0.265387
      0.262002
      0.257899
      0.252232
      0.248587
      0.244023
      0.240619
      0.238362
      0.237244
      0.236876
      0.235219
      0.234251
      0.234844
      0.236902
      0.240656
      0.243134
      0.246737
      0.250145
      0.254307
      0.257593
      0.262294
      0.265771
      0.268471
      0.270784
      0.271956
       0.27255
      0.272861
      0.273023
      0.273111
       0.27316
      0.273189
      0.273206
      0.273217
      0.273224
      0.273229
      0.273233
      0.273236
      0.273238
      0.273239
       0.27324
      0.273241
      0.273242
      0.273242
      0.261645
      0.261645
      0.261645
      0.261643
      0.261641
      0.261637
       0.26163
      0.261616
      0.261591
       0.26154
      0.261441
      0.261233
      0.260828
      0.259942
      0.258201
      0.255577
      0.252376
      0.248856
      0.244395
      0.239079
      0.234858
      0.231874
      0.227955
      0.224564
      0.223526
      0.222196
      0.221068
        0.2209
       0.22158
      0.223929
      0.226414
      0.229042
      0.233117
      0.237219
      0.240795
      0.244055
      0.249089
      0.253177
      0.256465
      0.258786
       0.26012
      0.260824
      0.261201
      0.261391
      0.261497
      0.261554
      0.261587
      0.261606
      0.261619
      0.261627
      0.261633
      0.261637
       0.26164
      0.261642
      0.261644
      0.261644
      0.261645
      0.261646
      0.261646
      0.252132
      0.252131
      0.252131
      0.252129
      0.252127
      0.252122
      0.252115
        0.2521
      0.252072
      0.252015
        0.2519
       0.25166
       0.25117
      0.250145
      0.248041
      0.245199
       0.24141
      0.237379
      0.233568
      0.227815
      0.223115
      0.221274
      0.218004
      0.215268
      0.213348
      0.211419
      0.209526
      0.209277
      0.210177
      0.213654
       0.21541
      0.218398
      0.222824
      0.226622
      0.230938
       0.23517
      0.239333
      0.243158
      0.246612
      0.248622
      0.250309
       0.25116
      0.251606
      0.251838
      0.251963
       0.25203
      0.252068
      0.252089
      0.252103
      0.252112
      0.252118
      0.252122
      0.252126
      0.252128
       0.25213
      0.252131
      0.252132
      0.252132
      0.252132
      0.244717
      0.244716
      0.244716
      0.244714
      0.244712
      0.244707
      0.244699
      0.244683
      0.244654
      0.244592
      0.244472
      0.244202
      0.243649
      0.242495
      0.240295
      0.237377
      0.233434
      0.229073
      0.224207
      0.219422
      0.215496
      0.212537
      0.209778
      0.207364
      0.205399
      0.204063
      0.202064
      0.200735
      0.202068
      0.204654
      0.207856
      0.211163
      0.214715
      0.219005
      0.223186
      0.226847
      0.230848
      0.234966
        0.2383
      0.240687
      0.242519
      0.243563
       0.24411
      0.244381
      0.244529
      0.244605
      0.244648
      0.244672
      0.244687
      0.244696
      0.244703
      0.244707
      0.244711
      0.244713
      0.244715
      0.244716
      0.244717
      0.244717
      0.244717
      0.239412
      0.239411
      0.239411
      0.239409
      0.239406
      0.239402
      0.239393
      0.239377
      0.239346
      0.239282
       0.23915
       0.23886
       0.23823
      0.236785
      0.234694
      0.231928
       0.22796
      0.223058
      0.217969
      0.213844
      0.210757
      0.207433
      0.203932
      0.201333
      0.199423
      0.198193
      0.197812
      0.196897
      0.197756
      0.199534
      0.203725
      0.206749
       0.20904
       0.21302
      0.218099
       0.22134
      0.224249
      0.228698
      0.232037
      0.234972
      0.236857
      0.238028
      0.238684
      0.239024
      0.239201
      0.239291
      0.239338
      0.239365
       0.23938
       0.23939
      0.239397
      0.239402
      0.239405
      0.239408
       0.23941
      0.239411
      0.239412
      0.239412
      0.239412
      0.236226
      0.236225
      0.236225
      0.236223
       0.23622
      0.236215
      0.236208
      0.236191
      0.236162
      0.236097
      0.235968
      0.235659
      0.234996
      0.233753
      0.231606
       0.22891
      0.225193
      0.220594
      0.216323
      0.212274
      0.208535
      0.204919
      0.201164
      0.198512
      0.196631
      0.195523
      0.195243
      0.195582
      0.196974
      0.199685
      0.202336
      0.204526
      0.207385
      0.210765
      0.214973
      0.217952
      0.220834
      0.224422
      0.227772
      0.230656
      0.232904
      0.234502
      0.235363
      0.235782
      0.235996
      0.236097
       0.23615
      0.236177
      0.236194
      0.236204
      0.236211
      0.236215
      0.236219
      0.236221
      0.236223
      0.236225
      0.236226
      0.236226
      0.236226
      0.235163
      0.235162
      0.235162
       0.23516
      0.235158
      0.235153
      0.235145
       0.23513
        0.2351
      0.235038
      0.234905
      0.234597
      0.233905
      0.232354
      0.230512
      0.228117
      0.225043
      0.221184
      0.217494
      0.212869
      0.208949
      0.205162
      0.200974
      0.198842
      0.196884
      0.196105
        0.1954
      0.195894
      0.198341
      0.201564
      0.203898
      0.206389
      0.208997
      0.212635
      0.215593
      0.218231
      0.219948
      0.222785
      0.226017
      0.228753
      0.231111
      0.233047
      0.234116
      0.234657
      0.234915
       0.23503
      0.235086
      0.235114
      0.235131
      0.235141
      0.235148
      0.235153
      0.235156
      0.235159
      0.235161
      0.235162
      0.235163
      0.235163
      0.235163
      0.236226
      0.236225
      0.236225
      0.236223
      0.236221
      0.236216
      0.236209
      0.236194
      0.236168
      0.236111
      0.235998
      0.235698
      0.235012
      0.233647
      0.231718
      0.229188
       0.22634
      0.223005
      0.219513
      0.215859
      0.212197
      0.208606
      0.204437
      0.201476
      0.199991
      0.199268
      0.198687
      0.200244
      0.202117
      0.204556
      0.207091
      0.209792
      0.212661
      0.215379
      0.218558
      0.220898
      0.222686
      0.224497
      0.227234
      0.229984
      0.232008
      0.233588
      0.234973
      0.235677
      0.235984
      0.236095
      0.236151
      0.236178
      0.236194
      0.236204
      0.236211
      0.236215
      0.236219
      0.236221
      0.236223
      0.236225
      0.236226
      0.236226
      0.236226
      0.239412
      0.239411
      0.239411
      0.239409
      0.239407
      0.239403
      0.239396
      0.239383
      0.239358
      0.239307
        0.2392
      0.238958
       0.23844
      0.237368
      0.235311
      0.232954
      0.229906
      0.226884
      0.223397
      0.220481
      0.217361
      0.213919
      0.209788
      0.206748
      0.205253
      0.203473
      0.202956
      0.204284
      0.207057
      0.209276
        0.2119
      0.214807
      0.218294
      0.221391
      0.224209
      0.226486
      0.228222
      0.229435
      0.231261
      0.233492
      0.235308
      0.236912
      0.238278
      0.238899
      0.239173
      0.239286
      0.239339
      0.239366
      0.239381
      0.239391
      0.239397
      0.239402
      0.239405
      0.239408
       0.23941
      0.239411
      0.239412
      0.239412
      0.239412
      0.244717
      0.244716
      0.244716
      0.244714
      0.244712
      0.244708
      0.244703
      0.244691
       0.24467
      0.244626
      0.244536
      0.244331
      0.243903
      0.242933
      0.241054
       0.23882
      0.236067
      0.232816
      0.230011
      0.226838
      0.224245
      0.221138
      0.216773
      0.213115
      0.211879
      0.210753
      0.209884
      0.209999
       0.21264
       0.21542
      0.218384
      0.221309
      0.224878
      0.228428
      0.231301
      0.233687
      0.235405
      0.236674
      0.237767
      0.239002
       0.24076
      0.242362
      0.243603
      0.244247
      0.244511
      0.244603
       0.24465
      0.244674
      0.244688
      0.244697
      0.244703
      0.244707
      0.244711
      0.244713
      0.244715
      0.244716
      0.244717
      0.244717
      0.244717
      0.252132
      0.252131
      0.252131
       0.25213
      0.252128
      0.252124
      0.252119
      0.252109
      0.252091
      0.252054
      0.251977
      0.251798
        0.2514
      0.250527
      0.248783
      0.247028
      0.245002
      0.242603
      0.239774
      0.235701
      0.233432
      0.230209
      0.225953
         0.223
      0.221662
      0.220608
      0.219882
      0.219545
      0.220974
      0.223196
      0.226663
      0.229419
      0.232973
      0.237019
      0.240018
      0.242729
      0.244427
      0.245582
      0.246498
       0.24723
      0.248682
      0.249993
      0.251228
      0.251734
      0.251944
       0.25203
      0.252071
      0.252092
      0.252105
      0.252113
      0.252119
      0.252123
      0.252126
      0.252128
       0.25213
      0.252131
      0.252132
      0.252132
      0.252132
      0.261646
      0.261645
      0.261645
      0.261643
      0.261642
      0.261639
      0.261634
      0.261626
      0.261611
      0.261583
      0.261529
      0.261369
      0.260978
      0.260113
      0.259054
      0.257561
      0.255966
      0.254014
      0.251344
      0.248034
      0.245155
      0.241592
      0.238134
      0.235604
      0.233939
      0.233058
      0.232548
      0.232172
      0.231739
       0.23324
      0.235947
      0.238993
      0.243131
      0.247471
      0.250914
      0.253762
      0.255427
      0.256424
      0.257133
       0.25789
      0.258917
      0.260251
      0.260978
      0.261335
      0.261494
      0.261558
      0.261592
      0.261609
      0.261621
      0.261628
      0.261633
      0.261637
       0.26164
      0.261642
      0.261644
      0.261644
      0.261645
      0.261646
      0.261646
      0.273241
      0.273241
      0.273241
      0.273239
      0.273238
      0.273235
      0.273231
      0.273225
      0.273213
       0.27319
      0.273146
      0.273046
      0.272834
      0.272412
      0.271705
      0.270386
      0.269013
      0.267764
      0.265071
      0.262337
      0.259729
      0.256334
      0.252725
      0.249394
      0.248392
      0.248183
      0.247124
      0.246348
      0.244618
      0.245681
      0.248291
      0.251383
      0.255621
      0.259727
      0.263671
      0.266511
       0.26837
      0.269296
      0.269849
      0.270407
      0.271084
      0.272251
      0.272773
      0.273009
      0.273118
      0.273168
      0.273194
      0.273209
      0.273219
      0.273225
       0.27323
      0.273233
      0.273236
      0.273238
       0.27324
       0.27324
      0.273241
      0.273242
      0.273242
      0.286901
        0.2869
        0.2869
      0.286899
      0.286898
      0.286895
      0.286892
      0.286886
      0.286878
       0.28686
       0.28683
      0.286767
      0.286649
      0.286414
      0.286002
      0.285319
      0.284304
      0.282986
      0.280319
      0.277316
      0.275572
       0.27324
      0.270019
       0.26697
      0.265033
      0.263503
      0.262804
         0.263
      0.262017
      0.262204
      0.264124
      0.266898
      0.270923
      0.275206
      0.278864
      0.281483
      0.283354
      0.284486
      0.284936
      0.285441
      0.285752
      0.286302
      0.286594
      0.286734
      0.286805
      0.286839
       0.28686
      0.286872
       0.28688
      0.286885
       0.28689
      0.286893
      0.286896
      0.286897
      0.286899
        0.2869
        0.2869
      0.286901
      0.286901
      0.302598
      0.302598
      0.302597
      0.302596
      0.302595
      0.302593
       0.30259
      0.302586
      0.302579
      0.302567
      0.302546
      0.302506
      0.302434
      0.302301
      0.302066
      0.301664
      0.301004
      0.299878
      0.297637
      0.295339
      0.293747
      0.291321
      0.289124
      0.286314
      0.284063
      0.281154
      0.279971
      0.280324
      0.281076
      0.280762
      0.282904
      0.285546
      0.288765
      0.292663
      0.296252
      0.298549
      0.300107
      0.301018
        0.3015
       0.30182
      0.302041
      0.302259
        0.3024
      0.302479
      0.302523
      0.302548
      0.302563
      0.302572
      0.302579
      0.302584
      0.302588
      0.302591
      0.302593
      0.302595
      0.302596
      0.302597
      0.302598
      0.302598
      0.302598
      0.320306
      0.320305
      0.320305
      0.320304
      0.320303
      0.320301
      0.320299
      0.320296
      0.320291
      0.320281
      0.320268
      0.320242
      0.320198
      0.320119
      0.319986
      0.319744
      0.319348
      0.318543
      0.316992
      0.315503
      0.313781
      0.311547
      0.309277
       0.30726
      0.304557
      0.302352
       0.30115
      0.301008
      0.300724
      0.300539
      0.302812
      0.305205
      0.308764
      0.312101
      0.314893
      0.316657
      0.318311
      0.319184
       0.31964
      0.319851
      0.320009
      0.320103
      0.320173
      0.320218
      0.320247
      0.320264
      0.320276
      0.320283
       0.32029
      0.320293
      0.320297
      0.320299
      0.320302
      0.320303
      0.320304
      0.320305
      0.320306
      0.320306
      0.320306
      0.339989
      0.339989
      0.339989
      0.339988
      0.339987
      0.339986
      0.339984
      0.339981
      0.339977
       0.33997
       0.33996
      0.339944
      0.339916
      0.339868
      0.339786
      0.339641
      0.339385
      0.338878
      0.337765
      0.337131
      0.335657
      0.333131
      0.330744
      0.329326
      0.326707
      0.325444
      0.324155
      0.323724
      0.322893
        0.3246
       0.32593
       0.32854
        0.3312
      0.334094
      0.335844
      0.337611
      0.338639
      0.339208
       0.33952
      0.339686
      0.339789
      0.339852
      0.339895
      0.339923
      0.339942
      0.339955
      0.339964
       0.33997
      0.339975
      0.339979
      0.339982
      0.339984
      0.339986
      0.339987
      0.339988
      0.339989
      0.339989
      0.339989
       0.33999
      0.361611
       0.36161
       0.36161
      0.361609
      0.361609
      0.361607
      0.361606
      0.361603
        0.3616
      0.361595
      0.361589
      0.361577
       0.36156
       0.36153
      0.361482
      0.361395
      0.361249
      0.360967
       0.36044
      0.359836
      0.358598
      0.356588
      0.355017
      0.353362
      0.351386
      0.349654
      0.348063
      0.346546
      0.347391
      0.349325
       0.35095
      0.353024
      0.355287
      0.357019
       0.35876
      0.360037
      0.360726
      0.361078
      0.361284
      0.361398
       0.36147
      0.361511
       0.36154
      0.361558
      0.361572
      0.361581
      0.361589
      0.361594
      0.361598
      0.361601
      0.361604
      0.361605
      0.361607
      0.361608
      0.361609
       0.36161
       0.36161
       0.36161
      0.361611
      0.385124
      0.385123
      0.385123
      0.385123
      0.385122
      0.385121
       0.38512
      0.385118
      0.385115
      0.385111
      0.385106
      0.385098
      0.385087
      0.385068
      0.385038
      0.384988
      0.384902
      0.384752
      0.384494
      0.384091
      0.383411
      0.382399
       0.38118
        0.3792
      0.377781
      0.376395
       0.37468
      0.374287
       0.37389
      0.374939
      0.376951
         0.379
      0.381188
      0.382522
      0.383497
      0.384149
       0.38454
      0.384764
      0.384895
      0.384972
      0.385019
      0.385049
      0.385068
      0.385082
      0.385092
      0.385099
      0.385105
      0.385109
      0.385113
      0.385115
      0.385118
      0.385119
      0.385121
      0.385121
      0.385122
      0.385123
      0.385123
      0.385124
      0.385124
      0.410479
      0.410478
      0.410479
      0.410478
      0.410478
      0.410476
      0.410476
      0.410474
      0.410472
      0.410469
      0.410465
      0.410459
      0.410452
       0.41044
      0.410422
      0.410392
      0.410344
      0.410262
      0.410134
      0.409904
      0.409557
      0.408979
      0.408033
      0.406564
      0.405749
      0.404609
      0.403455
      0.402756
      0.402184
      0.402371
      0.404034
      0.405873
      0.407806
       0.40893
       0.40956
      0.409892
      0.410108
       0.41024
      0.410322
       0.41037
      0.410402
      0.410421
      0.410436
      0.410445
      0.410453
      0.410458
      0.410463
      0.410466
       0.41047
      0.410471
      0.410474
      0.410475
      0.410476
      0.410477
      0.410478
      0.410478
      0.410479
      0.410479
      0.410479
      0.437618
      0.437618
      0.437618
      0.437617
      0.437617
      0.437616
      0.437615
      0.437614
      0.437612
       0.43761
      0.437607
      0.437603
      0.437598
       0.43759
      0.437579
      0.437561
      0.437533
      0.437488
      0.437417
      0.437301
      0.437125
      0.436851
      0.436441
      0.435868
      0.435317
      0.434571
      0.433387
      0.432632
      0.432225
      0.432423
      0.433227
       0.43456
      0.436061
      0.436725
      0.437072
      0.437266
      0.437386
      0.437461
      0.437509
       0.43754
       0.43756
      0.437574
      0.437584
      0.437591
      0.437597
      0.437601
      0.437605
      0.437608
       0.43761
      0.437612
      0.437614
      0.437615
      0.437616
      0.437616
      0.437617
      0.437618
      0.437618
      0.437618
      0.437618
      0.466479
      0.466479
      0.466479
      0.466478
      0.466478
      0.466477
      0.466477
      0.466475
      0.466474
      0.466472
       0.46647
      0.466467
      0.466464
      0.466458
      0.466451
       0.46644
      0.466425
        0.4664
      0.466363
      0.466305
      0.466223
        0.4661
      0.465939
      0.465658
      0.465218
      0.464427
      0.464274
       0.46421
      0.463883
      0.464139
      0.464345
       0.46511
       0.46565
      0.465987
      0.466171
      0.466269
      0.466335
      0.466376
      0.466404
      0.466422
      0.466436
      0.466444
      0.466452
      0.466457
      0.466462
      0.466465
      0.466468
       0.46647
      0.466472
      0.466473
      0.466475
      0.466476
      0.466477
      0.466477
      0.466478
      0.466478
      0.466479
      0.466479
      0.466479
       0.49699
       0.49699
       0.49699
       0.49699
      0.496989
      0.496989
      0.496988
      0.496987
      0.496986
      0.496985
      0.496983
      0.496981
      0.496978
      0.496974
      0.496969
      0.496963
      0.496954
       0.49694
      0.496921
      0.496892
      0.496853
      0.496797
      0.496723
       0.49661
      0.496455
       0.49624
      0.496124
      0.496031
      0.495946
      0.496011
      0.496139
      0.496387
      0.496592
      0.496729
      0.496813
      0.496864
      0.496898
      0.496921
      0.496937
      0.496948
      0.496957
      0.496963
      0.496968
      0.496972
      0.496976
      0.496978
      0.496981
      0.496983
      0.496984
      0.496986
      0.496987
      0.496988
      0.496988
      0.496989
      0.496989
       0.49699
       0.49699
       0.49699
       0.49699
      0.529076
      0.529075
      0.529076
      0.529075
      0.529075
      0.529074
      0.529074
      0.529073
      0.529072
      0.529071
       0.52907
      0.529068
      0.529066
      0.529063
       0.52906
      0.529055
       0.52905
      0.529042
      0.529033
      0.529018
         0.529
      0.528974
      0.528943
      0.528897
      0.528848
      0.528774
      0.528747
      0.528684
      0.528686
      0.528683
      0.528757
      0.528812
      0.528885
      0.528936
      0.528973
      0.528998
      0.529016
      0.529028
      0.529038
      0.529044
       0.52905
      0.529054
      0.529058
      0.529061
      0.529064
      0.529066
      0.529068
      0.529069
      0.529071
      0.529071
      0.529073
      0.529073
      0.529074
      0.529074
      0.529075
      0.529075
      0.529076
      0.529075
      0.529076
       0.56265
       0.56265
       0.56265
       0.56265
       0.56265
      0.562649
      0.562649
      0.562648
      0.562647
      0.562646
      0.562645
      0.562644
      0.562642
       0.56264
      0.562638
      0.562635
      0.562632
      0.562627
      0.562621
      0.562614
      0.562605
      0.562592
      0.562578
      0.562559
      0.562538
      0.562513
      0.562496
      0.562478
      0.562477
       0.56248
      0.562503
      0.562525
      0.562551
      0.562572
      0.562588
        0.5626
      0.562609
      0.562616
      0.562622
      0.562626
       0.56263
      0.562633
      0.562636
      0.562638
       0.56264
      0.562642
      0.562644
      0.562645
      0.562646
      0.562647
      0.562648
      0.562648
      0.562649
      0.562649
       0.56265
       0.56265
       0.56265
       0.56265
       0.56265
      0.597624
      0.597624
      0.597624
      0.597624
      0.597624
      0.597623
      0.597623
      0.597622
      0.597622
      0.597621
       0.59762
      0.597619
      0.597618
      0.597616
      0.597615
      0.597613
      0.597611
      0.597607
      0.597604
        0.5976
      0.597595
      0.597589
      0.597583
      0.597574
      0.597566
      0.597555
       0.59755
      0.597542
      0.597544
      0.597543
      0.597553
      0.597559
       0.59757
      0.597577
      0.597585
       0.59759
      0.597596
      0.597599
      0.597603
      0.597606
      0.597609
      0.597611
      0.597613
      0.597615
      0.597617
      0.597617
      0.597619
       0.59762
      0.597621
      0.597621
      0.597622
      0.597622
      0.597623
      0.597623
      0.597624
      0.597624
      0.597624
      0.597624
      0.597624
      0.633899
      0.633899
      0.633899
      0.633899
      0.633899
      0.633899
      0.633898
      0.633898
      0.633897
      0.633897
      0.633896
      0.633895
      0.633894
      0.633893
      0.633892
       0.63389
      0.633889
      0.633887
      0.633885
      0.633882
      0.633879
      0.633876
      0.633873
      0.633868
      0.633865
       0.63386
      0.633858
      0.633855
      0.633855
      0.633855
      0.633858
      0.633861
      0.633865
      0.633869
      0.633873
      0.633876
      0.633879
      0.633881
      0.633883
      0.633885
      0.633887
      0.633889
       0.63389
      0.633892
      0.633893
      0.633894
      0.633895
      0.633896
      0.633897
      0.633897
      0.633898
      0.633898
      0.633898
      0.633899
      0.633899
      0.633899
      0.633899
      0.633899
      0.633899
      0.671373
      0.671372
      0.671373
      0.671372
      0.671372
      0.671372
      0.671372
      0.671371
      0.671371
       0.67137
       0.67137
      0.671369
      0.671369
      0.671368
      0.671367
      0.671366
      0.671365
      0.671363
      0.671362
       0.67136
      0.671358
      0.671356
      0.671355
      0.671352
       0.67135
      0.671348
      0.671347
      0.671345
      0.671346
      0.671345
      0.671347
      0.671348
       0.67135
      0.671352
      0.671354
      0.671355
      0.671357
      0.671359
       0.67136
      0.671362
      0.671363
      0.671364
      0.671366
      0.671366
      0.671368
      0.671368
      0.671369
      0.671369
       0.67137
      0.671371
      0.671371
      0.671371
      0.671372
      0.671372
      0.671372
      0.671372
      0.671373
      0.671372
      0.671373
      0.709933
      0.709933
      0.709933
      0.709933
      0.709933
      0.709932
      0.709932
      0.709932
      0.709932
      0.709931
      0.709931
       0.70993
       0.70993
      0.709929
      0.709928
      0.709927
      0.709927
      0.709926
      0.709925
      0.709923
      0.709922
      0.709921
       0.70992
      0.709919
      0.709917
      0.709916
      0.709916
      0.709915
      0.709915
      0.709915
      0.709915
      0.709916
      0.709917
      0.709918
      0.709919
       0.70992
      0.709921
      0.709922
      0.709923
      0.709924
      0.709926
      0.709926
      0.709927
      0.709928
      0.709929
      0.709929
       0.70993
      0.709931
      0.709931
      0.709931
      0.709932
      0.709932
      0.709932
      0.709932
      0.709933
      0.709933
      0.709933
      0.709933
      0.709933
      0.749466
      0.749465
      0.749466
      0.749465
      0.749465
      0.749465
      0.749465
      0.749465
      0.749465
      0.749464
      0.749464
      0.749463
      0.749463
      0.749462
      0.749462
      0.749461
      0.749461
       0.74946
      0.749459
      0.749458
      0.749458
      0.749457
      0.749456
      0.749455
      0.749455
      0.749454
      0.749453
      0.749453
      0.749453
      0.749453
      0.749453
      0.749453
      0.749454
      0.749454
      0.749455
      0.749456
      0.749457
      0.749457
      0.749458
      0.749459
       0.74946
       0.74946
      0.749461
      0.749462
      0.749462
      0.749463
      0.749463
      0.749463
      0.749464
      0.749464
      0.749465
      0.749465
      0.749465
      0.749465
      0.749465
      0.749465
      0.749466
      0.749465
      0.749466
      0.789848
      0.789848
      0.789848
      0.789848
      0.789848
      0.789848
      0.789848
      0.789848
      0.789848
      0.789847
      0.789847
      0.789847
      0.789847
      0.789846
      0.789846
      0.789845
      0.789845
      0.789844
      0.789844
      0.789843
      0.789842
      0.789842
      0.789841
      0.789841
       0.78984
       0.78984
       0.78984
      0.789839
      0.789839
      0.789839
      0.789839
      0.789839
       0.78984
       0.78984
      0.789841
      0.789841
      0.789842
      0.789842
      0.789843
      0.789843
      0.789844
      0.789844
      0.789845
      0.789845
      0.789846
      0.789846
      0.789847
      0.789847
      0.789847
      0.789847
      0.789848
      0.789848
      0.789848
      0.789848
      0.789848
      0.789848
      0.789848
      0.789848
      0.789848
      0.830957
      0.830957
      0.830957
      0.830957
      0.830957
      0.830956
      0.830956
      0.830956
      0.830956
      0.830956
      0.830956
      0.830955
      0.830955
      0.830955
      0.830955
      0.830954
      0.830954
      0.830953
      0.830953
      0.830953
      0.830952
      0.830952
      0.830952
      0.830951
      0.830951
       0.83095
       0.83095
       0.83095
       0.83095
       0.83095
       0.83095
       0.83095
      0.830951
      0.830951
      0.830951
      0.830951
      0.830952
      0.830952
      0.830953
      0.830953
      0.830953
      0.830954
      0.830954
      0.830954
      0.830955
      0.830955
      0.830955
      0.830955
      0.830956
      0.830956
      0.830956
      0.830956
      0.830956
      0.830956
      0.830957
      0.830957
      0.830957
      0.830957
      0.830957
       0.87266
       0.87266
       0.87266
       0.87266
       0.87266
       0.87266
       0.87266
       0.87266
       0.87266
      0.872659
      0.872659
      0.872659
      0.872659
      0.872659
      0.872658
      0.872658
      0.872658
      0.872658
      0.872657
      0.872657
      0.872657
      0.872657
      0.872656
      0.872656
      0.872656
      0.872656
      0.872656
      0.872655
      0.872655
      0.872655
      0.872655
      0.872655
      0.872656
      0.872656
      0.872656
      0.872656
      0.872657
      0.872657
      0.872657
      0.872657
      0.872658
      0.872658
      0.872658
      0.872658
      0.872659
      0.872659
      0.872659
      0.872659
      0.872659
      0.872659
       0.87266
       0.87266
       0.87266
       0.87266
       0.87266
       0.87266
       0.87266
       0.87266
       0.87266
      0.914826
      0.914826
      0.914826
      0.914826
      0.914826
      0.914826
      0.914826
      0.914825
      0.914825
      0.914825
      0.914825
      0.914825
      0.914825
      0.914825
      0.914825
      0.914825
      0.914824
      0.914824
      0.914824
      0.914824
      0.914824
      0.914824
      0.914823
      0.914823
      0.914823
      0.914823
      0.914823
      0.914823
      0.914823
      0.914823
      0.914823
      0.914823
      0.914823
      0.914823
      0.914823
      0.914823
      0.914824
      0.914824
      0.914824
      0.914824
      0.914824
      0.914824
      0.914825
      0.914825
      0.914825
      0.914825
      0.914825
      0.914825
      0.914825
      0.914825
      0.914825
      0.914825
      0.914826
      0.914826
      0.914826
      0.914826
      0.914826
      0.914826
      0.914826
      0.957318
      0.957318
      0.957318
      0.957318
      0.957318
      0.957318
      0.957318
      0.957318
      0.957318
      0.957318
      0.957318
      0.957318
      0.957318
      0.957318
      0.957318
      0.957318
      0.957317
      0.957317
      0.957317
      0.957317
      0.957317
      0.957317
      0.957317
      0.957317
      0.957317
      0.957317
      0.957317
      0.957317
      0.957317
      0.957317
      0.957317
      0.957317
      0.957317
      0.957317
      0.957317
      0.957317
      0.957317
      0.957317
      0.957317
      0.957317
      0.957317
      0.957317
      0.957317
      0.957318
      0.957318
      0.957318
      0.957318
      0.957318
      0.957318
      0.957318
      0.957318
      0.957318
      0.957318
      0.957318
      0.957318
      0.957318
      0.957318
      0.957318
      0.957318
             1
             1
             1
             1
             1
             1
             1
             1
             1
             1
             1
             1
             1
             1
             1
             1
             1
             1
             1
             1
             1
             1
             1
             1
             1
             1
             1
             1
             1
             1
             1
             1
             1
             1
             1
             1
             1
             1
             1
             1
             1
             1
             1
             1
             1
             1
             1
             1
             1
             1
             1
             1
             1
             1
             1
             1
             1
             1
             1
