             1
             1
             1
             1
             1
             1
             1
             1
             1
             1
             1
             1
             1
             1
             1
             1
             1
             1
             1
             1
             1
             1
             1
             1
             1
             1
             1
             1
             1
             1
             1
             1
             1
             1
             1
             1
             1
             1
             1
             1
             1
             1
             1
             1
             1
             1
             1
             1
             1
             1
             1
             1
             1
             1
             1
             1
             1
             1
             1
      0.957611
      0.957611
      0.957611
      0.957611
      0.957611
      0.957611
      0.957611
      0.957611
      0.957611
      0.957611
      0.957611
      0.957611
       0.95761
       0.95761
       0.95761
       0.95761
       0.95761
       0.95761
       0.95761
       0.95761
       0.95761
       0.95761
      0.957609
      0.957609
      0.957609
      0.957609
      0.957609
      0.957609
      0.957609
      0.957609
      0.957609
      0.957609
      0.957609
      0.957609
      0.957609
      0.957609
       0.95761
       0.95761
       0.95761
       0.95761
       0.95761
       0.95761
       0.95761
       0.95761
       0.95761
       0.95761
      0.957611
      0.957611
      0.957611
      0.957611
      0.957611
      0.957611
      0.957611
      0.957611
      0.957611
      0.957611
      0.957611
      0.957611
      0.957611
       0.91541
      0.915409
       0.91541
      0.915409
       0.91541
      0.915409
      0.915409
      0.915409
      0.915409
      0.915409
      0.915409
      0.915409
      0.915409
      0.915409
      0.915408
      0.915408
      0.915408
      0.915408
      0.915408
      0.915407
      0.915407
      0.915407
      0.915406
      0.915406
      0.915406
      0.915406
      0.915406
      0.915405
      0.915405
      0.915405
      0.915406
      0.915406
      0.915406
      0.915406
      0.915406
      0.915407
      0.915407
      0.915407
      0.915407
      0.915408
      0.915408
      0.915408
      0.915408
      0.915408
      0.915409
      0.915409
      0.915409
      0.915409
      0.915409
      0.915409
      0.915409
      0.915409
      0.915409
      0.915409
       0.91541
      0.915409
       0.91541
      0.915409
       0.91541
      0.873531
      0.873531
      0.873531
      0.873531
      0.873531
      0.873531
      0.873531
      0.873531
      0.873531
      0.873531
       0.87353
       0.87353
       0.87353
       0.87353
      0.873529
      0.873529
      0.873529
      0.873528
      0.873528
      0.873527
      0.873527
      0.873526
      0.873526
      0.873525
      0.873525
      0.873524
      0.873524
      0.873524
      0.873524
      0.873524
      0.873524
      0.873525
      0.873525
      0.873525
      0.873526
      0.873526
      0.873527
      0.873527
      0.873528
      0.873528
      0.873529
      0.873529
      0.873529
      0.873529
       0.87353
       0.87353
       0.87353
       0.87353
      0.873531
      0.873531
      0.873531
      0.873531
      0.873531
      0.873531
      0.873531
      0.873531
      0.873531
      0.873531
      0.873531
       0.83211
       0.83211
       0.83211
       0.83211
       0.83211
       0.83211
       0.83211
       0.83211
       0.83211
      0.832109
      0.832109
      0.832109
      0.832109
      0.832108
      0.832108
      0.832107
      0.832107
      0.832106
      0.832105
      0.832104
      0.832104
      0.832102
      0.832102
        0.8321
        0.8321
      0.832099
      0.832098
      0.832098
      0.832098
      0.832098
      0.832099
      0.832099
        0.8321
      0.832101
      0.832102
      0.832103
      0.832104
      0.832104
      0.832105
      0.832106
      0.832106
      0.832107
      0.832107
      0.832108
      0.832108
      0.832108
      0.832109
      0.832109
      0.832109
      0.832109
       0.83211
       0.83211
       0.83211
       0.83211
       0.83211
       0.83211
       0.83211
       0.83211
       0.83211
      0.791277
      0.791277
      0.791277
      0.791277
      0.791277
      0.791277
      0.791277
      0.791277
      0.791276
      0.791276
      0.791276
      0.791275
      0.791275
      0.791274
      0.791274
      0.791273
      0.791272
      0.791271
       0.79127
      0.791268
      0.791267
      0.791265
      0.791263
      0.791261
      0.791259
      0.791258
      0.791257
      0.791256
      0.791256
      0.791257
      0.791258
       0.79126
      0.791261
      0.791263
      0.791265
      0.791266
      0.791268
      0.791269
       0.79127
      0.791271
      0.791272
      0.791273
      0.791273
      0.791274
      0.791274
      0.791275
      0.791275
      0.791276
      0.791276
      0.791276
      0.791277
      0.791277
      0.791277
      0.791277
      0.791277
      0.791277
      0.791277
      0.791277
      0.791277
      0.751162
      0.751161
      0.751162
      0.751161
      0.751161
      0.751161
      0.751161
       0.75116
       0.75116
       0.75116
       0.75116
      0.751159
      0.751158
      0.751157
      0.751156
      0.751155
      0.751154
      0.751152
       0.75115
      0.751147
      0.751145
      0.751141
      0.751138
      0.751134
       0.75113
      0.751126
      0.751125
      0.751122
      0.751124
      0.751124
      0.751128
      0.751131
      0.751135
      0.751138
      0.751142
      0.751145
      0.751147
      0.751149
      0.751151
      0.751153
      0.751154
      0.751155
      0.751156
      0.751157
      0.751158
      0.751158
      0.751159
      0.751159
       0.75116
       0.75116
      0.751161
      0.751161
      0.751161
      0.751161
      0.751161
      0.751161
      0.751162
      0.751161
      0.751162
      0.711886
      0.711886
      0.711886
      0.711886
      0.711886
      0.711886
      0.711885
      0.711885
      0.711885
      0.711884
      0.711884
      0.711883
      0.711882
       0.71188
      0.711879
      0.711877
      0.711874
      0.711871
      0.711868
      0.711863
      0.711858
      0.711851
      0.711844
      0.711836
      0.711828
       0.71182
      0.711815
      0.711811
      0.711812
      0.711815
      0.711823
       0.71183
      0.711839
      0.711847
      0.711854
       0.71186
      0.711865
      0.711868
      0.711872
      0.711874
      0.711876
      0.711878
      0.711879
       0.71188
      0.711881
      0.711882
      0.711883
      0.711883
      0.711884
      0.711884
      0.711885
      0.711885
      0.711886
      0.711886
      0.711886
      0.711886
      0.711886
      0.711886
      0.711886
      0.673572
      0.673572
      0.673572
      0.673572
      0.673572
      0.673571
      0.673571
      0.673571
       0.67357
      0.673569
      0.673569
      0.673567
      0.673566
      0.673564
      0.673562
      0.673558
      0.673554
      0.673548
      0.673542
      0.673533
      0.673524
      0.673511
      0.673497
      0.673479
      0.673463
      0.673444
      0.673433
      0.673422
      0.673426
      0.673432
       0.67345
      0.673466
      0.673487
      0.673503
      0.673518
      0.673529
      0.673539
      0.673545
      0.673551
      0.673555
      0.673558
      0.673561
      0.673563
      0.673564
      0.673566
      0.673567
      0.673568
      0.673569
       0.67357
       0.67357
      0.673571
      0.673571
      0.673572
      0.673572
      0.673572
      0.673572
      0.673572
      0.673572
      0.673572
      0.636333
      0.636333
      0.636333
      0.636333
      0.636333
      0.636332
      0.636332
      0.636331
      0.636331
       0.63633
      0.636329
      0.636327
      0.636324
      0.636321
      0.636317
      0.636311
      0.636303
      0.636294
      0.636282
      0.636266
      0.636247
      0.636222
      0.636193
      0.636157
      0.636118
      0.636077
      0.636045
      0.636024
      0.636027
      0.636045
      0.636082
      0.636124
      0.636168
      0.636206
      0.636237
       0.63626
      0.636278
      0.636291
      0.636301
      0.636308
      0.636314
      0.636318
      0.636321
      0.636323
      0.636325
      0.636327
      0.636328
      0.636329
       0.63633
      0.636331
      0.636332
      0.636332
      0.636332
      0.636333
      0.636333
      0.636333
      0.636333
      0.636333
      0.636334
       0.60028
       0.60028
       0.60028
      0.600279
      0.600279
      0.600279
      0.600278
      0.600277
      0.600277
      0.600275
      0.600273
       0.60027
      0.600267
      0.600261
      0.600254
      0.600243
       0.60023
      0.600212
       0.60019
       0.60016
      0.600125
      0.600077
       0.60002
      0.599944
      0.599862
       0.59977
        0.5997
      0.599644
      0.599652
      0.599686
      0.599775
      0.599865
      0.599963
      0.600041
      0.600106
      0.600152
      0.600188
      0.600212
      0.600231
      0.600243
      0.600252
      0.600258
      0.600263
      0.600267
       0.60027
      0.600271
      0.600273
      0.600274
      0.600276
      0.600277
      0.600278
      0.600278
      0.600279
      0.600279
       0.60028
      0.600279
       0.60028
       0.60028
       0.60028
      0.565514
      0.565514
      0.565514
      0.565513
      0.565513
      0.565512
      0.565512
      0.565511
      0.565509
      0.565507
      0.565504
        0.5655
      0.565493
      0.565484
      0.565471
      0.565452
      0.565428
      0.565394
      0.565352
      0.565297
       0.56523
       0.56514
      0.565028
       0.56488
      0.564703
      0.564507
       0.56433
      0.564209
      0.564202
       0.56429
      0.564474
      0.564687
      0.564893
      0.565059
       0.56519
      0.565285
      0.565354
      0.565402
      0.565435
      0.565457
      0.565473
      0.565483
      0.565491
      0.565496
        0.5655
      0.565503
      0.565506
      0.565507
      0.565509
       0.56551
      0.565511
      0.565512
      0.565512
      0.565513
      0.565513
      0.565513
      0.565514
      0.565514
      0.565514
      0.532133
      0.532133
      0.532133
      0.532132
      0.532132
      0.532131
      0.532131
      0.532129
      0.532127
      0.532124
       0.53212
      0.532112
      0.532102
      0.532085
      0.532062
      0.532028
      0.531983
      0.531919
      0.531843
      0.531737
      0.531619
      0.531447
      0.531247
      0.530959
      0.530609
      0.530199
      0.529812
      0.529523
      0.529508
      0.529668
       0.53007
      0.530516
      0.530945
      0.531274
      0.531537
      0.531721
      0.531856
      0.531944
      0.532006
      0.532046
      0.532073
       0.53209
      0.532102
       0.53211
      0.532116
       0.53212
      0.532123
      0.532125
      0.532128
      0.532129
       0.53213
      0.532131
      0.532132
      0.532132
      0.532133
      0.532133
      0.532133
      0.532133
      0.532134
      0.500228
      0.500227
      0.500227
      0.500227
      0.500226
      0.500225
      0.500224
      0.500222
      0.500219
      0.500214
      0.500207
      0.500195
      0.500177
      0.500149
      0.500106
      0.500044
      0.499958
      0.499837
      0.499679
      0.499478
      0.499242
      0.498948
      0.498587
      0.498092
      0.497437
      0.496629
      0.495763
      0.495114
      0.494991
      0.495348
      0.496178
       0.49712
      0.497911
      0.498607
      0.499121
      0.499478
      0.499734
      0.499903
      0.500016
      0.500089
      0.500135
      0.500165
      0.500184
      0.500196
      0.500205
      0.500211
      0.500215
      0.500218
      0.500221
      0.500222
      0.500224
      0.500225
      0.500226
      0.500226
      0.500227
      0.500227
      0.500228
      0.500228
      0.500228
      0.469882
      0.469882
      0.469882
      0.469881
      0.469881
      0.469879
      0.469878
      0.469874
      0.469871
      0.469863
      0.469852
      0.469832
      0.469801
       0.46975
      0.469674
      0.469558
      0.469402
      0.469165
      0.468837
      0.468426
      0.467985
      0.467455
      0.466882
      0.466064
      0.464958
      0.463499
      0.461692
      0.460201
      0.459908
      0.460517
      0.462277
      0.464161
       0.46546
      0.466902
       0.46788
       0.46852
      0.469008
      0.469319
      0.469529
       0.46966
      0.469741
      0.469789
       0.46982
      0.469839
      0.469852
       0.46986
      0.469866
       0.46987
      0.469873
      0.469875
      0.469877
      0.469878
       0.46988
       0.46988
      0.469881
      0.469881
      0.469882
      0.469882
      0.469882
      0.441172
      0.441172
      0.441172
      0.441171
       0.44117
      0.441168
      0.441166
      0.441162
      0.441156
      0.441145
      0.441126
      0.441094
       0.44104
       0.44095
      0.440807
       0.44059
      0.440286
      0.439859
      0.439254
      0.438147
       0.43779
      0.436374
      0.435939
      0.434303
      0.433116
      0.430518
      0.428462
      0.426841
      0.425872
      0.427125
      0.428979
      0.431299
      0.433482
      0.435945
      0.437523
      0.438649
      0.439514
      0.440177
      0.440586
      0.440818
      0.440955
      0.441034
      0.441083
      0.441113
      0.441132
      0.441144
      0.441152
      0.441158
      0.441162
      0.441164
      0.441167
      0.441168
      0.441169
       0.44117
      0.441171
      0.441172
      0.441172
      0.441172
      0.441172
       0.41417
      0.414169
      0.414169
      0.414168
      0.414167
      0.414165
      0.414162
      0.414156
      0.414147
       0.41413
      0.414102
      0.414049
      0.413955
      0.413793
       0.41353
      0.413108
      0.412546
      0.411773
      0.410821
      0.409718
      0.408501
      0.406846
      0.405412
      0.403532
       0.40178
      0.399323
      0.396719
      0.394282
      0.393952
      0.394247
      0.396582
      0.400386
        0.4032
      0.405464
      0.407701
      0.409364
      0.410983
      0.412443
      0.413224
      0.413608
      0.413841
      0.413964
      0.414042
      0.414088
      0.414117
      0.414134
      0.414145
      0.414152
      0.414157
       0.41416
      0.414163
      0.414165
      0.414167
      0.414168
      0.414169
      0.414169
       0.41417
       0.41417
       0.41417
      0.388938
      0.388937
      0.388937
      0.388936
      0.388934
      0.388932
      0.388928
       0.38892
      0.388906
      0.388881
      0.388836
      0.388753
      0.388597
      0.388291
      0.387743
      0.386945
      0.385984
      0.384394
      0.383344
      0.381243
      0.380119
      0.377865
      0.375943
      0.373982
       0.37198
      0.369363
      0.367182
      0.365718
      0.364968
      0.364919
      0.366013
      0.371136
       0.37451
      0.377075
      0.379592
      0.381814
      0.383842
      0.386185
      0.387374
      0.388035
      0.388391
      0.388621
      0.388752
      0.388825
      0.388867
      0.388891
      0.388907
      0.388916
      0.388923
      0.388927
       0.38893
      0.388932
      0.388934
      0.388935
      0.388936
      0.388937
      0.388938
      0.388938
      0.388938
      0.365534
      0.365534
      0.365534
      0.365532
      0.365531
      0.365527
      0.365521
       0.36551
      0.365492
      0.365455
      0.365387
      0.365256
      0.365016
      0.364452
       0.36327
       0.36165
      0.360304
      0.358415
      0.356629
       0.35418
      0.351668
      0.349292
      0.346925
      0.345234
      0.343351
      0.341006
      0.338945
      0.337477
      0.336843
      0.338218
      0.340088
      0.343217
      0.347224
       0.34984
      0.353303
      0.356299
      0.358928
      0.361502
      0.363004
      0.364092
       0.36457
       0.36504
       0.36527
      0.365379
      0.365441
      0.365475
      0.365496
      0.365508
      0.365517
      0.365522
      0.365526
      0.365528
      0.365531
      0.365532
      0.365533
      0.365534
      0.365534
      0.365534
      0.365535
       0.34401
       0.34401
      0.344009
      0.344008
      0.344005
      0.344001
      0.343994
      0.343979
      0.343952
      0.343899
      0.343795
      0.343587
      0.343181
       0.34237
      0.340651
      0.338739
      0.336645
      0.334312
      0.331696
      0.328636
       0.32435
      0.320946
      0.318728
      0.316769
      0.316192
      0.314484
      0.312027
      0.309483
      0.309176
      0.311533
      0.315661
       0.31881
      0.323105
      0.326507
      0.329348
      0.332497
      0.335242
      0.337819
      0.339943
      0.341731
      0.342321
      0.343263
      0.343631
      0.343799
      0.343887
      0.343935
      0.343963
      0.343979
      0.343989
      0.343996
         0.344
      0.344004
      0.344006
      0.344007
      0.344009
       0.34401
       0.34401
      0.344011
      0.344011
      0.324412
      0.324411
      0.324411
      0.324409
      0.324406
        0.3244
      0.324391
      0.324372
      0.324336
      0.324261
      0.324112
      0.323789
      0.323143
      0.321962
       0.31989
      0.317564
      0.314687
      0.311703
      0.308204
      0.304613
      0.299694
      0.295454
      0.293257
      0.291185
      0.289779
      0.288131
      0.286516
      0.284104
      0.284255
      0.286106
      0.290727
      0.294778
      0.299406
      0.303409
      0.306822
      0.309666
      0.313117
       0.31629
      0.318869
      0.320931
      0.322424
       0.32344
      0.323921
      0.324136
      0.324256
      0.324318
      0.324355
      0.324375
      0.324388
      0.324395
      0.324401
      0.324404
      0.324407
      0.324409
       0.32441
      0.324411
      0.324412
      0.324412
      0.324412
      0.306777
      0.306777
      0.306776
      0.306774
      0.306771
      0.306764
      0.306752
      0.306727
      0.306679
      0.306579
      0.306369
      0.305905
       0.30493
      0.302927
      0.300798
      0.297808
      0.294457
      0.290002
       0.28622
      0.283008
        0.2774
      0.273129
      0.271038
      0.268474
      0.266161
      0.265437
      0.264865
      0.263023
      0.262962
      0.264809
      0.268985
      0.273566
      0.277621
      0.282624
      0.286248
      0.290068
      0.293039
      0.296792
       0.29977
      0.302616
      0.304444
      0.305538
      0.306126
      0.306423
      0.306579
      0.306662
      0.306708
      0.306734
      0.306749
      0.306759
      0.306765
      0.306769
      0.306772
      0.306774
      0.306776
      0.306777
      0.306778
      0.306778
      0.306778
      0.291143
      0.291142
      0.291141
      0.291139
      0.291135
      0.291127
      0.291113
      0.291082
      0.291024
      0.290896
       0.29064
      0.290018
      0.288708
      0.286485
      0.284116
      0.281077
      0.276832
      0.271571
      0.267469
       0.26269
       0.25781
      0.253494
      0.250133
      0.246489
      0.246206
      0.245785
      0.245337
      0.244121
      0.244252
      0.245762
      0.249651
      0.253808
      0.258008
       0.26243
      0.266992
      0.271145
      0.274928
      0.279328
       0.28276
      0.285573
       0.28809
       0.28956
      0.290331
      0.290701
      0.290901
      0.291003
      0.291061
      0.291092
      0.291111
      0.291122
      0.291129
      0.291134
      0.291137
      0.291139
      0.291141
      0.291142
      0.291143
      0.291143
      0.291144
      0.277536
      0.277536
      0.277535
      0.277532
      0.277528
      0.277518
      0.277501
      0.277464
       0.27739
      0.277233
      0.276904
      0.276198
      0.274807
      0.272318
       0.26959
      0.266002
      0.262184
      0.256495
      0.252275
      0.245137
      0.241054
      0.237388
      0.234011
      0.231319
      0.230833
      0.230842
      0.229309
      0.228211
      0.228647
      0.230469
      0.233692
      0.236749
      0.241041
      0.244719
      0.250288
      0.254276
      0.258494
      0.263703
      0.267949
      0.271125
      0.273965
      0.275622
      0.276526
      0.276989
      0.277236
      0.277367
      0.277439
      0.277478
        0.2775
      0.277513
      0.277521
      0.277527
       0.27753
      0.277533
      0.277535
      0.277536
      0.277537
      0.277537
      0.277537
      0.265984
      0.265983
      0.265982
      0.265979
      0.265974
      0.265964
      0.265944
        0.2659
      0.265814
       0.26562
      0.265225
      0.264333
      0.262562
      0.260036
      0.256977
      0.253438
      0.248908
      0.243855
      0.238558
      0.232454
      0.227536
      0.224953
      0.221267
      0.218001
      0.217355
      0.216347
      0.215306
      0.214883
        0.2157
      0.217771
      0.220185
      0.222741
      0.227451
      0.232033
       0.23678
      0.240825
      0.246018
      0.251363
      0.255476
      0.258756
      0.261578
      0.263646
      0.264761
      0.265305
      0.265615
      0.265777
      0.265868
      0.265916
      0.265943
      0.265958
      0.265968
      0.265973
      0.265978
       0.26598
      0.265982
      0.265983
      0.265985
      0.265985
      0.265985
      0.256505
      0.256504
      0.256503
        0.2565
      0.256494
      0.256483
      0.256459
       0.25641
      0.256304
      0.256061
      0.255535
      0.254445
      0.252353
      0.249785
      0.246221
        0.2421
        0.2373
      0.231497
      0.227245
      0.220365
      0.215597
      0.213646
      0.211498
      0.209211
      0.207575
      0.205824
      0.204272
      0.204129
      0.205055
      0.208505
      0.210408
      0.213478
      0.217876
      0.222216
      0.227056
      0.231749
      0.236006
      0.240661
      0.245056
      0.248442
      0.251229
      0.253648
      0.254914
      0.255607
       0.25601
       0.25624
      0.256363
      0.256426
      0.256459
      0.256477
      0.256487
      0.256494
      0.256498
      0.256501
      0.256503
      0.256504
      0.256505
      0.256506
      0.256506
      0.249116
      0.249116
      0.249114
      0.249111
      0.249105
      0.249093
      0.249068
      0.249013
      0.248898
      0.248583
      0.247851
      0.246362
      0.244469
      0.241769
      0.237827
      0.233195
      0.227849
      0.221524
      0.216708
      0.211994
      0.208162
      0.205583
      0.203631
      0.201731
       0.19999
      0.198843
      0.197177
      0.196076
       0.19728
      0.199811
      0.203432
      0.206879
      0.210375
      0.214807
      0.218993
      0.223035
      0.227358
      0.232135
      0.236426
      0.240162
      0.243126
      0.245577
      0.246903
      0.247808
      0.248401
      0.248762
      0.248942
      0.249024
      0.249066
      0.249086
      0.249098
      0.249104
      0.249109
      0.249112
      0.249114
      0.249116
      0.249117
      0.249117
      0.249118
       0.24383
      0.243829
      0.243828
      0.243824
      0.243818
      0.243805
      0.243778
      0.243717
      0.243579
       0.24324
      0.242484
      0.240893
      0.238829
      0.235995
      0.231835
      0.227899
      0.222466
       0.21597
      0.210504
      0.206431
      0.203966
       0.20145
      0.198403
      0.195998
      0.194195
      0.192867
      0.193083
        0.1925
      0.193243
      0.195494
      0.199874
      0.202846
      0.204897
      0.208834
       0.21335
      0.217164
      0.220524
      0.225182
      0.229732
       0.23385
      0.236815
      0.239086
      0.240667
      0.241633
      0.242782
      0.243352
      0.243613
      0.243723
      0.243773
      0.243797
       0.24381
      0.243818
      0.243822
      0.243826
      0.243828
      0.243829
       0.24383
      0.243831
      0.243831
      0.240655
      0.240654
      0.240653
      0.240649
      0.240643
       0.24063
      0.240604
      0.240539
      0.240397
      0.239993
      0.239048
       0.23753
      0.235382
      0.232205
      0.228863
      0.225012
      0.220307
      0.215172
      0.209995
      0.206282
      0.202737
       0.19947
      0.195873
      0.193064
      0.191331
       0.19015
        0.1904
      0.191367
      0.193073
      0.196121
      0.198868
      0.200934
      0.203465
      0.206632
      0.210566
      0.214074
      0.217074
      0.220925
      0.225264
       0.22961
      0.232722
      0.235014
      0.236734
      0.238007
      0.239174
       0.24004
       0.24041
      0.240537
      0.240596
      0.240621
      0.240635
      0.240642
      0.240647
       0.24065
      0.240653
      0.240654
      0.240655
      0.240656
      0.240656
      0.239596
      0.239595
      0.239594
       0.23959
      0.239584
      0.239571
      0.239543
      0.239479
      0.239323
      0.238911
      0.237849
      0.236915
      0.234717
      0.231996
      0.228378
      0.224152
      0.220562
      0.216362
      0.211633
      0.207578
      0.203635
      0.199634
      0.195927
      0.193906
      0.191981
      0.190933
      0.190553
      0.191875
      0.194768
      0.198258
       0.20066
      0.202996
      0.205224
      0.208039
      0.211235
      0.214354
      0.216302
      0.219334
      0.223377
      0.227526
      0.230912
      0.233219
      0.235173
       0.23702
      0.237855
      0.238902
      0.239313
      0.239468
      0.239532
       0.23956
      0.239575
      0.239583
      0.239588
      0.239591
      0.239594
      0.239595
      0.239596
      0.239597
      0.239597
      0.240655
      0.240654
      0.240653
       0.24065
      0.240644
      0.240632
      0.240607
      0.240548
      0.240421
      0.240063
      0.239218
      0.237987
       0.23616
      0.233517
      0.229844
      0.225748
      0.222457
      0.218845
      0.214672
       0.21079
      0.206537
      0.202924
      0.199282
      0.196674
      0.195325
      0.194673
      0.194238
      0.196267
      0.198566
      0.201309
      0.203968
      0.206625
      0.209363
      0.211916
       0.21484
      0.217097
      0.219233
      0.221757
      0.225188
      0.228938
      0.231614
      0.233526
      0.235841
       0.23772
      0.239096
      0.239996
      0.240386
      0.240528
      0.240593
       0.24062
      0.240635
      0.240642
      0.240647
       0.24065
      0.240653
      0.240654
      0.240655
      0.240656
      0.240656
       0.24383
      0.243829
      0.243828
      0.243825
       0.24382
      0.243808
      0.243785
      0.243733
      0.243618
      0.243344
      0.242728
      0.241384
      0.239789
      0.237243
      0.233736
      0.229742
      0.226635
         0.223
       0.21883
      0.215014
      0.211088
         0.208
      0.204569
      0.201825
      0.200565
      0.198979
      0.198639
      0.199936
      0.203292
       0.20588
      0.208695
      0.211769
      0.215393
      0.218548
      0.221202
      0.222751
      0.224846
      0.226846
      0.229416
       0.23248
       0.23487
      0.236868
      0.239029
      0.241263
      0.242539
      0.243234
      0.243565
      0.243705
      0.243768
      0.243796
       0.24381
      0.243818
      0.243822
      0.243826
      0.243828
      0.243829
       0.24383
      0.243831
      0.243831
      0.249117
      0.249116
      0.249115
      0.249112
      0.249107
      0.249097
      0.249078
      0.249033
      0.248939
      0.248719
      0.248258
      0.247337
      0.245673
      0.243167
      0.239907
      0.236418
      0.232851
      0.228922
      0.225338
      0.221797
      0.218608
      0.215448
      0.211256
      0.207636
      0.206822
      0.205865
      0.205377
      0.205693
      0.208469
      0.211668
      0.214745
      0.218054
      0.221995
      0.225759
      0.228563
      0.230829
      0.232114
      0.233359
      0.235588
      0.237774
      0.239858
      0.241614
      0.244255
      0.246571
      0.247884
      0.248553
       0.24887
      0.248999
      0.249059
      0.249084
      0.249098
      0.249105
      0.249109
      0.249112
      0.249115
      0.249116
      0.249117
      0.249117
      0.249118
      0.256505
      0.256505
      0.256504
      0.256501
      0.256497
      0.256488
      0.256471
      0.256432
      0.256351
      0.256169
      0.255786
      0.255005
      0.253554
       0.25109
      0.248166
      0.245172
      0.241886
      0.238667
       0.23471
      0.230826
      0.228304
      0.224492
       0.22036
      0.217429
      0.216402
      0.215634
       0.21512
      0.214699
      0.216156
       0.21896
      0.222283
      0.225375
      0.229718
      0.234132
      0.237064
      0.239938
      0.241303
      0.242742
      0.244396
      0.245971
      0.247812
       0.25006
      0.252027
      0.253761
      0.255299
      0.255977
      0.256273
      0.256397
      0.256451
      0.256475
      0.256487
      0.256494
      0.256498
      0.256501
      0.256503
      0.256504
      0.256505
      0.256506
      0.256506
      0.265984
      0.265984
      0.265983
      0.265981
      0.265977
      0.265969
      0.265955
      0.265923
      0.265856
      0.265695
      0.265353
      0.264565
       0.26299
      0.260951
      0.258696
      0.256165
      0.253521
      0.250267
      0.246851
      0.243028
      0.240124
      0.236237
      0.232266
      0.229214
      0.228051
      0.227535
      0.227209
      0.227201
      0.226912
      0.228718
      0.231434
      0.234702
      0.239086
      0.244132
      0.247719
      0.250855
      0.252595
      0.254137
      0.255569
      0.256634
      0.258515
       0.26049
      0.262326
      0.264042
      0.265027
      0.265552
      0.265796
      0.265892
      0.265938
      0.265957
      0.265968
      0.265974
      0.265978
       0.26598
      0.265982
      0.265983
      0.265985
      0.265985
      0.265985
      0.277537
      0.277536
      0.277536
      0.277534
       0.27753
      0.277524
      0.277512
      0.277485
      0.277427
      0.277288
      0.276971
      0.276227
      0.274584
      0.273086
      0.271573
      0.269806
      0.267776
      0.265064
      0.261608
      0.257185
      0.254752
      0.250577
      0.246684
      0.243052
       0.24217
      0.241744
      0.240957
      0.240876
      0.239362
      0.240558
      0.243245
      0.246003
      0.250243
       0.25542
      0.259958
      0.263433
      0.265713
      0.267985
      0.269494
      0.270649
      0.271838
      0.273107
      0.274646
      0.276138
      0.276863
      0.277218
      0.277386
      0.277461
      0.277496
      0.277513
      0.277522
      0.277527
      0.277531
      0.277533
      0.277535
      0.277536
      0.277537
      0.277537
      0.277538
      0.291143
      0.291143
      0.291142
       0.29114
      0.291138
      0.291133
      0.291123
      0.291102
       0.29106
      0.290953
      0.290721
      0.290162
      0.289011
      0.287695
      0.286656
      0.285177
      0.283725
      0.281097
      0.277252
      0.272459
      0.270067
      0.266688
      0.263358
      0.260434
       0.25838
      0.256985
      0.256408
       0.25687
      0.255691
      0.255687
      0.257839
      0.260384
      0.265002
      0.270498
      0.275163
      0.278929
      0.281486
      0.283639
      0.285124
      0.286213
      0.287161
       0.28785
      0.289116
      0.290183
      0.290701
      0.290922
      0.291033
      0.291083
       0.29111
      0.291122
       0.29113
      0.291134
      0.291137
      0.291139
      0.291141
      0.291142
      0.291143
      0.291143
      0.291144
      0.306778
      0.306777
      0.306777
      0.306775
      0.306773
      0.306769
      0.306762
      0.306746
      0.306714
      0.306643
      0.306493
      0.306183
      0.305642
      0.304933
      0.304054
      0.302541
      0.301693
      0.299549
      0.295764
      0.291359
      0.288997
       0.28546
      0.282236
      0.279657
      0.276726
      0.274128
      0.273056
      0.273373
      0.273633
      0.273251
      0.276246
      0.278408
      0.282691
      0.287436
       0.29261
      0.296242
      0.299006
      0.301534
      0.302555
      0.303906
      0.304579
      0.304766
      0.305674
      0.306201
      0.306485
      0.306626
      0.306696
      0.306731
       0.30675
      0.306759
      0.306766
       0.30677
      0.306772
      0.306774
      0.306776
      0.306777
      0.306778
      0.306778
      0.306778
      0.324412
      0.324411
      0.324411
       0.32441
      0.324408
      0.324405
        0.3244
      0.324388
      0.324368
      0.324323
      0.324234
      0.324079
      0.323827
      0.323398
      0.322695
      0.321619
       0.32084
      0.319147
      0.316048
      0.312981
       0.31005
      0.306888
      0.303159
      0.299953
      0.296879
      0.294706
      0.293292
      0.292794
      0.292758
      0.293443
      0.296051
      0.299331
      0.303155
      0.307055
      0.311816
      0.315513
      0.318433
      0.320769
      0.321904
      0.322756
       0.32323
      0.323514
       0.32383
      0.324082
      0.324229
      0.324309
      0.324353
      0.324376
      0.324389
      0.324396
      0.324401
      0.324404
      0.324407
      0.324409
       0.32441
      0.324411
      0.324412
      0.324412
      0.324412
       0.34401
       0.34401
       0.34401
      0.344009
      0.344007
      0.344005
      0.344001
      0.343993
       0.34398
      0.343954
      0.343906
      0.343823
      0.343686
      0.343462
      0.343104
       0.34254
      0.341706
      0.339929
        0.3377
       0.33547
      0.332945
      0.329974
      0.325881
      0.323643
        0.3192
      0.317606
      0.315727
      0.314581
      0.314448
      0.316871
      0.318703
      0.323401
      0.326537
      0.330162
      0.334049
      0.337039
      0.339471
      0.341499
      0.342474
      0.343029
      0.343352
      0.343549
      0.343706
      0.343822
      0.343896
      0.343941
      0.343967
      0.343982
      0.343991
      0.343997
      0.344001
      0.344004
      0.344006
      0.344008
      0.344009
       0.34401
       0.34401
      0.344011
      0.344011
      0.365535
      0.365534
      0.365534
      0.365533
      0.365532
       0.36553
      0.365527
      0.365522
      0.365513
      0.365498
      0.365472
      0.365426
      0.365354
       0.36523
      0.365043
      0.364689
      0.364112
      0.363145
      0.361649
      0.360032
      0.357376
      0.354631
      0.351639
       0.34901
      0.344963
      0.341611
      0.339582
       0.33827
      0.339145
      0.341805
       0.34453
      0.348478
      0.351724
      0.355119
       0.35837
      0.361005
      0.362635
      0.363892
      0.364582
      0.364933
      0.365151
      0.365273
      0.365365
      0.365421
      0.365461
      0.365486
      0.365502
      0.365512
      0.365519
      0.365523
      0.365527
      0.365529
      0.365531
      0.365532
      0.365533
      0.365534
      0.365534
      0.365534
      0.365535
      0.388938
      0.388937
      0.388937
      0.388936
      0.388936
      0.388934
      0.388932
      0.388928
      0.388923
      0.388913
      0.388898
      0.388872
       0.38883
      0.388759
      0.388643
      0.388439
        0.3881
      0.387542
      0.386678
        0.3854
      0.383036
      0.380896
      0.378581
      0.376011
      0.372701
      0.370579
      0.367018
      0.366026
       0.36617
      0.368261
      0.371176
      0.374215
       0.37787
      0.381447
      0.384088
      0.385959
       0.38714
       0.38788
      0.388311
       0.38855
      0.388691
      0.388774
      0.388828
      0.388863
      0.388886
      0.388902
      0.388912
      0.388919
      0.388924
      0.388928
      0.388931
      0.388933
      0.388934
      0.388935
      0.388936
      0.388937
      0.388938
      0.388938
      0.388938
       0.41417
      0.414169
      0.414169
      0.414169
      0.414168
      0.414167
      0.414165
      0.414162
      0.414159
      0.414153
      0.414144
      0.414128
      0.414104
      0.414061
      0.413994
      0.413875
      0.413684
      0.413369
       0.41289
      0.412072
      0.410734
      0.409376
      0.407254
      0.404765
      0.402433
      0.400409
      0.398112
      0.397267
      0.396166
      0.396055
      0.399369
      0.402574
      0.405275
      0.407758
      0.410426
        0.4121
      0.413024
      0.413487
      0.413762
      0.413915
      0.414008
      0.414061
      0.414096
      0.414117
      0.414133
      0.414142
       0.41415
      0.414155
      0.414159
      0.414161
      0.414164
      0.414165
      0.414167
      0.414168
      0.414169
      0.414169
       0.41417
       0.41417
       0.41417
      0.441172
      0.441172
      0.441172
      0.441171
      0.441171
       0.44117
      0.441168
      0.441166
      0.441164
       0.44116
      0.441154
      0.441144
      0.441129
      0.441104
      0.441064
      0.440997
      0.440888
      0.440712
      0.440437
      0.439994
      0.439326
      0.438452
      0.437152
      0.435039
      0.433108
      0.431149
      0.429748
       0.42888
      0.428401
      0.428762
      0.430481
       0.43259
      0.434503
      0.436263
      0.438568
       0.43977
        0.4404
      0.440724
      0.440902
      0.441002
      0.441061
      0.441096
      0.441119
      0.441133
      0.441144
      0.441151
      0.441156
       0.44116
      0.441163
      0.441165
      0.441167
      0.441168
       0.44117
       0.44117
      0.441171
      0.441172
      0.441172
      0.441172
      0.441172
      0.469882
      0.469882
      0.469882
      0.469881
      0.469881
       0.46988
      0.469879
      0.469877
      0.469876
      0.469872
      0.469869
      0.469862
      0.469854
      0.469838
      0.469816
      0.469777
      0.469718
       0.46962
      0.469471
      0.469239
      0.468909
      0.468391
      0.467641
      0.466409
      0.464402
      0.462859
      0.462242
      0.461379
      0.460953
      0.461269
      0.462749
      0.464843
      0.466004
      0.467276
      0.468281
      0.469001
      0.469395
      0.469595
      0.469708
      0.469768
      0.469806
      0.469828
      0.469843
      0.469852
       0.46986
      0.469865
      0.469869
      0.469871
      0.469874
      0.469876
      0.469878
      0.469879
       0.46988
       0.46988
      0.469881
      0.469881
      0.469882
      0.469882
      0.469882
      0.500228
      0.500228
      0.500227
      0.500227
      0.500227
      0.500226
      0.500225
      0.500224
      0.500223
       0.50022
      0.500218
      0.500214
      0.500208
      0.500199
      0.500185
      0.500164
      0.500131
      0.500078
      0.499999
      0.499877
      0.499698
       0.49942
      0.498984
       0.49819
      0.496509
      0.495961
      0.496145
      0.495621
      0.494439
      0.494602
      0.495725
      0.497419
      0.498265
      0.498895
      0.499379
      0.499723
      0.499931
      0.500047
      0.500113
      0.500151
      0.500174
      0.500188
      0.500198
      0.500205
       0.50021
      0.500214
      0.500217
      0.500219
      0.500221
      0.500223
      0.500224
      0.500225
      0.500226
      0.500226
      0.500227
      0.500227
      0.500228
      0.500228
      0.500228
      0.532133
      0.532133
      0.532133
      0.532133
      0.532133
      0.532132
      0.532131
       0.53213
      0.532129
      0.532127
      0.532126
      0.532123
      0.532119
      0.532113
      0.532106
      0.532093
      0.532076
      0.532047
      0.532007
      0.531943
      0.531854
      0.531709
      0.531491
      0.531092
      0.530394
      0.530275
      0.530146
      0.529872
       0.52936
      0.529617
      0.529961
      0.530727
      0.531196
      0.531474
        0.5317
      0.531857
       0.53196
      0.532022
      0.532059
      0.532081
      0.532095
      0.532104
      0.532111
      0.532115
      0.532119
      0.532122
      0.532125
      0.532126
      0.532128
      0.532129
       0.53213
      0.532131
      0.532132
      0.532132
      0.532133
      0.532133
      0.532133
      0.532133
      0.532134
      0.565514
      0.565514
      0.565514
      0.565513
      0.565513
      0.565513
      0.565512
      0.565511
       0.56551
      0.565509
      0.565508
      0.565506
      0.565503
        0.5655
      0.565495
      0.565488
      0.565478
      0.565463
      0.565442
       0.56541
      0.565364
      0.565295
      0.565192
      0.565032
      0.564822
      0.564712
      0.564621
      0.564502
      0.564382
      0.564454
      0.564623
      0.564863
      0.565054
      0.565188
      0.565291
      0.565364
      0.565413
      0.565445
      0.565465
      0.565478
      0.565486
      0.565492
      0.565497
        0.5655
      0.565503
      0.565505
      0.565506
      0.565508
      0.565509
       0.56551
      0.565511
      0.565512
      0.565512
      0.565513
      0.565513
      0.565513
      0.565514
      0.565514
      0.565514
       0.60028
       0.60028
       0.60028
      0.600279
      0.600279
      0.600279
      0.600279
      0.600278
      0.600277
      0.600276
      0.600275
      0.600273
      0.600272
      0.600269
      0.600267
      0.600262
      0.600257
      0.600249
      0.600238
      0.600222
      0.600201
      0.600167
      0.600123
      0.600066
      0.600018
       0.59994
      0.599899
      0.599853
      0.599854
      0.599851
      0.599931
       0.59999
      0.600062
      0.600119
      0.600166
      0.600197
      0.600221
      0.600236
      0.600247
      0.600254
       0.60026
      0.600263
      0.600267
      0.600269
      0.600271
      0.600272
      0.600274
      0.600275
      0.600276
      0.600277
      0.600278
      0.600278
      0.600279
      0.600279
       0.60028
      0.600279
       0.60028
       0.60028
       0.60028
      0.636333
      0.636333
      0.636333
      0.636333
      0.636333
      0.636333
      0.636332
      0.636332
      0.636331
       0.63633
       0.63633
      0.636329
      0.636327
      0.636326
      0.636324
      0.636321
      0.636318
      0.636313
      0.636308
        0.6363
      0.636289
      0.636274
      0.636255
      0.636232
       0.63621
      0.636182
      0.636163
      0.636148
      0.636147
       0.63615
      0.636175
        0.6362
      0.636227
      0.636251
      0.636271
      0.636286
      0.636297
      0.636305
      0.636311
      0.636315
      0.636318
      0.636321
      0.636323
      0.636325
      0.636326
      0.636327
      0.636329
      0.636329
       0.63633
      0.636331
      0.636332
      0.636332
      0.636332
      0.636333
      0.636333
      0.636333
      0.636333
      0.636333
      0.636334
      0.673572
      0.673572
      0.673572
      0.673572
      0.673572
      0.673571
      0.673571
      0.673571
      0.673571
       0.67357
      0.673569
      0.673568
      0.673568
      0.673566
      0.673565
      0.673563
      0.673562
      0.673559
      0.673556
      0.673551
      0.673547
      0.673539
      0.673532
      0.673522
      0.673514
      0.673502
      0.673497
      0.673489
      0.673491
       0.67349
        0.6735
      0.673508
       0.67352
      0.673528
      0.673537
      0.673543
      0.673549
      0.673553
      0.673556
      0.673559
      0.673561
      0.673562
      0.673564
      0.673565
      0.673567
      0.673567
      0.673568
      0.673569
       0.67357
       0.67357
      0.673571
      0.673571
      0.673572
      0.673572
      0.673572
      0.673572
      0.673572
      0.673572
      0.673572
      0.711886
      0.711886
      0.711886
      0.711886
      0.711886
      0.711886
      0.711886
      0.711885
      0.711885
      0.711884
      0.711884
      0.711883
      0.711883
      0.711882
      0.711881
       0.71188
      0.711878
      0.711877
      0.711875
      0.711873
       0.71187
      0.711867
      0.711863
      0.711859
      0.711855
       0.71185
      0.711848
      0.711845
      0.711845
      0.711846
      0.711849
      0.711852
      0.711857
      0.711861
      0.711865
      0.711868
       0.71187
      0.711873
      0.711875
      0.711876
      0.711878
      0.711879
       0.71188
      0.711881
      0.711882
      0.711882
      0.711883
      0.711884
      0.711884
      0.711885
      0.711885
      0.711885
      0.711886
      0.711886
      0.711886
      0.711886
      0.711886
      0.711886
      0.711886
      0.751162
      0.751161
      0.751162
      0.751161
      0.751161
      0.751161
      0.751161
       0.75116
       0.75116
       0.75116
       0.75116
      0.751159
      0.751159
      0.751158
      0.751157
      0.751156
      0.751156
      0.751154
      0.751154
      0.751152
      0.751151
      0.751149
      0.751147
      0.751145
      0.751144
      0.751141
      0.751141
      0.751139
       0.75114
      0.751139
      0.751141
      0.751142
      0.751144
      0.751145
      0.751148
      0.751149
      0.751151
      0.751152
      0.751153
      0.751154
      0.751155
      0.751156
      0.751157
      0.751157
      0.751158
      0.751158
      0.751159
      0.751159
       0.75116
       0.75116
      0.751161
      0.751161
      0.751161
      0.751161
      0.751161
      0.751161
      0.751162
      0.751161
      0.751162
      0.791277
      0.791277
      0.791277
      0.791277
      0.791277
      0.791277
      0.791277
      0.791277
      0.791277
      0.791276
      0.791276
      0.791276
      0.791275
      0.791275
      0.791274
      0.791274
      0.791273
      0.791272
      0.791272
      0.791271
       0.79127
      0.791269
      0.791268
      0.791267
      0.791266
      0.791265
      0.791265
      0.791264
      0.791264
      0.791264
      0.791265
      0.791265
      0.791266
      0.791267
      0.791268
      0.791269
      0.791269
       0.79127
      0.791271
      0.791272
      0.791272
      0.791273
      0.791274
      0.791274
      0.791275
      0.791275
      0.791275
      0.791276
      0.791276
      0.791276
      0.791277
      0.791277
      0.791277
      0.791277
      0.791277
      0.791277
      0.791277
      0.791277
      0.791277
       0.83211
       0.83211
       0.83211
       0.83211
       0.83211
       0.83211
       0.83211
       0.83211
       0.83211
      0.832109
      0.832109
      0.832109
      0.832109
      0.832108
      0.832108
      0.832107
      0.832107
      0.832106
      0.832106
      0.832105
      0.832105
      0.832104
      0.832104
      0.832103
      0.832103
      0.832102
      0.832102
      0.832102
      0.832102
      0.832102
      0.832102
      0.832102
      0.832103
      0.832103
      0.832104
      0.832104
      0.832105
      0.832105
      0.832106
      0.832106
      0.832107
      0.832107
      0.832107
      0.832108
      0.832108
      0.832108
      0.832109
      0.832109
      0.832109
      0.832109
       0.83211
       0.83211
       0.83211
       0.83211
       0.83211
       0.83211
       0.83211
       0.83211
       0.83211
      0.873531
      0.873531
      0.873531
      0.873531
      0.873531
      0.873531
      0.873531
      0.873531
      0.873531
      0.873531
       0.87353
       0.87353
       0.87353
       0.87353
       0.87353
      0.873529
      0.873529
      0.873529
      0.873528
      0.873528
      0.873528
      0.873527
      0.873527
      0.873527
      0.873526
      0.873526
      0.873526
      0.873526
      0.873526
      0.873526
      0.873526
      0.873526
      0.873526
      0.873526
      0.873527
      0.873527
      0.873527
      0.873528
      0.873528
      0.873528
      0.873529
      0.873529
      0.873529
      0.873529
       0.87353
       0.87353
       0.87353
       0.87353
      0.873531
      0.873531
      0.873531
      0.873531
      0.873531
      0.873531
      0.873531
      0.873531
      0.873531
      0.873531
      0.873531
       0.91541
      0.915409
       0.91541
      0.915409
       0.91541
      0.915409
      0.915409
      0.915409
      0.915409
      0.915409
      0.915409
      0.915409
      0.915409
      0.915409
      0.915409
      0.915408
      0.915408
      0.915408
      0.915408
      0.915407
      0.915407
      0.915407
      0.915407
      0.915407
      0.915407
      0.915406
      0.915406
      0.915406
      0.915406
      0.915406
      0.915406
      0.915406
      0.915406
      0.915406
      0.915407
      0.915407
      0.915407
      0.915407
      0.915408
      0.915408
      0.915408
      0.915408
      0.915408
      0.915408
      0.915409
      0.915409
      0.915409
      0.915409
      0.915409
      0.915409
      0.915409
      0.915409
      0.915409
      0.915409
       0.91541
      0.915409
       0.91541
      0.915409
       0.91541
      0.957611
      0.957611
      0.957611
      0.957611
      0.957611
      0.957611
      0.957611
      0.957611
      0.957611
      0.957611
      0.957611
      0.957611
      0.957611
       0.95761
       0.95761
       0.95761
       0.95761
       0.95761
       0.95761
       0.95761
       0.95761
       0.95761
       0.95761
       0.95761
      0.957609
      0.957609
      0.957609
      0.957609
      0.957609
      0.957609
      0.957609
      0.957609
      0.957609
      0.957609
       0.95761
       0.95761
       0.95761
       0.95761
       0.95761
       0.95761
       0.95761
       0.95761
       0.95761
       0.95761
       0.95761
       0.95761
      0.957611
      0.957611
      0.957611
      0.957611
      0.957611
      0.957611
      0.957611
      0.957611
      0.957611
      0.957611
      0.957611
      0.957611
      0.957611
             1
             1
             1
             1
             1
             1
             1
             1
             1
             1
             1
             1
             1
             1
             1
             1
             1
             1
             1
             1
             1
             1
             1
             1
             1
             1
             1
             1
             1
             1
             1
             1
             1
             1
             1
             1
             1
             1
             1
             1
             1
             1
             1
             1
             1
             1
             1
             1
             1
             1
             1
             1
             1
             1
             1
             1
             1
             1
             1
