             1
             1
             1
             1
             1
             1
             1
             1
             1
             1
             1
             1
             1
             1
             1
             1
             1
             1
             1
             1
             1
             1
             1
             1
             1
             1
             1
             1
             1
             1
             1
             1
             1
             1
             1
             1
             1
             1
             1
             1
             1
             1
             1
             1
             1
             1
             1
             1
             1
             1
             1
             1
             1
             1
             1
             1
             1
             1
             1
        0.9579
        0.9579
        0.9579
        0.9579
        0.9579
        0.9579
        0.9579
        0.9579
        0.9579
        0.9579
        0.9579
        0.9579
        0.9579
      0.957899
      0.957899
      0.957899
      0.957899
      0.957899
      0.957899
      0.957898
      0.957898
      0.957898
      0.957898
      0.957897
      0.957897
      0.957897
      0.957897
      0.957897
      0.957897
      0.957897
      0.957897
      0.957897
      0.957897
      0.957898
      0.957898
      0.957898
      0.957898
      0.957898
      0.957899
      0.957899
      0.957899
      0.957899
      0.957899
      0.957899
      0.957899
      0.957899
        0.9579
        0.9579
        0.9579
        0.9579
        0.9579
        0.9579
        0.9579
        0.9579
        0.9579
        0.9579
        0.9579
        0.9579
        0.9579
      0.915986
      0.915986
      0.915986
      0.915986
      0.915986
      0.915986
      0.915986
      0.915986
      0.915986
      0.915985
      0.915985
      0.915985
      0.915985
      0.915985
      0.915985
      0.915984
      0.915984
      0.915983
      0.915983
      0.915982
      0.915982
      0.915981
      0.915981
       0.91598
       0.91598
      0.915979
      0.915979
      0.915978
      0.915979
      0.915979
      0.915979
      0.915979
       0.91598
      0.915981
      0.915981
      0.915982
      0.915982
      0.915983
      0.915983
      0.915983
      0.915984
      0.915984
      0.915984
      0.915985
      0.915985
      0.915985
      0.915985
      0.915985
      0.915986
      0.915986
      0.915986
      0.915986
      0.915986
      0.915986
      0.915986
      0.915986
      0.915986
      0.915986
      0.915986
      0.874392
      0.874392
      0.874392
      0.874392
      0.874392
      0.874391
      0.874391
      0.874391
      0.874391
      0.874391
      0.874391
       0.87439
       0.87439
       0.87439
      0.874389
      0.874389
      0.874388
      0.874387
      0.874386
      0.874385
      0.874384
      0.874383
      0.874382
       0.87438
      0.874379
      0.874378
      0.874377
      0.874377
      0.874377
      0.874377
      0.874378
      0.874379
      0.874381
      0.874382
      0.874383
      0.874384
      0.874385
      0.874386
      0.874387
      0.874388
      0.874388
      0.874389
      0.874389
       0.87439
       0.87439
       0.87439
       0.87439
      0.874391
      0.874391
      0.874391
      0.874391
      0.874391
      0.874391
      0.874391
      0.874392
      0.874392
      0.874392
      0.874392
      0.874392
       0.83325
      0.833249
       0.83325
      0.833249
      0.833249
      0.833249
      0.833249
      0.833249
      0.833249
      0.833248
      0.833248
      0.833248
      0.833247
      0.833246
      0.833246
      0.833245
      0.833244
      0.833242
      0.833241
      0.833239
      0.833237
      0.833234
      0.833232
      0.833229
      0.833227
      0.833224
      0.833223
      0.833221
      0.833222
      0.833223
      0.833225
      0.833227
       0.83323
      0.833232
      0.833235
      0.833237
      0.833239
      0.833241
      0.833242
      0.833243
      0.833244
      0.833245
      0.833246
      0.833246
      0.833247
      0.833247
      0.833248
      0.833248
      0.833248
      0.833249
      0.833249
      0.833249
      0.833249
      0.833249
      0.833249
      0.833249
       0.83325
      0.833249
       0.83325
      0.792689
      0.792689
      0.792689
      0.792689
      0.792689
      0.792688
      0.792688
      0.792688
      0.792688
      0.792687
      0.792687
      0.792686
      0.792685
      0.792684
      0.792683
      0.792682
       0.79268
      0.792677
      0.792674
      0.792671
      0.792667
      0.792662
      0.792657
      0.792651
      0.792645
      0.792639
      0.792637
      0.792635
      0.792635
      0.792637
      0.792642
      0.792647
      0.792653
      0.792658
      0.792664
      0.792668
      0.792672
      0.792675
      0.792678
       0.79268
      0.792681
      0.792683
      0.792684
      0.792685
      0.792685
      0.792686
      0.792687
      0.792687
      0.792687
      0.792688
      0.792688
      0.792688
      0.792688
      0.792689
      0.792689
      0.792689
      0.792689
      0.792689
      0.792689
      0.752837
      0.752837
      0.752837
      0.752837
      0.752837
      0.752837
      0.752837
      0.752836
      0.752836
      0.752835
      0.752834
      0.752833
      0.752832
       0.75283
      0.752828
      0.752825
      0.752822
      0.752817
      0.752813
      0.752805
      0.752798
      0.752788
      0.752778
      0.752765
      0.752755
      0.752738
      0.752736
       0.75273
      0.752733
      0.752737
      0.752747
      0.752757
       0.75277
      0.752781
      0.752793
      0.752802
       0.75281
      0.752815
       0.75282
      0.752823
      0.752827
      0.752828
       0.75283
      0.752831
      0.752833
      0.752833
      0.752834
      0.752835
      0.752835
      0.752836
      0.752836
      0.752836
      0.752837
      0.752837
      0.752837
      0.752837
      0.752837
      0.752837
      0.752837
      0.713817
      0.713817
      0.713817
      0.713816
      0.713816
      0.713816
      0.713816
      0.713815
      0.713815
      0.713814
      0.713813
      0.713811
      0.713809
      0.713806
      0.713802
      0.713797
      0.713791
      0.713782
      0.713772
      0.713759
      0.713744
      0.713725
      0.713703
      0.713672
      0.713631
      0.713596
      0.713593
      0.713598
      0.713607
      0.713619
      0.713639
      0.713662
      0.713688
      0.713712
      0.713735
      0.713754
      0.713769
      0.713781
      0.713789
      0.713796
      0.713801
      0.713804
      0.713807
      0.713809
      0.713811
      0.713812
      0.713813
      0.713814
      0.713814
      0.713815
      0.713815
      0.713816
      0.713816
      0.713816
      0.713816
      0.713817
      0.713817
      0.713817
      0.713817
      0.675747
      0.675747
      0.675747
      0.675746
      0.675747
      0.675746
      0.675746
      0.675745
      0.675744
      0.675742
      0.675741
      0.675738
      0.675735
       0.67573
      0.675723
      0.675714
      0.675702
      0.675685
      0.675666
      0.675639
      0.675612
      0.675573
      0.675535
       0.67546
      0.675317
        0.6752
      0.675241
      0.675299
      0.675334
      0.675357
      0.675402
      0.675448
      0.675503
       0.67555
      0.675598
      0.675633
      0.675664
      0.675686
      0.675703
      0.675714
      0.675723
      0.675729
      0.675733
      0.675736
      0.675739
       0.67574
      0.675742
      0.675743
      0.675744
      0.675744
      0.675745
      0.675745
      0.675746
      0.675746
      0.675747
      0.675747
      0.675747
      0.675747
      0.675747
      0.638741
      0.638741
      0.638741
       0.63874
       0.63874
      0.638739
      0.638739
      0.638738
      0.638736
      0.638734
      0.638731
      0.638727
      0.638721
      0.638712
        0.6387
      0.638682
      0.638657
      0.638624
      0.638581
      0.638527
      0.638469
      0.638398
       0.63832
      0.638195
      0.637943
      0.637107
      0.637673
      0.637834
      0.637911
      0.637974
      0.638062
      0.638159
      0.638266
      0.638361
      0.638456
      0.638531
      0.638591
      0.638634
      0.638666
      0.638688
      0.638703
      0.638713
      0.638721
      0.638726
       0.63873
      0.638732
      0.638734
      0.638736
      0.638737
      0.638738
      0.638738
      0.638739
       0.63874
       0.63874
       0.63874
       0.63874
      0.638741
      0.638741
      0.638741
      0.602907
      0.602907
      0.602907
      0.602906
      0.602906
      0.602905
      0.602905
      0.602903
      0.602901
      0.602898
      0.602893
      0.602885
      0.602875
      0.602858
      0.602836
        0.6028
      0.602752
      0.602679
      0.602592
       0.60247
      0.602361
      0.602217
      0.602098
       0.60189
      0.601598
      0.601194
      0.600782
      0.601129
      0.601316
      0.601428
      0.601611
       0.60179
      0.602003
      0.602162
      0.602366
      0.602517
      0.602636
      0.602721
      0.602781
       0.60282
      0.602848
      0.602866
      0.602878
      0.602886
      0.602892
      0.602896
      0.602899
      0.602901
      0.602903
      0.602903
      0.602905
      0.602905
      0.602906
      0.602906
      0.602907
      0.602907
      0.602907
      0.602907
      0.602907
      0.568348
      0.568348
      0.568348
      0.568347
      0.568347
      0.568346
      0.568345
      0.568342
      0.568339
      0.568334
      0.568325
      0.568312
      0.568293
      0.568263
      0.568218
      0.568149
      0.568046
      0.567884
      0.567665
      0.567406
      0.567161
      0.566893
       0.56661
      0.566371
      0.565953
       0.56533
      0.564097
      0.564979
      0.565272
      0.565519
      0.565806
      0.566194
      0.566492
       0.56679
      0.567239
      0.567608
      0.567859
      0.568018
      0.568128
      0.568202
      0.568252
      0.568284
      0.568305
      0.568318
      0.568327
      0.568333
      0.568337
       0.56834
      0.568342
      0.568344
      0.568345
      0.568346
      0.568347
      0.568347
      0.568348
      0.568348
      0.568348
      0.568348
      0.568348
      0.535161
      0.535161
      0.535161
       0.53516
       0.53516
      0.535158
      0.535156
      0.535152
      0.535147
      0.535138
      0.535124
      0.535101
      0.535067
      0.535009
      0.534923
      0.534784
      0.534578
      0.534213
      0.533705
      0.533107
      0.532635
      0.532113
      0.531474
      0.531305
      0.530549
      0.529849
      0.528838
      0.529317
      0.529439
      0.529914
      0.530292
      0.531133
      0.531318
      0.531591
      0.532864
      0.533777
        0.5343
      0.534573
       0.53478
      0.534913
      0.535003
      0.535058
      0.535095
      0.535116
      0.535131
       0.53514
      0.535147
       0.53515
      0.535154
      0.535155
      0.535157
      0.535158
      0.535159
       0.53516
      0.535161
      0.535161
      0.535161
      0.535161
      0.535161
      0.503435
      0.503435
      0.503434
      0.503434
      0.503433
      0.503431
      0.503428
      0.503422
      0.503414
      0.503398
      0.503373
       0.50333
      0.503266
      0.503162
         0.503
      0.502703
      0.502191
      0.501493
      0.500581
      0.498923
      0.498789
      0.497246
      0.496407
      0.496019
      0.495064
      0.493767
        0.4929
      0.493397
      0.493019
      0.494068
      0.494507
      0.496437
       0.49688
       0.49767
      0.499733
      0.500997
      0.501791
      0.502356
       0.50275
      0.503009
      0.503171
      0.503267
      0.503329
      0.503367
      0.503391
      0.503406
      0.503416
      0.503421
      0.503426
      0.503428
       0.50343
      0.503432
      0.503433
      0.503433
      0.503434
      0.503435
      0.503435
      0.503435
      0.503435
      0.473255
      0.473254
      0.473254
      0.473253
      0.473252
      0.473249
      0.473245
      0.473236
      0.473221
      0.473194
      0.473149
      0.473068
      0.472952
      0.472759
      0.472486
      0.471878
      0.470617
      0.469156
      0.468004
      0.466419
      0.465513
      0.464165
      0.462765
      0.461742
      0.460186
      0.458958
       0.45783
      0.456967
      0.456372
      0.457565
      0.459566
      0.462095
      0.463412
      0.464952
      0.467003
      0.468944
      0.470117
      0.471238
      0.472018
      0.472522
      0.472814
      0.472971
      0.473083
      0.473147
      0.473189
      0.473213
      0.473229
      0.473237
      0.473243
      0.473246
      0.473249
       0.47325
      0.473252
      0.473253
      0.473254
      0.473254
      0.473255
      0.473255
      0.473255
      0.444696
      0.444696
      0.444695
      0.444694
      0.444692
      0.444688
      0.444681
      0.444668
      0.444643
      0.444593
      0.444498
       0.44434
      0.444099
      0.443759
       0.44328
      0.442383
       0.44044
      0.438947
      0.437216
      0.435441
      0.433817
       0.43206
      0.430057
      0.428286
      0.426353
      0.424639
      0.423525
      0.421813
        0.4199
      0.421979
      0.424325
      0.427366
      0.430229
      0.433398
      0.435065
      0.437099
      0.439075
      0.440722
      0.442539
       0.44345
      0.443924
      0.444181
      0.444375
      0.444514
      0.444594
      0.444637
       0.44466
      0.444673
      0.444681
      0.444686
      0.444689
      0.444691
      0.444693
      0.444694
      0.444695
      0.444696
      0.444696
      0.444696
      0.444697
      0.417831
      0.417831
       0.41783
      0.417828
      0.417826
       0.41782
       0.41781
      0.417789
       0.41775
      0.417655
      0.417448
      0.417116
      0.416638
      0.416019
       0.41534
      0.414197
      0.412182
      0.409802
      0.407608
      0.405641
      0.403192
      0.400279
      0.399131
      0.397666
      0.395097
      0.392433
      0.390052
      0.387432
      0.386505
      0.386787
      0.389098
      0.393645
       0.39779
      0.401371
      0.404343
      0.406945
      0.409466
      0.411786
      0.414264
      0.415781
      0.416479
      0.416809
      0.417196
      0.417513
      0.417673
      0.417745
      0.417783
      0.417802
      0.417813
      0.417819
      0.417823
      0.417826
      0.417828
      0.417829
       0.41783
      0.417831
      0.417832
      0.417832
      0.417832
      0.392723
      0.392723
      0.392722
      0.392719
      0.392716
      0.392708
      0.392693
      0.392662
      0.392595
      0.392441
      0.392078
      0.391126
      0.390604
      0.389042
      0.388463
        0.3867
      0.385065
      0.381956
      0.378949
       0.37672
      0.373966
      0.370852
      0.369399
      0.367438
      0.364945
      0.361121
      0.359192
       0.35679
      0.355977
      0.354808
      0.355762
      0.361665
      0.366867
      0.370275
      0.374802
      0.378164
      0.381442
      0.384502
      0.387713
      0.389549
      0.390374
      0.390406
      0.391605
      0.392194
      0.392474
      0.392599
      0.392658
      0.392685
        0.3927
      0.392708
      0.392714
      0.392717
      0.392719
      0.392721
      0.392722
      0.392723
      0.392724
      0.392724
      0.392724
      0.369431
       0.36943
      0.369429
      0.369426
      0.369421
       0.36941
       0.36939
      0.369345
      0.369252
      0.369012
      0.368473
      0.367528
      0.365962
      0.364095
      0.362446
      0.360463
      0.358265
      0.355109
      0.351758
      0.348038
      0.344261
      0.340986
      0.338975
      0.336726
      0.335057
       0.33224
      0.330273
      0.328365
      0.326797
      0.326685
      0.329039
      0.333116
      0.338111
      0.342117
      0.346363
      0.349995
      0.354671
      0.358711
      0.362147
      0.364572
       0.36553
      0.366174
      0.367624
      0.368592
      0.369059
       0.36926
      0.369347
      0.369382
      0.369402
      0.369413
       0.36942
      0.369423
      0.369427
      0.369428
       0.36943
       0.36943
      0.369431
      0.369431
      0.369432
      0.348005
      0.348004
      0.348003
      0.347999
      0.347992
      0.347978
      0.347949
      0.347886
      0.347749
       0.34743
      0.346705
      0.345017
      0.343284
      0.341119
      0.338269
      0.335961
      0.332929
      0.328984
      0.325803
      0.320936
      0.316086
      0.313048
      0.310696
      0.308793
      0.307798
      0.305949
      0.303606
       0.30006
      0.299617
      0.300728
      0.305393
      0.308842
      0.313025
      0.317551
      0.321126
      0.325331
      0.330259
      0.334625
      0.338066
      0.340784
      0.342605
      0.344193
      0.346058
      0.346657
      0.347499
       0.34778
      0.347894
      0.347944
      0.347969
      0.347983
      0.347991
      0.347996
         0.348
      0.348002
      0.348004
      0.348005
      0.348006
      0.348006
      0.348006
      0.328492
      0.328491
       0.32849
      0.328485
      0.328477
      0.328458
      0.328422
       0.32834
      0.328169
      0.327773
      0.326957
      0.325467
      0.322942
      0.320021
      0.316241
      0.312748
      0.308698
      0.304186
      0.300373
      0.296075
      0.291251
       0.28742
      0.285086
      0.282938
      0.281804
      0.280329
      0.278428
      0.275516
      0.275193
      0.276697
      0.281345
      0.285484
      0.289981
      0.294573
      0.298678
      0.302864
      0.307598
      0.311976
      0.316019
      0.319524
      0.322287
       0.32482
      0.326441
      0.327399
      0.327941
      0.328225
      0.328359
      0.328417
       0.32845
      0.328466
      0.328477
      0.328483
      0.328487
      0.328489
      0.328492
      0.328492
      0.328494
      0.328494
      0.328494
      0.310933
      0.310932
       0.31093
      0.310924
      0.310913
       0.31089
      0.310843
      0.310739
      0.310518
      0.310039
      0.309079
      0.307311
       0.30431
      0.300903
      0.296022
      0.291807
       0.28712
      0.281542
      0.277748
      0.274354
      0.269095
      0.265231
      0.262881
      0.260878
      0.258689
      0.257518
      0.257084
      0.254778
      0.254391
      0.255284
      0.260348
      0.264787
      0.268925
       0.27466
      0.278496
      0.283232
      0.287382
      0.292092
      0.296299
      0.300242
      0.303736
      0.306428
      0.308564
      0.309697
      0.310301
      0.310607
      0.310762
      0.310839
       0.31088
      0.310902
      0.310915
      0.310922
      0.310927
       0.31093
      0.310932
      0.310933
      0.310934
      0.310935
      0.310935
      0.295362
      0.295361
      0.295359
      0.295352
      0.295339
      0.295311
      0.295254
      0.295126
      0.294865
      0.294258
      0.293027
      0.290718
      0.287862
      0.283987
      0.279257
      0.274323
      0.268671
      0.262917
      0.259064
      0.254675
       0.24997
      0.245962
      0.242679
        0.2393
      0.238796
      0.238078
      0.237728
       0.23607
      0.235998
      0.237054
      0.241337
      0.245612
      0.250128
      0.254749
      0.260166
      0.265157
      0.269384
      0.274257
      0.279195
      0.283792
      0.287302
      0.290014
      0.292218
      0.293722
      0.294544
       0.29494
      0.295145
      0.295244
      0.295298
      0.295325
      0.295342
       0.29535
      0.295356
      0.295359
      0.295362
      0.295363
      0.295364
      0.295364
      0.295365
       0.28181
      0.281809
      0.281805
      0.281798
      0.281782
      0.281747
      0.281675
       0.28152
      0.281199
      0.280524
      0.279239
      0.277024
      0.273656
      0.269545
      0.264706
      0.259619
      0.253704
      0.247825
      0.244137
      0.237286
      0.233275
      0.229953
      0.226812
      0.224324
      0.223553
      0.223932
      0.222497
      0.221255
      0.221365
       0.22229
      0.226255
      0.229324
       0.23425
      0.238336
      0.244462
      0.248893
      0.253341
      0.259346
      0.264315
      0.269016
      0.272779
      0.275746
       0.27774
      0.279295
      0.280595
      0.281215
      0.281515
      0.281657
      0.281729
      0.281765
      0.281785
      0.281796
      0.281803
      0.281807
      0.281809
      0.281811
      0.281812
      0.281812
      0.281813
      0.270302
        0.2703
      0.270297
      0.270288
       0.27027
      0.270228
      0.270144
      0.269955
      0.269576
      0.268756
      0.267172
       0.26445
      0.261113
      0.256935
      0.252286
      0.247359
       0.24118
      0.235642
      0.230124
      0.224225
        0.2194
      0.217291
      0.213818
      0.211173
      0.210715
          0.21
      0.208952
      0.208607
      0.209284
      0.211139
      0.213557
      0.216153
      0.221122
      0.225896
      0.231276
      0.235662
      0.240978
      0.247003
      0.251602
      0.255598
      0.259957
      0.263129
       0.26526
      0.266971
      0.268402
      0.269437
      0.269909
      0.270102
      0.270201
      0.270248
      0.270273
      0.270286
      0.270294
      0.270298
      0.270301
      0.270303
      0.270304
      0.270305
      0.270305
      0.260858
      0.260857
      0.260853
      0.260842
      0.260821
      0.260772
      0.260667
      0.260437
      0.259962
      0.259011
      0.257258
      0.254246
      0.250657
      0.245816
      0.241405
      0.235707
      0.229559
      0.222883
      0.218212
      0.211287
      0.206793
      0.205662
      0.203474
       0.20224
      0.201338
      0.199828
       0.19809
      0.198389
      0.199417
      0.202796
      0.204655
      0.207405
      0.212146
      0.216848
      0.221842
      0.226189
      0.230429
      0.235513
      0.240843
       0.24561
      0.249549
      0.252344
       0.25461
      0.256646
      0.258158
      0.259648
      0.260305
      0.260592
      0.260728
      0.260792
      0.260825
      0.260841
       0.26085
      0.260855
      0.260858
       0.26086
      0.260861
      0.260861
      0.260862
      0.253497
      0.253495
      0.253491
      0.253479
      0.253456
      0.253399
      0.253278
      0.252991
       0.25239
      0.251194
      0.249038
         0.246
       0.24212
       0.23781
      0.232634
      0.226289
      0.219808
      0.212682
      0.207733
      0.203039
      0.199627
      0.197673
       0.19638
      0.195361
       0.19411
      0.193188
      0.191624
      0.190853
      0.192195
      0.194756
      0.198378
      0.201825
      0.205355
      0.209855
       0.21387
      0.217723
      0.221745
      0.226374
      0.231685
      0.236217
      0.240578
      0.243949
      0.246097
      0.248047
       0.25011
      0.251911
      0.252781
      0.253153
      0.253336
      0.253418
      0.253458
      0.253477
      0.253487
      0.253493
      0.253496
      0.253498
        0.2535
        0.2535
      0.253501
      0.248229
      0.248228
      0.248223
      0.248211
      0.248184
      0.248121
      0.247978
      0.247637
       0.24688
       0.24521
      0.242953
      0.239972
      0.235755
       0.23228
      0.226871
       0.22142
      0.214464
      0.207711
      0.202189
      0.198221
      0.196142
      0.194448
      0.191977
      0.190046
      0.188566
      0.187454
      0.187902
      0.187562
      0.188396
      0.190725
      0.195262
      0.198345
      0.200386
      0.204142
      0.208227
      0.211612
      0.215445
      0.220279
      0.225436
      0.229623
      0.233894
      0.237053
      0.239586
      0.241794
      0.244131
      0.246171
      0.247257
      0.247785
       0.24803
      0.248136
      0.248185
      0.248207
      0.248219
      0.248225
      0.248229
      0.248231
      0.248232
      0.248233
      0.248233
      0.245066
      0.245064
      0.245059
      0.245047
      0.245021
      0.244955
      0.244814
      0.244424
      0.243539
      0.241775
      0.239481
      0.236348
      0.232661
      0.228437
      0.223676
      0.217853
      0.212738
      0.207128
      0.202131
      0.198257
      0.195545
      0.192989
      0.189816
      0.187252
      0.185766
       0.18484
      0.185386
      0.186516
      0.188061
      0.191056
      0.194351
       0.19673
      0.199216
       0.20213
      0.205764
      0.209214
      0.212405
      0.216552
      0.221329
      0.225989
      0.229766
      0.232608
      0.235653
      0.238332
      0.240389
      0.242272
      0.243771
      0.244522
      0.244846
      0.244962
      0.245018
      0.245042
      0.245055
      0.245061
      0.245065
      0.245067
      0.245069
      0.245069
      0.245069
       0.24401
      0.244009
      0.244004
      0.243991
      0.243964
        0.2439
      0.243755
      0.243417
        0.2427
      0.241296
      0.238828
      0.235983
      0.232267
      0.228314
      0.223753
      0.218381
      0.214496
      0.209617
      0.205036
      0.200984
      0.197221
      0.193389
      0.189902
      0.187845
      0.186417
      0.185379
      0.185531
      0.187037
      0.189611
      0.193287
        0.1964
      0.198995
      0.201116
      0.203389
      0.206585
      0.209618
       0.21163
      0.215041
      0.219765
      0.224647
      0.228453
      0.231467
       0.23419
       0.23682
      0.238778
      0.241049
      0.242695
      0.243434
      0.243761
      0.243897
      0.243958
      0.243985
      0.243999
      0.244006
      0.244009
      0.244012
      0.244013
      0.244014
      0.244014
      0.245066
      0.245064
       0.24506
      0.245048
      0.245024
      0.244964
      0.244837
      0.244546
      0.243957
      0.242765
      0.240602
      0.237653
      0.234022
      0.230066
       0.22551
      0.221011
        0.2173
      0.213282
      0.208853
      0.204785
      0.200325
      0.196358
      0.193003
      0.190856
        0.1898
      0.189353
      0.189068
       0.19139
      0.193648
      0.196871
      0.199921
      0.202776
      0.205383
      0.207574
      0.209961
        0.2119
      0.213658
      0.216688
      0.221154
      0.225948
      0.229024
       0.23204
      0.234776
      0.237271
       0.23985
      0.242142
      0.243716
      0.244486
      0.244824
      0.244952
      0.245014
      0.245041
      0.245054
      0.245061
      0.245065
      0.245067
      0.245069
      0.245069
      0.245069
       0.24823
      0.248228
      0.248224
      0.248213
      0.248191
      0.248138
      0.248026
      0.247781
       0.24728
      0.246286
      0.244476
      0.241441
       0.23781
      0.233991
      0.229486
      0.225413
      0.221829
      0.217776
      0.213319
      0.209036
      0.205032
       0.20168
      0.198018
      0.195879
       0.19491
      0.193498
      0.193073
      0.194886
      0.198206
      0.201506
      0.204702
      0.207939
      0.211457
       0.21398
      0.216015
      0.216633
      0.218219
      0.221079
       0.22488
      0.228802
       0.23131
      0.235139
      0.237823
      0.240834
      0.243352
      0.245751
      0.247052
      0.247689
      0.247987
      0.248118
      0.248178
      0.248205
      0.248218
      0.248225
      0.248229
      0.248231
      0.248232
      0.248233
      0.248233
      0.253497
      0.253496
      0.253493
      0.253483
      0.253464
      0.253419
      0.253326
      0.253118
      0.252705
      0.251836
      0.250201
      0.247468
      0.244143
      0.240373
      0.236147
      0.232244
      0.227776
      0.223387
      0.219695
      0.215949
      0.212278
      0.208783
       0.20456
      0.201386
      0.200712
      0.199988
      0.199738
      0.200447
      0.203491
      0.207175
      0.210561
      0.214028
      0.217992
      0.221591
      0.223956
      0.225836
      0.226334
      0.227896
      0.231255
      0.234498
      0.237012
      0.239964
      0.243453
      0.246503
      0.249088
      0.251292
      0.252463
      0.253011
      0.253278
      0.253394
       0.25345
      0.253474
      0.253486
      0.253492
      0.253496
      0.253498
        0.2535
        0.2535
      0.253501
      0.260859
      0.260858
      0.260855
      0.260846
      0.260829
      0.260791
       0.26071
      0.260537
      0.260182
      0.259473
      0.258167
      0.255965
       0.25252
      0.248544
      0.244542
       0.24092
       0.23625
      0.232558
      0.228767
      0.224725
      0.221449
      0.217497
      0.213242
      0.210708
      0.209603
      0.209405
      0.209132
      0.208879
      0.210855
      0.214086
      0.217623
      0.220825
       0.22529
      0.229805
      0.232757
      0.235472
      0.236297
      0.238303
      0.240625
      0.242579
      0.245286
      0.248772
      0.251812
      0.254483
      0.256797
      0.258911
      0.259947
      0.260432
      0.260661
      0.260766
      0.260815
      0.260837
      0.260848
      0.260854
      0.260858
       0.26086
      0.260861
      0.260862
      0.260862
      0.270303
      0.270302
      0.270299
      0.270292
      0.270278
      0.270246
       0.27018
       0.27003
      0.269728
      0.269105
       0.26793
      0.265893
      0.262598
      0.258636
      0.255386
      0.251894
      0.248386
      0.244404
      0.240445
      0.236575
      0.232943
      0.229147
         0.225
      0.221826
       0.22091
      0.220701
      0.220436
      0.220402
      0.220897
      0.223204
      0.225984
      0.229055
      0.233664
      0.239016
      0.243042
      0.246436
      0.248115
      0.249685
      0.252038
      0.253732
      0.256358
      0.258981
      0.262103
      0.264798
      0.266961
      0.268706
      0.269568
       0.26995
      0.270139
      0.270223
      0.270264
      0.270283
      0.270293
      0.270298
      0.270301
      0.270303
      0.270304
      0.270305
      0.270305
      0.281811
       0.28181
      0.281807
      0.281802
       0.28179
      0.281763
      0.281706
       0.28158
      0.281313
      0.280737
      0.279578
      0.277361
      0.275021
       0.27227
      0.269001
      0.266057
      0.263401
      0.258944
      0.254684
      0.250375
      0.246612
      0.242807
      0.239122
       0.23553
      0.234667
      0.233687
      0.233574
      0.233392
      0.232693
      0.234228
      0.236835
      0.239387
      0.243579
      0.248731
      0.254491
      0.258668
      0.261535
      0.263936
      0.266627
       0.26822
      0.270428
      0.271774
      0.275005
      0.277782
      0.279195
      0.280586
      0.281229
       0.28153
      0.281675
      0.281744
      0.281777
      0.281793
      0.281802
      0.281806
      0.281809
      0.281811
      0.281812
      0.281812
      0.281813
      0.295363
      0.295362
      0.295361
      0.295356
      0.295346
      0.295325
      0.295281
      0.295179
      0.294968
      0.294431
      0.293284
      0.291397
      0.289643
      0.287428
      0.284532
      0.281583
       0.27956
      0.276212
      0.271353
      0.265919
      0.262091
      0.258166
      0.254933
      0.251825
      0.250121
      0.248967
      0.248464
      0.248764
      0.247943
      0.248223
      0.249937
      0.252092
      0.256779
      0.262331
      0.268567
      0.273576
      0.277016
      0.279619
      0.282499
       0.28457
      0.286266
      0.288036
      0.290376
      0.292519
      0.293692
      0.294514
      0.294943
      0.295152
       0.29526
       0.29531
      0.295336
      0.295348
      0.295355
      0.295359
      0.295362
      0.295363
      0.295364
      0.295364
      0.295365
      0.310934
      0.310933
      0.310931
      0.310928
       0.31092
      0.310903
      0.310868
      0.310791
      0.310623
       0.31025
      0.309475
      0.307906
      0.306555
      0.304581
      0.302118
       0.30016
      0.297741
      0.294084
      0.290328
      0.284622
      0.281103
      0.276805
      0.273604
      0.270479
      0.267846
      0.265232
      0.264788
      0.265125
      0.264896
      0.264704
      0.267078
      0.269901
      0.274145
      0.279419
      0.286025
      0.291088
      0.294878
      0.298194
      0.300536
       0.30208
      0.304029
      0.305665
      0.307719
      0.309065
      0.309877
      0.310367
      0.310639
      0.310781
      0.310855
      0.310892
      0.310911
      0.310921
      0.310927
       0.31093
      0.310932
      0.310933
      0.310934
      0.310935
      0.310935
      0.328493
      0.328492
      0.328491
      0.328488
      0.328483
       0.32847
      0.328446
      0.328391
      0.328281
      0.328045
       0.32758
      0.326788
      0.325482
      0.323628
      0.321552
      0.319285
       0.31676
      0.313265
      0.310233
      0.306493
      0.302877
      0.298875
      0.294454
        0.2907
      0.287467
      0.285233
      0.284308
      0.284012
      0.283687
      0.284591
      0.286966
      0.290432
      0.295069
      0.300109
      0.306059
      0.311462
      0.315057
      0.317912
      0.320102
      0.321985
      0.323831
      0.325415
      0.326548
      0.327335
      0.327836
      0.328126
      0.328295
      0.328386
      0.328436
      0.328461
      0.328475
      0.328482
      0.328487
       0.32849
      0.328492
      0.328492
      0.328494
      0.328494
      0.328494
      0.348005
      0.348005
      0.348004
      0.348002
      0.347997
      0.347989
      0.347972
      0.347937
      0.347868
      0.347732
      0.347479
      0.347023
      0.346228
      0.344888
      0.342737
      0.340826
      0.338379
      0.335728
      0.332889
      0.329566
      0.326979
      0.322063
      0.317595
      0.315097
      0.309604
      0.308164
      0.306118
      0.305036
      0.304535
      0.307205
      0.309684
      0.314605
      0.319094
      0.323317
      0.328657
      0.333534
      0.336818
      0.338988
      0.341462
      0.343482
      0.345254
      0.346242
      0.346887
      0.347321
      0.347602
      0.347773
      0.347875
      0.347932
      0.347964
      0.347981
      0.347991
      0.347996
         0.348
      0.348002
      0.348004
      0.348005
      0.348006
      0.348006
      0.348006
      0.369431
      0.369431
       0.36943
      0.369428
      0.369425
      0.369419
      0.369409
      0.369387
      0.369346
       0.36927
      0.369138
      0.368841
       0.36823
      0.366992
      0.365671
      0.363904
      0.362212
      0.360508
      0.358115
      0.355647
      0.352506
      0.348429
      0.344372
      0.340515
      0.335039
      0.331716
      0.329283
      0.327593
      0.328681
      0.331408
      0.334859
      0.339813
      0.344487
      0.349404
      0.353607
        0.3575
      0.360413
      0.362732
      0.364964
      0.366784
      0.367847
      0.368431
      0.368804
      0.369036
       0.36919
      0.369287
      0.369347
      0.369381
      0.369401
      0.369412
       0.36942
      0.369424
      0.369427
      0.369428
       0.36943
       0.36943
      0.369431
      0.369431
      0.369432
      0.392723
      0.392723
      0.392723
      0.392721
      0.392719
      0.392715
      0.392708
      0.392695
      0.392671
      0.392627
      0.392546
      0.392384
      0.392072
      0.391482
      0.390543
      0.388842
      0.387775
      0.386674
      0.384718
      0.382524
      0.379933
      0.376477
      0.372798
      0.368322
      0.362097
      0.359523
      0.356269
      0.354396
      0.355879
      0.357119
      0.361502
      0.366166
      0.371095
      0.375546
       0.37978
      0.383103
      0.385823
      0.388075
      0.390069
      0.391164
      0.391792
      0.392145
       0.39236
      0.392493
      0.392579
      0.392633
      0.392668
      0.392689
      0.392701
      0.392709
      0.392714
      0.392717
       0.39272
      0.392721
      0.392722
      0.392723
      0.392724
      0.392724
      0.392724
      0.417832
      0.417831
      0.417831
       0.41783
      0.417829
      0.417825
      0.417821
      0.417813
        0.4178
      0.417773
      0.417728
       0.41764
      0.417482
      0.417174
      0.416661
       0.41597
      0.415176
      0.414441
      0.412715
      0.410575
       0.40852
      0.406268
      0.402882
      0.399049
      0.394129
      0.390677
      0.387353
      0.385701
      0.385654
      0.386726
      0.391181
      0.396539
      0.400246
      0.403557
      0.407116
      0.410149
      0.412903
      0.415041
      0.416258
      0.416907
      0.417285
       0.41749
      0.417619
      0.417693
      0.417743
      0.417774
      0.417794
      0.417806
      0.417815
       0.41782
      0.417824
      0.417826
      0.417828
      0.417829
      0.417831
      0.417831
      0.417832
      0.417832
      0.417832
      0.444696
      0.444696
      0.444696
      0.444695
      0.444694
      0.444692
      0.444689
      0.444684
      0.444676
      0.444661
      0.444635
      0.444588
      0.444504
      0.444355
      0.444121
        0.4438
      0.443396
       0.44282
      0.441713
      0.439656
      0.438107
      0.436305
       0.43358
      0.429935
       0.42668
      0.422472
      0.420315
      0.418111
      0.419133
       0.42127
      0.423437
      0.427879
      0.430969
      0.433654
       0.43626
      0.438546
       0.44132
      0.442872
      0.443702
      0.444126
      0.444358
      0.444487
      0.444564
       0.44461
      0.444639
      0.444657
       0.44467
      0.444678
      0.444684
      0.444687
       0.44469
      0.444692
      0.444693
      0.444694
      0.444695
      0.444696
      0.444696
      0.444696
      0.444697
      0.473255
      0.473254
      0.473254
      0.473254
      0.473253
      0.473251
       0.47325
      0.473246
      0.473242
      0.473232
      0.473219
      0.473192
       0.47315
      0.473079
      0.472974
      0.472815
      0.472624
      0.472205
      0.471388
      0.470044
      0.469187
      0.467964
      0.465176
      0.462436
      0.459188
      0.456078
      0.454553
      0.454503
      0.454695
      0.456261
      0.457882
      0.460612
      0.462906
      0.464911
      0.466836
       0.46851
      0.470715
      0.471999
      0.472631
      0.472897
      0.473045
      0.473123
      0.473171
      0.473198
      0.473216
      0.473227
      0.473236
      0.473241
      0.473245
      0.473247
       0.47325
      0.473251
      0.473252
      0.473253
      0.473254
      0.473254
      0.473255
      0.473255
      0.473255
      0.503435
      0.503435
      0.503435
      0.503434
      0.503434
      0.503433
      0.503431
      0.503429
      0.503426
      0.503421
      0.503412
      0.503398
      0.503376
       0.50334
      0.503286
      0.503203
      0.503083
      0.502869
      0.502503
      0.501924
       0.50117
        0.4998
      0.496946
      0.494829
      0.492825
      0.490377
      0.489479
      0.489838
      0.490166
      0.491142
      0.492591
      0.494471
      0.496216
      0.497918
      0.499282
      0.500938
      0.502009
      0.502669
      0.503028
      0.503205
      0.503298
      0.503349
      0.503378
      0.503396
      0.503408
      0.503415
       0.50342
      0.503424
      0.503427
      0.503429
      0.503431
      0.503432
      0.503433
      0.503434
      0.503434
      0.503435
      0.503435
      0.503435
      0.503435
      0.535161
      0.535161
      0.535161
       0.53516
       0.53516
      0.535159
      0.535158
      0.535157
      0.535155
      0.535151
      0.535147
      0.535138
      0.535127
      0.535107
       0.53508
      0.535034
      0.534967
      0.534854
       0.53468
      0.534345
      0.533815
      0.532619
      0.530339
      0.528792
      0.527968
      0.526699
      0.525633
      0.525518
      0.525827
      0.526758
      0.528241
      0.529544
      0.530991
      0.532378
      0.533089
      0.533892
      0.534407
      0.534724
      0.534912
      0.535015
      0.535074
      0.535104
      0.535123
      0.535133
      0.535141
      0.535146
       0.53515
      0.535152
      0.535155
      0.535156
      0.535158
      0.535158
      0.535159
       0.53516
      0.535161
      0.535161
      0.535161
      0.535161
      0.535161
      0.568348
      0.568348
      0.568348
      0.568348
      0.568347
      0.568347
      0.568346
      0.568345
      0.568343
      0.568341
      0.568338
      0.568334
      0.568327
      0.568316
      0.568301
      0.568276
      0.568238
      0.568175
      0.568068
      0.567862
       0.56746
       0.56658
      0.564703
      0.564938
      0.564668
       0.56393
      0.562308
      0.562007
      0.562165
      0.563215
      0.564809
      0.565694
      0.566399
      0.566984
      0.567388
      0.567716
       0.56795
      0.568105
      0.568201
      0.568258
      0.568291
      0.568309
      0.568321
      0.568328
      0.568333
      0.568337
      0.568339
      0.568341
      0.568343
      0.568344
      0.568345
      0.568346
      0.568347
      0.568347
      0.568348
      0.568348
      0.568348
      0.568348
      0.568348
      0.602907
      0.602907
      0.602907
      0.602907
      0.602907
      0.602906
      0.602906
      0.602904
      0.602904
      0.602902
        0.6029
      0.602897
      0.602894
      0.602887
      0.602879
      0.602865
      0.602845
      0.602809
       0.60275
      0.602625
      0.602385
      0.601942
      0.601205
      0.601252
      0.601156
      0.600776
      0.600078
      0.600062
      0.599936
       0.60063
      0.601219
       0.60165
      0.602016
      0.602249
      0.602461
      0.602592
        0.6027
      0.602773
      0.602822
      0.602851
       0.60287
       0.60288
      0.602888
      0.602892
      0.602896
      0.602898
        0.6029
      0.602901
      0.602903
      0.602904
      0.602905
      0.602905
      0.602906
      0.602906
      0.602907
      0.602907
      0.602907
      0.602907
      0.602907
      0.638741
      0.638741
      0.638741
       0.63874
       0.63874
       0.63874
      0.638739
      0.638739
      0.638738
      0.638737
      0.638736
      0.638734
      0.638731
      0.638728
      0.638723
      0.638715
      0.638703
      0.638684
      0.638651
      0.638588
      0.638475
      0.638292
      0.638064
      0.638003
      0.637936
      0.637791
      0.637598
      0.637549
      0.637559
      0.637755
       0.63797
      0.638147
      0.638301
      0.638416
      0.638511
      0.638578
       0.63863
      0.638665
       0.63869
      0.638705
      0.638715
      0.638722
      0.638726
      0.638729
      0.638732
      0.638733
      0.638735
      0.638736
      0.638737
      0.638738
      0.638739
      0.638739
       0.63874
       0.63874
       0.63874
       0.63874
      0.638741
      0.638741
      0.638741
      0.675747
      0.675747
      0.675747
      0.675746
      0.675747
      0.675746
      0.675746
      0.675745
      0.675745
      0.675744
      0.675743
      0.675742
       0.67574
      0.675738
      0.675735
      0.675731
      0.675725
      0.675714
      0.675697
      0.675667
      0.675619
      0.675556
      0.675505
      0.675438
      0.675399
      0.675347
      0.675321
      0.675274
      0.675313
      0.675335
       0.67541
      0.675472
      0.675538
      0.675587
      0.675631
      0.675662
      0.675687
      0.675704
      0.675716
      0.675724
       0.67573
      0.675733
      0.675736
      0.675738
       0.67574
      0.675741
      0.675743
      0.675743
      0.675744
      0.675744
      0.675745
      0.675745
      0.675746
      0.675746
      0.675747
      0.675747
      0.675747
      0.675747
      0.675747
      0.713817
      0.713817
      0.713817
      0.713816
      0.713816
      0.713816
      0.713816
      0.713815
      0.713815
      0.713814
      0.713814
      0.713813
      0.713812
       0.71381
      0.713809
      0.713806
      0.713803
      0.713797
      0.713789
      0.713776
      0.713757
      0.713733
      0.713711
      0.713684
      0.713665
      0.713645
      0.713632
      0.713619
      0.713628
      0.713638
      0.713663
      0.713688
      0.713714
      0.713737
      0.713756
      0.713771
      0.713783
      0.713791
      0.713797
      0.713801
      0.713805
      0.713807
      0.713809
       0.71381
      0.713811
      0.713812
      0.713813
      0.713814
      0.713814
      0.713815
      0.713815
      0.713816
      0.713816
      0.713816
      0.713816
      0.713817
      0.713817
      0.713817
      0.713817
      0.752837
      0.752837
      0.752837
      0.752837
      0.752837
      0.752837
      0.752837
      0.752836
      0.752836
      0.752835
      0.752835
      0.752834
      0.752834
      0.752833
      0.752832
       0.75283
      0.752828
      0.752825
      0.752822
      0.752816
      0.752809
      0.752799
      0.752791
      0.752779
      0.752773
      0.752762
      0.752759
      0.752752
      0.752757
      0.752758
      0.752768
      0.752776
      0.752788
      0.752796
      0.752805
      0.752811
      0.752817
      0.752821
      0.752825
      0.752827
      0.752829
       0.75283
      0.752831
      0.752832
      0.752833
      0.752834
      0.752834
      0.752835
      0.752835
      0.752836
      0.752836
      0.752836
      0.752837
      0.752837
      0.752837
      0.752837
      0.752837
      0.752837
      0.752837
      0.792689
      0.792689
      0.792689
      0.792689
      0.792689
      0.792689
      0.792688
      0.792688
      0.792688
      0.792688
      0.792687
      0.792687
      0.792686
      0.792686
      0.792685
      0.792684
      0.792683
      0.792681
      0.792679
      0.792677
      0.792674
       0.79267
      0.792666
      0.792661
      0.792658
      0.792654
      0.792652
       0.79265
       0.79265
      0.792651
      0.792655
      0.792658
      0.792663
      0.792667
      0.792671
      0.792674
      0.792676
      0.792678
       0.79268
      0.792682
      0.792683
      0.792684
      0.792684
      0.792685
      0.792686
      0.792686
      0.792687
      0.792687
      0.792687
      0.792688
      0.792688
      0.792688
      0.792688
      0.792689
      0.792689
      0.792689
      0.792689
      0.792689
      0.792689
       0.83325
      0.833249
       0.83325
      0.833249
      0.833249
      0.833249
      0.833249
      0.833249
      0.833249
      0.833248
      0.833248
      0.833248
      0.833248
      0.833247
      0.833247
      0.833246
      0.833246
      0.833244
      0.833244
      0.833242
      0.833241
      0.833239
      0.833238
      0.833235
      0.833234
      0.833232
      0.833232
       0.83323
      0.833231
      0.833231
      0.833233
      0.833233
      0.833236
      0.833237
      0.833239
       0.83324
      0.833242
      0.833243
      0.833244
      0.833244
      0.833245
      0.833246
      0.833246
      0.833247
      0.833247
      0.833247
      0.833248
      0.833248
      0.833248
      0.833249
      0.833249
      0.833249
      0.833249
      0.833249
      0.833249
      0.833249
       0.83325
      0.833249
       0.83325
      0.874392
      0.874392
      0.874392
      0.874392
      0.874392
      0.874391
      0.874391
      0.874391
      0.874391
      0.874391
      0.874391
      0.874391
       0.87439
       0.87439
       0.87439
      0.874389
      0.874389
      0.874388
      0.874388
      0.874387
      0.874387
      0.874386
      0.874385
      0.874384
      0.874383
      0.874382
      0.874382
      0.874382
      0.874382
      0.874382
      0.874382
      0.874383
      0.874384
      0.874384
      0.874385
      0.874386
      0.874387
      0.874387
      0.874388
      0.874388
      0.874389
      0.874389
      0.874389
       0.87439
       0.87439
       0.87439
       0.87439
      0.874391
      0.874391
      0.874391
      0.874391
      0.874391
      0.874391
      0.874391
      0.874392
      0.874392
      0.874392
      0.874392
      0.874392
      0.915986
      0.915986
      0.915986
      0.915986
      0.915986
      0.915986
      0.915986
      0.915986
      0.915986
      0.915985
      0.915985
      0.915985
      0.915985
      0.915985
      0.915985
      0.915985
      0.915984
      0.915984
      0.915984
      0.915983
      0.915983
      0.915983
      0.915982
      0.915982
      0.915982
      0.915981
      0.915981
      0.915981
      0.915981
      0.915981
      0.915981
      0.915981
      0.915982
      0.915982
      0.915982
      0.915983
      0.915983
      0.915983
      0.915984
      0.915984
      0.915984
      0.915984
      0.915985
      0.915985
      0.915985
      0.915985
      0.915985
      0.915985
      0.915986
      0.915986
      0.915986
      0.915986
      0.915986
      0.915986
      0.915986
      0.915986
      0.915986
      0.915986
      0.915986
        0.9579
        0.9579
        0.9579
        0.9579
        0.9579
        0.9579
        0.9579
        0.9579
        0.9579
        0.9579
        0.9579
        0.9579
        0.9579
      0.957899
      0.957899
      0.957899
      0.957899
      0.957899
      0.957899
      0.957899
      0.957899
      0.957898
      0.957898
      0.957898
      0.957898
      0.957898
      0.957898
      0.957898
      0.957898
      0.957898
      0.957898
      0.957898
      0.957898
      0.957898
      0.957898
      0.957898
      0.957899
      0.957899
      0.957899
      0.957899
      0.957899
      0.957899
      0.957899
      0.957899
      0.957899
        0.9579
        0.9579
        0.9579
        0.9579
        0.9579
        0.9579
        0.9579
        0.9579
        0.9579
        0.9579
        0.9579
        0.9579
        0.9579
        0.9579
             1
             1
             1
             1
             1
             1
             1
             1
             1
             1
             1
             1
             1
             1
             1
             1
             1
             1
             1
             1
             1
             1
             1
             1
             1
             1
             1
             1
             1
             1
             1
             1
             1
             1
             1
             1
             1
             1
             1
             1
             1
             1
             1
             1
             1
             1
             1
             1
             1
             1
             1
             1
             1
             1
             1
             1
             1
             1
             1
