             1
             1
             1
             1
             1
             1
             1
             1
             1
             1
             1
             1
             1
             1
             1
             1
             1
             1
             1
             1
             1
             1
             1
             1
             1
             1
             1
             1
             1
             1
             1
             1
             1
             1
             1
             1
             1
             1
             1
             1
             1
             1
             1
             1
             1
             1
             1
             1
             1
             1
             1
             1
             1
             1
             1
             1
             1
             1
             1
      0.958185
      0.958185
      0.958185
      0.958185
      0.958185
      0.958185
      0.958185
      0.958185
      0.958185
      0.958185
      0.958185
      0.958185
      0.958185
      0.958185
      0.958184
      0.958184
      0.958184
      0.958183
      0.958183
      0.958182
      0.958182
      0.958181
       0.95818
      0.958179
      0.958179
      0.958178
      0.958178
      0.958178
      0.958178
      0.958178
      0.958179
      0.958179
       0.95818
      0.958181
      0.958181
      0.958182
      0.958183
      0.958183
      0.958183
      0.958184
      0.958184
      0.958184
      0.958185
      0.958185
      0.958185
      0.958185
      0.958185
      0.958185
      0.958185
      0.958185
      0.958185
      0.958185
      0.958185
      0.958185
      0.958185
      0.958185
      0.958185
      0.958185
      0.958185
      0.916555
      0.916555
      0.916555
      0.916555
      0.916555
      0.916555
      0.916555
      0.916555
      0.916555
      0.916555
      0.916555
      0.916554
      0.916554
      0.916553
      0.916553
      0.916552
      0.916552
       0.91655
      0.916549
      0.916548
      0.916546
      0.916544
      0.916542
       0.91654
      0.916538
      0.916536
      0.916536
      0.916535
      0.916537
      0.916537
      0.916539
       0.91654
      0.916542
      0.916544
      0.916546
      0.916547
      0.916549
       0.91655
      0.916551
      0.916552
      0.916552
      0.916553
      0.916553
      0.916554
      0.916554
      0.916554
      0.916554
      0.916555
      0.916555
      0.916555
      0.916555
      0.916555
      0.916555
      0.916555
      0.916555
      0.916555
      0.916555
      0.916555
      0.916555
      0.875242
      0.875241
      0.875242
      0.875241
      0.875241
      0.875241
      0.875241
      0.875241
      0.875241
       0.87524
       0.87524
       0.87524
      0.875239
      0.875238
      0.875237
      0.875236
      0.875234
      0.875232
       0.87523
      0.875227
      0.875224
      0.875219
      0.875214
      0.875209
      0.875204
        0.8752
      0.875199
      0.875199
      0.875201
      0.875204
      0.875208
      0.875211
      0.875215
      0.875219
      0.875223
      0.875226
      0.875229
      0.875231
      0.875233
      0.875235
      0.875236
      0.875237
      0.875238
      0.875239
      0.875239
       0.87524
       0.87524
       0.87524
      0.875241
      0.875241
      0.875241
      0.875241
      0.875241
      0.875241
      0.875241
      0.875241
      0.875242
      0.875242
      0.875242
      0.834375
      0.834375
      0.834375
      0.834375
      0.834375
      0.834375
      0.834374
      0.834374
      0.834374
      0.834373
      0.834373
      0.834372
      0.834371
      0.834369
      0.834368
      0.834365
      0.834362
      0.834358
      0.834354
      0.834347
      0.834341
      0.834331
       0.83432
      0.834306
      0.834296
      0.834285
      0.834286
      0.834287
      0.834294
        0.8343
      0.834309
      0.834315
      0.834324
      0.834331
       0.83434
      0.834346
      0.834352
      0.834357
      0.834361
      0.834364
      0.834367
      0.834368
       0.83437
      0.834371
      0.834372
      0.834372
      0.834373
      0.834373
      0.834374
      0.834374
      0.834374
      0.834374
      0.834375
      0.834375
      0.834375
      0.834375
      0.834375
      0.834375
      0.834375
      0.794084
      0.794084
      0.794084
      0.794083
      0.794083
      0.794083
      0.794083
      0.794082
      0.794082
      0.794081
       0.79408
      0.794079
      0.794077
      0.794074
       0.79407
      0.794065
       0.79406
      0.794051
      0.794042
       0.79403
      0.794016
      0.793995
      0.793969
      0.793937
      0.793906
      0.793883
      0.793887
      0.793898
      0.793917
      0.793935
      0.793952
      0.793967
      0.793983
      0.793998
      0.794014
      0.794028
      0.794041
      0.794052
       0.79406
      0.794066
       0.79407
      0.794073
      0.794076
      0.794078
      0.794079
       0.79408
      0.794081
      0.794081
      0.794082
      0.794082
      0.794083
      0.794083
      0.794083
      0.794083
      0.794083
      0.794083
      0.794084
      0.794084
      0.794084
      0.754493
      0.754493
      0.754493
      0.754493
      0.754493
      0.754492
      0.754492
      0.754491
      0.754491
      0.754489
      0.754488
      0.754485
      0.754482
      0.754476
       0.75447
      0.754459
      0.754448
       0.75443
      0.754414
      0.754388
       0.75436
      0.754316
       0.75426
      0.754182
      0.754106
      0.754043
      0.754077
      0.754105
      0.754156
        0.7542
      0.754238
      0.754264
      0.754298
      0.754324
      0.754359
      0.754386
      0.754415
      0.754435
      0.754452
      0.754463
      0.754472
      0.754477
      0.754482
      0.754484
      0.754487
      0.754488
      0.754489
       0.75449
      0.754491
      0.754491
      0.754492
      0.754492
      0.754493
      0.754493
      0.754493
      0.754493
      0.754493
      0.754493
      0.754493
      0.715725
      0.715725
      0.715725
      0.715725
      0.715724
      0.715724
      0.715723
      0.715722
      0.715721
      0.715719
      0.715716
      0.715711
      0.715705
      0.715694
      0.715678
      0.715656
      0.715629
       0.71559
      0.715558
      0.715509
      0.715452
      0.715366
      0.715248
      0.715068
      0.714844
      0.714683
      0.714714
      0.714908
      0.715059
      0.715155
      0.715221
       0.71527
      0.715323
      0.715376
      0.715446
      0.715509
       0.71557
      0.715616
      0.715651
      0.715673
      0.715689
        0.7157
      0.715707
      0.715712
      0.715716
      0.715718
       0.71572
      0.715721
      0.715722
      0.715723
      0.715723
      0.715724
      0.715724
      0.715725
      0.715725
      0.715725
      0.715725
      0.715725
      0.715725
      0.677897
      0.677897
      0.677897
      0.677897
      0.677897
      0.677896
      0.677895
      0.677893
      0.677891
      0.677887
      0.677882
      0.677873
      0.677861
      0.677838
      0.677801
      0.677748
      0.677692
      0.677581
      0.677544
      0.677444
      0.677348
      0.677169
      0.676953
      0.676564
      0.676001
      0.675532
       0.67553
      0.676257
      0.676636
      0.676819
      0.676933
      0.676998
      0.677084
      0.677161
      0.677319
       0.67745
       0.67759
      0.677692
      0.677763
      0.677807
      0.677837
      0.677856
      0.677869
      0.677877
      0.677884
      0.677887
       0.67789
      0.677892
      0.677894
      0.677894
      0.677895
      0.677896
      0.677896
      0.677897
      0.677897
      0.677897
      0.677897
      0.677897
      0.677898
      0.641122
      0.641122
      0.641122
      0.641121
      0.641121
      0.641119
      0.641118
      0.641115
      0.641111
      0.641105
      0.641095
      0.641079
      0.641055
      0.641011
      0.640932
      0.640768
      0.640481
      0.640247
      0.640164
      0.640114
      0.639915
      0.639612
      0.639133
       0.63856
      0.637585
      0.635852
      0.636422
      0.638121
      0.638823
      0.639138
      0.639297
      0.639338
      0.639327
      0.639507
      0.639749
      0.640155
      0.640498
      0.640729
      0.640875
      0.640962
      0.641018
      0.641053
      0.641076
      0.641091
      0.641101
      0.641107
      0.641112
      0.641114
      0.641117
      0.641118
      0.641119
       0.64112
      0.641121
      0.641121
      0.641121
      0.641122
      0.641122
      0.641122
      0.641122
      0.605507
      0.605507
      0.605507
      0.605506
      0.605505
      0.605503
      0.605501
      0.605496
      0.605489
      0.605477
       0.60546
      0.605431
      0.605386
      0.605301
      0.605152
       0.60472
      0.603661
      0.602896
      0.603001
      0.603325
      0.602893
      0.602449
      0.601417
      0.600762
      0.599504
       0.59793
      0.598632
      0.600606
      0.601582
       0.60198
      0.602187
      0.602104
       0.60168
      0.602066
      0.602364
      0.603441
      0.604255
      0.604763
      0.605062
      0.605222
      0.605327
      0.605389
      0.605432
      0.605457
      0.605475
      0.605485
      0.605493
      0.605497
        0.6055
      0.605502
      0.605504
      0.605505
      0.605506
      0.605506
      0.605507
      0.605507
      0.605507
      0.605507
      0.605507
      0.571154
      0.571154
      0.571153
      0.571152
      0.571151
      0.571148
      0.571144
      0.571136
      0.571123
      0.571101
      0.571068
      0.571013
      0.570927
      0.570773
      0.570476
      0.569751
      0.567862
      0.566904
      0.566441
      0.566821
      0.565709
      0.565289
      0.563335
      0.562495
      0.562503
      0.560933
      0.561275
      0.563442
       0.56444
      0.565007
      0.565222
      0.565094
      0.563902
      0.564185
      0.565039
      0.566744
      0.568743
      0.569759
      0.570323
      0.570641
      0.570834
      0.570949
      0.571024
      0.571071
      0.571101
       0.57112
      0.571132
       0.57114
      0.571145
      0.571148
       0.57115
      0.571151
      0.571152
      0.571153
      0.571153
      0.571154
      0.571154
      0.571154
      0.571154
      0.538159
      0.538159
      0.538159
      0.538157
      0.538155
       0.53815
      0.538143
      0.538128
      0.538105
      0.538064
      0.538002
      0.537899
      0.537747
      0.537477
      0.537047
      0.536052
      0.534057
      0.532511
      0.531196
      0.530105
       0.52911
      0.527858
      0.526358
      0.525513
      0.525016
      0.524247
      0.524724
      0.526324
      0.526958
      0.527769
      0.527972
      0.528349
      0.527795
      0.528235
      0.529561
      0.531493
      0.533702
      0.535569
      0.536648
      0.537238
      0.537601
      0.537798
      0.537934
      0.538017
      0.538073
      0.538106
      0.538127
      0.538139
      0.538147
      0.538151
      0.538154
      0.538156
      0.538157
      0.538158
      0.538159
      0.538159
       0.53816
       0.53816
       0.53816
      0.506612
      0.506612
      0.506611
      0.506609
      0.506605
      0.506598
      0.506585
      0.506559
      0.506514
      0.506437
      0.506313
      0.506119
      0.505819
      0.505324
      0.504513
      0.503192
      0.500797
      0.499532
      0.496781
      0.494294
      0.493271
      0.491928
      0.490023
       0.48938
      0.488399
      0.487839
      0.487765
      0.488252
      0.488565
      0.489518
      0.490049
      0.490923
      0.491914
      0.493364
      0.495245
      0.497381
      0.499555
      0.501697
      0.503822
      0.504945
      0.505559
      0.505948
      0.506201
      0.506362
      0.506463
      0.506525
      0.506562
      0.506583
      0.506595
      0.506601
      0.506606
      0.506608
       0.50661
      0.506611
      0.506612
      0.506612
      0.506613
      0.506613
      0.506613
      0.476597
      0.476596
      0.476595
      0.476592
      0.476587
      0.476575
      0.476553
      0.476508
      0.476424
      0.476277
      0.476038
      0.475659
      0.475088
      0.474133
      0.472549
      0.470597
      0.468308
      0.465811
      0.462834
      0.459963
      0.458001
      0.456699
      0.455072
      0.453807
      0.451869
      0.451696
      0.451148
      0.451065
      0.450615
      0.451705
      0.452955
      0.454599
      0.456841
      0.459262
      0.461455
      0.463713
      0.466556
      0.469139
      0.471674
      0.473674
      0.474594
      0.475357
      0.475846
      0.476151
      0.476342
      0.476455
      0.476519
      0.476553
      0.476573
      0.476583
      0.476589
      0.476592
      0.476595
      0.476596
      0.476597
      0.476597
      0.476598
      0.476598
      0.476598
       0.44819
      0.448189
      0.448188
      0.448183
      0.448175
      0.448157
       0.44812
      0.448045
      0.447897
      0.447621
      0.447147
      0.446422
      0.445327
      0.443399
      0.441383
      0.439162
      0.436788
       0.43344
      0.430248
      0.426334
      0.423975
      0.423274
      0.420933
      0.418165
       0.41566
      0.415767
      0.414926
      0.414457
      0.412694
      0.413909
      0.416175
      0.417647
      0.422102
      0.425619
      0.428457
      0.432153
      0.435207
       0.43799
      0.440683
      0.443377
      0.444408
      0.445842
      0.446784
        0.4474
      0.447764
      0.447962
      0.448069
      0.448126
      0.448156
      0.448171
      0.448179
      0.448184
      0.448187
      0.448189
       0.44819
      0.448191
      0.448191
      0.448191
      0.448192
      0.421463
      0.421462
       0.42146
      0.421453
      0.421442
      0.421415
      0.421361
       0.42124
      0.420999
      0.420512
      0.419617
      0.418271
      0.416365
      0.414083
      0.411468
      0.408512
      0.406829
      0.403979
      0.399696
      0.395822
        0.3926
      0.389585
      0.388748
      0.386858
      0.384587
      0.382896
      0.380833
      0.378609
      0.377681
      0.377633
      0.379236
      0.382686
      0.387214
      0.391808
      0.396288
      0.401236
      0.404953
      0.408327
      0.411376
      0.413874
      0.415737
      0.417054
      0.418944
      0.420138
      0.420792
      0.421109
      0.421283
       0.42137
      0.421416
      0.421438
       0.42145
      0.421455
       0.42146
      0.421461
      0.421463
      0.421464
      0.421465
      0.421465
      0.421465
      0.396479
      0.396478
      0.396474
      0.396466
      0.396449
      0.396412
      0.396333
       0.39616
      0.395801
      0.395053
      0.393617
      0.391026
      0.388824
      0.386574
      0.383688
      0.381513
      0.378912
      0.375384
      0.370207
      0.367501
       0.36339
      0.359826
       0.35882
      0.355989
      0.354905
      0.351677
      0.349594
      0.345942
      0.345865
       0.34403
      0.345167
      0.350472
      0.354795
      0.359279
      0.364858
      0.371217
      0.375638
      0.379824
      0.383781
      0.386786
      0.389101
      0.390665
      0.393024
       0.39447
      0.395411
      0.395944
      0.396219
       0.39635
      0.396415
      0.396446
      0.396462
       0.39647
      0.396475
      0.396478
       0.39648
      0.396481
      0.396482
      0.396482
      0.396482
      0.373298
      0.373296
      0.373292
      0.373281
      0.373259
      0.373209
      0.373107
      0.372876
      0.372412
      0.371383
      0.369388
      0.366342
      0.363471
       0.36083
      0.357314
      0.354353
       0.35134
      0.347582
      0.342411
      0.338211
      0.333447
      0.329674
      0.327551
      0.324962
      0.324786
       0.32275
      0.320692
      0.318304
       0.31634
      0.315848
      0.317967
      0.321977
      0.326627
      0.331422
      0.336363
      0.342057
      0.347979
      0.353641
      0.357779
      0.361301
      0.363988
      0.366037
       0.36829
      0.369999
      0.371617
      0.372532
      0.372956
      0.373127
      0.373215
      0.373255
      0.373277
      0.373287
      0.373294
      0.373297
      0.373299
        0.3733
      0.373301
      0.373301
      0.373302
      0.351971
      0.351969
      0.351963
      0.351949
      0.351919
      0.351854
      0.351718
      0.351425
      0.350827
      0.349628
      0.347443
      0.343841
      0.339954
       0.33659
      0.331719
       0.32885
      0.324617
      0.319708
      0.314842
      0.309431
      0.305006
      0.301742
      0.299716
       0.29803
      0.298077
      0.296616
      0.294248
      0.290396
      0.289431
      0.289851
      0.294047
      0.297483
      0.301757
      0.305769
      0.310571
      0.316467
      0.322253
      0.328468
      0.333156
      0.337546
       0.34075
      0.343397
      0.345844
      0.347838
       0.34996
      0.351005
      0.351511
      0.351746
      0.351861
      0.351916
      0.351944
      0.351958
      0.351966
       0.35197
      0.351973
      0.351974
      0.351975
      0.351976
      0.351976
      0.332545
      0.332542
      0.332536
      0.332517
      0.332481
      0.332397
      0.332228
      0.331853
      0.331107
      0.329628
      0.326985
      0.323394
      0.319086
      0.313774
      0.308311
      0.303231
      0.299221
       0.29458
       0.28995
      0.285953
      0.281194
      0.277636
        0.2751
       0.27294
      0.272514
      0.271395
      0.269322
      0.266272
      0.265366
      0.266419
      0.270347
      0.273812
      0.278741
      0.283435
      0.288387
      0.293992
      0.299506
      0.305624
      0.310824
       0.31536
      0.319092
      0.322458
      0.325587
        0.3281
      0.330168
      0.331369
      0.331976
      0.332257
      0.332405
      0.332475
      0.332512
      0.332529
      0.332539
      0.332544
      0.332548
      0.332549
      0.332551
      0.332551
      0.332551
       0.31506
      0.315058
      0.315048
      0.315026
      0.314977
       0.31487
      0.314643
      0.314161
      0.313194
      0.311223
      0.308455
      0.304992
       0.30075
       0.29528
       0.28781
       0.28155
      0.277241
       0.27152
      0.267322
      0.264685
      0.259871
      0.255902
      0.253943
      0.251714
      0.250159
      0.249043
       0.24803
      0.245889
      0.244826
      0.245706
       0.25027
      0.254121
      0.258835
      0.264487
      0.268714
      0.274031
      0.278807
      0.284799
      0.290605
      0.295404
      0.299495
        0.3041
      0.307431
      0.310064
      0.312279
      0.313553
       0.31428
      0.314672
      0.314873
       0.31497
      0.315018
      0.315041
      0.315054
       0.31506
      0.315064
      0.315066
      0.315068
      0.315068
      0.315068
      0.299555
      0.299551
       0.29954
      0.299512
      0.299452
       0.29931
      0.299013
      0.298359
      0.297099
      0.295385
       0.29228
      0.288253
      0.283694
      0.277866
      0.270785
      0.264314
      0.258423
      0.252644
      0.248555
      0.244803
      0.241039
      0.237514
      0.234482
      0.231265
      0.230905
      0.230159
      0.229347
      0.227757
      0.227393
      0.228241
      0.231954
      0.235912
      0.241101
      0.246192
      0.251587
      0.256609
      0.261432
      0.267112
      0.272714
      0.277742
      0.282747
      0.287296
       0.29074
      0.293409
      0.295641
      0.297378
      0.298424
      0.299014
      0.299306
      0.299436
      0.299501
       0.29953
      0.299546
      0.299554
      0.299559
      0.299561
      0.299563
      0.299563
      0.299564
      0.286056
      0.286052
      0.286038
      0.286005
      0.285927
      0.285738
       0.28531
      0.284401
      0.282625
      0.280766
      0.278155
      0.273907
      0.268835
      0.262645
      0.255983
      0.250197
      0.243522
      0.236778
       0.23304
      0.227658
      0.224505
      0.221767
      0.218922
      0.216559
      0.215993
      0.216398
      0.214493
      0.213256
      0.213644
       0.21441
      0.217766
      0.221173
      0.226537
      0.230981
       0.23714
      0.241305
      0.246214
      0.252035
      0.257525
      0.263493
      0.268123
      0.271768
      0.275706
      0.278533
      0.280793
       0.28273
      0.284493
      0.285326
       0.28572
      0.285899
      0.285985
      0.286025
      0.286046
      0.286056
      0.286061
      0.286064
      0.286066
      0.286067
      0.286067
      0.274593
      0.274588
      0.274573
      0.274534
      0.274451
      0.274193
      0.273559
      0.272231
      0.270659
      0.268633
       0.26585
      0.261837
      0.256331
       0.25021
      0.244046
      0.238293
      0.231251
      0.224677
      0.219172
      0.213985
      0.210069
      0.208901
      0.205749
      0.202921
      0.203105
      0.202967
      0.201971
       0.20177
      0.202493
       0.20427
      0.206469
      0.209246
      0.214416
      0.219331
      0.224655
      0.229047
       0.23397
      0.239221
      0.244359
      0.249413
      0.255113
       0.25943
      0.262509
      0.265688
      0.268412
      0.270969
      0.272649
      0.273662
      0.274167
      0.274391
      0.274503
      0.274554
       0.27458
      0.274592
      0.274599
      0.274602
      0.274604
      0.274605
      0.274605
      0.265184
      0.265179
      0.265161
      0.265116
      0.265012
      0.264756
      0.264159
      0.262763
      0.261035
      0.258738
      0.255685
       0.25124
      0.245853
      0.239284
      0.233273
      0.226904
      0.220134
      0.212824
      0.207698
      0.200507
      0.196658
      0.197062
      0.195592
       0.19458
      0.193945
      0.193273
      0.191903
      0.192366
      0.193459
      0.196777
      0.198596
      0.201378
      0.206145
      0.210766
      0.215361
      0.219933
       0.22388
      0.228158
       0.23359
      0.238921
      0.244609
      0.248181
      0.250774
      0.254541
      0.257706
      0.260423
      0.262768
      0.263999
      0.264624
      0.264923
      0.265067
      0.265135
      0.265168
      0.265183
      0.265191
      0.265195
      0.265197
      0.265198
      0.265199
       0.25785
      0.257844
      0.257825
      0.257775
      0.257672
      0.257393
      0.256748
      0.255441
      0.253683
      0.251045
      0.247764
      0.243398
      0.237379
      0.230873
      0.224123
      0.216777
      0.209855
      0.203023
      0.197664
      0.192234
      0.189415
      0.188926
      0.188701
      0.188226
      0.187419
      0.187102
      0.185932
      0.185384
      0.186826
       0.18941
       0.19302
      0.196424
      0.199821
      0.203943
      0.207677
      0.211602
      0.215356
      0.219566
       0.22489
      0.229782
      0.235335
      0.239623
      0.242024
      0.244784
      0.248877
      0.252137
      0.254778
      0.256321
      0.257133
      0.257513
      0.257703
      0.257788
       0.25783
      0.257848
      0.257857
      0.257861
      0.257864
      0.257865
      0.257865
      0.252601
      0.252595
      0.252573
      0.252518
      0.252399
      0.252134
      0.251582
        0.2505
      0.248626
      0.245498
      0.241892
      0.237239
      0.231071
      0.225405
      0.218194
      0.211713
      0.203616
      0.197877
      0.193034
      0.188933
      0.186346
      0.186356
      0.184766
      0.183091
      0.182291
      0.181706
       0.18248
      0.182381
      0.183355
      0.185776
       0.19032
      0.193384
      0.195322
      0.198729
      0.202088
      0.205271
      0.209272
      0.213442
      0.219364
      0.223902
      0.228479
      0.232529
      0.235445
      0.239191
      0.243096
      0.246212
      0.248995
      0.250616
      0.251625
      0.252162
      0.252417
      0.252527
      0.252576
      0.252598
      0.252608
      0.252613
      0.252616
      0.252617
      0.252618
      0.249449
      0.249442
       0.24942
      0.249362
      0.249237
      0.248962
      0.248415
      0.247289
      0.245221
      0.242115
      0.237992
      0.232538
      0.228018
      0.222494
      0.215715
      0.208411
      0.202899
      0.197922
      0.193543
      0.189637
      0.187238
      0.185625
      0.183038
      0.180808
      0.179482
      0.179151
      0.180071
      0.181431
      0.183076
      0.186251
      0.189641
      0.192022
      0.194366
      0.196944
      0.200023
      0.203104
      0.206465
      0.210687
      0.215482
      0.220005
      0.223935
       0.22763
      0.231495
      0.235565
      0.239159
      0.242368
      0.244897
      0.246576
      0.248097
      0.248898
      0.249245
      0.249366
      0.249422
      0.249444
      0.249456
      0.249461
      0.249464
      0.249465
      0.249466
      0.248397
      0.248391
      0.248367
      0.248308
      0.248176
      0.247879
       0.24727
      0.246094
      0.243984
      0.241303
      0.237551
       0.23339
      0.228174
      0.222727
      0.216562
       0.21025
      0.206022
      0.201693
      0.197419
      0.193465
      0.189906
      0.186502
      0.183342
      0.181387
      0.179597
       0.17945
      0.180113
      0.181895
       0.18445
      0.188466
      0.191698
       0.19432
       0.19626
      0.198181
      0.201147
      0.204017
       0.20597
       0.20911
      0.213913
      0.217971
      0.222032
       0.22622
      0.229807
      0.233862
      0.237409
       0.24088
      0.243393
      0.245319
      0.247031
      0.247822
      0.248168
      0.248306
      0.248366
      0.248392
      0.248404
       0.24841
      0.248412
      0.248414
      0.248414
       0.24945
      0.249443
      0.249422
      0.249365
      0.249243
      0.248921
      0.248225
       0.24685
      0.245317
      0.242806
      0.239481
      0.235338
      0.229806
      0.224212
      0.219015
      0.214216
      0.209984
      0.206105
      0.201728
      0.197646
      0.193196
      0.189502
      0.186284
       0.18417
      0.183069
       0.18296
      0.183354
       0.18604
        0.1885
      0.191944
      0.195016
      0.197986
      0.200322
      0.201954
      0.204353
      0.206183
      0.207689
      0.210345
      0.214799
      0.219286
       0.22305
      0.227241
       0.23073
      0.234694
      0.238572
      0.241996
       0.24453
      0.246551
      0.248082
      0.248892
      0.249237
       0.24936
      0.249419
      0.249443
      0.249456
      0.249461
      0.249464
      0.249465
      0.249466
      0.252603
      0.252597
      0.252576
      0.252525
      0.252411
      0.252158
      0.251653
      0.250737
      0.249298
      0.246678
      0.243378
      0.238901
      0.233238
      0.227717
      0.223366
      0.219108
      0.214783
      0.210593
      0.206283
      0.201675
      0.197467
      0.194537
      0.190986
      0.188406
      0.188197
      0.187244
      0.187152
      0.189198
      0.192787
      0.196311
      0.199332
      0.202972
      0.206396
      0.208561
      0.210301
      0.210641
      0.211886
      0.214725
      0.218724
      0.223186
      0.225919
      0.229789
      0.233623
      0.237705
      0.242281
      0.245603
      0.248073
      0.250021
      0.251473
       0.25211
      0.252395
      0.252516
      0.252571
      0.252596
      0.252608
      0.252613
      0.252616
      0.252617
      0.252618
      0.257852
      0.257847
       0.25783
      0.257785
      0.257692
      0.257491
      0.257102
      0.256357
      0.255027
      0.252816
      0.249411
        0.2452
      0.239658
      0.234286
      0.229732
      0.225923
      0.221057
      0.216611
      0.212347
      0.207891
      0.204487
       0.20125
      0.197288
      0.194267
      0.193752
      0.193422
      0.193164
      0.193902
      0.197434
      0.201665
      0.205184
      0.208851
      0.212788
      0.216147
      0.218075
      0.219353
      0.219657
      0.221449
       0.22527
      0.229252
       0.23185
      0.235146
      0.239587
      0.244026
      0.248233
      0.251633
      0.254139
      0.255953
      0.256946
      0.257436
      0.257672
      0.257774
      0.257824
      0.257845
      0.257856
      0.257861
      0.257864
      0.257865
      0.257865
      0.265187
      0.265183
      0.265167
      0.265131
      0.265051
      0.264881
      0.264533
      0.263847
      0.262545
      0.260059
      0.257051
      0.253204
      0.248144
       0.24277
       0.23791
      0.234108
      0.229212
       0.22566
      0.221177
      0.217133
      0.213813
      0.209801
      0.205745
      0.203285
      0.201969
      0.202286
      0.201892
      0.201792
      0.204153
        0.2081
      0.211804
      0.215069
      0.219547
      0.224023
      0.226633
      0.228556
      0.229281
      0.231573
      0.234468
      0.237436
      0.240101
      0.244272
      0.248485
      0.252952
      0.256596
      0.259639
      0.262215
      0.263672
       0.26445
      0.264839
      0.265029
      0.265118
       0.26516
       0.26518
       0.26519
      0.265194
      0.265197
      0.265198
      0.265199
      0.274596
      0.274592
       0.27458
      0.274548
      0.274483
       0.27432
      0.273962
      0.273242
      0.271904
       0.26954
      0.266682
      0.262888
      0.258628
       0.25375
       0.24942
      0.245577
      0.241371
      0.237239
       0.23241
      0.228421
       0.22501
      0.221254
      0.217007
      0.213925
      0.212869
      0.213063
      0.212956
      0.213251
      0.213974
      0.216568
      0.219162
      0.222126
      0.226731
      0.232444
      0.236042
      0.238726
      0.240958
       0.24323
      0.246032
      0.248697
      0.251564
      0.254931
      0.259263
      0.263569
      0.267045
      0.270094
      0.272121
      0.273354
      0.274003
      0.274309
      0.274465
      0.274536
      0.274572
      0.274589
      0.274597
      0.274601
      0.274604
      0.274605
      0.274605
      0.286059
      0.286056
      0.286045
      0.286019
      0.285958
      0.285807
      0.285431
      0.284424
      0.283634
      0.281388
      0.278831
      0.275464
      0.271792
      0.267508
      0.263144
      0.259786
      0.255773
      0.251219
      0.245603
      0.242007
      0.238312
      0.234509
      0.230415
      0.227099
      0.225875
      0.225427
      0.225653
      0.225714
      0.225175
      0.226683
      0.228635
      0.230947
      0.235055
      0.241282
      0.246895
      0.250932
      0.254459
      0.256624
      0.260302
      0.262918
      0.266033
       0.26846
      0.272559
      0.276042
      0.279359
      0.281885
      0.284003
      0.285052
      0.285574
      0.285826
       0.28595
      0.286009
      0.286039
      0.286053
       0.28606
      0.286064
      0.286066
      0.286067
      0.286067
      0.299557
      0.299554
      0.299546
      0.299525
      0.299479
      0.299355
      0.299071
      0.298479
      0.297329
      0.295344
      0.293121
      0.290465
      0.287006
      0.282911
      0.278748
      0.275132
      0.271867
      0.267985
      0.262111
       0.25713
      0.253182
      0.249468
      0.246106
       0.24301
      0.241186
      0.240257
      0.239957
       0.24029
      0.239354
      0.239586
      0.240699
       0.24281
      0.247929
      0.254276
      0.260524
      0.265569
      0.269555
      0.272799
      0.276613
      0.280258
      0.283136
      0.286072
      0.288829
      0.291721
      0.294316
      0.296655
      0.298031
      0.298797
      0.299192
      0.299377
      0.299473
      0.299517
      0.299541
      0.299552
      0.299558
      0.299561
      0.299563
      0.299563
      0.299564
      0.315063
      0.315061
      0.315054
      0.315037
         0.315
      0.314913
      0.314719
      0.314299
      0.313414
      0.311546
      0.309672
      0.307415
      0.304433
      0.300398
      0.296212
       0.29305
      0.289321
      0.284418
      0.280023
      0.274744
      0.271194
      0.267552
      0.264274
      0.260979
      0.258388
      0.255941
      0.255609
      0.255792
      0.254909
      0.254887
       0.25681
      0.260559
      0.265188
      0.271173
      0.277672
      0.283487
      0.287266
      0.291257
       0.29481
      0.298238
      0.301765
      0.304533
      0.306937
      0.309039
      0.311091
      0.313019
      0.314005
      0.314522
      0.314792
      0.314928
      0.314997
      0.315032
       0.31505
      0.315058
      0.315063
      0.315066
      0.315068
      0.315068
      0.315068
      0.332547
      0.332545
      0.332541
      0.332528
      0.332502
       0.33244
      0.332315
      0.332024
      0.331438
      0.330417
      0.328779
      0.326671
      0.323841
       0.32048
      0.316337
      0.312553
      0.308218
      0.303829
      0.300175
      0.296424
       0.29301
      0.288912
      0.284016
      0.279766
      0.276958
      0.275013
      0.274254
      0.273825
      0.272961
       0.27359
       0.27653
       0.28098
      0.286223
      0.291629
      0.297829
      0.303812
      0.307613
      0.310961
      0.314602
      0.318416
       0.32188
      0.324497
      0.326494
      0.328103
      0.329612
      0.331108
      0.331842
      0.332177
      0.332358
       0.33245
      0.332499
      0.332523
      0.332537
      0.332543
      0.332547
      0.332549
      0.332551
      0.332551
      0.332551
      0.351973
      0.351971
      0.351968
      0.351958
      0.351939
      0.351898
      0.351812
      0.351633
      0.351284
      0.350644
      0.349543
       0.34776
      0.344847
      0.341818
       0.33781
      0.333933
      0.329793
      0.327325
      0.323564
      0.319772
      0.317523
      0.312068
       0.30632
      0.302905
      0.298339
      0.296532
      0.294977
      0.293614
      0.293192
      0.295546
       0.29903
      0.304541
      0.310302
      0.315186
      0.320499
      0.326151
      0.330098
      0.332947
      0.336432
      0.340605
      0.343713
      0.346466
      0.347688
       0.34927
      0.349735
      0.350961
      0.351483
      0.351721
      0.351842
      0.351904
      0.351937
      0.351954
      0.351964
      0.351969
      0.351972
      0.351974
      0.351975
      0.351976
      0.351976
        0.3733
      0.373298
      0.373296
      0.373289
      0.373277
      0.373249
      0.373195
      0.373086
      0.372881
      0.372415
      0.371469
      0.369602
      0.367516
      0.364941
      0.361373
      0.357096
      0.354989
      0.352773
      0.349912
      0.346627
      0.342722
      0.337613
      0.332814
      0.328539
      0.323064
      0.319184
      0.316776
      0.315284
        0.3164
       0.31933
      0.323399
      0.329221
      0.335427
      0.341327
      0.346144
      0.351426
      0.355206
       0.35852
      0.361147
      0.363936
      0.366767
      0.369069
      0.370646
      0.371719
      0.372154
      0.372705
      0.372993
      0.373136
      0.373213
      0.373252
      0.373274
      0.373286
      0.373293
      0.373296
      0.373299
        0.3733
      0.373301
      0.373302
      0.373302
       0.39648
       0.39648
      0.396478
      0.396473
      0.396465
      0.396447
      0.396413
      0.396344
      0.396208
       0.39592
      0.395339
      0.394193
      0.392091
      0.390343
      0.388082
      0.385568
      0.383209
       0.38014
       0.37764
      0.373605
      0.369993
      0.365323
      0.361397
      0.357258
      0.350455
      0.346495
      0.342673
      0.340522
      0.342474
      0.343527
       0.34944
      0.356007
      0.362038
      0.366965
      0.372097
      0.377581
      0.381607
      0.384865
      0.387561
      0.389839
      0.391689
      0.393859
      0.394966
      0.395581
      0.395908
       0.39615
      0.396296
      0.396377
      0.396423
      0.396448
      0.396462
       0.39647
      0.396475
      0.396478
       0.39648
      0.396481
      0.396482
      0.396482
      0.396482
      0.421464
      0.421463
      0.421462
      0.421459
      0.421454
      0.421442
      0.421422
      0.421379
      0.421298
      0.421127
      0.420796
      0.420157
      0.419056
      0.418089
      0.416398
      0.414428
      0.412118
      0.409237
      0.405582
      0.400776
       0.39863
       0.39513
      0.391908
      0.388375
      0.382745
      0.378124
      0.373441
      0.371112
      0.371178
      0.372711
      0.378938
      0.386361
      0.390653
      0.393543
      0.399207
      0.404959
       0.40923
      0.412609
      0.415462
      0.417572
      0.418749
      0.419919
      0.420601
      0.420951
      0.421166
      0.421279
      0.421354
      0.421399
      0.421426
      0.421441
      0.421451
      0.421456
       0.42146
      0.421462
      0.421463
      0.421464
      0.421465
      0.421465
      0.421465
      0.448191
       0.44819
       0.44819
      0.448188
      0.448184
      0.448177
      0.448164
      0.448139
      0.448091
      0.447996
      0.447819
      0.447504
      0.447016
       0.44643
      0.445547
       0.44425
      0.441912
       0.43928
      0.436403
      0.432339
      0.430987
       0.42806
       0.42369
      0.418714
      0.415611
      0.409328
      0.406265
      0.404135
      0.404744
      0.408288
      0.411292
      0.417541
      0.421985
      0.423836
      0.428606
      0.433955
      0.438134
      0.442102
      0.444453
       0.44588
      0.446718
      0.447312
       0.44768
      0.447889
      0.448011
       0.44808
      0.448123
      0.448149
      0.448165
      0.448175
      0.448181
      0.448185
      0.448187
      0.448189
       0.44819
      0.448191
      0.448191
      0.448191
      0.448192
      0.476598
      0.476597
      0.476597
      0.476595
      0.476593
      0.476589
      0.476582
      0.476566
       0.47654
      0.476488
      0.476398
       0.47625
      0.476038
      0.475706
       0.47526
      0.474383
      0.472762
       0.47059
      0.468586
      0.466014
      0.463775
       0.46103
      0.457278
       0.45346
      0.448904
       0.44359
      0.440708
      0.440061
      0.441244
      0.444216
      0.446732
      0.451711
      0.454307
      0.456397
      0.460315
      0.464765
      0.468598
      0.472092
      0.474114
      0.475168
      0.475774
      0.476095
      0.476299
      0.476417
      0.476489
      0.476529
      0.476555
       0.47657
       0.47658
      0.476586
       0.47659
      0.476593
      0.476595
      0.476596
      0.476597
      0.476597
      0.476598
      0.476598
      0.476598
      0.506613
      0.506612
      0.506612
      0.506611
       0.50661
      0.506607
      0.506602
      0.506594
      0.506579
      0.506552
      0.506507
      0.506434
      0.506323
       0.50615
       0.50589
      0.505439
      0.504694
       0.50362
      0.502243
       0.49988
      0.497497
      0.494749
      0.491472
      0.487496
      0.484564
      0.479659
      0.477364
      0.477197
      0.478824
      0.480637
      0.481674
      0.486505
      0.488356
      0.489772
      0.493924
      0.497361
      0.500201
      0.502661
      0.504772
      0.505665
      0.506095
       0.50631
      0.506432
      0.506502
      0.506544
      0.506569
      0.506584
      0.506594
        0.5066
      0.506604
      0.506607
      0.506609
       0.50661
      0.506611
      0.506612
      0.506612
      0.506613
      0.506613
      0.506613
       0.53816
      0.538159
      0.538159
      0.538158
      0.538158
      0.538156
      0.538153
      0.538148
       0.53814
      0.538126
      0.538104
      0.538066
      0.538012
      0.537919
      0.537781
      0.537552
      0.537207
      0.536635
      0.535843
      0.534496
      0.532315
      0.529566
       0.52668
      0.523952
      0.521319
      0.518904
      0.517042
      0.517301
      0.517828
      0.519244
      0.520298
      0.522889
      0.524418
      0.526279
      0.528883
      0.532168
      0.533927
      0.535244
      0.536735
      0.537522
      0.537854
      0.537976
       0.53805
      0.538091
      0.538116
      0.538131
       0.53814
      0.538146
       0.53815
      0.538153
      0.538155
      0.538156
      0.538158
      0.538158
      0.538159
      0.538159
       0.53816
       0.53816
       0.53816
      0.571154
      0.571154
      0.571154
      0.571153
      0.571153
      0.571151
       0.57115
      0.571147
      0.571142
      0.571135
      0.571123
      0.571103
      0.571074
      0.571026
      0.570953
      0.570834
      0.570647
      0.570346
      0.569885
      0.569116
      0.567886
      0.566022
      0.563035
      0.561085
      0.559058
      0.557423
      0.556588
      0.556704
      0.557054
      0.557871
      0.558938
      0.560388
      0.561557
       0.56261
      0.564312
      0.566664
      0.568785
      0.569782
      0.570424
      0.570778
      0.570954
      0.571038
      0.571084
       0.57111
      0.571125
      0.571134
       0.57114
      0.571144
      0.571147
      0.571149
       0.57115
      0.571151
      0.571152
      0.571153
      0.571154
      0.571154
      0.571154
      0.571154
      0.571154
      0.605507
      0.605507
      0.605507
      0.605506
      0.605506
      0.605505
      0.605504
      0.605502
        0.6055
      0.605495
      0.605489
      0.605479
      0.605464
      0.605438
      0.605401
      0.605336
       0.60524
      0.605071
      0.604815
      0.604372
        0.6037
      0.602602
      0.601019
      0.599757
      0.597464
      0.596178
      0.596272
      0.597204
      0.597175
      0.597419
      0.598432
      0.599627
      0.599824
       0.60003
      0.601471
      0.603217
      0.604255
      0.604803
      0.605131
      0.605293
      0.605385
      0.605434
      0.605463
      0.605478
      0.605488
      0.605493
      0.605497
      0.605499
      0.605502
      0.605503
      0.605504
      0.605505
      0.605506
      0.605506
      0.605507
      0.605507
      0.605507
      0.605507
      0.605507
      0.641122
      0.641122
      0.641122
      0.641121
      0.641121
       0.64112
       0.64112
      0.641119
      0.641117
      0.641115
      0.641111
      0.641105
      0.641097
      0.641083
      0.641062
      0.641028
      0.640973
      0.640881
      0.640734
      0.640492
      0.640122
      0.639571
       0.63883
      0.637877
      0.635837
      0.635315
      0.635508
      0.636657
      0.636975
      0.637274
      0.637724
      0.638223
      0.638532
      0.638829
      0.639396
      0.640038
      0.640489
      0.640755
      0.640913
      0.640999
      0.641049
      0.641076
      0.641093
      0.641102
      0.641108
      0.641112
      0.641114
      0.641116
      0.641118
      0.641119
       0.64112
       0.64112
      0.641121
      0.641121
      0.641121
      0.641122
      0.641122
      0.641122
      0.641122
      0.677898
      0.677897
      0.677897
      0.677897
      0.677897
      0.677896
      0.677896
      0.677895
      0.677894
      0.677892
      0.677891
      0.677887
      0.677883
      0.677875
      0.677864
      0.677845
      0.677816
      0.677765
      0.677687
      0.677558
      0.677371
      0.677117
      0.676816
      0.676249
      0.675146
      0.674503
      0.674973
      0.675686
      0.675979
      0.676104
      0.676348
      0.676553
      0.676776
      0.676939
      0.677204
      0.677411
       0.67759
      0.677709
      0.677785
      0.677828
      0.677854
      0.677869
      0.677878
      0.677884
      0.677888
       0.67789
      0.677892
      0.677893
      0.677894
      0.677895
      0.677896
      0.677896
      0.677897
      0.677897
      0.677897
      0.677897
      0.677897
      0.677897
      0.677898
      0.715725
      0.715725
      0.715725
      0.715725
      0.715725
      0.715724
      0.715724
      0.715723
      0.715723
      0.715722
      0.715721
      0.715719
      0.715716
      0.715712
      0.715705
      0.715695
      0.715679
      0.715653
      0.715612
      0.715548
      0.715459
      0.715342
      0.715198
      0.714986
      0.714697
      0.714527
      0.714591
      0.714723
      0.714819
      0.714896
      0.715003
      0.715108
      0.715216
      0.715308
      0.715415
      0.715504
      0.715577
      0.715629
      0.715664
      0.715685
      0.715699
      0.715707
      0.715712
      0.715715
      0.715718
      0.715719
      0.715721
      0.715722
      0.715722
      0.715723
      0.715724
      0.715724
      0.715724
      0.715725
      0.715725
      0.715725
      0.715725
      0.715725
      0.715725
      0.754493
      0.754493
      0.754493
      0.754493
      0.754493
      0.754493
      0.754493
      0.754492
      0.754492
      0.754491
       0.75449
      0.754489
      0.754488
      0.754485
      0.754482
      0.754476
      0.754468
      0.754454
      0.754434
      0.754404
      0.754365
      0.754312
      0.754251
      0.754181
      0.754135
      0.754047
      0.754074
      0.754061
       0.75409
       0.75412
      0.754173
      0.754215
       0.75427
      0.754309
      0.754358
      0.754391
      0.754423
      0.754444
       0.75446
       0.75447
      0.754477
      0.754481
      0.754485
      0.754486
      0.754488
      0.754489
       0.75449
       0.75449
      0.754491
      0.754492
      0.754492
      0.754492
      0.754493
      0.754493
      0.754493
      0.754493
      0.754493
      0.754493
      0.754493
      0.794084
      0.794084
      0.794084
      0.794083
      0.794083
      0.794083
      0.794083
      0.794083
      0.794082
      0.794082
      0.794081
      0.794081
       0.79408
      0.794078
      0.794076
      0.794073
      0.794069
      0.794062
      0.794053
      0.794039
      0.794021
      0.793999
      0.793974
      0.793947
      0.793926
        0.7939
      0.793897
      0.793894
      0.793903
      0.793916
      0.793936
      0.793956
      0.793979
      0.793999
      0.794019
      0.794034
      0.794048
      0.794057
      0.794065
       0.79407
      0.794073
      0.794076
      0.794078
      0.794079
       0.79408
       0.79408
      0.794081
      0.794082
      0.794082
      0.794082
      0.794083
      0.794083
      0.794083
      0.794083
      0.794083
      0.794083
      0.794084
      0.794084
      0.794084
      0.834375
      0.834375
      0.834375
      0.834375
      0.834375
      0.834375
      0.834375
      0.834374
      0.834374
      0.834374
      0.834374
      0.834373
      0.834372
      0.834371
      0.834371
      0.834369
      0.834367
      0.834363
      0.834359
      0.834353
      0.834345
      0.834336
      0.834327
      0.834315
      0.834308
      0.834297
      0.834296
      0.834292
      0.834297
        0.8343
       0.83431
      0.834317
      0.834327
      0.834335
      0.834344
       0.83435
      0.834357
      0.834361
      0.834364
      0.834366
      0.834369
       0.83437
      0.834371
      0.834371
      0.834372
      0.834373
      0.834373
      0.834373
      0.834374
      0.834374
      0.834374
      0.834374
      0.834375
      0.834375
      0.834375
      0.834375
      0.834375
      0.834375
      0.834375
      0.875242
      0.875242
      0.875242
      0.875241
      0.875241
      0.875241
      0.875241
      0.875241
      0.875241
      0.875241
       0.87524
       0.87524
       0.87524
      0.875239
      0.875239
      0.875238
      0.875237
      0.875235
      0.875233
       0.87523
      0.875227
      0.875223
      0.875219
      0.875214
      0.875211
      0.875207
      0.875206
      0.875205
      0.875206
      0.875207
      0.875211
      0.875214
      0.875218
      0.875222
      0.875226
      0.875229
      0.875231
      0.875233
      0.875235
      0.875236
      0.875237
      0.875238
      0.875239
      0.875239
       0.87524
       0.87524
       0.87524
       0.87524
      0.875241
      0.875241
      0.875241
      0.875241
      0.875241
      0.875241
      0.875241
      0.875241
      0.875242
      0.875242
      0.875242
      0.916555
      0.916555
      0.916555
      0.916555
      0.916555
      0.916555
      0.916555
      0.916555
      0.916555
      0.916555
      0.916555
      0.916554
      0.916554
      0.916554
      0.916554
      0.916553
      0.916553
      0.916552
      0.916551
       0.91655
      0.916548
      0.916547
      0.916545
      0.916543
      0.916542
       0.91654
       0.91654
      0.916539
       0.91654
       0.91654
      0.916542
      0.916543
      0.916545
      0.916546
      0.916548
      0.916549
       0.91655
      0.916551
      0.916552
      0.916552
      0.916553
      0.916553
      0.916554
      0.916554
      0.916554
      0.916554
      0.916555
      0.916555
      0.916555
      0.916555
      0.916555
      0.916555
      0.916555
      0.916555
      0.916555
      0.916555
      0.916555
      0.916555
      0.916555
      0.958185
      0.958185
      0.958185
      0.958185
      0.958185
      0.958185
      0.958185
      0.958185
      0.958185
      0.958185
      0.958185
      0.958185
      0.958185
      0.958185
      0.958185
      0.958184
      0.958184
      0.958184
      0.958184
      0.958183
      0.958183
      0.958182
      0.958181
      0.958181
       0.95818
       0.95818
      0.958179
      0.958179
      0.958179
       0.95818
       0.95818
       0.95818
      0.958181
      0.958182
      0.958182
      0.958183
      0.958183
      0.958183
      0.958184
      0.958184
      0.958184
      0.958184
      0.958185
      0.958185
      0.958185
      0.958185
      0.958185
      0.958185
      0.958185
      0.958185
      0.958185
      0.958185
      0.958185
      0.958185
      0.958185
      0.958185
      0.958185
      0.958185
      0.958185
             1
             1
             1
             1
             1
             1
             1
             1
             1
             1
             1
             1
             1
             1
             1
             1
             1
             1
             1
             1
             1
             1
             1
             1
             1
             1
             1
             1
             1
             1
             1
             1
             1
             1
             1
             1
             1
             1
             1
             1
             1
             1
             1
             1
             1
             1
             1
             1
             1
             1
             1
             1
             1
             1
             1
             1
             1
             1
             1
