             1
             1
             1
             1
             1
             1
             1
             1
             1
             1
             1
             1
             1
             1
             1
             1
             1
             1
             1
             1
             1
             1
             1
             1
             1
             1
             1
             1
             1
             1
             1
             1
             1
             1
             1
             1
             1
             1
             1
             1
             1
             1
             1
             1
             1
             1
             1
             1
             1
             1
             1
             1
             1
             1
             1
             1
             1
             1
             1
      0.958467
      0.958467
      0.958467
      0.958467
      0.958467
      0.958467
      0.958467
      0.958467
      0.958467
      0.958467
      0.958467
      0.958466
      0.958466
      0.958465
      0.958465
      0.958464
      0.958463
      0.958461
       0.95846
      0.958458
      0.958455
      0.958452
      0.958449
      0.958446
      0.958443
      0.958441
      0.958441
      0.958441
      0.958443
      0.958445
      0.958448
       0.95845
      0.958452
      0.958454
      0.958456
      0.958458
       0.95846
      0.958462
      0.958463
      0.958464
      0.958465
      0.958465
      0.958466
      0.958466
      0.958467
      0.958467
      0.958467
      0.958467
      0.958467
      0.958467
      0.958467
      0.958467
      0.958467
      0.958467
      0.958467
      0.958467
      0.958467
      0.958467
      0.958468
      0.917118
      0.917118
      0.917118
      0.917118
      0.917118
      0.917117
      0.917117
      0.917117
      0.917117
      0.917116
      0.917116
      0.917115
      0.917114
      0.917113
      0.917111
      0.917108
      0.917106
      0.917102
      0.917098
      0.917093
      0.917087
      0.917079
      0.917071
      0.917061
      0.917055
      0.917048
      0.917049
      0.917049
      0.917056
      0.917061
      0.917068
      0.917073
       0.91708
      0.917084
       0.91709
      0.917095
        0.9171
      0.917104
      0.917107
       0.91711
      0.917112
      0.917113
      0.917114
      0.917115
      0.917116
      0.917116
      0.917117
      0.917117
      0.917117
      0.917117
      0.917117
      0.917117
      0.917118
      0.917118
      0.917118
      0.917118
      0.917118
      0.917118
      0.917118
      0.876081
      0.876081
      0.876081
      0.876081
      0.876081
      0.876081
      0.876081
       0.87608
       0.87608
      0.876079
      0.876078
      0.876076
      0.876074
      0.876071
      0.876066
      0.876061
      0.876054
      0.876046
      0.876038
      0.876027
      0.876014
      0.875996
      0.875975
      0.875952
      0.875936
       0.87592
       0.87592
      0.875926
      0.875942
      0.875958
      0.875974
      0.875987
         0.876
       0.87601
      0.876022
      0.876032
      0.876043
      0.876052
       0.87606
      0.876065
       0.87607
      0.876073
      0.876075
      0.876077
      0.876078
      0.876079
      0.876079
       0.87608
       0.87608
       0.87608
      0.876081
      0.876081
      0.876081
      0.876081
      0.876081
      0.876081
      0.876081
      0.876081
      0.876081
      0.835487
      0.835487
      0.835487
      0.835487
      0.835487
      0.835486
      0.835486
      0.835485
      0.835485
      0.835483
      0.835481
      0.835478
      0.835473
      0.835465
      0.835456
      0.835442
       0.83543
      0.835411
      0.835396
      0.835371
      0.835346
      0.835306
      0.835258
      0.835201
      0.835173
      0.835119
      0.835134
      0.835145
      0.835195
      0.835233
       0.83527
      0.835295
      0.835322
      0.835338
      0.835366
      0.835385
      0.835411
      0.835429
      0.835446
      0.835457
      0.835466
      0.835472
      0.835477
      0.835479
      0.835482
      0.835483
      0.835484
      0.835485
      0.835486
      0.835486
      0.835486
      0.835486
      0.835487
      0.835487
      0.835487
      0.835487
      0.835487
      0.835487
      0.835487
      0.795462
      0.795462
      0.795462
      0.795462
      0.795461
      0.795461
       0.79546
      0.795459
      0.795458
      0.795455
      0.795451
      0.795444
      0.795433
      0.795416
      0.795391
      0.795359
      0.795326
      0.795286
      0.795255
      0.795211
      0.795162
      0.795081
      0.794969
      0.794802
      0.794601
      0.794578
      0.794618
      0.794688
      0.794815
      0.794939
      0.795019
      0.795065
      0.795107
      0.795138
      0.795192
       0.79524
      0.795297
      0.795341
      0.795378
      0.795405
      0.795424
      0.795436
      0.795444
       0.79545
      0.795453
      0.795456
      0.795458
      0.795459
       0.79546
       0.79546
      0.795461
      0.795461
      0.795461
      0.795462
      0.795462
      0.795462
      0.795462
      0.795462
      0.795462
       0.75613
       0.75613
       0.75613
       0.75613
      0.756129
      0.756128
      0.756128
      0.756125
      0.756123
      0.756118
       0.75611
      0.756096
      0.756074
      0.756034
      0.755972
       0.75589
      0.755815
      0.755717
      0.755673
       0.75558
      0.755513
      0.755342
      0.755111
      0.754676
      0.753901
      0.754027
      0.754179
      0.754368
      0.754739
      0.755092
      0.755255
      0.755313
      0.755383
      0.755398
      0.755539
      0.755622
      0.755777
      0.755871
      0.755959
       0.75602
       0.75606
      0.756084
        0.7561
       0.75611
      0.756117
      0.756121
      0.756124
      0.756126
      0.756127
      0.756128
      0.756129
      0.756129
       0.75613
       0.75613
       0.75613
       0.75613
      0.756131
       0.75613
      0.756131
      0.717612
      0.717612
      0.717612
      0.717611
       0.71761
      0.717609
      0.717607
      0.717604
      0.717599
       0.71759
      0.717575
      0.717548
      0.717501
      0.717416
      0.717271
      0.717039
      0.716743
      0.716596
      0.716431
      0.716348
      0.716194
      0.715985
      0.715572
      0.714698
      0.712674
      0.712564
      0.713559
      0.713392
      0.714987
      0.715682
      0.715918
      0.715896
      0.715789
      0.715811
      0.716037
      0.716326
      0.716673
      0.717027
      0.717261
      0.717396
      0.717479
      0.717528
      0.717559
      0.717578
       0.71759
      0.717597
      0.717602
      0.717605
      0.717607
      0.717609
       0.71761
       0.71761
      0.717611
      0.717611
      0.717612
      0.717612
      0.717612
      0.717612
      0.717612
      0.680024
      0.680024
      0.680024
      0.680023
      0.680022
      0.680019
      0.680016
       0.68001
          0.68
      0.679983
      0.679957
      0.679906
      0.679818
      0.679644
      0.679336
      0.678765
      0.677845
      0.677682
      0.677132
       0.67716
      0.676827
      0.676759
       0.67623
      0.674979
      0.672634
      0.671678
      0.672366
      0.673318
      0.675552
        0.6767
      0.676914
      0.676511
      0.675721
      0.675431
      0.676003
      0.676626
      0.677618
      0.678738
      0.679326
      0.679604
      0.679777
       0.67987
       0.67993
      0.679964
      0.679987
          0.68
      0.680009
      0.680014
      0.680018
      0.680019
      0.680021
      0.680022
      0.680023
      0.680023
      0.680024
      0.680024
      0.680024
      0.680024
      0.680025
      0.643477
      0.643477
      0.643477
      0.643475
      0.643473
      0.643469
      0.643463
      0.643452
      0.643434
      0.643403
      0.643352
       0.64326
      0.643095
      0.642773
      0.642165
      0.641054
      0.638763
       0.63864
      0.637226
      0.637084
      0.636866
      0.637107
       0.63642
      0.634867
      0.632034
      0.630855
      0.632663
      0.635585
      0.637347
      0.638247
      0.638191
      0.636696
      0.635968
      0.635833
      0.636691
      0.638631
      0.638912
      0.640906
      0.642034
      0.642648
      0.642997
      0.643188
      0.643304
      0.643371
      0.643412
      0.643437
      0.643452
      0.643462
      0.643468
      0.643471
      0.643474
      0.643475
      0.643476
      0.643477
      0.643477
      0.643478
      0.643478
      0.643478
      0.643478
       0.60808
      0.608079
      0.608078
      0.608076
      0.608073
      0.608066
      0.608055
      0.608035
      0.608002
      0.607944
      0.607851
      0.607683
      0.607406
      0.606826
      0.605713
      0.604255
      0.601385
      0.599332
      0.598066
       0.59765
      0.597118
      0.596261
      0.595584
      0.593707
      0.591358
       0.59194
      0.594119
      0.597302
      0.598761
      0.599758
      0.599782
      0.599414
      0.597851
      0.597361
      0.598225
      0.599886
      0.601284
      0.603099
      0.605281
      0.606455
      0.607158
      0.607519
      0.607762
      0.607886
      0.607965
      0.608011
      0.608039
      0.608055
      0.608065
      0.608071
      0.608075
      0.608076
      0.608078
      0.608079
       0.60808
       0.60808
      0.608081
       0.60808
      0.608081
      0.573931
       0.57393
      0.573929
      0.573925
       0.57392
      0.573908
      0.573888
      0.573852
      0.573788
      0.573678
      0.573495
      0.573188
      0.572679
      0.571718
      0.569654
      0.568033
      0.564428
      0.561317
      0.559589
      0.559119
      0.558073
       0.55666
      0.555432
      0.553917
      0.550248
      0.551459
      0.555188
      0.558028
      0.559347
      0.560248
      0.560905
      0.561288
      0.559817
      0.559605
      0.560385
      0.561888
      0.564219
      0.567576
      0.569734
      0.570599
      0.572073
      0.572754
      0.573262
      0.573562
      0.573726
      0.573812
      0.573862
      0.573891
      0.573908
      0.573918
      0.573924
      0.573927
      0.573929
       0.57393
      0.573931
      0.573932
      0.573932
      0.573932
      0.573932
      0.541128
      0.541127
      0.541125
      0.541119
       0.54111
       0.54109
      0.541056
       0.54099
      0.540873
      0.540663
       0.54031
      0.539733
      0.538873
      0.537399
      0.534916
      0.532049
      0.528864
      0.525727
      0.522761
      0.520972
      0.519511
      0.517064
      0.515561
      0.515354
       0.51308
       0.51352
      0.516462
       0.51893
      0.520429
      0.521752
      0.522159
      0.522245
      0.522307
      0.522635
      0.523457
       0.52457
       0.52794
      0.531247
      0.534152
      0.536389
      0.537459
      0.538344
      0.539688
      0.540427
      0.540773
      0.540922
      0.541013
      0.541064
      0.541093
      0.541109
      0.541118
      0.541123
      0.541126
      0.541127
      0.541129
      0.541129
       0.54113
       0.54113
       0.54113
      0.509758
      0.509757
      0.509754
      0.509745
       0.50973
      0.509699
      0.509641
      0.509531
      0.509324
      0.508921
      0.508198
      0.507086
      0.505686
      0.503141
      0.500934
      0.497777
      0.494192
      0.489571
       0.48666
      0.484206
      0.482647
      0.479375
      0.476186
      0.476878
      0.475874
       0.47793
      0.479085
      0.480972
      0.481358
      0.482789
      0.483466
      0.483597
      0.484939
      0.486205
      0.487823
      0.489954
      0.493211
      0.496519
      0.499367
      0.501762
      0.503697
      0.505512
      0.507482
      0.508515
      0.509085
      0.509395
      0.509565
      0.509655
      0.509704
       0.50973
      0.509744
      0.509752
      0.509756
      0.509759
       0.50976
      0.509761
      0.509762
      0.509762
      0.509762
      0.479907
      0.479905
      0.479901
      0.479888
      0.479864
      0.479816
      0.479726
      0.479549
      0.479222
      0.478496
       0.47704
      0.474682
      0.472872
      0.470447
      0.467702
      0.464263
      0.460162
      0.456631
      0.452225
      0.448559
      0.445463
      0.442829
      0.441241
      0.440879
      0.439642
      0.440722
      0.441719
      0.443098
      0.443018
       0.44417
       0.44504
      0.445988
      0.447392
      0.449443
      0.451691
      0.454201
      0.458815
      0.463124
      0.466448
      0.469169
      0.471503
      0.473648
      0.475807
      0.477634
      0.478697
      0.479283
      0.479592
      0.479743
      0.479825
      0.479866
      0.479888
      0.479899
      0.479905
      0.479908
      0.479911
      0.479911
      0.479912
      0.479912
      0.479913
       0.45165
      0.451648
       0.45164
      0.451622
      0.451587
      0.451515
      0.451377
      0.451106
       0.45059
      0.449594
      0.447757
      0.444537
      0.441864
      0.438938
      0.435403
      0.430998
      0.426729
      0.422811
      0.418893
      0.413385
      0.410266
      0.408109
      0.407783
      0.405966
      0.403691
      0.404534
      0.404634
      0.405504
       0.40407
      0.405226
      0.406794
      0.406673
      0.410224
      0.414726
      0.417235
      0.421938
      0.426459
      0.430759
      0.434815
      0.437768
      0.440419
      0.443052
      0.445364
      0.447527
      0.449609
       0.45062
      0.451134
      0.451392
      0.451524
       0.45159
      0.451623
      0.451639
      0.451648
      0.451652
      0.451655
      0.451656
      0.451657
      0.451658
      0.451658
       0.42506
      0.425056
      0.425046
      0.425021
      0.424971
      0.424868
      0.424676
       0.42428
       0.42353
      0.422121
      0.419648
      0.416023
      0.412641
      0.408802
      0.403816
      0.398768
      0.396531
      0.393208
      0.387879
      0.382203
      0.378667
      0.375729
      0.375153
       0.37445
      0.372915
      0.372229
      0.370402
      0.368461
      0.367381
       0.36771
      0.368619
      0.370764
      0.374628
      0.379329
      0.384851
      0.391017
      0.396118
      0.400934
      0.404058
      0.406883
      0.409985
       0.41365
      0.416941
      0.420113
      0.421915
      0.423439
      0.424259
      0.424667
      0.424875
      0.424973
      0.425022
      0.425045
      0.425057
      0.425063
      0.425067
      0.425068
       0.42507
       0.42507
       0.42507
      0.400199
      0.400194
      0.400179
      0.400145
      0.400075
      0.399934
      0.399661
      0.399128
      0.398099
      0.395941
      0.393437
      0.388994
      0.384639
      0.380096
       0.37454
      0.371449
      0.369087
      0.365031
      0.358861
      0.354322
      0.350001
      0.345614
      0.344316
      0.343259
      0.343088
      0.341075
      0.338966
      0.333659
      0.333616
      0.333162
      0.334008
      0.337653
       0.34242
      0.347127
      0.353868
      0.360767
      0.366469
      0.371439
      0.374882
      0.378002
       0.38121
      0.385293
        0.3896
      0.393118
        0.3954
       0.39769
      0.398958
      0.399614
      0.399934
      0.400078
      0.400147
      0.400179
      0.400196
      0.400204
      0.400208
       0.40021
      0.400212
      0.400212
      0.400213
      0.377128
      0.377121
      0.377102
      0.377055
      0.376962
      0.376771
      0.376412
      0.375703
      0.374456
      0.372176
      0.368364
      0.363275
      0.357279
      0.351903
      0.347384
      0.344435
      0.340935
       0.33611
      0.330681
      0.325382
      0.320291
       0.31654
      0.314457
      0.312947
      0.313656
      0.312407
      0.310326
      0.307429
      0.304812
      0.304896
      0.306624
      0.310279
      0.314548
      0.319189
      0.325154
      0.332032
      0.338385
      0.344392
      0.348818
      0.352637
      0.356329
      0.359626
      0.363902
      0.368171
      0.371363
      0.373363
        0.3753
       0.37631
       0.37678
      0.376967
       0.37706
      0.377102
      0.377124
      0.377134
       0.37714
      0.377142
      0.377144
      0.377145
      0.377145
      0.355896
      0.355888
      0.355862
        0.3558
      0.355673
      0.355407
      0.354885
      0.353916
      0.352335
      0.349664
      0.345103
      0.339158
      0.331964
      0.326671
      0.321431
      0.318081
      0.314046
      0.309122
      0.303795
      0.297661
       0.29239
      0.289493
      0.287949
       0.28686
      0.287597
      0.286665
       0.28433
      0.280114
       0.27839
       0.27913
      0.282622
      0.286211
      0.290202
      0.293734
      0.299184
      0.306411
      0.312235
      0.318851
      0.324751
      0.329229
      0.334134
      0.337604
      0.340561
      0.345655
      0.349703
      0.352069
      0.353828
      0.354883
      0.355429
      0.355683
      0.355805
      0.355863
      0.355891
      0.355905
      0.355913
      0.355916
      0.355918
      0.355919
       0.35592
      0.336555
      0.336544
       0.33651
      0.336428
      0.336265
      0.335878
      0.335048
      0.333447
      0.331475
      0.328416
      0.324215
       0.31868
      0.311389
        0.3046
      0.298602
      0.293377
        0.2889
      0.284174
      0.279315
       0.27498
      0.269949
      0.266675
      0.264426
      0.262597
      0.262578
       0.26191
      0.259751
      0.256185
      0.255252
      0.256341
       0.25975
      0.262944
      0.267375
      0.271787
      0.277463
      0.284173
      0.289809
      0.296037
      0.302056
      0.307447
      0.311773
      0.315196
      0.320379
      0.325352
      0.329077
      0.331456
      0.333832
      0.335251
      0.335963
      0.336279
      0.336438
      0.336511
      0.336548
      0.336566
      0.336575
       0.33658
      0.336583
      0.336583
      0.336584
      0.319141
      0.319128
      0.319082
      0.318972
      0.318741
      0.318243
      0.317229
      0.315209
      0.312684
      0.309499
      0.305267
      0.299505
      0.292942
      0.286844
      0.278655
      0.271824
      0.266567
      0.260661
       0.25652
      0.254111
       0.24958
      0.245916
       0.24412
      0.241761
      0.240642
       0.24011
      0.239117
      0.236864
      0.235697
      0.236413
      0.240445
      0.243435
      0.248061
      0.253597
      0.258365
      0.264591
      0.269564
      0.274987
      0.281567
      0.287088
       0.29209
      0.296978
      0.302724
      0.307134
      0.310554
      0.313214
      0.315949
      0.317528
      0.318368
      0.318782
      0.318986
      0.319084
      0.319132
      0.319155
      0.319167
      0.319173
      0.319177
      0.319178
      0.319178
      0.303696
      0.303678
      0.303621
      0.303478
      0.303181
      0.302489
      0.301032
      0.298891
      0.296113
      0.292669
      0.288058
      0.282574
       0.27598
      0.268871
      0.261352
      0.254214
      0.247009
      0.239869
      0.236573
      0.234122
      0.231076
      0.227961
       0.22527
      0.222385
      0.222211
      0.221795
      0.220998
      0.219517
      0.219121
      0.219806
      0.223155
       0.22677
       0.23171
      0.236842
       0.24214
       0.24758
      0.252429
      0.258358
      0.264129
      0.269795
       0.27543
      0.280982
       0.28603
      0.290442
       0.29376
      0.296816
      0.299615
      0.301623
      0.302701
      0.303234
      0.303499
       0.30362
      0.303682
      0.303712
      0.303727
      0.303734
      0.303738
       0.30374
       0.30374
      0.290246
      0.290225
      0.290152
      0.289973
      0.289576
      0.288693
      0.286783
      0.284406
      0.281534
      0.277655
      0.272989
      0.267825
      0.260699
      0.252703
      0.246061
      0.239308
      0.232002
      0.223222
      0.220337
      0.216658
       0.21433
      0.211797
      0.209968
      0.207989
       0.20776
      0.208344
      0.206482
      0.205661
      0.206114
      0.206822
      0.209985
      0.213239
      0.218432
      0.222685
       0.22821
      0.232369
      0.237257
      0.243332
      0.249244
       0.25483
      0.260809
      0.265686
      0.270774
      0.275136
      0.278771
      0.282409
       0.28537
      0.287452
      0.288985
      0.289661
      0.289988
      0.290146
      0.290226
      0.290264
      0.290283
      0.290292
      0.290297
      0.290299
        0.2903
      0.278825
        0.2788
      0.278719
      0.278505
      0.278047
      0.276987
      0.274845
      0.272256
       0.26919
      0.265753
      0.260985
       0.25556
      0.247789
      0.240069
      0.233389
      0.226726
      0.219679
      0.212762
      0.207116
       0.20244
      0.199265
      0.199256
      0.196786
      0.194129
      0.194943
      0.195017
      0.194582
      0.194818
      0.195688
      0.197448
      0.199583
      0.202266
      0.207229
      0.211848
      0.216702
      0.221031
      0.225808
      0.231201
      0.236397
      0.241532
      0.247622
      0.252943
      0.257759
      0.262599
      0.266484
      0.270154
      0.273358
      0.275918
      0.277353
      0.278105
      0.278501
      0.278693
      0.278793
       0.27884
      0.278865
      0.278876
      0.278882
      0.278884
      0.278885
      0.269447
      0.269421
      0.269328
      0.269097
      0.268584
      0.267454
      0.265117
      0.262465
      0.258939
      0.255236
       0.25047
      0.243755
      0.236596
      0.228699
      0.222953
       0.21574
      0.209261
      0.201719
      0.196398
      0.189004
      0.185131
      0.187413
      0.186923
      0.186381
      0.186329
      0.186135
      0.185257
       0.18604
      0.187286
      0.190592
      0.192398
      0.195082
      0.199571
      0.203623
      0.208049
      0.212213
       0.21643
      0.220742
      0.226045
      0.230955
      0.237059
      0.242341
      0.246296
      0.251021
      0.255797
      0.259796
      0.263274
        0.2661
      0.267682
      0.268551
      0.269026
      0.269273
      0.269399
      0.269461
      0.269491
      0.269505
      0.269512
      0.269514
      0.269515
       0.26214
      0.262112
       0.26202
      0.261787
      0.261298
      0.260231
      0.258165
      0.255293
      0.251709
      0.247442
      0.242224
      0.235433
      0.227871
      0.220287
      0.213746
       0.20643
      0.199344
      0.192503
      0.186845
      0.180946
       0.17847
      0.179539
      0.180195
      0.180067
      0.180037
      0.180316
      0.179681
      0.179516
      0.181118
      0.183743
      0.187326
      0.190607
      0.193721
      0.197409
      0.200958
      0.204749
      0.208456
      0.212599
      0.217761
      0.222608
      0.228322
      0.233483
      0.237206
      0.241186
      0.246601
      0.251305
      0.255116
      0.258142
      0.259967
       0.26099
      0.261589
      0.261906
      0.262069
      0.262145
      0.262182
      0.262198
      0.262206
      0.262209
      0.262211
      0.256908
      0.256881
      0.256786
      0.256564
      0.256099
      0.255154
      0.253394
      0.250401
      0.246798
      0.241781
      0.236866
      0.230098
       0.22228
      0.214974
      0.208303
      0.201245
      0.193102
      0.187469
       0.18287
      0.178362
      0.175841
      0.177389
      0.176692
      0.175518
      0.175255
      0.174954
      0.176437
      0.176726
      0.177851
      0.180311
      0.184885
      0.187895
      0.189642
      0.192764
      0.195884
      0.198889
      0.202707
      0.206703
      0.212455
       0.21676
      0.221788
      0.226693
      0.230454
      0.235464
      0.240231
      0.244986
      0.248686
      0.251977
      0.254062
      0.255344
      0.256163
        0.2566
      0.256812
      0.256906
       0.25695
      0.256969
      0.256978
      0.256982
      0.256983
      0.253769
      0.253741
      0.253651
      0.253435
         0.253
      0.252081
      0.250314
      0.247411
      0.243796
      0.239053
      0.233584
      0.226604
      0.220167
      0.213586
      0.206337
      0.198219
      0.192789
      0.187934
      0.183795
      0.179928
      0.177883
       0.17725
      0.175251
      0.173283
      0.172607
       0.17283
      0.174198
      0.175824
      0.177472
      0.180507
      0.184206
       0.18665
      0.188754
      0.191205
       0.19399
      0.196873
      0.199939
      0.203863
      0.208518
       0.21301
      0.217297
      0.221678
      0.226523
      0.231606
      0.236063
       0.24077
      0.244316
      0.247406
      0.249847
      0.251419
      0.252739
      0.253378
      0.253658
      0.253759
      0.253807
      0.253828
      0.253838
      0.253842
      0.253843
      0.252721
      0.252695
      0.252605
      0.252397
      0.251968
      0.251095
      0.249444
      0.246509
      0.243149
      0.238664
      0.233641
      0.228059
      0.220887
      0.215249
      0.208559
      0.201661
      0.196926
      0.191452
      0.188372
      0.184545
      0.181346
      0.178423
      0.175986
      0.174364
      0.172944
      0.173251
      0.174295
      0.176278
      0.178834
      0.182988
      0.186336
      0.188845
      0.190356
      0.192373
        0.1949
      0.197752
      0.199387
      0.201867
      0.206963
      0.211169
      0.215472
      0.220345
       0.22499
      0.229899
      0.233652
      0.238452
      0.242131
       0.24538
      0.248242
      0.250481
      0.251712
      0.252314
       0.25259
      0.252705
      0.252757
       0.25278
       0.25279
      0.252794
      0.252795
      0.253773
      0.253747
      0.253664
      0.253466
      0.253071
      0.252221
      0.250595
      0.247837
      0.244489
      0.240035
      0.235459
      0.230044
       0.22363
      0.217655
      0.211921
      0.206563
      0.201788
      0.197603
      0.193366
      0.189589
      0.185354
      0.182036
      0.179143
      0.177307
      0.176481
      0.176702
      0.177416
      0.180297
      0.182885
      0.186452
      0.189494
      0.192153
      0.194448
      0.196006
      0.197909
      0.199781
      0.201083
      0.203508
      0.207944
      0.212693
      0.216864
      0.221737
      0.226071
      0.230747
      0.234834
      0.239413
       0.24315
      0.246625
      0.249333
      0.251356
      0.252732
      0.253369
      0.253649
      0.253754
      0.253806
      0.253827
      0.253838
      0.253842
      0.253843
      0.256916
      0.256893
      0.256813
      0.256629
      0.256253
      0.255501
      0.254097
      0.251572
      0.248431
      0.244471
      0.239377
      0.233931
      0.227691
      0.221641
      0.216705
      0.211876
      0.207143
      0.202444
      0.198378
      0.193915
      0.189892
       0.18718
      0.183854
       0.18147
      0.181451
      0.180798
      0.180989
      0.183242
       0.18696
      0.190611
      0.193694
      0.197248
      0.200507
      0.202314
       0.20312
       0.20384
      0.205125
      0.207876
      0.211776
      0.216707
      0.220024
      0.224552
       0.22909
      0.233662
       0.23812
      0.243169
      0.246586
      0.250119
      0.252881
      0.254977
      0.256047
      0.256556
      0.256793
      0.256898
      0.256946
      0.256968
      0.256978
      0.256982
      0.256983
      0.262151
      0.262128
      0.262054
      0.261877
      0.261523
      0.260784
      0.259381
      0.257046
      0.254083
      0.250279
      0.245171
      0.239653
      0.234005
      0.228346
      0.223119
      0.218417
      0.213404
      0.208774
      0.204442
      0.200028
      0.196814
      0.193753
       0.18993
      0.187028
      0.186677
      0.186587
       0.18658
       0.18755
      0.191172
      0.195467
      0.199069
      0.202741
      0.206548
      0.209549
      0.210801
      0.211887
      0.212413
      0.214313
      0.217958
      0.222656
      0.226016
      0.230084
      0.235176
      0.240083
       0.24443
      0.248919
      0.252739
      0.255976
      0.258686
      0.260515
      0.261436
      0.261844
      0.262045
      0.262134
      0.262178
      0.262196
      0.262206
      0.262209
       0.26221
       0.26946
       0.26944
      0.269367
      0.269182
       0.26878
      0.267978
      0.266623
      0.264152
       0.26137
      0.257769
      0.252754
      0.248234
      0.242569
      0.236879
      0.231278
      0.226713
       0.22126
      0.217372
       0.21286
      0.208971
      0.205869
      0.202043
      0.198052
      0.195367
      0.194466
      0.194763
      0.194706
      0.194896
      0.197324
      0.200985
      0.204932
      0.208131
      0.212581
      0.216823
       0.21893
      0.220257
      0.221504
      0.223936
      0.226292
      0.230275
      0.234162
      0.239247
      0.244092
      0.248708
      0.252886
      0.257735
      0.261318
      0.264129
      0.266704
       0.26813
      0.268859
      0.269204
      0.269371
      0.269448
      0.269485
      0.269502
      0.269511
      0.269514
      0.269515
      0.278837
      0.278818
      0.278755
      0.278537
      0.277995
        0.2768
      0.275425
      0.273208
      0.270468
      0.267011
      0.262655
      0.258242
      0.253052
      0.247675
      0.242222
      0.237447
      0.232185
      0.227604
      0.223279
      0.219748
      0.216667
      0.213093
      0.208956
      0.205947
      0.205012
      0.205277
      0.205099
      0.205765
      0.206601
      0.209059
      0.211295
       0.21362
      0.218614
      0.224309
      0.227459
      0.229968
      0.232521
      0.235222
      0.238279
      0.241897
      0.245514
      0.249851
       0.25477
      0.259468
      0.264125
      0.268573
       0.27206
      0.274464
      0.276559
      0.277769
      0.278367
      0.278632
      0.278766
      0.278828
      0.278859
      0.278873
      0.278881
      0.278883
      0.278884
      0.290257
       0.29024
      0.290175
      0.289991
      0.289547
      0.288572
      0.286703
      0.284521
      0.281694
       0.27752
      0.274334
      0.270127
      0.265651
      0.261052
      0.255021
      0.250033
      0.245139
      0.240174
      0.235722
      0.232759
      0.229405
      0.225742
      0.221829
      0.218678
      0.217588
      0.217127
      0.216804
      0.217568
      0.217189
       0.21856
      0.220218
      0.222341
      0.226333
      0.232065
      0.237373
      0.241916
      0.245378
      0.247725
        0.2524
      0.255835
      0.259452
      0.263109
      0.268217
      0.272399
      0.277558
      0.281643
      0.285136
      0.287266
      0.288655
       0.28946
      0.289886
      0.290097
      0.290202
      0.290253
      0.290278
       0.29029
      0.290296
      0.290299
        0.2903
      0.303706
      0.303691
      0.303644
       0.30347
      0.303015
      0.301919
      0.300391
      0.298247
      0.295359
      0.291592
      0.288809
      0.285434
      0.281038
      0.276415
       0.27067
      0.265354
       0.26068
      0.256583
      0.251098
      0.247072
      0.243404
      0.239546
      0.236605
      0.233685
      0.232235
       0.23139
      0.230825
      0.231463
       0.23057
      0.230649
      0.231494
        0.2337
      0.238698
       0.24495
      0.250877
      0.255842
      0.259882
       0.26334
        0.2679
      0.272081
      0.276212
      0.280188
      0.284454
      0.288985
      0.293181
      0.297144
      0.299823
       0.30152
      0.302548
      0.303115
      0.303425
      0.303582
      0.303664
      0.303703
      0.303723
      0.303732
      0.303737
      0.303739
       0.30374
      0.319149
      0.319137
      0.319094
      0.318973
      0.318681
      0.317993
      0.316471
      0.314618
      0.312363
      0.309575
       0.30627
      0.303157
      0.298262
      0.293433
        0.2882
      0.283122
      0.277792
      0.272969
      0.267832
      0.263749
      0.260501
      0.256621
      0.254079
      0.251119
      0.248712
      0.246308
      0.245649
      0.246083
      0.245134
       0.24488
       0.24642
      0.250632
      0.255171
      0.261201
      0.267644
       0.27308
      0.277326
      0.281651
      0.286095
      0.291041
      0.295342
       0.29933
      0.302776
      0.306467
      0.310299
      0.313951
      0.316184
      0.317518
      0.318289
      0.318712
      0.318939
      0.319057
      0.319118
      0.319149
      0.319164
      0.319172
      0.319176
      0.319178
      0.319178
      0.336562
      0.336553
      0.336521
      0.336439
      0.336259
      0.335811
      0.334867
      0.333645
      0.331614
      0.328952
       0.32576
      0.321922
      0.318061
      0.313058
      0.307985
      0.302829
      0.297357
      0.292503
      0.288296
      0.284441
      0.280874
      0.276717
      0.272706
      0.268908
      0.266243
      0.264268
      0.263421
       0.26304
      0.261974
      0.262162
       0.26545
      0.270284
      0.275252
      0.280267
      0.286674
      0.292723
      0.297661
      0.301905
      0.306496
      0.311543
      0.315835
      0.319652
      0.323049
      0.326321
      0.329374
      0.332408
       0.33427
      0.335342
      0.335935
      0.336242
      0.336409
      0.336493
      0.336539
      0.336561
      0.336573
      0.336579
      0.336582
      0.336583
      0.336584
      0.355903
      0.355896
      0.355874
      0.355819
      0.355698
      0.355429
       0.35487
      0.353673
      0.352642
      0.350195
      0.347492
      0.344334
      0.340737
      0.336176
      0.330184
      0.325206
      0.319205
      0.314519
      0.311779
       0.30783
      0.304502
      0.299244
      0.294157
      0.290703
       0.28636
      0.284187
      0.283084
      0.281688
      0.281277
       0.28345
      0.287281
      0.292971
      0.298504
      0.303374
      0.308822
      0.314995
      0.320542
      0.324481
      0.328784
      0.334075
      0.337883
      0.341506
      0.345065
      0.347678
      0.350011
      0.352305
      0.354144
      0.355005
      0.355446
      0.355672
      0.355792
      0.355853
      0.355886
      0.355902
      0.355911
      0.355916
      0.355918
      0.355919
       0.35592
      0.377134
      0.377129
      0.377114
      0.377078
      0.377004
      0.376842
      0.376522
      0.375955
      0.375056
      0.373501
      0.370946
      0.367737
      0.364407
      0.360072
      0.355182
      0.349152
      0.344078
       0.33945
      0.337342
      0.333775
      0.329748
      0.324307
      0.319255
      0.314183
      0.309714
      0.306282
      0.304073
       0.30257
      0.303321
      0.306144
      0.310463
      0.316728
      0.323054
      0.329038
      0.333943
      0.339597
      0.344991
      0.349957
      0.353951
       0.35712
        0.3619
      0.365845
      0.369008
      0.371123
      0.373163
       0.37491
      0.375941
      0.376517
      0.376822
      0.376973
      0.377056
      0.377098
      0.377121
      0.377132
      0.377139
      0.377142
      0.377144
      0.377145
      0.377145
      0.400204
      0.400201
      0.400191
      0.400169
      0.400122
      0.400027
      0.399844
      0.399507
      0.398908
      0.397816
      0.395922
      0.392825
      0.390119
      0.387113
      0.383408
       0.37877
      0.372884
      0.368248
      0.366029
      0.360973
      0.357154
       0.35198
      0.347437
      0.342219
      0.336727
      0.332973
      0.329181
      0.326964
      0.328246
      0.329765
      0.335354
      0.343044
      0.349067
      0.354128
      0.359499
      0.365218
      0.370903
      0.377378
      0.381893
      0.385425
      0.388816
       0.39183
      0.394922
      0.396732
      0.397987
      0.398896
      0.399472
      0.399809
      0.399996
      0.400096
      0.400151
      0.400179
      0.400195
      0.400203
      0.400208
       0.40021
      0.400212
      0.400212
      0.400213
      0.425065
      0.425062
      0.425056
      0.425042
      0.425014
      0.424956
      0.424851
       0.42464
       0.42427
      0.423492
      0.422028
      0.419693
      0.417588
      0.415515
      0.412615
      0.408809
      0.403948
      0.399095
      0.393908
      0.387817
      0.384504
      0.380175
       0.37711
      0.372801
      0.368062
      0.363487
      0.359131
      0.356721
      0.356591
      0.358072
      0.364648
      0.372343
      0.377045
      0.379966
      0.385789
      0.392235
      0.398549
      0.405073
      0.410217
      0.413958
      0.417063
      0.419398
      0.421611
      0.423005
      0.423839
      0.424316
      0.424629
      0.424821
      0.424933
      0.424994
      0.425029
      0.425047
      0.425058
      0.425063
      0.425067
      0.425068
       0.42507
       0.42507
       0.42507
      0.451654
      0.451653
      0.451649
       0.45164
      0.451622
      0.451587
      0.451521
      0.451393
      0.451158
      0.450711
      0.449921
      0.448623
       0.44649
      0.444826
      0.442833
      0.439771
      0.435981
       0.43093
      0.425357
      0.420249
       0.41674
      0.414245
      0.410123
      0.403446
      0.401593
      0.395177
      0.391615
      0.388465
      0.389861
      0.393908
        0.3972
       0.40363
       0.40805
       0.41074
      0.414997
      0.421431
      0.427536
      0.434705
      0.439656
      0.443362
      0.446606
      0.448441
      0.449677
      0.450456
      0.450936
      0.451221
      0.451399
      0.451507
      0.451572
      0.451609
       0.45163
      0.451642
      0.451649
      0.451653
      0.451655
      0.451657
      0.451658
      0.451658
      0.451658
       0.47991
      0.479909
      0.479907
      0.479901
      0.479891
      0.479869
       0.47983
      0.479754
      0.479619
      0.479376
      0.478969
      0.478273
       0.47716
      0.476124
      0.474162
      0.471971
      0.469096
      0.465085
        0.4605
      0.456585
      0.452732
      0.449215
      0.444999
      0.440772
      0.435734
      0.429281
      0.425715
      0.423463
       0.42541
       0.42958
      0.432001
      0.436038
      0.439678
      0.442551
      0.447784
      0.454185
        0.4594
      0.465436
       0.47016
       0.47422
      0.476623
      0.477956
      0.478762
      0.479212
      0.479494
      0.479659
      0.479762
      0.479822
       0.47986
      0.479881
      0.479894
      0.479901
      0.479906
      0.479909
      0.479911
      0.479911
      0.479912
      0.479912
      0.479913
       0.50976
       0.50976
      0.509758
      0.509755
      0.509748
      0.509736
      0.509713
       0.50967
      0.509595
      0.509466
      0.509253
      0.508909
      0.508388
       0.50765
      0.506098
      0.505268
      0.503261
      0.499793
      0.496612
      0.493265
      0.489675
      0.485833
      0.480842
      0.475913
      0.472823
      0.466833
      0.463932
      0.462726
      0.463037
      0.466405
      0.467127
      0.471217
      0.474142
      0.475305
      0.482421
      0.485619
      0.491952
      0.497389
      0.501523
      0.505472
      0.507483
      0.508499
      0.509045
      0.509341
      0.509512
      0.509612
      0.509672
      0.509707
      0.509729
      0.509741
       0.50975
      0.509754
      0.509757
      0.509759
       0.50976
      0.509761
      0.509762
      0.509762
      0.509762
      0.541129
      0.541129
      0.541128
      0.541125
      0.541122
      0.541114
      0.541102
      0.541078
      0.541038
       0.54097
      0.540863
      0.540694
      0.540459
      0.540023
      0.539292
      0.538644
      0.537423
       0.53553
      0.532813
      0.529626
       0.52608
      0.522423
      0.518243
       0.51445
      0.510294
      0.505406
      0.504304
      0.503939
      0.504542
      0.505851
      0.506027
      0.507087
      0.510152
      0.513104
      0.518343
      0.522986
      0.527146
      0.531367
       0.53519
      0.538081
      0.539602
      0.540311
      0.540689
      0.540874
      0.540982
      0.541039
      0.541076
      0.541096
      0.541109
      0.541116
      0.541122
      0.541124
      0.541127
      0.541128
      0.541129
      0.541129
       0.54113
       0.54113
       0.54113
      0.573932
      0.573931
      0.573931
       0.57393
      0.573927
      0.573923
      0.573916
      0.573903
      0.573881
      0.573846
      0.573791
      0.573704
      0.573573
      0.573358
      0.573029
      0.572584
      0.571876
      0.570762
      0.568979
      0.565766
      0.562647
      0.559489
      0.556167
      0.551749
      0.550303
      0.548084
      0.546742
       0.54505
      0.546892
      0.547027
       0.54697
      0.547373
      0.549828
      0.552399
      0.556577
      0.560112
      0.563582
      0.567501
      0.570193
      0.571951
      0.572922
      0.573403
      0.573649
      0.573773
       0.57384
      0.573876
      0.573898
       0.57391
      0.573918
      0.573923
      0.573926
      0.573928
       0.57393
      0.573931
      0.573931
      0.573932
      0.573932
      0.573932
      0.573933
       0.60808
       0.60808
       0.60808
      0.608079
      0.608078
      0.608075
      0.608071
      0.608064
      0.608053
      0.608034
      0.608006
       0.60796
      0.607891
      0.607781
      0.607629
      0.607358
      0.606967
      0.606301
       0.60523
      0.603442
      0.600744
      0.597741
      0.595243
      0.592244
      0.590121
      0.588735
      0.587875
      0.587446
      0.588628
      0.589197
      0.589123
      0.589894
      0.590769
      0.592762
      0.595155
      0.597891
      0.600863
      0.603006
      0.605467
      0.606811
      0.607465
      0.607753
      0.607906
      0.607981
      0.608023
      0.608045
      0.608059
      0.608066
      0.608071
      0.608074
      0.608076
      0.608077
      0.608079
      0.608079
       0.60808
       0.60808
      0.608081
       0.60808
      0.608081
      0.643478
      0.643478
      0.643477
      0.643477
      0.643476
      0.643474
      0.643472
      0.643468
      0.643462
      0.643452
      0.643437
      0.643413
      0.643376
      0.643318
      0.643229
      0.643084
       0.64286
      0.642488
       0.64189
      0.640929
      0.639532
      0.637812
      0.635778
      0.632507
      0.630412
      0.629273
      0.629311
      0.630091
      0.631033
      0.631125
      0.631015
      0.631397
      0.631905
      0.633021
       0.63458
      0.636923
      0.639561
      0.641014
      0.642106
      0.642757
      0.643105
      0.643279
       0.64337
      0.643416
      0.643441
      0.643455
      0.643463
      0.643468
      0.643471
      0.643473
      0.643475
      0.643476
      0.643476
      0.643477
      0.643477
      0.643478
      0.643478
      0.643478
      0.643478
      0.680024
      0.680024
      0.680024
      0.680023
      0.680023
      0.680022
      0.680021
      0.680018
      0.680015
       0.68001
      0.680002
      0.679989
       0.67997
      0.679938
       0.67989
       0.67981
      0.679689
      0.679483
      0.679165
      0.678666
      0.677973
       0.67698
      0.675691
      0.673987
      0.671908
       0.67057
      0.671382
      0.672712
        0.6732
       0.67361
       0.67341
      0.673845
      0.673902
      0.674762
      0.675407
      0.676892
      0.678037
      0.678815
      0.679335
      0.679639
      0.679814
      0.679908
       0.67996
      0.679986
      0.680001
      0.680009
      0.680014
      0.680017
       0.68002
      0.680021
      0.680022
      0.680022
      0.680023
      0.680023
      0.680024
      0.680024
      0.680024
      0.680024
      0.680025
      0.717612
      0.717612
      0.717612
      0.717612
      0.717611
      0.717611
       0.71761
      0.717609
      0.717607
      0.717604
      0.717599
      0.717592
      0.717582
      0.717564
      0.717538
      0.717495
      0.717428
      0.717319
      0.717152
      0.716897
      0.716537
       0.71603
      0.715364
      0.714524
       0.71363
        0.7131
      0.713336
      0.713864
      0.714227
      0.714436
      0.714502
      0.714669
      0.714824
      0.715177
      0.715586
       0.71617
      0.716671
      0.717026
      0.717264
       0.71741
      0.717497
      0.717546
      0.717573
      0.717588
      0.717597
      0.717602
      0.717605
      0.717607
      0.717609
      0.717609
       0.71761
      0.717611
      0.717611
      0.717611
      0.717612
      0.717612
      0.717612
      0.717612
      0.717612
      0.756131
       0.75613
       0.75613
       0.75613
       0.75613
      0.756129
      0.756129
      0.756128
      0.756127
      0.756125
      0.756123
      0.756119
      0.756114
      0.756104
       0.75609
      0.756067
      0.756032
      0.755975
      0.755891
      0.755763
      0.755589
      0.755337
      0.755024
      0.754644
      0.754302
      0.754059
      0.754142
      0.754311
      0.754512
      0.754616
      0.754738
      0.754799
      0.754941
       0.75507
      0.755299
      0.755495
      0.755703
      0.755851
       0.75596
      0.756026
      0.756069
      0.756093
      0.756108
      0.756116
      0.756121
      0.756123
      0.756126
      0.756127
      0.756128
      0.756128
      0.756129
      0.756129
       0.75613
       0.75613
       0.75613
       0.75613
      0.756131
       0.75613
      0.756131
      0.795462
      0.795462
      0.795462
      0.795462
      0.795462
      0.795461
      0.795461
      0.795461
       0.79546
      0.795459
      0.795458
      0.795455
      0.795452
      0.795447
      0.795439
      0.795427
      0.795409
       0.79538
      0.795338
      0.795276
      0.795191
      0.795075
      0.794933
       0.79477
      0.794625
      0.794529
      0.794543
      0.794604
      0.794684
      0.794747
       0.79481
       0.79486
      0.794928
      0.794998
      0.795093
       0.79518
      0.795265
       0.79533
      0.795377
      0.795408
      0.795429
      0.795441
      0.795448
      0.795453
      0.795456
      0.795457
      0.795459
      0.795459
       0.79546
       0.79546
      0.795461
      0.795461
      0.795461
      0.795462
      0.795462
      0.795462
      0.795462
      0.795462
      0.795462
      0.835487
      0.835487
      0.835487
      0.835487
      0.835487
      0.835487
      0.835487
      0.835486
      0.835486
      0.835485
      0.835484
      0.835483
      0.835481
      0.835479
      0.835475
      0.835468
      0.835459
      0.835444
      0.835425
      0.835395
      0.835357
      0.835304
      0.835247
      0.835177
      0.835127
       0.83508
      0.835087
      0.835098
      0.835133
      0.835158
      0.835195
      0.835218
      0.835258
      0.835286
      0.835331
      0.835363
      0.835399
      0.835425
      0.835446
      0.835459
      0.835469
      0.835475
      0.835479
      0.835481
      0.835483
      0.835484
      0.835485
      0.835485
      0.835486
      0.835486
      0.835486
      0.835486
      0.835487
      0.835487
      0.835487
      0.835487
      0.835487
      0.835487
      0.835487
      0.876081
      0.876081
      0.876081
      0.876081
      0.876081
      0.876081
      0.876081
      0.876081
       0.87608
       0.87608
      0.876079
      0.876079
      0.876078
      0.876076
      0.876074
      0.876071
      0.876066
      0.876059
       0.87605
      0.876036
      0.876019
      0.875996
      0.875971
      0.875943
      0.875921
      0.875904
      0.875903
      0.875907
      0.875919
      0.875931
      0.875947
       0.87596
      0.875977
      0.875992
       0.87601
      0.876025
       0.87604
      0.876052
      0.876061
      0.876067
      0.876071
      0.876074
      0.876076
      0.876077
      0.876078
      0.876079
       0.87608
       0.87608
       0.87608
       0.87608
      0.876081
      0.876081
      0.876081
      0.876081
      0.876081
      0.876081
      0.876081
      0.876081
      0.876081
      0.917118
      0.917118
      0.917118
      0.917118
      0.917118
      0.917118
      0.917118
      0.917117
      0.917117
      0.917117
      0.917117
      0.917116
      0.917116
      0.917115
      0.917114
      0.917112
       0.91711
      0.917107
      0.917103
      0.917097
       0.91709
       0.91708
      0.917071
      0.917059
      0.917052
      0.917044
      0.917044
      0.917043
      0.917049
      0.917052
       0.91706
      0.917065
      0.917074
      0.917079
      0.917088
      0.917093
        0.9171
      0.917104
      0.917108
      0.917111
      0.917113
      0.917114
      0.917115
      0.917116
      0.917116
      0.917116
      0.917117
      0.917117
      0.917117
      0.917117
      0.917117
      0.917117
      0.917118
      0.917118
      0.917118
      0.917118
      0.917118
      0.917118
      0.917118
      0.958468
      0.958467
      0.958467
      0.958467
      0.958467
      0.958467
      0.958467
      0.958467
      0.958467
      0.958467
      0.958467
      0.958467
      0.958467
      0.958466
      0.958466
      0.958465
      0.958464
      0.958463
      0.958461
      0.958459
      0.958456
      0.958453
       0.95845
      0.958446
      0.958443
       0.95844
       0.95844
       0.95844
      0.958441
      0.958443
      0.958445
      0.958448
       0.95845
      0.958453
      0.958456
      0.958458
       0.95846
      0.958462
      0.958463
      0.958464
      0.958465
      0.958466
      0.958466
      0.958466
      0.958467
      0.958467
      0.958467
      0.958467
      0.958467
      0.958467
      0.958467
      0.958467
      0.958467
      0.958467
      0.958467
      0.958467
      0.958468
      0.958467
      0.958468
             1
             1
             1
             1
             1
             1
             1
             1
             1
             1
             1
             1
             1
             1
             1
             1
             1
             1
             1
             1
             1
             1
             1
             1
             1
             1
             1
             1
             1
             1
             1
             1
             1
             1
             1
             1
             1
             1
             1
             1
             1
             1
             1
             1
             1
             1
             1
             1
             1
             1
             1
             1
             1
             1
             1
             1
             1
             1
             1
