             1
             1
             1
             1
             1
             1
             1
             1
             1
             1
             1
             1
             1
             1
             1
             1
             1
             1
             1
             1
             1
             1
             1
             1
             1
             1
             1
             1
             1
             1
             1
             1
             1
             1
             1
             1
             1
             1
             1
             1
             1
             1
             1
             1
             1
             1
             1
             1
             1
             1
             1
             1
             1
             1
             1
             1
             1
             1
             1
      0.958746
      0.958746
      0.958746
      0.958746
      0.958746
      0.958746
      0.958746
      0.958745
      0.958745
      0.958744
      0.958743
      0.958742
      0.958739
      0.958736
      0.958732
      0.958726
      0.958719
      0.958711
      0.958703
      0.958693
      0.958683
      0.958668
      0.958648
      0.958618
      0.958582
      0.958541
       0.95853
      0.958527
      0.958565
      0.958607
      0.958643
      0.958667
      0.958681
      0.958688
      0.958693
      0.958698
      0.958709
      0.958714
      0.958723
       0.95873
      0.958736
      0.958739
      0.958742
      0.958743
      0.958744
      0.958745
      0.958745
      0.958745
      0.958746
      0.958746
      0.958746
      0.958746
      0.958746
      0.958746
      0.958746
      0.958746
      0.958746
      0.958746
      0.958746
      0.917674
      0.917673
      0.917673
      0.917673
      0.917673
      0.917673
      0.917672
      0.917672
      0.917671
      0.917669
      0.917666
      0.917662
      0.917656
      0.917647
      0.917635
      0.917618
        0.9176
      0.917574
      0.917557
      0.917525
      0.917506
      0.917464
      0.917411
      0.917311
      0.917193
      0.917032
      0.917016
      0.916988
      0.917139
      0.917284
      0.917398
       0.91747
      0.917507
      0.917517
      0.917528
      0.917531
       0.91757
      0.917578
      0.917607
      0.917632
      0.917648
      0.917657
      0.917663
      0.917666
      0.917669
       0.91767
      0.917671
      0.917672
      0.917672
      0.917673
      0.917673
      0.917673
      0.917673
      0.917673
      0.917673
      0.917673
      0.917674
      0.917674
      0.917674
      0.876911
      0.876911
      0.876911
      0.876911
       0.87691
       0.87691
      0.876909
      0.876907
      0.876905
      0.876902
      0.876896
      0.876887
      0.876872
      0.876851
       0.87682
      0.876778
      0.876728
      0.876662
      0.876603
      0.876538
      0.876497
      0.876421
      0.876281
      0.876012
      0.875586
      0.875057
      0.874937
      0.874962
      0.875413
       0.87598
      0.876323
      0.876476
      0.876535
      0.876544
       0.87654
      0.876505
      0.876483
      0.876633
      0.876748
      0.876815
      0.876854
      0.876876
      0.876889
      0.876897
      0.876902
      0.876905
      0.876907
      0.876908
      0.876909
       0.87691
       0.87691
       0.87691
      0.876911
      0.876911
      0.876911
      0.876911
      0.876911
      0.876911
      0.876911
      0.836586
      0.836586
      0.836586
      0.836585
      0.836585
      0.836584
      0.836583
       0.83658
      0.836576
      0.836568
      0.836557
      0.836537
      0.836507
      0.836457
      0.836387
      0.836284
      0.836168
       0.83598
      0.835838
      0.835665
      0.835637
      0.835498
      0.835185
      0.834498
      0.833301
      0.831417
      0.831423
      0.831446
      0.832923
      0.834649
      0.835453
      0.835722
      0.835801
      0.835762
      0.835707
      0.835515
      0.835221
      0.835873
      0.836216
      0.836381
      0.836471
      0.836516
      0.836544
       0.83656
       0.83657
      0.836575
      0.836579
      0.836582
      0.836583
      0.836584
      0.836585
      0.836585
      0.836586
      0.836586
      0.836586
      0.836586
      0.836586
      0.836586
      0.836586
      0.796824
      0.796824
      0.796824
      0.796823
      0.796822
      0.796821
      0.796818
      0.796813
      0.796805
      0.796791
      0.796768
      0.796727
      0.796661
      0.796554
      0.796391
      0.796129
      0.795754
      0.795322
      0.794785
      0.794472
      0.794579
      0.794454
      0.793802
      0.792133
      0.791454
      0.788994
      0.788912
      0.790472
      0.790713
      0.793548
      0.794765
      0.795177
      0.795211
      0.794992
      0.794593
      0.794192
       0.79334
       0.79527
      0.796054
      0.796405
      0.796587
      0.796684
      0.796741
      0.796773
      0.796793
      0.796805
      0.796812
      0.796817
       0.79682
      0.796821
      0.796823
      0.796823
      0.796824
      0.796824
      0.796824
      0.796824
      0.796825
      0.796825
      0.796825
      0.757749
      0.757748
      0.757748
      0.757747
      0.757745
      0.757742
      0.757737
      0.757728
      0.757714
      0.757687
      0.757642
      0.757561
      0.757425
      0.757194
      0.756855
      0.756205
      0.755143
      0.754272
      0.752713
      0.751805
       0.75278
      0.752876
      0.751744
       0.75068
      0.748405
      0.746457
      0.746531
      0.747725
      0.749788
      0.752802
      0.754286
      0.754743
      0.754643
      0.753968
      0.752608
      0.751818
      0.752709
      0.755096
      0.756338
      0.756944
      0.757292
      0.757473
      0.757588
      0.757649
       0.75769
      0.757713
      0.757728
      0.757736
      0.757741
      0.757744
      0.757746
      0.757747
      0.757748
      0.757748
      0.757749
      0.757749
      0.757749
      0.757749
      0.757749
      0.719477
      0.719477
      0.719476
      0.719474
      0.719471
      0.719466
      0.719457
      0.719441
      0.719413
      0.719364
      0.719278
      0.719121
      0.718842
       0.71834
      0.717496
      0.716196
      0.713931
       0.71212
      0.710645
      0.710188
      0.711441
      0.710109
      0.708772
      0.707114
      0.705014
      0.703528
      0.704317
      0.706228
      0.708612
       0.71133
      0.713679
      0.714091
      0.713555
      0.712476
      0.710531
      0.710435
      0.711808
      0.714903
      0.716835
      0.717956
       0.71859
       0.71893
      0.719144
      0.719273
      0.719357
      0.719409
      0.719439
      0.719456
      0.719465
       0.71947
      0.719474
      0.719475
      0.719477
      0.719477
      0.719478
      0.719478
      0.719478
      0.719478
      0.719478
      0.682127
      0.682126
      0.682125
      0.682122
      0.682117
      0.682107
      0.682091
      0.682061
      0.682012
      0.681922
       0.68177
      0.681472
       0.68092
      0.679851
      0.677929
      0.675415
      0.673198
      0.671213
      0.669715
      0.669073
      0.669348
      0.668537
      0.667221
      0.665037
      0.661987
      0.658962
      0.661652
      0.665325
      0.668216
      0.670522
      0.672642
      0.672842
      0.671495
      0.669881
      0.669281
      0.669386
      0.671568
      0.674161
      0.677449
      0.679381
      0.680476
      0.681022
      0.681448
      0.681704
      0.681885
      0.681996
      0.682058
      0.682089
      0.682107
      0.682115
      0.682121
      0.682124
      0.682126
      0.682127
      0.682128
      0.682128
      0.682128
      0.682128
      0.682129
      0.645806
      0.645806
      0.645803
      0.645798
      0.645789
      0.645772
      0.645743
       0.64569
      0.645598
      0.645439
      0.645164
      0.644633
      0.643593
      0.641278
      0.639013
      0.636088
       0.63307
      0.629934
      0.628968
      0.628182
      0.627852
       0.62762
      0.626084
      0.623771
      0.620909
      0.618021
      0.620864
      0.624561
      0.627976
      0.629947
      0.631718
      0.630553
      0.629574
      0.628359
      0.629573
      0.630869
      0.632789
      0.635397
      0.639034
      0.641051
      0.642464
      0.643434
      0.644226
      0.644907
      0.645333
       0.64556
       0.64568
       0.64574
      0.645772
      0.645788
      0.645798
      0.645803
      0.645806
      0.645807
      0.645808
      0.645809
      0.645809
      0.645809
      0.645809
      0.610623
      0.610622
      0.610618
       0.61061
      0.610595
      0.610565
      0.610514
      0.610418
      0.610255
      0.609974
      0.609532
      0.608616
       0.60687
       0.60398
      0.600984
      0.597542
      0.593353
       0.58951
      0.587761
      0.586598
      0.585718
      0.585532
      0.583985
      0.581949
      0.578562
      0.579114
      0.581314
      0.584804
      0.587067
      0.588897
      0.589345
      0.589084
      0.588907
      0.589729
      0.590439
      0.592201
      0.594323
      0.596834
      0.599883
      0.601858
      0.603923
      0.605358
      0.607059
      0.608809
      0.609748
      0.610174
        0.6104
      0.610509
      0.610567
      0.610594
       0.61061
      0.610617
      0.610622
      0.610624
      0.610626
      0.610627
      0.610628
      0.610628
      0.610628
      0.576676
      0.576674
      0.576668
      0.576655
      0.576629
       0.57658
       0.57649
      0.576323
      0.576028
      0.575506
      0.574649
      0.573369
      0.571169
       0.56735
      0.563911
      0.560184
      0.555092
      0.549888
      0.547682
      0.545951
      0.543475
      0.542691
      0.541224
      0.539269
      0.534817
      0.535997
      0.541213
      0.543365
      0.545571
      0.547441
      0.547754
      0.546534
       0.54886
      0.551022
      0.551476
      0.553226
      0.556443
      0.558009
      0.562081
       0.56444
      0.566478
      0.568399
      0.570505
      0.573432
      0.575021
      0.575869
      0.576288
       0.57648
      0.576578
      0.576628
      0.576654
      0.576668
      0.576675
      0.576679
      0.576681
      0.576682
      0.576683
      0.576683
      0.576684
      0.544062
      0.544058
      0.544049
      0.544028
      0.543988
      0.543906
      0.543756
       0.54347
      0.542956
      0.541991
      0.540336
      0.538557
      0.535553
      0.531846
      0.527825
      0.523894
      0.518681
      0.513958
      0.509119
      0.506829
      0.504117
      0.501419
      0.499843
      0.499455
      0.497133
      0.497808
      0.500929
      0.502757
      0.505308
      0.507622
      0.509055
      0.510078
      0.510821
      0.512819
       0.51413
      0.515902
      0.519306
       0.52263
      0.524938
      0.527604
      0.530142
      0.532959
       0.53577
      0.538546
      0.541028
      0.542658
       0.54343
      0.543729
      0.543896
      0.543982
      0.544027
      0.544048
       0.54406
      0.544066
      0.544069
      0.544071
      0.544072
      0.544072
      0.544073
      0.512866
      0.512862
      0.512847
      0.512815
      0.512751
      0.512624
      0.512381
      0.511899
      0.510989
      0.509343
      0.506385
      0.503732
      0.500773
      0.497049
      0.492012
       0.48795
      0.482252
      0.475813
      0.470448
      0.468213
      0.466429
      0.462104
      0.460027
      0.461424
       0.46029
      0.461172
      0.463806
      0.465616
      0.466735
      0.469347
      0.471279
      0.470827
      0.472274
      0.473416
      0.477099
      0.479382
      0.483098
      0.486507
      0.488905
      0.492647
      0.495289
      0.498385
      0.502458
      0.505775
      0.508244
      0.510504
      0.511642
      0.512271
      0.512588
      0.512737
      0.512811
      0.512847
      0.512865
      0.512873
      0.512878
       0.51288
      0.512882
      0.512882
      0.512883
      0.483175
      0.483168
      0.483148
      0.483098
      0.483004
      0.482811
      0.482451
      0.481663
      0.480088
      0.477383
      0.474259
      0.471038
      0.467717
      0.463499
      0.457531
      0.451538
      0.446312
      0.440692
      0.435681
      0.431312
      0.428525
      0.426069
      0.425148
      0.425102
      0.424551
       0.42611
      0.427433
       0.42908
      0.429991
      0.432154
      0.432791
      0.433451
      0.434175
      0.436073
      0.439055
      0.441557
      0.447233
      0.452627
      0.456287
      0.459549
      0.462984
      0.466669
      0.470401
      0.473822
      0.476593
      0.478883
       0.48078
      0.482132
      0.482734
       0.48297
       0.48309
      0.483145
      0.483173
      0.483186
      0.483193
      0.483195
      0.483198
      0.483198
      0.483199
      0.455063
      0.455053
      0.455022
       0.45495
      0.454807
      0.454521
      0.453968
      0.452866
      0.450795
      0.447115
      0.443477
      0.439591
      0.435774
      0.431005
      0.424065
        0.4179
      0.413034
      0.407721
      0.403628
      0.397139
      0.393566
      0.392062
      0.392454
       0.39104
      0.389149
      0.390823
      0.391628
      0.393152
      0.392286
      0.393409
      0.393606
      0.392725
      0.396419
      0.401252
      0.403913
      0.407531
      0.413842
      0.420069
      0.424697
      0.427365
      0.431486
      0.434208
      0.439449
      0.443173
      0.446306
      0.448932
      0.451303
      0.453403
       0.45432
      0.454739
      0.454933
       0.45502
       0.45506
      0.455078
      0.455088
      0.455092
      0.455095
      0.455095
      0.455096
      0.428602
      0.428588
      0.428544
      0.428439
      0.428231
      0.427811
      0.427033
      0.425464
      0.422599
      0.418589
      0.413876
       0.40842
       0.40439
      0.399024
       0.39223
      0.385245
      0.382431
      0.378342
      0.372196
      0.366056
      0.362264
      0.360161
      0.359915
      0.359108
      0.358275
       0.35883
      0.357826
      0.356425
      0.355589
      0.355548
      0.355244
      0.356125
      0.360105
      0.365046
      0.370365
      0.376049
      0.383057
      0.389405
       0.39251
       0.39461
      0.399333
      0.403945
      0.409431
      0.413536
      0.417696
      0.420948
      0.423723
      0.426156
      0.427472
      0.428126
      0.428424
      0.428542
      0.428599
      0.428623
      0.428636
      0.428642
      0.428645
      0.428646
      0.428647
      0.403853
      0.403834
      0.403769
       0.40362
      0.403312
      0.402671
      0.401457
      0.399384
      0.395852
      0.391882
      0.386739
      0.381256
      0.375405
      0.368723
      0.363513
       0.35884
      0.355152
      0.349258
      0.342621
      0.338832
      0.333503
      0.329867
      0.329426
      0.328235
      0.328382
      0.327502
      0.326575
       0.32153
      0.321523
      0.320042
      0.321099
      0.323558
      0.327961
      0.332954
      0.339488
      0.346731
       0.35382
      0.358789
      0.362587
      0.364776
       0.37067
       0.37536
      0.382469
      0.386571
      0.391523
      0.394994
      0.397794
      0.400113
      0.402287
      0.403213
       0.40361
      0.403775
       0.40385
      0.403885
      0.403901
      0.403909
      0.403913
      0.403915
      0.403916
      0.380879
      0.380851
      0.380763
      0.380552
      0.380124
      0.379124
      0.377119
      0.374203
      0.370617
      0.366573
      0.361139
      0.354953
      0.347989
      0.341704
       0.33628
      0.331859
      0.327184
      0.321401
       0.31586
      0.310639
      0.305338
      0.301568
       0.29993
      0.298652
      0.300281
       0.30012
      0.298621
      0.295891
      0.292994
      0.292416
      0.294097
      0.297576
       0.30116
      0.305345
      0.311383
      0.318691
      0.325682
      0.331473
      0.336405
      0.340762
       0.34593
      0.350609
      0.357002
      0.362901
      0.367153
      0.370958
      0.374184
      0.376916
      0.379013
      0.380113
      0.380599
      0.380786
      0.380879
      0.380922
      0.380944
      0.380953
      0.380959
      0.380961
      0.380962
      0.359724
      0.359688
      0.359562
      0.359262
      0.358622
      0.357285
      0.354614
      0.351423
      0.346973
      0.342152
      0.337405
       0.33037
       0.32261
      0.316336
      0.310418
      0.305983
      0.300908
      0.296045
      0.290803
      0.284701
      0.279227
      0.275614
      0.274691
       0.27463
      0.275867
      0.275053
      0.273485
        0.2695
      0.267572
      0.267543
      0.270815
      0.274448
      0.277951
      0.280735
      0.286277
      0.294368
      0.300449
       0.30656
      0.313174
      0.317812
      0.324441
      0.329327
      0.333944
      0.340269
      0.344341
      0.348405
      0.352516
      0.355848
      0.357804
      0.358854
      0.359374
      0.359614
       0.35973
      0.359786
      0.359813
      0.359827
      0.359833
      0.359836
      0.359837
      0.340447
      0.340397
      0.340235
      0.339804
      0.338845
      0.336965
       0.33439
      0.330938
      0.326147
      0.321433
      0.316533
      0.309652
      0.301009
      0.292857
      0.287207
      0.281772
        0.2765
      0.271342
      0.266822
      0.262606
      0.257641
      0.254711
      0.252659
      0.251559
       0.25188
      0.251542
       0.24973
      0.246397
      0.245374
      0.246141
      0.249062
      0.251935
      0.255825
       0.25987
      0.265399
      0.272846
      0.278714
      0.284889
      0.291009
      0.296869
      0.302033
        0.3063
      0.313161
      0.319297
      0.324175
      0.328835
      0.332635
      0.335627
      0.338069
      0.339385
      0.340027
      0.340312
      0.340458
      0.340526
      0.340561
      0.340577
      0.340586
      0.340589
      0.340591
      0.323079
      0.323014
      0.322788
      0.322244
      0.321113
      0.318856
      0.316102
      0.312467
      0.307355
      0.303425
      0.298236
      0.290815
      0.282161
      0.275369
      0.267589
       0.26049
      0.254479
       0.24829
       0.24408
      0.241118
      0.237401
      0.234763
      0.233162
      0.231195
      0.230472
      0.230277
      0.229708
      0.227765
      0.226644
      0.227133
      0.230607
      0.232732
      0.236928
      0.241766
      0.246483
      0.253672
       0.25908
      0.264518
      0.270905
      0.277346
      0.282519
      0.287795
        0.2951
      0.300371
      0.305461
      0.310617
       0.31458
      0.317711
      0.320348
      0.321797
      0.322548
      0.322912
      0.323093
      0.323181
      0.323225
      0.323246
      0.323257
      0.323261
      0.323263
      0.307676
      0.307593
      0.307323
      0.306615
      0.305124
      0.302561
      0.299679
      0.295901
      0.291489
      0.286845
      0.280218
      0.273131
      0.265281
      0.257908
      0.250271
      0.242756
      0.234791
      0.226975
      0.223454
      0.221482
      0.219265
      0.217216
      0.215136
      0.212744
      0.212532
      0.211828
      0.211899
      0.211018
      0.210744
      0.211195
      0.213956
      0.216952
      0.221217
      0.225808
      0.231194
       0.23694
      0.242398
      0.248465
      0.254086
      0.260406
      0.266022
      0.271641
      0.277423
      0.282856
      0.288686
      0.294077
      0.298181
      0.301358
      0.304152
      0.306063
      0.307023
      0.307459
      0.307684
       0.30779
      0.307845
      0.307871
      0.307885
       0.30789
      0.307892
      0.294254
      0.294163
      0.293845
      0.293087
      0.291545
      0.288695
      0.285664
      0.281853
      0.276867
      0.270824
      0.263785
       0.25779
      0.249581
      0.241418
      0.234637
      0.227499
        0.2195
      0.209489
      0.206556
      0.204404
      0.202739
      0.201092
      0.200173
      0.198893
      0.198987
      0.199688
      0.198169
      0.197804
      0.198322
      0.198549
       0.20135
      0.204575
       0.20892
      0.212715
      0.218496
      0.222859
      0.227966
       0.23387
      0.239181
      0.245332
      0.251563
      0.257116
      0.262162
       0.26809
      0.274052
      0.279224
      0.283752
      0.287155
      0.290049
      0.292323
      0.293437
      0.293976
      0.294247
      0.294381
      0.294449
      0.294482
      0.294499
      0.294506
      0.294508
      0.282869
      0.282771
      0.282452
       0.28165
      0.280001
      0.277177
       0.27376
      0.269232
      0.263961
      0.258294
      0.252072
      0.245658
      0.236247
      0.227334
      0.221028
      0.214485
      0.207118
      0.199587
      0.194039
      0.190453
      0.187946
      0.188498
      0.187088
      0.185464
      0.186818
      0.187233
      0.187103
      0.187629
      0.188561
      0.190157
      0.191917
      0.194562
      0.198851
       0.20281
      0.207574
      0.211988
      0.217032
       0.22255
      0.227375
      0.232395
      0.238711
      0.244684
      0.250095
      0.256054
      0.261772
      0.267234
      0.271419
      0.275104
      0.278174
      0.280613
      0.281886
      0.282497
      0.282823
      0.282983
      0.283067
      0.283108
      0.283128
      0.283137
       0.28314
      0.273518
      0.273424
      0.273098
      0.272361
      0.270907
      0.268191
      0.264568
      0.259615
      0.253499
      0.248137
      0.242008
      0.233201
      0.224963
       0.21641
      0.210359
      0.202908
      0.197012
      0.189471
      0.183914
      0.177169
      0.174267
       0.17731
      0.177392
      0.177921
      0.178587
      0.178878
      0.178378
      0.179408
      0.180762
      0.183917
      0.185275
      0.188091
      0.192166
      0.195585
      0.199551
      0.203727
      0.208193
      0.212832
      0.217997
      0.222754
      0.228501
      0.234315
      0.239429
      0.244907
      0.250943
       0.25654
      0.260951
      0.265062
      0.268201
      0.270874
      0.272281
      0.273017
       0.27341
      0.273613
      0.273717
      0.273769
      0.273794
      0.273804
      0.273807
      0.266243
      0.266147
      0.265838
      0.265132
      0.263766
      0.261446
      0.257803
      0.253063
      0.246707
      0.240205
      0.233683
      0.225238
      0.216796
      0.208534
      0.201292
      0.193973
      0.187059
      0.180455
      0.175053
      0.169751
      0.168081
       0.16976
      0.171156
       0.17172
      0.172547
      0.173382
      0.173126
      0.173215
      0.174983
      0.177627
      0.181006
      0.184194
      0.186912
      0.189955
      0.193418
      0.197341
      0.201052
      0.205239
      0.210162
      0.214981
      0.220544
      0.225869
      0.230266
      0.235497
      0.241665
      0.248228
       0.25301
      0.257016
      0.260327
      0.263065
      0.264666
      0.265545
      0.266037
      0.266291
      0.266423
      0.266485
      0.266515
      0.266527
      0.266531
      0.261032
      0.260943
      0.260638
      0.259954
      0.258595
      0.256012
       0.25287
       0.24831
       0.24213
      0.235043
      0.229057
      0.220749
      0.212304
      0.203532
      0.196263
      0.188813
      0.181097
      0.175857
      0.171596
      0.167937
      0.166132
      0.168328
      0.168369
      0.167859
      0.168166
      0.168312
      0.170045
      0.170338
      0.171894
      0.174495
      0.178986
      0.181881
      0.183418
      0.186221
      0.189155
      0.192098
      0.195807
       0.19964
      0.204835
      0.209408
      0.214721
      0.219775
       0.22311
      0.229213
      0.234293
      0.241343
      0.246617
      0.250573
      0.253885
      0.256941
      0.258872
      0.260054
      0.260704
      0.261031
      0.261193
      0.261269
      0.261304
      0.261319
      0.261323
      0.257915
      0.257827
      0.257547
      0.256864
      0.255482
      0.253039
      0.249918
      0.245559
      0.239648
      0.232572
      0.226252
      0.218533
       0.21138
      0.204126
      0.196134
      0.187841
      0.181975
      0.177143
      0.173049
       0.16977
      0.168518
      0.168647
       0.16738
      0.166001
       0.16575
      0.166296
      0.167936
      0.169764
      0.171502
      0.174742
      0.178445
      0.180789
      0.182705
      0.184916
      0.187453
      0.190199
      0.193082
      0.196954
      0.201295
      0.206066
      0.210618
      0.215326
      0.220126
      0.225857
      0.230817
      0.236993
      0.241717
      0.245476
      0.248893
      0.252238
      0.254818
      0.256558
      0.257447
      0.257849
      0.258047
      0.258133
      0.258174
       0.25819
      0.258195
      0.256874
      0.256793
      0.256516
      0.255902
      0.254711
      0.252582
       0.24913
      0.244965
      0.239723
       0.23296
      0.227156
      0.220179
      0.213117
      0.207073
      0.199866
       0.19248
      0.187065
      0.180853
      0.177982
      0.174982
      0.172385
      0.170229
      0.168432
       0.16728
      0.166185
      0.166514
      0.168081
      0.170255
      0.172645
      0.177121
      0.180494
       0.18288
      0.184222
      0.185968
      0.188088
      0.190796
      0.192202
       0.19495
      0.199707
      0.204298
      0.208781
      0.214211
      0.219042
      0.223682
      0.228728
      0.234795
      0.239278
      0.242372
      0.246121
      0.250167
      0.252952
      0.255178
      0.256249
       0.25675
      0.256982
      0.257083
      0.257128
      0.257146
      0.257151
      0.257929
      0.257848
      0.257588
      0.256991
      0.255824
      0.253615
       0.25044
      0.246156
      0.241285
      0.235141
      0.229541
      0.223363
       0.21658
      0.210315
      0.204133
      0.198166
       0.19264
      0.187755
      0.183827
      0.180714
      0.177011
      0.174231
      0.171809
       0.17033
      0.169728
      0.170142
      0.171134
      0.174185
      0.176789
      0.180481
      0.183489
       0.18598
      0.188107
      0.189365
      0.190787
      0.192304
      0.193858
      0.196547
      0.200843
      0.205505
      0.210193
        0.2154
      0.220127
      0.225066
      0.230163
      0.235712
      0.240133
      0.243872
      0.247299
      0.250728
      0.253665
      0.255963
      0.257172
      0.257756
      0.258021
      0.258124
      0.258172
      0.258189
      0.258195
      0.261057
      0.260977
      0.260706
      0.260119
       0.25901
      0.257095
      0.253885
      0.249888
      0.245244
      0.239805
      0.233678
      0.227182
      0.220936
      0.214691
      0.209338
      0.203973
      0.198719
      0.193675
      0.189741
      0.185646
      0.181984
        0.1796
      0.176605
      0.174463
      0.174538
      0.174009
      0.174468
      0.176917
      0.180715
      0.184409
      0.187439
      0.190811
      0.193817
      0.195315
      0.195687
      0.196347
      0.197839
      0.200738
      0.204644
      0.209661
      0.213604
      0.218643
      0.223334
      0.228442
      0.233629
      0.239463
      0.243733
      0.247952
      0.251163
      0.254366
      0.256799
      0.258688
       0.26023
      0.260872
      0.261143
      0.261252
      0.261299
      0.261317
      0.261322
      0.266267
      0.266178
      0.265887
      0.265219
      0.263918
      0.262007
      0.258836
      0.254885
      0.250009
      0.244484
      0.238741
      0.232432
      0.226909
      0.221324
      0.215787
      0.210588
      0.205208
      0.200396
      0.196144
      0.191962
      0.188973
       0.18614
       0.18257
      0.179803
      0.179354
      0.179053
      0.179445
      0.180726
      0.184509
      0.188842
      0.192366
      0.195836
      0.199263
      0.202047
      0.202914
      0.203653
      0.204562
      0.206645
      0.210156
      0.214689
       0.21926
      0.224094
      0.229367
      0.234131
      0.239499
      0.244684
      0.249598
      0.253649
      0.257257
      0.260157
        0.2625
      0.264509
      0.265595
      0.266133
      0.266375
      0.266467
      0.266509
      0.266525
       0.26653
      0.273534
      0.273434
      0.273084
      0.272267
      0.270497
      0.268258
       0.26534
      0.261327
      0.256696
      0.252047
      0.246215
      0.240344
      0.235059
      0.229481
      0.223581
      0.218493
      0.212792
      0.208786
      0.204352
      0.200661
      0.197731
      0.194091
      0.190291
      0.187751
      0.186817
      0.186943
      0.187051
      0.187218
      0.190091
      0.193814
      0.197629
      0.200541
      0.204361
      0.208568
      0.210528
      0.211738
      0.213098
      0.215366
      0.218092
       0.22264
      0.227212
      0.232899
       0.23839
      0.243429
      0.248316
      0.253786
      0.258399
      0.262569
      0.265734
      0.268264
      0.270316
      0.272192
      0.273074
      0.273484
      0.273671
      0.273751
      0.273787
      0.273801
      0.273806
      0.282875
       0.28275
      0.282335
      0.281347
       0.27937
      0.276988
      0.274069
      0.270536
      0.266259
      0.261599
      0.255883
      0.250557
       0.24498
      0.239393
      0.233632
      0.228136
       0.22291
      0.218366
      0.214067
      0.210816
      0.207868
       0.20438
      0.200377
      0.197722
      0.196849
      0.197042
      0.196848
      0.197717
      0.198782
      0.201283
      0.203335
      0.205272
      0.209699
      0.214848
      0.218073
      0.220517
      0.223264
      0.226141
      0.229744
      0.233603
      0.237563
      0.242244
      0.248504
      0.253793
      0.259923
      0.265669
      0.269804
      0.273452
      0.276338
      0.278766
      0.280611
      0.281947
      0.282602
       0.28289
      0.283032
      0.283093
      0.283123
      0.283134
      0.283138
      0.294239
      0.294116
      0.293647
      0.292317
      0.290423
      0.288112
      0.285102
      0.280843
      0.277794
      0.272498
      0.267189
       0.26244
       0.25693
      0.251898
      0.245843
      0.240303
      0.235124
      0.230094
      0.225394
      0.222848
      0.219611
      0.215703
      0.212036
      0.209591
      0.208748
      0.208244
      0.207742
      0.208857
      0.208778
      0.210177
      0.211602
      0.213081
      0.216919
      0.221879
       0.22725
      0.231382
      0.235485
      0.238667
      0.243959
      0.247687
       0.25096
      0.255831
      0.262278
       0.26765
      0.273758
      0.279243
      0.282999
      0.286056
      0.288899
       0.29137
      0.292817
      0.293664
      0.294106
      0.294318
      0.294422
      0.294471
      0.294494
      0.294504
      0.294506
      0.307665
      0.307549
      0.307159
      0.306208
      0.304261
      0.301802
       0.29858
      0.294714
      0.291433
      0.286689
      0.281667
      0.276783
       0.27157
      0.265932
      0.260552
      0.255006
      0.249842
       0.24563
      0.239987
      0.235819
      0.232324
      0.228722
      0.225898
      0.223572
      0.222543
      0.221729
      0.220949
      0.221967
      0.221395
      0.221564
      0.222279
      0.224158
      0.228547
      0.233997
       0.23982
      0.244568
      0.249419
      0.253889
      0.259274
      0.263847
      0.267818
       0.27203
       0.27792
      0.283969
      0.289261
      0.294599
      0.298568
      0.301369
      0.303679
      0.305282
      0.306608
       0.30728
      0.307606
      0.307751
      0.307827
      0.307863
      0.307881
      0.307888
      0.307891
      0.323066
      0.322983
      0.322685
      0.321948
      0.320231
      0.318089
      0.314942
      0.310834
      0.308767
      0.304953
       0.29901
       0.29486
      0.289142
      0.283093
      0.278068
      0.272378
      0.265945
      0.261204
      0.255899
       0.25162
      0.247904
      0.244607
      0.242149
      0.240114
      0.238162
      0.235775
      0.234532
       0.23562
      0.235054
      0.234924
      0.236369
      0.240262
      0.244357
      0.249274
      0.256221
      0.261653
      0.266266
      0.271442
      0.276922
      0.282585
      0.287099
       0.29106
      0.296145
      0.301701
      0.306087
       0.31161
       0.31597
       0.31872
      0.320527
       0.32168
      0.322423
      0.322833
      0.323049
      0.323158
      0.323213
       0.32324
      0.323254
       0.32326
      0.323262
      0.340442
      0.340381
      0.340183
      0.339639
      0.338416
      0.336429
      0.333515
      0.330346
      0.328153
       0.32498
      0.319794
      0.313935
      0.309111
      0.303171
      0.297722
      0.291551
      0.285261
      0.279873
      0.274888
      0.270505
      0.266573
      0.263337
        0.2599
      0.256831
      0.254631
      0.252806
      0.251702
      0.251368
      0.250701
      0.251031
      0.254142
      0.258475
      0.263361
      0.268149
      0.274265
      0.279933
      0.285442
      0.289999
      0.296199
      0.302505
      0.307174
      0.311679
      0.317059
      0.322263
      0.326106
      0.330458
      0.334186
      0.337021
       0.33865
      0.339507
      0.340015
      0.340287
      0.340436
      0.340513
      0.340554
      0.340573
      0.340584
      0.340588
       0.34059
      0.359725
      0.359684
      0.359539
      0.359192
      0.358468
      0.357079
      0.354495
      0.352201
      0.350039
      0.347197
      0.343023
      0.337652
      0.332593
      0.327404
      0.320463
      0.313466
      0.306884
      0.300761
      0.296709
       0.29194
       0.28798
      0.283926
      0.279924
      0.276713
      0.273401
      0.271309
      0.270642
      0.269023
         0.269
      0.270706
      0.274851
      0.280293
      0.285505
      0.289854
       0.29542
      0.300656
      0.308097
      0.312569
      0.317923
      0.323879
      0.328862
      0.333815
      0.339753
      0.343899
      0.347513
      0.351151
      0.354132
      0.356923
      0.358335
      0.359043
       0.35942
      0.359618
      0.359725
       0.35978
      0.359809
      0.359824
      0.359832
      0.359835
      0.359836
      0.380885
      0.380856
      0.380762
      0.380543
      0.380113
      0.379197
      0.377515
      0.375602
      0.373947
      0.371575
      0.367332
      0.362307
      0.356955
      0.351138
      0.345419
      0.338066
       0.33142
      0.324818
      0.321466
       0.31634
      0.312907
      0.308273
      0.303064
      0.298426
      0.295085
      0.292491
      0.290684
      0.289518
      0.290165
      0.292606
      0.296853
      0.302682
      0.308652
      0.314096
      0.319088
      0.325412
      0.331994
        0.3379
      0.343117
      0.347664
      0.353409
      0.358467
      0.363449
      0.367978
      0.371496
      0.374186
      0.376773
      0.378805
      0.379878
      0.380392
      0.380668
      0.380806
      0.380882
       0.38092
      0.380942
      0.380952
      0.380958
       0.38096
      0.380961
      0.403862
      0.403845
      0.403785
       0.40365
      0.403386
      0.402886
      0.402051
      0.400905
      0.399297
      0.396358
      0.392893
      0.388629
      0.383211
      0.377769
      0.373639
      0.366377
      0.360336
      0.353941
      0.351171
      0.345254
      0.341146
      0.335078
      0.329445
      0.324333
      0.320789
      0.317403
      0.314477
      0.313103
      0.314314
      0.315473
      0.320552
      0.327609
      0.333435
      0.337932
      0.343358
      0.350349
      0.357538
      0.365058
      0.371147
      0.375505
      0.381225
      0.386091
      0.389052
      0.393579
      0.397396
      0.399714
      0.401364
      0.402501
      0.403165
      0.403518
      0.403707
      0.403806
      0.403858
      0.403886
      0.403901
      0.403909
      0.403913
      0.403915
      0.403915
      0.428613
      0.428601
      0.428566
      0.428484
      0.428331
      0.428061
      0.427625
      0.426871
      0.425689
      0.423699
      0.420511
      0.416382
      0.411673
      0.406777
      0.402102
      0.397531
      0.391227
      0.385952
      0.379337
      0.372789
      0.368963
      0.364009
       0.35961
      0.354796
      0.351029
      0.346724
      0.343355
      0.341807
      0.341534
      0.342256
      0.347562
      0.353885
      0.359749
      0.363677
      0.369176
      0.376089
      0.384215
      0.391707
      0.399525
       0.40496
      0.410221
      0.414544
      0.417654
      0.420903
      0.424012
      0.425961
      0.427114
      0.427764
      0.428157
      0.428382
      0.428507
      0.428572
      0.428608
      0.428626
      0.428637
      0.428642
      0.428645
      0.428646
      0.428647
      0.455074
      0.455067
      0.455045
      0.454998
       0.45491
      0.454753
      0.454485
       0.45402
      0.453239
      0.451888
      0.449604
      0.445793
      0.441929
      0.437194
      0.432139
      0.429037
      0.422871
      0.418035
       0.41048
       0.40469
      0.401266
      0.398737
      0.393681
      0.386853
      0.384899
      0.377628
      0.374898
      0.372339
      0.373146
      0.375287
      0.378748
      0.385152
      0.390168
      0.394166
      0.397919
      0.404954
      0.413637
      0.423397
      0.430723
      0.435713
      0.440601
      0.444278
      0.447438
      0.449889
      0.452219
      0.453445
      0.454148
      0.454551
      0.454788
      0.454925
      0.455003
      0.455045
      0.455069
      0.455081
      0.455089
      0.455092
      0.455095
      0.455095
      0.455096
      0.483185
       0.48318
      0.483168
       0.48314
       0.48309
      0.482996
      0.482838
       0.48255
      0.482074
      0.481159
      0.479485
      0.476723
      0.473552
      0.470357
      0.466799
       0.46409
      0.459179
      0.454255
      0.447868
        0.4423
      0.437428
      0.434099
      0.429353
      0.423581
      0.418436
      0.411599
      0.408119
      0.405531
      0.406596
      0.409057
      0.412889
      0.417898
      0.422288
      0.426066
      0.431008
      0.437128
      0.444609
      0.454587
      0.462292
      0.467823
      0.472073
      0.475331
      0.478214
      0.480268
      0.481502
      0.482216
      0.482634
      0.482869
      0.483011
      0.483091
      0.483139
      0.483165
      0.483181
      0.483188
      0.483194
      0.483196
      0.483198
      0.483198
      0.483199
      0.512874
      0.512871
      0.512864
      0.512848
      0.512817
      0.512762
      0.512665
      0.512493
      0.512195
      0.511661
      0.510721
      0.509094
      0.506274
      0.504174
      0.501988
      0.500307
      0.495943
      0.491439
      0.486325
      0.480849
      0.474395
      0.471559
      0.466738
      0.460699
      0.455902
      0.449139
      0.445953
      0.443851
      0.443951
      0.447916
       0.44884
      0.451802
        0.4567
      0.458412
      0.466667
      0.469686
      0.476455
      0.487881
      0.495312
      0.500625
      0.504754
      0.508078
      0.510006
      0.511182
      0.511889
      0.512301
      0.512544
      0.512684
      0.512768
      0.512816
      0.512845
      0.512861
      0.512871
      0.512876
      0.512879
      0.512881
      0.512882
      0.512882
      0.512883
      0.544067
      0.544065
      0.544061
      0.544051
      0.544034
      0.544001
      0.543946
      0.543844
      0.543674
      0.543372
      0.542868
      0.541979
      0.540547
      0.539446
      0.537871
      0.536105
      0.532589
      0.527979
      0.523078
      0.517069
      0.512911
      0.508939
      0.504689
      0.499424
      0.494192
      0.488152
      0.486113
      0.484144
      0.485038
      0.487117
      0.487059
      0.487046
      0.492224
      0.496849
      0.502946
      0.508338
      0.514402
      0.523268
      0.530063
      0.534626
      0.538429
      0.540984
      0.542373
      0.543063
      0.543488
      0.543727
      0.543872
      0.543953
      0.544003
      0.544031
      0.544049
      0.544058
      0.544065
      0.544068
       0.54407
      0.544071
      0.544072
      0.544072
      0.544073
       0.57668
      0.576679
      0.576677
      0.576671
      0.576661
      0.576642
      0.576609
      0.576553
      0.576457
      0.576294
      0.576027
      0.575593
      0.574962
      0.574246
      0.573239
      0.571729
      0.569068
      0.564744
      0.561176
      0.557379
       0.55329
      0.549893
      0.544663
      0.538356
      0.535857
      0.529835
      0.529855
      0.526752
      0.527829
      0.528738
      0.528892
      0.529718
      0.533113
      0.536907
       0.54224
      0.546671
      0.552723
      0.560011
      0.566545
      0.570548
      0.573142
      0.574702
      0.575583
      0.576055
      0.576324
      0.576474
      0.576561
      0.576611
      0.576641
      0.576658
      0.576668
      0.576674
      0.576678
       0.57668
      0.576682
      0.576683
      0.576683
      0.576683
      0.576684
      0.610626
      0.610625
      0.610624
       0.61062
      0.610615
      0.610604
      0.610586
      0.610554
      0.610504
      0.610417
      0.610282
      0.610073
      0.609792
      0.609342
      0.608724
      0.607484
      0.605175
      0.601853
      0.599887
       0.59739
      0.594645
      0.590927
      0.586338
      0.581992
      0.577804
      0.573733
      0.571713
      0.570566
      0.571933
      0.573873
      0.572719
      0.573006
      0.575858
      0.579218
      0.583384
      0.588162
      0.592693
      0.597944
      0.603123
      0.606437
       0.60836
      0.609354
      0.609928
      0.610234
      0.610408
        0.6105
      0.610554
      0.610583
      0.610602
      0.610611
      0.610618
      0.610621
      0.610624
      0.610625
      0.610627
      0.610627
      0.610628
      0.610628
      0.610628
      0.645808
      0.645808
      0.645807
      0.645805
      0.645802
      0.645796
      0.645786
      0.645769
      0.645741
      0.645696
      0.645627
       0.64552
      0.645362
      0.645106
      0.644694
      0.643918
       0.64249
      0.639976
      0.639658
      0.638308
      0.636243
      0.633137
      0.628306
       0.62426
      0.620752
      0.617065
      0.615153
      0.615675
      0.616609
      0.618225
      0.616829
      0.619023
      0.620403
      0.620614
      0.625207
       0.62891
      0.632777
      0.637681
      0.641001
      0.643092
      0.644318
      0.644989
       0.64536
      0.645561
      0.645671
       0.64573
      0.645763
      0.645781
      0.645792
      0.645799
      0.645803
      0.645805
      0.645807
      0.645808
      0.645809
      0.645809
      0.645809
      0.645809
      0.645809
      0.682128
      0.682127
      0.682127
      0.682126
      0.682124
      0.682121
      0.682115
      0.682106
      0.682092
      0.682068
      0.682034
      0.681976
      0.681893
      0.681745
      0.681508
      0.681062
      0.680282
      0.679406
      0.678767
      0.677897
      0.676522
      0.674151
      0.670365
      0.666303
      0.663445
       0.66166
      0.660822
      0.661948
      0.662839
      0.663197
      0.662919
      0.663856
      0.664338
      0.665171
        0.6672
      0.669904
      0.673205
      0.676862
      0.679111
      0.680446
      0.681206
      0.681618
      0.681852
      0.681974
      0.682043
      0.682079
        0.6821
      0.682111
      0.682118
      0.682121
      0.682124
      0.682125
      0.682127
      0.682127
      0.682128
      0.682128
      0.682129
      0.682128
      0.682129
      0.719478
      0.719478
      0.719478
      0.719477
      0.719476
      0.719474
      0.719471
      0.719466
      0.719458
      0.719446
      0.719427
      0.719397
       0.71935
      0.719271
      0.719141
       0.71892
      0.718578
      0.718162
      0.717726
      0.717121
      0.716197
       0.71471
      0.712353
      0.708639
      0.706355
      0.705265
      0.705548
      0.707681
      0.708599
      0.708062
      0.707839
      0.708982
      0.708075
      0.708494
      0.709655
      0.711403
      0.713524
      0.715479
      0.717588
      0.718472
      0.718927
      0.719172
       0.71931
      0.719384
      0.719425
      0.719447
       0.71946
      0.719467
      0.719471
      0.719474
      0.719475
      0.719476
      0.719477
      0.719478
      0.719478
      0.719478
      0.719478
      0.719478
      0.719479
      0.757749
      0.757749
      0.757749
      0.757748
      0.757748
      0.757746
      0.757745
      0.757742
      0.757738
      0.757731
      0.757722
      0.757705
      0.757681
      0.757638
      0.757571
      0.757465
      0.757317
      0.757099
      0.756851
      0.756466
      0.755921
      0.755066
       0.75377
      0.752056
      0.749946
      0.748695
      0.749371
      0.750317
      0.751673
      0.752077
      0.751958
      0.752315
      0.751987
        0.7524
      0.752421
      0.753937
        0.7548
       0.75597
      0.756718
      0.757191
      0.757444
      0.757574
      0.757651
      0.757693
      0.757717
       0.75773
      0.757738
      0.757742
      0.757744
      0.757746
      0.757747
      0.757748
      0.757748
      0.757748
      0.757749
      0.757749
      0.757749
      0.757749
      0.757749
      0.796825
      0.796824
      0.796824
      0.796824
      0.796824
      0.796823
      0.796822
      0.796821
      0.796818
      0.796815
      0.796809
      0.796801
      0.796787
      0.796765
      0.796731
      0.796678
      0.796603
      0.796493
       0.79635
      0.796139
       0.79584
      0.795404
      0.794797
      0.794026
      0.793114
      0.791848
      0.792871
      0.793414
      0.793871
      0.794073
      0.794135
      0.794228
      0.794222
      0.794253
      0.793596
      0.794985
       0.79558
      0.796025
      0.796334
      0.796536
      0.796658
      0.796727
      0.796769
      0.796792
      0.796805
      0.796813
      0.796817
       0.79682
      0.796821
      0.796822
      0.796823
      0.796824
      0.796824
      0.796824
      0.796824
      0.796824
      0.796825
      0.796825
      0.796825
      0.836586
      0.836586
      0.836586
      0.836586
      0.836586
      0.836585
      0.836585
      0.836584
      0.836583
      0.836581
      0.836578
      0.836573
      0.836566
      0.836555
      0.836538
      0.836511
      0.836474
      0.836417
      0.836343
       0.83623
       0.83608
       0.83587
       0.83561
      0.835283
      0.834946
       0.83468
      0.834833
      0.835021
      0.835206
      0.835288
      0.835386
      0.835408
      0.835491
      0.835466
      0.835311
       0.83579
      0.836091
      0.836233
       0.83636
      0.836443
        0.8365
      0.836534
      0.836556
      0.836567
      0.836575
      0.836579
      0.836582
      0.836583
      0.836584
      0.836585
      0.836585
      0.836585
      0.836586
      0.836586
      0.836586
      0.836586
      0.836586
      0.836586
      0.836586
      0.876911
      0.876911
      0.876911
      0.876911
      0.876911
       0.87691
       0.87691
       0.87691
      0.876909
      0.876908
      0.876906
      0.876904
        0.8769
      0.876894
      0.876886
      0.876872
      0.876853
      0.876825
      0.876786
      0.876731
      0.876658
      0.876562
      0.876448
      0.876319
      0.876205
      0.876124
      0.876147
      0.876197
      0.876258
      0.876302
      0.876346
      0.876375
      0.876416
      0.876439
      0.876466
      0.876582
      0.876683
       0.87675
      0.876804
      0.876841
      0.876867
      0.876884
      0.876894
        0.8769
      0.876904
      0.876907
      0.876908
      0.876909
       0.87691
       0.87691
       0.87691
       0.87691
      0.876911
      0.876911
      0.876911
      0.876911
      0.876911
      0.876911
      0.876911
      0.917674
      0.917673
      0.917674
      0.917673
      0.917673
      0.917673
      0.917673
      0.917673
      0.917672
      0.917672
      0.917671
       0.91767
      0.917668
      0.917665
      0.917661
      0.917654
      0.917645
      0.917632
      0.917614
      0.917588
      0.917556
      0.917513
      0.917469
      0.917418
      0.917388
      0.917349
      0.917361
      0.917362
      0.917386
      0.917401
      0.917426
      0.917439
      0.917464
      0.917483
      0.917531
      0.917543
      0.917575
      0.917603
      0.917626
      0.917641
      0.917653
       0.91766
      0.917665
      0.917668
       0.91767
      0.917671
      0.917672
      0.917672
      0.917673
      0.917673
      0.917673
      0.917673
      0.917673
      0.917673
      0.917673
      0.917673
      0.917674
      0.917674
      0.917674
      0.958746
      0.958746
      0.958746
      0.958746
      0.958746
      0.958746
      0.958746
      0.958746
      0.958746
      0.958745
      0.958745
      0.958745
      0.958744
      0.958743
      0.958741
      0.958738
      0.958735
      0.958729
      0.958722
      0.958712
      0.958699
      0.958684
      0.958667
       0.95865
      0.958637
      0.958626
      0.958626
      0.958628
      0.958635
      0.958642
       0.95865
      0.958657
      0.958667
      0.958676
       0.95869
      0.958699
       0.95871
      0.958719
      0.958728
      0.958733
      0.958738
      0.958741
      0.958743
      0.958744
      0.958745
      0.958745
      0.958745
      0.958746
      0.958746
      0.958746
      0.958746
      0.958746
      0.958746
      0.958746
      0.958746
      0.958746
      0.958746
      0.958746
      0.958746
             1
             1
             1
             1
             1
             1
             1
             1
             1
             1
             1
             1
             1
             1
             1
             1
             1
             1
             1
             1
             1
             1
             1
             1
             1
             1
             1
             1
             1
             1
             1
             1
             1
             1
             1
             1
             1
             1
             1
             1
             1
             1
             1
             1
             1
             1
             1
             1
             1
             1
             1
             1
             1
             1
             1
             1
             1
             1
             1
