             1
             1
             1
             1
             1
             1
             1
             1
             1
             1
             1
             1
             1
             1
             1
             1
             1
             1
             1
             1
             1
             1
             1
             1
             1
             1
             1
             1
             1
             1
             1
             1
             1
             1
             1
             1
             1
             1
             1
             1
             1
             1
             1
             1
             1
             1
             1
             1
             1
             1
             1
             1
             1
             1
             1
             1
             1
             1
             1
      0.959021
      0.959021
      0.959021
      0.959021
      0.959021
       0.95902
      0.959019
      0.959018
      0.959015
       0.95901
      0.959002
      0.958985
      0.958957
       0.95891
      0.958845
      0.958776
       0.95874
      0.958697
      0.958653
       0.95858
      0.958496
      0.958349
      0.958139
       0.95782
      0.957473
      0.957427
      0.957428
      0.957402
      0.957404
      0.957701
      0.958176
      0.958473
      0.958611
       0.95865
      0.958672
      0.958685
      0.958727
      0.958782
      0.958847
      0.958906
      0.958949
      0.958977
      0.958995
      0.959005
      0.959012
      0.959015
      0.959018
      0.959019
       0.95902
      0.959021
      0.959021
      0.959021
      0.959021
      0.959021
      0.959022
      0.959022
      0.959022
      0.959022
      0.959022
      0.918223
      0.918222
      0.918222
      0.918222
      0.918221
       0.91822
      0.918218
      0.918214
      0.918207
      0.918195
      0.918174
      0.918129
      0.918049
      0.917911
      0.917702
      0.917464
      0.917401
      0.917297
      0.917211
      0.916986
      0.916795
      0.916384
      0.915824
      0.914911
      0.913748
      0.913893
      0.913986
      0.913871
       0.91353
      0.914142
      0.915918
      0.916829
      0.917186
      0.917221
       0.91728
      0.917288
      0.917424
      0.917575
      0.917766
      0.917927
      0.918042
      0.918112
      0.918158
      0.918182
      0.918199
      0.918208
      0.918214
      0.918217
      0.918219
      0.918221
      0.918222
      0.918222
      0.918222
      0.918223
      0.918223
      0.918223
      0.918223
      0.918223
      0.918223
      0.877731
       0.87773
       0.87773
      0.877729
      0.877728
      0.877725
      0.877721
      0.877713
      0.877699
      0.877673
      0.877625
      0.877533
      0.877359
      0.876992
      0.876364
       0.87561
      0.875428
      0.875411
      0.875141
      0.874645
      0.874098
      0.873382
       0.87237
      0.869939
      0.868135
       0.86794
      0.869065
      0.868142
      0.868856
      0.871922
      0.873837
      0.874876
      0.875206
      0.875349
      0.875342
      0.875461
      0.875691
      0.876239
      0.876741
      0.877105
       0.87735
      0.877501
      0.877593
      0.877645
      0.877679
      0.877698
      0.877711
      0.877719
      0.877724
      0.877727
      0.877729
       0.87773
       0.87773
      0.877731
      0.877731
      0.877731
      0.877731
      0.877731
      0.877731
      0.837672
      0.837672
      0.837671
       0.83767
      0.837667
      0.837663
      0.837655
       0.83764
      0.837614
      0.837561
      0.837463
      0.837279
      0.836959
      0.836115
      0.834464
      0.832019
      0.831984
      0.832419
      0.831578
      0.830214
      0.829281
       0.82789
      0.826786
      0.824674
      0.822862
      0.822418
      0.821917
      0.822885
      0.824826
      0.827482
      0.830201
      0.831945
      0.832046
      0.832411
      0.832125
      0.832602
      0.832991
      0.834564
      0.835708
       0.83644
      0.836929
      0.837219
      0.837401
      0.837495
      0.837566
      0.837603
      0.837632
      0.837647
      0.837659
      0.837664
      0.837668
       0.83767
      0.837672
      0.837672
      0.837673
      0.837673
      0.837673
      0.837673
      0.837673
       0.79817
       0.79817
      0.798169
      0.798166
      0.798162
      0.798153
      0.798139
      0.798111
      0.798061
      0.797963
      0.797772
      0.797375
        0.7966
      0.795314
      0.793289
      0.789801
      0.788363
      0.787655
      0.787015
      0.785444
      0.784242
      0.782947
      0.781592
      0.778911
      0.777356
      0.777183
      0.774622
      0.777166
      0.781063
       0.78409
      0.786267
      0.787293
      0.787446
      0.787389
      0.787309
      0.787707
      0.788977
      0.792328
      0.794366
      0.795837
      0.796762
      0.797287
      0.797604
      0.797785
      0.797923
      0.798012
      0.798076
      0.798116
      0.798141
      0.798154
      0.798163
      0.798167
      0.798169
       0.79817
      0.798171
      0.798172
      0.798172
      0.798172
      0.798172
      0.759347
      0.759346
      0.759344
       0.75934
      0.759332
      0.759317
      0.759292
      0.759243
      0.759155
      0.758977
      0.758644
      0.757813
      0.755925
      0.753465
      0.750937
      0.747836
      0.745663
      0.743889
       0.74175
      0.739859
      0.739253
      0.737546
       0.73671
       0.73575
      0.733535
      0.732178
      0.731278
       0.73259
      0.737587
      0.741257
       0.74292
      0.743935
      0.743967
      0.743563
       0.74284
      0.744144
      0.746188
      0.749234
      0.752264
      0.755124
      0.756781
      0.757624
      0.758182
      0.758469
      0.758779
      0.758973
      0.759132
      0.759223
      0.759283
      0.759313
      0.759332
      0.759341
      0.759345
      0.759347
      0.759349
      0.759349
       0.75935
       0.75935
       0.75935
      0.721319
      0.721318
      0.721315
      0.721307
      0.721294
      0.721268
      0.721223
      0.721139
      0.720982
      0.720674
       0.72006
      0.718701
      0.715592
      0.712398
      0.709205
      0.706172
        0.7033
      0.699695
      0.696958
      0.694904
       0.69564
      0.694741
      0.692383
      0.690884
      0.689242
      0.686701
       0.68866
       0.69179
      0.695371
      0.697776
       0.69928
      0.699774
       0.70062
      0.698972
       0.69785
      0.700509
      0.703348
      0.706654
      0.709981
      0.714105
      0.716471
      0.717818
      0.718626
       0.71916
      0.719788
       0.72039
      0.720795
      0.721028
      0.721167
      0.721246
      0.721287
      0.721307
      0.721317
      0.721321
      0.721323
      0.721324
      0.721324
      0.721324
      0.721324
      0.684202
        0.6842
      0.684194
      0.684181
      0.684159
      0.684115
       0.68404
      0.683897
      0.683641
      0.683135
      0.682209
      0.680169
      0.676241
      0.672079
      0.667882
      0.664573
      0.660924
      0.657647
      0.653393
      0.648976
      0.650375
      0.649891
      0.648986
      0.647433
      0.644837
      0.641661
      0.643829
        0.6466
       0.65106
       0.65539
      0.656158
       0.65662
      0.656841
      0.655978
      0.655105
      0.655525
      0.660465
      0.665171
      0.668986
      0.672233
      0.675179
      0.676893
      0.678152
      0.678851
      0.680379
      0.682013
      0.682988
      0.683528
       0.68386
      0.684046
      0.684138
      0.684179
      0.684198
      0.684204
      0.684208
      0.684209
       0.68421
       0.68421
       0.68421
      0.648103
        0.6481
       0.64809
      0.648069
       0.64803
      0.647957
      0.647826
      0.647589
      0.647158
      0.646324
      0.644778
      0.642076
      0.637292
      0.632703
      0.627044
      0.622448
      0.618129
      0.613554
      0.612088
      0.607669
      0.608347
      0.609036
      0.606346
      0.605142
      0.602623
      0.600514
       0.60193
      0.604416
      0.606992
      0.611714
      0.612187
      0.613522
      0.613938
      0.612255
       0.61458
      0.617053
      0.620002
      0.624674
      0.628229
      0.631567
      0.634518
      0.636666
      0.638492
      0.640105
      0.641692
      0.643345
       0.64559
      0.646588
      0.647362
      0.647796
      0.647994
      0.648066
      0.648096
      0.648107
      0.648112
      0.648115
      0.648116
      0.648116
      0.648117
      0.613129
      0.613124
      0.613108
      0.613073
       0.61301
      0.612887
       0.61267
      0.612276
      0.611599
      0.610191
      0.607533
      0.603896
      0.599624
      0.594713
      0.588914
      0.582696
      0.576568
      0.571143
       0.56891
      0.565218
      0.565288
      0.565626
      0.564464
      0.563563
      0.559448
      0.559852
      0.562276
      0.565449
      0.567113
      0.569357
       0.56919
      0.570473
        0.5713
      0.573407
      0.574327
      0.578052
      0.580326
      0.584099
      0.586711
       0.59046
      0.594393
      0.596961
      0.599883
      0.602843
      0.604903
      0.606585
      0.608479
      0.609762
      0.611683
      0.612611
      0.612978
      0.613075
      0.613119
      0.613135
      0.613143
      0.613146
      0.613149
      0.613149
       0.61315
      0.579376
      0.579368
      0.579342
      0.579287
      0.579183
      0.578986
      0.578628
      0.577946
      0.576717
      0.574649
      0.571039
      0.567321
      0.562633
      0.557113
      0.551177
      0.544128
      0.537069
      0.532184
      0.529611
      0.525309
      0.523436
      0.521201
      0.520892
      0.519639
      0.514423
       0.51579
      0.522896
      0.524663
      0.526957
      0.526755
      0.526625
      0.526706
      0.529203
      0.533325
      0.532742
      0.536013
      0.539715
      0.541747
       0.54518
      0.550895
      0.556163
      0.559107
      0.562387
      0.566715
      0.569474
      0.571416
      0.573443
      0.576287
      0.577926
      0.578763
      0.579143
      0.579294
      0.579359
      0.579386
      0.579398
      0.579403
      0.579406
      0.579407
      0.579408
      0.546939
      0.546926
      0.546887
      0.546799
      0.546636
      0.546322
      0.545781
      0.544608
      0.542331
      0.539152
      0.535788
      0.531655
      0.525962
      0.518281
      0.511481
      0.504139
      0.498581
      0.493442
      0.490077
      0.487297
      0.483307
       0.47977
      0.478419
      0.477663
      0.476895
      0.478681
      0.482799
      0.484258
      0.487127
      0.488679
      0.489716
      0.491141
      0.492122
      0.494945
      0.496472
      0.498819
       0.50205
      0.505674
      0.507629
      0.512011
      0.517913
      0.523224
      0.526689
      0.531345
      0.534798
      0.537466
      0.540199
      0.543281
       0.54514
      0.546141
      0.546618
      0.546822
      0.546916
      0.546954
      0.546973
      0.546981
      0.546985
      0.546986
      0.546987
      0.515902
      0.515883
       0.51582
      0.515681
       0.51541
      0.514905
      0.513999
      0.512357
       0.50909
      0.505351
      0.501589
      0.497289
      0.491616
      0.483115
      0.474411
      0.468153
      0.462384
      0.456873
        0.4516
      0.447805
      0.444902
      0.440674
       0.43954
      0.440523
      0.441989
      0.444108
      0.447141
      0.448259
      0.450123
      0.452259
      0.454264
      0.454239
      0.455003
      0.456153
      0.460416
      0.462037
      0.465416
      0.469273
      0.471495
      0.475464
      0.481707
      0.487238
      0.490724
      0.496317
       0.50114
      0.504532
       0.50749
      0.510394
      0.513278
      0.514734
      0.515426
       0.51573
      0.515868
      0.515927
      0.515954
      0.515966
      0.515972
      0.515974
      0.515975
      0.486349
      0.486319
      0.486224
      0.485996
      0.485536
      0.484689
       0.48322
      0.481097
      0.477128
      0.472482
       0.46846
      0.464046
      0.458305
      0.450751
      0.440801
      0.433013
      0.427029
       0.42091
      0.416081
      0.411639
      0.408157
      0.405628
      0.405762
      0.406708
      0.407626
      0.410294
      0.412012
      0.413725
      0.414907
      0.417294
       0.41781
      0.418333
      0.418219
      0.419708
      0.421521
      0.423827
      0.429466
      0.435023
       0.43922
      0.442802
      0.448755
      0.454332
      0.457858
      0.463072
       0.46833
      0.472514
      0.475916
      0.479334
      0.482325
      0.484607
      0.485673
      0.486104
      0.486305
      0.486388
      0.486427
      0.486443
      0.486451
      0.486454
      0.486455
      0.458346
      0.458301
      0.458146
      0.457792
      0.457044
      0.455299
      0.453263
      0.450346
      0.446495
      0.441939
      0.436505
      0.431462
      0.425317
      0.417135
      0.407502
      0.400132
      0.394558
      0.387178
      0.383577
      0.377875
      0.374646
      0.373847
      0.374733
      0.373402
      0.373215
       0.37591
      0.377238
       0.37853
      0.378455
      0.379711
      0.379732
      0.378444
      0.380862
      0.384407
      0.385108
      0.389718
      0.396349
      0.403104
      0.408957
      0.411307
      0.417427
      0.419752
      0.425246
      0.430284
      0.437521
      0.440998
      0.445644
      0.449806
      0.452911
      0.455968
      0.457381
      0.458008
      0.458289
       0.45841
      0.458464
      0.458488
      0.458498
      0.458503
      0.458504
      0.431966
      0.431895
      0.431666
      0.431122
      0.430039
      0.428162
      0.425101
      0.421531
        0.4171
      0.412162
      0.405742
      0.398603
      0.392037
      0.384511
      0.376283
      0.367828
      0.363647
      0.358166
      0.352675
       0.34713
      0.344226
      0.343117
      0.343091
       0.34219
      0.342647
      0.344305
      0.344114
      0.343211
       0.34255
       0.34242
      0.341923
       0.34234
      0.345545
      0.349752
       0.35382
      0.359594
      0.366078
      0.372228
      0.376622
      0.379234
      0.385027
      0.389617
      0.395424
      0.400822
      0.408455
      0.414136
      0.418078
      0.422375
      0.425895
      0.429076
      0.430754
       0.43154
      0.431914
      0.432071
      0.432144
      0.432172
      0.432187
      0.432192
      0.432194
      0.407252
      0.407148
      0.406789
      0.405983
      0.404401
      0.401451
      0.398234
      0.394166
      0.388686
      0.383325
      0.377046
      0.369071
      0.361531
       0.35459
       0.34857
      0.342304
       0.33704
      0.330903
       0.32497
      0.320934
      0.316151
      0.313686
      0.313512
      0.312493
      0.313393
      0.312931
      0.313385
      0.309096
      0.309045
      0.307138
      0.307992
      0.310089
      0.314105
      0.318689
       0.32474
      0.331692
      0.337848
      0.342143
       0.34737
      0.349563
      0.357149
      0.362619
      0.369804
      0.374957
      0.382937
      0.387834
      0.391703
      0.396593
      0.400197
      0.403698
      0.405709
      0.406741
      0.407226
      0.407431
      0.407522
      0.407561
      0.407578
      0.407586
      0.407588
      0.384272
      0.384111
      0.383582
       0.38238
      0.380133
      0.377022
      0.373188
      0.368169
      0.362321
      0.357042
      0.350769
      0.343525
      0.335078
      0.327894
      0.321758
      0.315587
      0.310621
       0.30501
      0.299319
      0.294291
      0.289537
      0.286309
      0.284478
      0.283242
      0.285814
      0.286214
      0.285988
       0.28394
      0.280986
      0.279669
      0.280953
      0.284014
      0.287735
      0.291792
      0.297789
      0.304882
      0.311231
      0.316387
      0.321367
      0.325619
      0.332582
      0.338461
      0.345521
      0.351903
      0.358374
      0.363906
       0.36823
      0.372453
      0.376339
      0.379605
      0.382299
      0.383702
       0.38433
      0.384561
      0.384669
      0.384714
      0.384736
      0.384744
      0.384747
      0.363042
        0.3628
      0.361975
      0.360131
      0.357717
      0.354743
      0.350541
      0.344161
      0.337746
      0.332303
      0.326942
      0.318618
      0.310666
      0.303583
      0.297446
      0.292095
      0.286127
      0.280491
      0.274998
      0.270027
      0.264949
      0.261282
      0.259782
      0.260777
      0.262877
       0.26278
      0.261904
      0.258337
       0.25641
      0.255922
      0.258318
      0.262028
      0.265402
      0.268026
      0.273534
      0.281616
      0.287528
       0.29329
      0.299455
      0.304115
      0.312025
      0.317302
      0.323845
      0.331198
      0.335997
      0.341324
      0.346493
      0.351228
      0.354722
      0.358342
      0.361228
      0.362596
      0.363228
      0.363501
      0.363626
      0.363682
      0.363709
       0.36372
      0.363723
      0.343669
      0.343277
      0.341972
      0.340149
      0.337671
      0.334497
       0.33005
      0.324164
      0.317665
      0.311913
      0.305855
      0.297665
      0.288962
      0.280532
      0.274909
      0.269077
      0.262879
      0.256611
      0.252419
      0.248958
      0.244331
      0.241428
      0.239203
      0.238657
       0.24002
      0.240429
      0.239003
      0.235698
      0.234942
      0.235538
      0.237895
      0.240559
      0.244149
      0.248012
      0.253541
      0.260986
      0.266575
      0.272287
      0.278488
      0.284477
      0.290116
      0.295465
      0.303425
      0.310676
      0.316284
      0.321634
      0.326666
      0.330825
      0.335415
      0.339297
      0.341963
      0.343362
      0.344026
      0.344308
       0.34445
      0.344515
      0.344548
      0.344561
      0.344566
      0.326175
      0.325684
      0.323902
      0.322068
      0.319611
      0.316321
      0.311917
      0.305705
      0.299628
      0.294185
      0.287781
      0.278627
      0.270366
      0.263044
      0.255642
      0.248427
      0.241952
      0.235305
      0.230974
      0.228152
      0.224676
      0.221975
      0.220926
       0.21967
      0.219801
      0.220148
      0.219854
      0.218065
      0.217101
      0.217443
      0.220432
      0.222138
      0.225985
      0.230358
      0.235394
      0.242613
      0.247746
      0.253313
      0.259563
      0.265805
      0.270772
      0.276922
      0.285315
       0.29206
      0.297941
      0.302794
      0.309309
      0.313766
      0.318333
      0.322367
      0.324729
       0.32601
      0.326676
      0.327003
       0.32717
      0.327251
      0.327292
      0.327309
      0.327315
      0.310834
      0.310318
      0.308627
      0.306541
      0.303693
      0.299995
      0.295351
       0.28983
      0.283596
      0.277246
      0.269551
      0.261832
      0.253532
      0.245875
      0.238284
      0.230782
      0.222566
      0.214438
      0.210611
      0.208901
      0.206914
      0.205101
      0.203907
      0.202383
      0.202793
      0.202467
      0.202557
      0.201689
      0.201798
      0.202234
      0.204599
       0.20702
      0.210877
      0.215054
      0.220701
      0.226602
      0.232033
      0.238027
      0.243221
      0.249034
      0.255072
      0.261655
      0.268194
      0.274389
      0.281119
      0.287116
       0.29312
      0.298206
       0.30276
      0.306748
      0.309171
        0.3105
      0.311243
      0.311617
      0.311825
      0.311928
       0.31198
      0.312002
      0.312009
      0.297487
      0.297025
      0.295362
      0.293638
       0.29004
       0.28515
      0.280921
      0.275497
      0.268611
       0.26089
      0.252701
      0.246255
      0.237493
       0.22862
      0.222215
      0.215248
      0.207118
      0.196629
      0.193367
       0.19215
      0.190927
      0.190019
      0.189849
      0.189248
      0.189914
      0.190913
      0.189365
      0.189461
      0.190151
      0.190312
      0.192775
      0.195584
      0.199525
       0.20311
      0.208793
      0.213148
      0.218252
      0.224061
      0.228939
      0.234553
      0.241385
      0.247638
      0.253494
      0.260225
      0.267009
      0.272283
      0.278935
      0.283469
      0.288381
      0.292616
       0.29524
      0.296777
      0.297616
      0.298131
       0.29842
       0.29857
      0.298641
      0.298671
       0.29868
       0.28626
      0.285844
      0.284473
      0.282158
      0.278783
      0.274225
      0.269104
      0.262408
       0.25554
      0.248104
       0.24065
      0.233176
      0.223087
       0.21355
      0.207637
      0.201692
      0.194585
      0.187122
      0.181492
      0.178621
        0.1766
      0.177896
       0.17723
      0.176138
      0.178253
      0.179169
      0.179224
       0.18001
      0.181029
       0.18254
      0.184093
      0.186453
      0.190371
       0.19402
      0.198507
       0.20265
       0.20762
      0.213323
      0.218013
      0.222872
       0.22899
      0.235157
      0.241474
      0.248035
        0.2548
        0.2609
      0.266279
      0.270767
       0.27585
      0.279871
      0.282845
      0.284756
      0.285695
      0.286509
      0.286966
      0.287204
      0.287308
      0.287344
      0.287356
      0.277007
      0.276681
      0.275582
      0.273251
      0.270057
      0.265937
      0.260649
      0.253137
      0.245629
      0.238122
      0.230578
      0.220368
      0.211496
      0.202789
      0.196406
      0.189399
      0.184262
      0.177181
      0.171674
      0.165599
      0.163096
      0.166913
       0.16796
      0.169233
       0.17057
      0.171353
      0.171134
      0.172127
       0.17375
      0.176662
      0.178065
      0.180631
      0.184406
      0.187532
      0.191176
       0.19483
      0.199002
       0.20419
      0.209396
      0.213958
      0.219135
      0.225209
      0.231338
      0.237582
      0.244468
      0.250757
      0.256096
      0.260914
       0.26586
      0.269654
      0.272433
      0.274284
        0.2755
      0.276617
      0.277537
      0.277863
      0.277993
      0.278043
      0.278057
      0.269836
      0.269513
      0.268448
      0.266292
      0.263258
      0.259215
      0.253887
      0.247654
      0.239177
      0.230644
      0.222262
      0.213188
         0.204
      0.195494
      0.187847
      0.180535
      0.174056
      0.168127
      0.163431
       0.15878
      0.157319
      0.159056
       0.16185
      0.163402
       0.16488
      0.166206
      0.166186
      0.166265
      0.168333
      0.171049
       0.17422
      0.176993
      0.179688
      0.182555
      0.185779
      0.189451
       0.19292
      0.197279
      0.202133
      0.206705
      0.211763
      0.217187
      0.222429
      0.228388
      0.235179
      0.242352
      0.247673
      0.252684
      0.257434
      0.261409
      0.264341
      0.266494
       0.26814
      0.269545
       0.27026
      0.270588
      0.270735
      0.270789
      0.270806
      0.264661
      0.264386
      0.263446
      0.261327
      0.258369
      0.254317
      0.248704
      0.243241
      0.234649
      0.225401
      0.217286
      0.208197
       0.20033
      0.191686
      0.183803
      0.175582
        0.1684
       0.16383
      0.160568
      0.157263
      0.156287
      0.158973
      0.159838
      0.160031
      0.160715
      0.161472
      0.163452
      0.163918
      0.165646
      0.168306
      0.172657
      0.175353
      0.176743
      0.179357
      0.182101
      0.184871
      0.188406
       0.19217
      0.197144
      0.201252
      0.206366
      0.211896
      0.215705
      0.221863
      0.227598
      0.234436
      0.240548
      0.246039
      0.250703
      0.254767
      0.258331
      0.261229
      0.262765
      0.264283
      0.265017
      0.265365
      0.265527
      0.265594
      0.265613
      0.261595
      0.261312
      0.260389
      0.258428
      0.255516
      0.251433
      0.246703
      0.240935
      0.232494
      0.222942
      0.215821
      0.208313
      0.200837
      0.193204
      0.185093
      0.176782
      0.170757
      0.166305
       0.16255
      0.159552
      0.159163
      0.159992
      0.159399
      0.158583
      0.158722
      0.159682
      0.161557
      0.163532
      0.165406
      0.168681
       0.17231
      0.174505
      0.176162
      0.178289
      0.180664
      0.183236
      0.185974
      0.189701
      0.193804
      0.198514
      0.202863
      0.207663
      0.212918
      0.218815
      0.224177
      0.230404
       0.23575
      0.240624
      0.245558
      0.250367
       0.25416
      0.257172
      0.259245
      0.260924
      0.261791
      0.262197
      0.262392
       0.26247
      0.262493
      0.260539
      0.260298
      0.259504
      0.257866
       0.25492
      0.251072
      0.246428
      0.240378
      0.233264
      0.224881
      0.218122
      0.211105
        0.2038
      0.197234
      0.190188
       0.18273
      0.177079
      0.170687
      0.168201
      0.165631
      0.163621
      0.162029
      0.160733
      0.159988
      0.159325
      0.159983
      0.161764
      0.164069
      0.166544
      0.171013
      0.174318
      0.176507
       0.17739
      0.179274
      0.181277
      0.183793
      0.185082
       0.18776
      0.192179
      0.196987
      0.201447
      0.207126
      0.212262
      0.217198
      0.222666
       0.22901
      0.233842
      0.238069
       0.24284
      0.247315
      0.252007
      0.255167
      0.257433
      0.259456
      0.260551
      0.261086
      0.261328
      0.261422
      0.261447
      0.261549
      0.261305
      0.260533
      0.258907
      0.256053
      0.252258
      0.247669
      0.241901
      0.235533
      0.228002
      0.221213
      0.214418
      0.207621
      0.201537
      0.195352
      0.189244
      0.183486
      0.178433
      0.174551
      0.171862
      0.168578
      0.166156
      0.164066
      0.162767
      0.162718
       0.16349
      0.164718
      0.167864
      0.170543
      0.174224
       0.17714
      0.179401
      0.181104
      0.182422
      0.183721
      0.185088
      0.186618
      0.189334
       0.19354
      0.198333
      0.203122
      0.208454
      0.213302
      0.218334
      0.223963
      0.229621
      0.235267
      0.240083
      0.244094
      0.247994
      0.252435
      0.255762
      0.258145
      0.259901
      0.261366
       0.26207
      0.262367
      0.262459
      0.262487
      0.264573
      0.264277
      0.263336
      0.261632
      0.258818
      0.255238
      0.250906
      0.245427
      0.239877
      0.233158
      0.225506
      0.218317
      0.212003
      0.206252
      0.200942
      0.195452
      0.190006
      0.184626
       0.18065
      0.177102
       0.17371
      0.171284
      0.168834
      0.167055
      0.167421
      0.167153
      0.167844
      0.170412
      0.174236
      0.177891
      0.180788
      0.183833
      0.186211
      0.187893
      0.188201
      0.188525
      0.190316
      0.193308
      0.197252
      0.202395
      0.206567
      0.211767
      0.216498
       0.22176
      0.227958
      0.234482
      0.239613
      0.244569
      0.248239
      0.252063
      0.256058
      0.259069
      0.261376
      0.263507
      0.264663
      0.265225
      0.265477
      0.265574
      0.265601
      0.269642
      0.269211
      0.267823
      0.265738
      0.263259
      0.259932
      0.255653
      0.250613
      0.244401
      0.237567
      0.230662
       0.22395
      0.218172
      0.212745
      0.207226
      0.201973
      0.196558
      0.191709
      0.187354
      0.183517
      0.180679
      0.177934
      0.174477
      0.172105
      0.171882
      0.171684
      0.172409
       0.17388
      0.177692
       0.18194
      0.185292
      0.188454
      0.191426
      0.194107
      0.194917
       0.19564
      0.196628
      0.198803
      0.202369
      0.207115
      0.212038
      0.217167
      0.222567
      0.227863
      0.234013
      0.239964
      0.245624
      0.250299
      0.254233
      0.257637
      0.261658
      0.264692
      0.267105
      0.269069
      0.270045
      0.270479
      0.270686
      0.270768
      0.270793
      0.276723
      0.276224
      0.274446
      0.272342
      0.269799
      0.266524
      0.261972
      0.256646
      0.250402
      0.244148
      0.237607
      0.231482
      0.226054
      0.220103
      0.214517
      0.209162
      0.203852
      0.199886
      0.195265
      0.191899
       0.18912
      0.185542
      0.181546
      0.179307
      0.178958
      0.179302
      0.179552
      0.179802
      0.182722
      0.186385
      0.190029
      0.192665
       0.19606
      0.199838
      0.201964
      0.203232
      0.204659
      0.206941
       0.20966
      0.214504
      0.219547
      0.225624
      0.231233
      0.237052
      0.242666
      0.248838
      0.254114
      0.258536
      0.262862
      0.266598
      0.270274
      0.273123
       0.27495
       0.27665
      0.277431
      0.277789
      0.277955
      0.278024
      0.278043
      0.285978
      0.285424
      0.283613
      0.281277
      0.278514
      0.275235
      0.270523
      0.265043
       0.25917
      0.252998
      0.246785
      0.241207
      0.235426
      0.229622
      0.223918
       0.21846
        0.2134
       0.20895
      0.204529
      0.201235
       0.19857
      0.195264
      0.191331
      0.189038
       0.18848
      0.188841
      0.188643
       0.18927
      0.190562
      0.193069
       0.19508
      0.196857
      0.200901
      0.205706
      0.208867
      0.211372
      0.214225
      0.217136
      0.220685
      0.224461
      0.229075
       0.23433
      0.240889
      0.246823
      0.253486
      0.259853
      0.264963
      0.269971
      0.273979
      0.277688
       0.28097
      0.283724
      0.285241
      0.286323
      0.286882
      0.287147
      0.287276
      0.287328
      0.287344
      0.297235
      0.296697
       0.29481
      0.292384
      0.289311
      0.286136
      0.281159
      0.275069
      0.270466
      0.263807
      0.257865
      0.252264
      0.246878
      0.241646
      0.235571
      0.229579
      0.224825
      0.219901
      0.215154
      0.212607
      0.209525
      0.205807
      0.202332
      0.200231
      0.199705
      0.199398
      0.198966
      0.199988
      0.199844
      0.200825
      0.202546
      0.203965
      0.207456
      0.212045
      0.217251
      0.221439
      0.225762
      0.229195
      0.234506
      0.237893
      0.241595
      0.246699
      0.253532
      0.259957
      0.266591
      0.273157
      0.277531
      0.282333
      0.286843
       0.29035
      0.293378
      0.295818
      0.297162
      0.297925
      0.298325
      0.298521
      0.298616
      0.298658
       0.29867
       0.31062
       0.31004
      0.308158
      0.305811
      0.302934
      0.299369
      0.294031
      0.288624
      0.283891
       0.27773
      0.272029
      0.266137
      0.261058
      0.255339
      0.249612
      0.243489
      0.238538
      0.234383
      0.228747
      0.224559
      0.221204
      0.217827
      0.215222
      0.213083
      0.212548
      0.212031
       0.21135
      0.212248
      0.211465
      0.211293
      0.212287
      0.214183
      0.218131
      0.223059
       0.22873
      0.233592
      0.238829
      0.243691
      0.249164
      0.253392
      0.257221
        0.2616
      0.267884
       0.27481
      0.282037
      0.288928
      0.293236
      0.297161
      0.301538
      0.304969
      0.307741
      0.309449
      0.310786
      0.311442
      0.311755
      0.311892
      0.311962
      0.311992
      0.312002
      0.326003
      0.325479
      0.323602
      0.321604
      0.318841
      0.314865
      0.309637
      0.304692
      0.301617
      0.296615
      0.289852
      0.284438
      0.278341
      0.271868
      0.266557
       0.26031
      0.254014
      0.248731
      0.243603
      0.239191
        0.2355
      0.232405
      0.230334
      0.228707
      0.227173
      0.225087
      0.223905
      0.224701
      0.224338
       0.22384
      0.225568
      0.229248
      0.232809
      0.236922
       0.24401
        0.2493
      0.254715
       0.26009
      0.266242
      0.271812
      0.275411
      0.279163
      0.285394
      0.292693
        0.2992
      0.306182
      0.310821
      0.315384
      0.318989
      0.321969
      0.324394
      0.325709
      0.326493
      0.326909
      0.327123
      0.327227
      0.327279
      0.327302
      0.327309
      0.343538
      0.343171
      0.341992
      0.340379
      0.337418
      0.333943
      0.329433
      0.324991
      0.321826
      0.316859
      0.310253
      0.302457
      0.297012
      0.290176
       0.28497
      0.278877
      0.272631
      0.266957
      0.261562
      0.256708
      0.252662
      0.249327
      0.246557
      0.244038
      0.242345
      0.240855
      0.239743
      0.239531
      0.239115
      0.239436
      0.242239
      0.246293
      0.250534
      0.255062
      0.261061
      0.266914
      0.272966
      0.278121
      0.284618
      0.290669
       0.29521
      0.300194
       0.30659
      0.313443
      0.319066
      0.325012
      0.330392
      0.334929
      0.338431
      0.340998
      0.342577
      0.343485
      0.344008
      0.344281
      0.344428
      0.344502
       0.34454
      0.344556
      0.344562
      0.362983
      0.362755
      0.362018
      0.360626
      0.357904
      0.355241
      0.352136
       0.34876
      0.345318
      0.340646
      0.333971
      0.326062
      0.320268
      0.314242
       0.30691
      0.300185
      0.293646
      0.287193
      0.282525
      0.277201
      0.273051
      0.269104
       0.26529
      0.261978
      0.259639
      0.258009
      0.257256
      0.256337
      0.256578
      0.258165
      0.261603
      0.266898
      0.271188
      0.275527
      0.281209
       0.28653
      0.294658
      0.299793
      0.305564
      0.311655
      0.316673
      0.322859
      0.329574
       0.33564
      0.340597
      0.346366
      0.351806
      0.356355
      0.359333
      0.361223
      0.362345
      0.362977
      0.363332
      0.363523
      0.363625
      0.363678
      0.363705
      0.363717
      0.363721
      0.384251
      0.384109
      0.383661
      0.382684
      0.380888
      0.378775
      0.376351
      0.373164
      0.369655
      0.364804
       0.35865
       0.35144
      0.344537
      0.337137
      0.331186
      0.324267
      0.317332
      0.310416
       0.30639
      0.300621
      0.297075
      0.292398
      0.287045
      0.282394
      0.279838
      0.277973
      0.276454
      0.275851
      0.276704
      0.279007
      0.282793
       0.28826
      0.293574
      0.298714
       0.30382
      0.310127
      0.317528
      0.323984
      0.329625
      0.334953
      0.340831
      0.346709
      0.353174
      0.359721
      0.365199
      0.370139
      0.374838
      0.378389
      0.381318
      0.382919
      0.383791
      0.384229
      0.384477
      0.384607
      0.384679
      0.384715
      0.384735
      0.384743
      0.384746
      0.407264
      0.407178
      0.406897
      0.406334
      0.405395
      0.404083
      0.402164
       0.39899
      0.395658
      0.391173
      0.385082
      0.379069
      0.371402
      0.365016
      0.358936
      0.351574
      0.344869
      0.338363
      0.335091
      0.328696
      0.324391
      0.318087
      0.312108
      0.306629
      0.304246
      0.301529
      0.298844
      0.298074
      0.299387
      0.300476
      0.305194
      0.311812
      0.317375
      0.321612
      0.327634
      0.334914
      0.342318
      0.349819
      0.355907
      0.361697
      0.367781
      0.373704
      0.378789
      0.385997
       0.39176
      0.396172
       0.40005
      0.403207
      0.405176
      0.406297
      0.406907
      0.407225
      0.407398
       0.40749
       0.40754
      0.407566
      0.407579
      0.407585
      0.407587
      0.431991
      0.431938
      0.431772
      0.431455
      0.430941
      0.430084
      0.428764
      0.426598
      0.423093
      0.418677
      0.412942
      0.406026
      0.399696
      0.394459
      0.387932
      0.381662
      0.374601
      0.368763
      0.361964
      0.354635
      0.350848
      0.345341
      0.340751
      0.336583
      0.333107
      0.329308
      0.325965
      0.324974
      0.324479
      0.325178
      0.330226
      0.336157
      0.342122
      0.346703
      0.352735
      0.359883
      0.367592
      0.375122
       0.38315
      0.389334
      0.396478
      0.402438
      0.408462
      0.414418
      0.419407
      0.423311
      0.426575
      0.428661
      0.430392
      0.431291
      0.431737
      0.431945
      0.432064
      0.432126
      0.432161
      0.432178
      0.432188
      0.432192
      0.432194
      0.458378
      0.458348
      0.458252
      0.458065
      0.457749
      0.457213
      0.456317
        0.4547
      0.451568
      0.447663
      0.442948
      0.436541
      0.429526
      0.424893
      0.418976
      0.413961
      0.406384
      0.400896
      0.392632
      0.385367
      0.382213
      0.379034
      0.372714
      0.367568
      0.365511
      0.358671
      0.355339
      0.353538
      0.353499
      0.355251
      0.359312
      0.365198
      0.370665
      0.375581
      0.380583
      0.387605
      0.395213
      0.406585
      0.414207
      0.422189
      0.428538
      0.433175
      0.440169
       0.44515
      0.448874
      0.451975
      0.454924
      0.456471
      0.457403
      0.457915
      0.458191
      0.458336
      0.458415
      0.458458
      0.458481
      0.458493
        0.4585
      0.458503
      0.458504
      0.486379
      0.486361
      0.486307
      0.486195
      0.486006
      0.485667
      0.485096
      0.483892
      0.481531
      0.478077
      0.474186
      0.469137
      0.463888
      0.460145
      0.455464
      0.451358
      0.444276
      0.437025
      0.429073
      0.421182
      0.416353
      0.412047
      0.406969
      0.402804
      0.398754
      0.392377
      0.388241
      0.385297
      0.385508
      0.387749
       0.39125
      0.396438
      0.401599
      0.407261
      0.412861
      0.418399
      0.425624
      0.436631
      0.446786
      0.456002
       0.46218
      0.467487
      0.472649
      0.477479
      0.480333
      0.482665
      0.484248
      0.485221
      0.485785
      0.486082
      0.486252
      0.486344
      0.486396
      0.486424
       0.48644
      0.486448
      0.486453
      0.486454
      0.486455
      0.515928
      0.515918
      0.515885
      0.515819
        0.5157
      0.515487
      0.515103
       0.51436
      0.512954
      0.510259
      0.507311
      0.503335
      0.498922
      0.496351
      0.492313
      0.488241
      0.483048
      0.475373
      0.469099
      0.460899
      0.453805
       0.44825
      0.443078
      0.438959
      0.436439
      0.429807
      0.425474
      0.422175
       0.42157
      0.423693
      0.425776
      0.428377
      0.434575
      0.439125
      0.448335
      0.451812
      0.458086
      0.472489
      0.480801
      0.489953
       0.49607
       0.50029
       0.50513
      0.509609
      0.512141
      0.513701
      0.514661
      0.515227
      0.515556
       0.51574
      0.515844
      0.515903
      0.515936
      0.515954
      0.515964
       0.51597
      0.515973
      0.515974
      0.515975
       0.54696
      0.546953
      0.546934
      0.546894
      0.546824
      0.546691
      0.546459
      0.546016
      0.545216
      0.543759
      0.541303
       0.53802
      0.534919
      0.532486
      0.529497
      0.525947
      0.520816
      0.515251
      0.508285
      0.500704
      0.493855
      0.487042
      0.483087
      0.479616
      0.475152
      0.468769
      0.464833
      0.461754
      0.462398
      0.464484
      0.464767
       0.46529
      0.470329
      0.476997
      0.484014
      0.491343
      0.498589
      0.510271
      0.518176
      0.524727
      0.530322
      0.534192
      0.538302
      0.541805
       0.54434
       0.54557
      0.546217
      0.546538
      0.546732
      0.546842
      0.546906
      0.546941
      0.546962
      0.546973
       0.54698
      0.546984
      0.546986
      0.546987
      0.546987
      0.579391
      0.579388
      0.579376
      0.579352
      0.579309
      0.579231
      0.579091
      0.578838
      0.578388
      0.577592
      0.576266
      0.574202
      0.570992
      0.568736
      0.566465
      0.563241
      0.558267
      0.553418
      0.548245
      0.542863
        0.5374
      0.531165
      0.526313
       0.51852
      0.517584
      0.510076
      0.507724
      0.503901
      0.505239
      0.506687
      0.507311
       0.50844
      0.510421
      0.515672
      0.522061
      0.530284
      0.538284
      0.548977
       0.55674
      0.562648
      0.566958
      0.570219
      0.572989
      0.576166
      0.577755
      0.578527
      0.578925
      0.579134
      0.579252
      0.579318
      0.579357
      0.579379
      0.579392
      0.579399
      0.579403
      0.579406
      0.579407
      0.579408
      0.579408
       0.61314
      0.613137
      0.613131
      0.613117
      0.613092
      0.613046
      0.612968
      0.612824
      0.612582
      0.612154
      0.611469
      0.610181
      0.607962
      0.605538
      0.603681
      0.601381
      0.598206
      0.594285
      0.590037
      0.585883
      0.581818
      0.577299
      0.571179
      0.564876
      0.561129
      0.556122
      0.551101
       0.54838
      0.548303
      0.550371
      0.550262
      0.551615
      0.554807
      0.559055
      0.564991
      0.573895
      0.581059
      0.589067
       0.59635
      0.601968
      0.605261
      0.607902
       0.60953
      0.611223
      0.612154
      0.612612
      0.612858
      0.612983
      0.613056
      0.613095
      0.613118
      0.613131
      0.613139
      0.613144
      0.613147
      0.613148
      0.613149
      0.613149
       0.61315
      0.648111
       0.64811
      0.648106
      0.648098
      0.648083
      0.648057
      0.648013
      0.647934
      0.647802
      0.647576
      0.647201
      0.646542
      0.645414
      0.643349
       0.64183
      0.641249
      0.639079
      0.635361
      0.632574
      0.629733
      0.626164
      0.621885
      0.616617
      0.610699
      0.606781
      0.601377
      0.595777
      0.594418
      0.592749
      0.596269
      0.594723
       0.59903
      0.601676
       0.59969
      0.608205
      0.616493
      0.623023
      0.629492
      0.636213
      0.640606
      0.643304
      0.645066
      0.646191
       0.64702
       0.64752
       0.64779
      0.647937
      0.648015
      0.648058
      0.648083
      0.648097
      0.648105
       0.64811
      0.648113
      0.648115
      0.648116
      0.648116
      0.648117
      0.648117
      0.684207
      0.684206
      0.684204
      0.684199
      0.684191
      0.684177
      0.684153
       0.68411
      0.684042
      0.683924
      0.683738
      0.683414
      0.682883
      0.682079
      0.681026
      0.680399
      0.679046
      0.677209
       0.67519
      0.673354
      0.670098
       0.66583
      0.660246
      0.654345
      0.650466
      0.647644
      0.644537
      0.643779
      0.643562
      0.645284
      0.645061
      0.646109
        0.6478
      0.648566
      0.653095
       0.65909
      0.664431
      0.669874
      0.675254
      0.679013
      0.681189
      0.682378
      0.683146
      0.683583
      0.683857
      0.684013
      0.684102
      0.684148
      0.684175
      0.684189
      0.684198
      0.684203
      0.684206
      0.684208
      0.684209
       0.68421
       0.68421
       0.68421
      0.684211
      0.721323
      0.721322
      0.721321
      0.721318
      0.721314
      0.721306
      0.721292
       0.72127
      0.721234
      0.721174
      0.721079
      0.720925
      0.720684
      0.720318
      0.719833
      0.719299
      0.718522
      0.717532
      0.716397
      0.715001
      0.712832
      0.709437
      0.703758
      0.698691
      0.693769
      0.691571
      0.692116
      0.692839
      0.693859
         0.695
      0.695286
      0.695693
      0.695836
      0.695472
      0.698556
      0.701276
      0.705605
      0.709721
      0.714771
      0.717687
      0.719304
      0.720171
      0.720669
      0.720949
      0.721112
      0.721205
      0.721257
      0.721286
      0.721302
      0.721311
      0.721317
       0.72132
      0.721322
      0.721323
      0.721324
      0.721324
      0.721324
      0.721324
      0.721325
      0.759349
      0.759349
      0.759348
      0.759346
      0.759344
      0.759339
      0.759333
      0.759321
      0.759302
      0.759272
      0.759225
      0.759148
      0.759039
       0.75886
      0.758644
      0.758294
      0.757869
      0.757315
       0.75668
      0.755706
      0.754295
      0.751756
      0.747502
      0.742654
      0.738649
      0.736508
      0.737696
      0.739561
      0.742044
      0.743669
      0.743256
      0.742922
      0.742182
      0.742125
      0.743309
      0.745432
      0.747785
      0.750635
      0.754462
      0.756848
      0.758067
      0.758633
      0.758955
      0.759124
      0.759224
      0.759278
      0.759309
      0.759326
      0.759336
      0.759341
      0.759345
      0.759347
      0.759348
      0.759349
      0.759349
       0.75935
       0.75935
       0.75935
       0.75935
      0.798171
      0.798171
      0.798171
       0.79817
      0.798169
      0.798166
      0.798162
      0.798156
      0.798146
      0.798131
      0.798106
      0.798068
      0.798009
       0.79792
      0.797797
      0.797617
      0.797382
      0.797073
      0.796674
      0.796079
      0.795158
      0.793574
      0.790916
      0.786678
      0.784167
      0.782729
      0.783368
      0.785416
       0.78815
      0.789168
      0.788296
      0.787836
      0.787082
      0.786888
      0.787589
      0.790144
      0.790658
      0.793345
      0.795364
      0.796663
      0.797375
      0.797735
      0.797931
      0.798036
      0.798096
      0.798128
      0.798147
      0.798157
      0.798163
      0.798167
      0.798169
       0.79817
      0.798171
      0.798171
      0.798172
      0.798172
      0.798172
      0.798172
      0.798172
      0.837673
      0.837673
      0.837672
      0.837672
      0.837671
       0.83767
      0.837668
      0.837664
       0.83766
      0.837651
      0.837639
      0.837619
      0.837589
      0.837543
      0.837479
      0.837384
      0.837262
      0.837086
      0.836859
      0.836507
      0.835989
      0.835002
      0.833123
      0.830432
      0.828938
      0.827748
      0.828623
      0.829868
       0.83191
      0.832771
      0.832332
      0.831523
      0.831308
      0.831143
      0.832046
      0.833456
      0.833703
      0.834197
      0.835827
      0.836794
      0.837233
      0.837423
      0.837534
      0.837594
      0.837628
      0.837647
      0.837658
      0.837664
      0.837668
       0.83767
      0.837671
      0.837672
      0.837672
      0.837672
      0.837673
      0.837673
      0.837673
      0.837673
      0.837673
      0.877731
      0.877731
      0.877731
      0.877731
       0.87773
      0.877729
      0.877728
      0.877727
      0.877724
       0.87772
      0.877713
      0.877703
      0.877687
      0.877664
       0.87763
      0.877581
      0.877515
      0.877422
      0.877294
      0.877102
      0.876811
      0.876313
      0.875411
      0.873524
      0.873697
      0.873365
       0.87366
      0.874254
      0.874928
      0.875289
      0.875322
      0.875192
      0.875121
      0.875111
      0.875356
      0.875804
      0.876115
      0.876463
      0.876952
      0.877296
      0.877491
      0.877594
      0.877653
      0.877686
      0.877706
      0.877716
      0.877722
      0.877726
      0.877728
      0.877729
       0.87773
       0.87773
      0.877731
      0.877731
      0.877731
      0.877731
      0.877731
      0.877731
      0.877731
      0.918223
      0.918223
      0.918223
      0.918222
      0.918222
      0.918222
      0.918221
       0.91822
      0.918219
      0.918217
      0.918214
      0.918209
      0.918201
      0.918189
      0.918173
      0.918149
      0.918117
      0.918069
      0.918005
      0.917907
      0.917768
      0.917535
      0.917143
      0.916705
      0.916523
       0.91641
      0.916552
      0.916713
      0.916949
      0.917092
      0.917189
      0.917162
      0.917217
       0.91718
      0.917309
      0.917425
      0.917614
      0.917737
      0.917911
      0.918026
      0.918104
      0.918154
      0.918183
      0.918199
      0.918209
      0.918215
      0.918218
       0.91822
      0.918221
      0.918222
      0.918222
      0.918222
      0.918223
      0.918223
      0.918223
      0.918223
      0.918223
      0.918223
      0.918223
      0.959022
      0.959022
      0.959022
      0.959021
      0.959021
      0.959021
      0.959021
      0.959021
       0.95902
      0.959019
      0.959018
      0.959016
      0.959013
      0.959008
      0.959001
      0.958991
      0.958977
      0.958958
      0.958931
      0.958892
      0.958835
      0.958751
      0.958631
        0.9585
      0.958416
      0.958369
      0.958399
      0.958454
      0.958526
      0.958579
      0.958614
      0.958623
      0.958639
      0.958645
      0.958684
      0.958731
      0.958795
      0.958848
      0.958904
      0.958946
      0.958975
      0.958993
      0.959005
      0.959012
      0.959016
      0.959018
      0.959019
       0.95902
      0.959021
      0.959021
      0.959021
      0.959021
      0.959021
      0.959021
      0.959022
      0.959022
      0.959022
      0.959022
      0.959022
             1
             1
             1
             1
             1
             1
             1
             1
             1
             1
             1
             1
             1
             1
             1
             1
             1
             1
             1
             1
             1
             1
             1
             1
             1
             1
             1
             1
             1
             1
             1
             1
             1
             1
             1
             1
             1
             1
             1
             1
             1
             1
             1
             1
             1
             1
             1
             1
             1
             1
             1
             1
             1
             1
             1
             1
             1
             1
             1
