0.5
0.5
0.5
0.5
0.5
0.5
0.5
0.5
0.5
0.5
0.5
0.5
0.5
0.5
0.5
0.5
0.5
0.5
0.5
0.5
0.5
0.5
0.5
0.5
0.5
0.5
0.5
0.5
0.5
0.5
0.5
0.5
0.5
0.5
0.5
0.5
0.5
0.5
0.5
0.5
0.5
0.5
0.5
0.5
0.5
0.5
0.5
0.5
0.5
0.5
0.5
0.5
0.5
0.5
0.5
0.5
0.5
0.5
0.5
0.5
0.5
0.5
0.5
0.5
0.5
0.5
0.5
0.5
0.5
0.5
0.5
0.5
0.5
0.5
0.5
0.5
0.5
0.5
0.5
0.5
0.5
0.5
0.5
0.5
0.5
0.5
0.5
0.5
0.5
0.5
0.5
0.5
0.5
0.5
0.5
0.5
0.5
0.5
0.5
0.5
0.5
0.5
0.5
0.5
0.5
0.5
0.5
0.5
0.5
0.5
0.5
0.5
0.5
0.5
0.5
0.5
0.5
0.5
0.5
0.5
0.5
0.5
0.5
0.5
0.5
0.5
0.5
0.5
0.5
0.5
0.5
0.5
0.5
0.5
0.5
0.499999
0.499999
0.499999
0.499999
0.499999
0.499999
0.499999
0.499999
0.499999
0.5
0.5
0.5
0.5
0.5
0.5
0.5
0.5
0.5
0.5
0.5
0.5
0.5
0.5
0.5
0.5
0.5
0.5
0.5
0.5
0.5
0.5
0.5
0.5
0.5
0.5
0.5
0.5
0.5
0.5
0.5
0.5
0.5
0.5
0.5
0.5
0.5
0.5
0.5
0.5
0.5
0.5
0.5
0.5
0.5
0.5
0.499999
0.499999
0.499999
0.499999
0.499998
0.499998
0.499998
0.499998
0.499997
0.499998
0.499998
0.499998
0.499998
0.499999
0.499999
0.499999
0.499999
0.5
0.5
0.5
0.5
0.5
0.5
0.5
0.5
0.5
0.5
0.5
0.5
0.5
0.5
0.5
0.5
0.5
0.5
0.5
0.5
0.5
0.5
0.5
0.5
0.5
0.5
0.5
0.5
0.5
0.5
0.5
0.5
0.5
0.5
0.5
0.5
0.5
0.5
0.5
0.5
0.499999
0.499999
0.499999
0.499998
0.499997
0.499997
0.499996
0.499995
0.499994
0.499993
0.499993
0.499993
0.499994
0.499995
0.499995
0.499996
0.499997
0.499998
0.499999
0.499999
0.499999
0.5
0.5
0.5
0.5
0.5
0.5
0.5
0.5
0.5
0.5
0.5
0.5
0.5
0.5
0.5
0.5
0.5
0.5
0.5
0.5
0.5
0.5
0.5
0.5
0.5
0.5
0.5
0.5
0.5
0.5
0.5
0.5
0.5
0.5
0.5
0.5
0.5
0.499999
0.499999
0.499998
0.499997
0.499995
0.499994
0.499991
0.499989
0.499987
0.499985
0.499984
0.499983
0.499983
0.499984
0.499986
0.499988
0.499991
0.499993
0.499995
0.499996
0.499998
0.499998
0.499999
0.499999
0.5
0.5
0.5
0.5
0.5
0.5
0.5
0.5
0.5
0.5
0.5
0.5
0.5
0.5
0.5
0.5
0.5
0.5
0.5
0.5
0.5
0.5
0.5
0.5
0.5
0.5
0.5
0.5
0.5
0.5
0.5
0.5
0.5
0.5
0.499999
0.499998
0.499997
0.499995
0.499993
0.499989
0.499985
0.49998
0.499974
0.499969
0.499964
0.499961
0.499959
0.49996
0.499962
0.499966
0.499971
0.499977
0.499982
0.499987
0.499991
0.499994
0.499996
0.499998
0.499999
0.499999
0.5
0.5
0.5
0.5
0.5
0.5
0.5
0.5
0.5
0.5
0.5
0.5
0.5
0.5
0.5
0.5
0.5
0.5
0.5
0.5
0.5
0.5
0.5
0.5
0.5
0.5
0.5
0.5
0.5
0.5
0.5
0.5
0.499999
0.499998
0.499997
0.499994
0.49999
0.499984
0.499977
0.499967
0.499955
0.499943
0.499931
0.49992
0.499911
0.499907
0.499908
0.499913
0.499922
0.499933
0.499945
0.499958
0.499969
0.499978
0.499986
0.499991
0.499995
0.499997
0.499998
0.499999
0.5
0.5
0.5
0.5
0.5
0.5
0.5
0.5
0.5
0.5
0.5
0.5
0.5
0.5
0.5
0.5
0.5
0.5
0.5
0.5
0.5
0.5
0.5
0.5
0.5
0.5
0.5
0.5
0.5
0.5
0.499999
0.499998
0.499996
0.499993
0.499988
0.499979
0.499967
0.499951
0.499931
0.499906
0.499879
0.499852
0.499828
0.499809
0.499799
0.499799
0.499809
0.499828
0.499852
0.499879
0.499906
0.499931
0.499951
0.499967
0.499979
0.499988
0.499993
0.499996
0.499998
0.499999
0.5
0.5
0.5
0.5
0.5
0.5
0.5
0.5
0.5
0.5
0.5
0.5
0.5
0.5
0.5
0.5
0.5
0.5
0.5
0.5
0.5
0.5
0.5
0.5
0.5
0.5
0.5
0.5
0.499999
0.499998
0.499996
0.499992
0.499986
0.499976
0.499959
0.499936
0.499903
0.499861
0.499811
0.499756
0.499699
0.499649
0.499609
0.499587
0.499585
0.499603
0.49964
0.499689
0.499744
0.4998
0.499852
0.499895
0.49993
0.499955
0.499973
0.499984
0.499991
0.499996
0.499998
0.499999
0.5
0.5
0.5
0.5
0.5
0.5
0.5
0.5
0.5
0.5
0.5
0.5
0.5
0.5
0.5
0.5
0.5
0.5
0.5
0.5
0.5
0.5
0.5
0.5
0.5
0.5
0.499999
0.499998
0.499997
0.499993
0.499986
0.499974
0.499955
0.499924
0.499879
0.499817
0.499736
0.49964
0.499531
0.499421
0.499319
0.499239
0.499191
0.499183
0.499215
0.499284
0.499378
0.499487
0.499597
0.499699
0.499787
0.499856
0.499908
0.499944
0.499967
0.499982
0.499991
0.499995
0.499998
0.499999
0.5
0.5
0.5
0.5
0.5
0.5
0.5
0.5
0.5
0.5
0.5
0.5
0.5
0.5
0.5
0.5
0.5
0.5
0.5
0.5
0.5
0.5
0.5
0.5
0.499999
0.499999
0.499997
0.499994
0.499988
0.499976
0.499955
0.49992
0.499865
0.499784
0.499671
0.499524
0.499346
0.499145
0.498938
0.498745
0.49859
0.498495
0.498472
0.498525
0.498646
0.498819
0.49902
0.499227
0.499421
0.499587
0.49972
0.49982
0.499889
0.499936
0.499964
0.499981
0.499991
0.499996
0.499998
0.499999
0.5
0.5
0.5
0.5
0.5
0.5
0.5
0.5
0.5
0.5
0.5
0.5
0.5
0.5
0.5
0.5
0.5
0.5
0.5
0.5
0.5
0.5
0.5
0.499999
0.499998
0.499995
0.49999
0.499979
0.499959
0.499924
0.499865
0.499771
0.499632
0.499438
0.499183
0.498871
0.498517
0.498149
0.497802
0.497518
0.497337
0.497282
0.497363
0.497568
0.497867
0.498222
0.49859
0.498938
0.499239
0.499481
0.499664
0.499793
0.499879
0.499933
0.499964
0.499982
0.499991
0.499996
0.499998
0.499999
0.5
0.5
0.5
0.5
0.5
0.5
0.5
0.5
0.5
0.5
0.5
0.5
0.5
0.5
0.5
0.5
0.5
0.5
0.5
0.5
0.5
0.499999
0.499999
0.499997
0.499993
0.499984
0.499967
0.499936
0.499879
0.499784
0.499632
0.499406
0.499087
0.498667
0.498149
0.497556
0.496932
0.496339
0.495846
0.495519
0.495404
0.495519
0.495846
0.496339
0.496932
0.497556
0.498149
0.498667
0.499087
0.499406
0.499632
0.499784
0.499879
0.499936
0.499967
0.499984
0.499993
0.499997
0.499999
0.499999
0.5
0.5
0.5
0.5
0.5
0.5
0.5
0.5
0.5
0.5
0.5
0.5
0.5
0.5
0.5
0.5
0.5
0.5
0.5
0.5
0.499999
0.499998
0.499995
0.499989
0.499977
0.499951
0.499903
0.499817
0.499671
0.499438
0.499087
0.49859
0.497931
0.497112
0.496168
0.495166
0.494203
0.493389
0.492833
0.492612
0.49276
0.493254
0.494024
0.494967
0.49597
0.496932
0.497779
0.498472
0.499
0.499378
0.499632
0.499793
0.499889
0.499944
0.499973
0.499988
0.499995
0.499998
0.499999
0.5
0.5
0.5
0.5
0.5
0.5
0.5
0.5
0.5
0.5
0.5
0.5
0.5
0.5
0.5
0.5
0.5
0.5
0.5
0.5
0.499999
0.499997
0.499994
0.499985
0.499967
0.499931
0.499861
0.499736
0.499524
0.499183
0.498667
0.497931
0.496947
0.495718
0.49429
0.49276
0.491272
0.489997
0.4891
0.488708
0.488878
0.489585
0.490727
0.492151
0.493683
0.495166
0.496484
0.497568
0.498401
0.499
0.499406
0.499664
0.49982
0.499908
0.499955
0.499979
0.499991
0.499996
0.499998
0.499999
0.5
0.5
0.5
0.5
0.5
0.5
0.5
0.5
0.5
0.5
0.5
0.5
0.5
0.5
0.5
0.5
0.5
0.5
0.5
0.499999
0.499997
0.499991
0.49998
0.499955
0.499906
0.499811
0.49964
0.499346
0.498871
0.498149
0.497112
0.495718
0.493964
0.491909
0.48969
0.487508
0.485611
0.484241
0.483591
0.483756
0.484711
0.486319
0.488361
0.490585
0.49276
0.494706
0.49632
0.497568
0.498472
0.499087
0.499481
0.49972
0.499856
0.49993
0.499967
0.499986
0.499994
0.499998
0.499999
0.5
0.5
0.5
0.5
0.5
0.5
0.5
0.5
0.5
0.5
0.5
0.5
0.5
0.5
0.5
0.5
0.5
0.5
0.499999
0.499998
0.499996
0.499989
0.499974
0.499943
0.499879
0.499756
0.499531
0.499145
0.498517
0.497556
0.496168
0.49429
0.491909
0.4891
0.48604
0.483001
0.48032
0.478337
0.47733
0.477444
0.478663
0.48081
0.483591
0.48666
0.48969
0.492423
0.494706
0.496484
0.497779
0.498667
0.499239
0.499587
0.499787
0.499895
0.499951
0.499978
0.499991
0.499996
0.499999
0.499999
0.5
0.5
0.5
0.5
0.5
0.5
0.5
0.5
0.5
0.5
0.5
0.5
0.5
0.5
0.5
0.5
0.5
0.499999
0.499998
0.499995
0.499987
0.499969
0.499931
0.499852
0.499699
0.499421
0.498938
0.498149
0.496932
0.495166
0.49276
0.48969
0.48604
0.48203
0.478007
0.474409
0.471689
0.470222
0.470222
0.471689
0.474409
0.478007
0.48203
0.48604
0.48969
0.49276
0.495166
0.496932
0.498149
0.498938
0.499421
0.499699
0.499852
0.499931
0.499969
0.499987
0.499995
0.499998
0.499999
0.5
0.5
0.5
0.5
0.5
0.5
0.5
0.5
0.5
0.5
0.5
0.5
0.5
0.5
0.5
0.5
0.5
0.499999
0.499998
0.499994
0.499985
0.499964
0.49992
0.499828
0.499649
0.499319
0.498745
0.497802
0.496339
0.494203
0.491272
0.487508
0.483001
0.478007
0.472947
0.468362
0.464822
0.462812
0.462624
0.464284
0.467552
0.471973
0.476984
0.48203
0.48666
0.490585
0.493683
0.49597
0.497556
0.49859
0.499227
0.499597
0.4998
0.499906
0.499958
0.499982
0.499993
0.499997
0.499999
0.5
0.5
0.5
0.5
0.5
0.5
0.5
0.5
0.5
0.5
0.5
0.5
0.5
0.5
0.5
0.5
0.5
0.499999
0.499998
0.499993
0.499984
0.499961
0.499911
0.499809
0.499609
0.499239
0.49859
0.497518
0.495846
0.493389
0.489997
0.485611
0.48032
0.474409
0.468362
0.462812
0.458442
0.455845
0.455397
0.457163
0.460885
0.466043
0.471973
0.478007
0.483591
0.488361
0.492151
0.494967
0.496932
0.498222
0.49902
0.499487
0.499744
0.499879
0.499945
0.499977
0.499991
0.499996
0.499999
0.5
0.5
0.5
0.5
0.5
0.5
0.5
0.5
0.5
0.5
0.5
0.5
0.5
0.5
0.5
0.5
0.5
0.499999
0.499997
0.499993
0.499983
0.499959
0.499907
0.499799
0.499587
0.499191
0.498495
0.497337
0.495519
0.492833
0.4891
0.484241
0.478337
0.471689
0.464822
0.458442
0.453322
0.450155
0.449394
0.451152
0.455171
0.460885
0.467552
0.474409
0.48081
0.486319
0.490727
0.494024
0.496339
0.497867
0.498819
0.499378
0.499689
0.499852
0.499933
0.499971
0.499988
0.499995
0.499998
0.499999
0.5
0.5
0.5
0.5
0.5
0.5
0.5
0.5
0.5
0.5
0.5
0.5
0.5
0.5
0.5
0.5
0.499999
0.499998
0.499993
0.499983
0.49996
0.499908
0.499799
0.499585
0.499183
0.498472
0.497282
0.495404
0.492612
0.488708
0.483591
0.47733
0.470222
0.462812
0.455845
0.450155
0.446503
0.445411
0.447041
0.451152
0.457163
0.464284
0.471689
0.478663
0.484711
0.489585
0.493254
0.495846
0.497568
0.498646
0.499284
0.49964
0.499828
0.499922
0.499966
0.499986
0.499995
0.499998
0.499999
0.5
0.5
0.5
0.5
0.5
0.5
0.5
0.5
0.5
0.5
0.5
0.5
0.5
0.5
0.5
0.5
0.499999
0.499998
0.499994
0.499984
0.499962
0.499913
0.499809
0.499603
0.499215
0.498525
0.497363
0.495519
0.49276
0.488878
0.483756
0.477444
0.470222
0.462624
0.455397
0.449394
0.445411
0.444015
0.445411
0.449394
0.455397
0.462624
0.470222
0.477444
0.483756
0.488878
0.49276
0.495519
0.497363
0.498525
0.499215
0.499603
0.499809
0.499913
0.499962
0.499984
0.499994
0.499998
0.499999
0.5
0.5
0.5
0.5
0.5
0.5
0.5
0.5
0.5
0.5
0.5
0.5
0.5
0.5
0.5
0.5
0.499999
0.499998
0.499995
0.499986
0.499966
0.499922
0.499828
0.49964
0.499284
0.498646
0.497568
0.495846
0.493254
0.489585
0.484711
0.478663
0.471689
0.464284
0.457163
0.451152
0.447041
0.445411
0.446503
0.450155
0.455845
0.462812
0.470222
0.47733
0.483591
0.488708
0.492612
0.495404
0.497282
0.498472
0.499183
0.499585
0.499799
0.499908
0.49996
0.499983
0.499993
0.499998
0.499999
0.5
0.5
0.5
0.5
0.5
0.5
0.5
0.5
0.5
0.5
0.5
0.5
0.5
0.5
0.5
0.5
0.499999
0.499998
0.499995
0.499988
0.499971
0.499933
0.499852
0.499689
0.499378
0.498819
0.497867
0.496339
0.494024
0.490727
0.486319
0.48081
0.474409
0.467552
0.460885
0.455171
0.451152
0.449394
0.450155
0.453322
0.458442
0.464822
0.471689
0.478337
0.484241
0.4891
0.492833
0.495519
0.497337
0.498495
0.499191
0.499587
0.499799
0.499907
0.499959
0.499983
0.499993
0.499997
0.499999
0.5
0.5
0.5
0.5
0.5
0.5
0.5
0.5
0.5
0.5
0.5
0.5
0.5
0.5
0.5
0.5
0.5
0.499999
0.499996
0.499991
0.499977
0.499945
0.499879
0.499744
0.499487
0.49902
0.498222
0.496932
0.494967
0.492151
0.488361
0.483591
0.478007
0.471973
0.466043
0.460885
0.457163
0.455397
0.455845
0.458442
0.462812
0.468362
0.474409
0.48032
0.485611
0.489997
0.493389
0.495846
0.497518
0.49859
0.499239
0.499609
0.499809
0.499911
0.499961
0.499984
0.499993
0.499998
0.499999
0.5
0.5
0.5
0.5
0.5
0.5
0.5
0.5
0.5
0.5
0.5
0.5
0.5
0.5
0.5
0.5
0.5
0.499999
0.499997
0.499993
0.499982
0.499958
0.499906
0.4998
0.499597
0.499227
0.49859
0.497556
0.49597
0.493683
0.490585
0.48666
0.48203
0.476984
0.471973
0.467552
0.464284
0.462624
0.462812
0.464822
0.468362
0.472947
0.478007
0.483001
0.487508
0.491272
0.494203
0.496339
0.497802
0.498745
0.499319
0.499649
0.499828
0.49992
0.499964
0.499985
0.499994
0.499998
0.499999
0.5
0.5
0.5
0.5
0.5
0.5
0.5
0.5
0.5
0.5
0.5
0.5
0.5
0.5
0.5
0.5
0.5
0.499999
0.499998
0.499995
0.499987
0.499969
0.499931
0.499852
0.499699
0.499421
0.498938
0.498149
0.496932
0.495166
0.49276
0.48969
0.48604
0.48203
0.478007
0.474409
0.471689
0.470222
0.470222
0.471689
0.474409
0.478007
0.48203
0.48604
0.48969
0.49276
0.495166
0.496932
0.498149
0.498938
0.499421
0.499699
0.499852
0.499931
0.499969
0.499987
0.499995
0.499998
0.499999
0.5
0.5
0.5
0.5
0.5
0.5
0.5
0.5
0.5
0.5
0.5
0.5
0.5
0.5
0.5
0.5
0.5
0.499999
0.499999
0.499996
0.499991
0.499978
0.499951
0.499895
0.499787
0.499587
0.499239
0.498667
0.497779
0.496484
0.494706
0.492423
0.48969
0.48666
0.483591
0.48081
0.478663
0.477444
0.47733
0.478337
0.48032
0.483001
0.48604
0.4891
0.491909
0.49429
0.496168
0.497556
0.498517
0.499145
0.499531
0.499756
0.499879
0.499943
0.499974
0.499989
0.499996
0.499998
0.499999
0.5
0.5
0.5
0.5
0.5
0.5
0.5
0.5
0.5
0.5
0.5
0.5
0.5
0.5
0.5
0.5
0.5
0.5
0.499999
0.499998
0.499994
0.499986
0.499967
0.49993
0.499856
0.49972
0.499481
0.499087
0.498472
0.497568
0.49632
0.494706
0.49276
0.490585
0.488361
0.486319
0.484711
0.483756
0.483591
0.484241
0.485611
0.487508
0.48969
0.491909
0.493964
0.495718
0.497112
0.498149
0.498871
0.499346
0.49964
0.499811
0.499906
0.499955
0.49998
0.499991
0.499997
0.499999
0.5
0.5
0.5
0.5
0.5
0.5
0.5
0.5
0.5
0.5
0.5
0.5
0.5
0.5
0.5
0.5
0.5
0.5
0.5
0.499999
0.499998
0.499996
0.499991
0.499979
0.499955
0.499908
0.49982
0.499664
0.499406
0.499
0.498401
0.497568
0.496484
0.495166
0.493683
0.492151
0.490727
0.489585
0.488878
0.488708
0.4891
0.489997
0.491272
0.49276
0.49429
0.495718
0.496947
0.497931
0.498667
0.499183
0.499524
0.499736
0.499861
0.499931
0.499967
0.499985
0.499994
0.499997
0.499999
0.5
0.5
0.5
0.5
0.5
0.5
0.5
0.5
0.5
0.5
0.5
0.5
0.5
0.5
0.5
0.5
0.5
0.5
0.5
0.5
0.499999
0.499998
0.499995
0.499988
0.499973
0.499944
0.499889
0.499793
0.499632
0.499378
0.499
0.498472
0.497779
0.496932
0.49597
0.494967
0.494024
0.493254
0.49276
0.492612
0.492833
0.493389
0.494203
0.495166
0.496168
0.497112
0.497931
0.49859
0.499087
0.499438
0.499671
0.499817
0.499903
0.499951
0.499977
0.499989
0.499995
0.499998
0.499999
0.5
0.5
0.5
0.5
0.5
0.5
0.5
0.5
0.5
0.5
0.5
0.5
0.5
0.5
0.5
0.5
0.5
0.5
0.5
0.5
0.499999
0.499999
0.499997
0.499993
0.499984
0.499967
0.499936
0.499879
0.499784
0.499632
0.499406
0.499087
0.498667
0.498149
0.497556
0.496932
0.496339
0.495846
0.495519
0.495404
0.495519
0.495846
0.496339
0.496932
0.497556
0.498149
0.498667
0.499087
0.499406
0.499632
0.499784
0.499879
0.499936
0.499967
0.499984
0.499993
0.499997
0.499999
0.499999
0.5
0.5
0.5
0.5
0.5
0.5
0.5
0.5
0.5
0.5
0.5
0.5
0.5
0.5
0.5
0.5
0.5
0.5
0.5
0.5
0.5
0.499999
0.499998
0.499996
0.499991
0.499982
0.499964
0.499933
0.499879
0.499793
0.499664
0.499481
0.499239
0.498938
0.49859
0.498222
0.497867
0.497568
0.497363
0.497282
0.497337
0.497518
0.497802
0.498149
0.498517
0.498871
0.499183
0.499438
0.499632
0.499771
0.499865
0.499924
0.499959
0.499979
0.49999
0.499995
0.499998
0.499999
0.5
0.5
0.5
0.5
0.5
0.5
0.5
0.5
0.5
0.5
0.5
0.5
0.5
0.5
0.5
0.5
0.5
0.5
0.5
0.5
0.5
0.5
0.5
0.499999
0.499998
0.499996
0.499991
0.499981
0.499964
0.499936
0.499889
0.49982
0.49972
0.499587
0.499421
0.499227
0.49902
0.498819
0.498646
0.498525
0.498472
0.498495
0.49859
0.498745
0.498938
0.499145
0.499346
0.499524
0.499671
0.499784
0.499865
0.49992
0.499955
0.499976
0.499988
0.499994
0.499997
0.499999
0.499999
0.5
0.5
0.5
0.5
0.5
0.5
0.5
0.5
0.5
0.5
0.5
0.5
0.5
0.5
0.5
0.5
0.5
0.5
0.5
0.5
0.5
0.5
0.5
0.5
0.499999
0.499998
0.499995
0.499991
0.499982
0.499967
0.499944
0.499908
0.499856
0.499787
0.499699
0.499597
0.499487
0.499378
0.499284
0.499215
0.499183
0.499191
0.499239
0.499319
0.499421
0.499531
0.49964
0.499736
0.499817
0.499879
0.499924
0.499955
0.499974
0.499986
0.499993
0.499997
0.499998
0.499999
0.5
0.5
0.5
0.5
0.5
0.5
0.5
0.5
0.5
0.5
0.5
0.5
0.5
0.5
0.5
0.5
0.5
0.5
0.5
0.5
0.5
0.5
0.5
0.5
0.5
0.5
0.499999
0.499998
0.499996
0.499991
0.499984
0.499973
0.499955
0.49993
0.499895
0.499852
0.4998
0.499744
0.499689
0.49964
0.499603
0.499585
0.499587
0.499609
0.499649
0.499699
0.499756
0.499811
0.499861
0.499903
0.499936
0.499959
0.499976
0.499986
0.499992
0.499996
0.499998
0.499999
0.5
0.5
0.5
0.5
0.5
0.5
0.5
0.5
0.5
0.5
0.5
0.5
0.5
0.5
0.5
0.5
0.5
0.5
0.5
0.5
0.5
0.5
0.5
0.5
0.5
0.5
0.5
0.5
0.499999
0.499998
0.499996
0.499993
0.499988
0.499979
0.499967
0.499951
0.499931
0.499906
0.499879
0.499852
0.499828
0.499809
0.499799
0.499799
0.499809
0.499828
0.499852
0.499879
0.499906
0.499931
0.499951
0.499967
0.499979
0.499988
0.499993
0.499996
0.499998
0.499999
0.5
0.5
0.5
0.5
0.5
0.5
0.5
0.5
0.5
0.5
0.5
0.5
0.5
0.5
0.5
0.5
0.5
0.5
0.5
0.5
0.5
0.5
0.5
0.5
0.5
0.5
0.5
0.5
0.5
0.5
0.499999
0.499998
0.499997
0.499995
0.499991
0.499986
0.499978
0.499969
0.499958
0.499945
0.499933
0.499922
0.499913
0.499908
0.499907
0.499911
0.49992
0.499931
0.499943
0.499955
0.499967
0.499977
0.499984
0.49999
0.499994
0.499997
0.499998
0.499999
0.5
0.5
0.5
0.5
0.5
0.5
0.5
0.5
0.5
0.5
0.5
0.5
0.5
0.5
0.5
0.5
0.5
0.5
0.5
0.5
0.5
0.5
0.5
0.5
0.5
0.5
0.5
0.5
0.5
0.5
0.5
0.5
0.499999
0.499999
0.499998
0.499996
0.499994
0.499991
0.499987
0.499982
0.499977
0.499971
0.499966
0.499962
0.49996
0.499959
0.499961
0.499964
0.499969
0.499974
0.49998
0.499985
0.499989
0.499993
0.499995
0.499997
0.499998
0.499999
0.5
0.5
0.5
0.5
0.5
0.5
0.5
0.5
0.5
0.5
0.5
0.5
0.5
0.5
0.5
0.5
0.5
0.5
0.5
0.5
0.5
0.5
0.5
0.5
0.5
0.5
0.5
0.5
0.5
0.5
0.5
0.5
0.5
0.5
0.499999
0.499999
0.499998
0.499998
0.499996
0.499995
0.499993
0.499991
0.499988
0.499986
0.499984
0.499983
0.499983
0.499984
0.499985
0.499987
0.499989
0.499991
0.499994
0.499995
0.499997
0.499998
0.499999
0.499999
0.5
0.5
0.5
0.5
0.5
0.5
0.5
0.5
0.5
0.5
0.5
0.5
0.5
0.5
0.5
0.5
0.5
0.5
0.5
0.5
0.5
0.5
0.5
0.5
0.5
0.5
0.5
0.5
0.5
0.5
0.5
0.5
0.5
0.5
0.5
0.5
0.5
0.499999
0.499999
0.499999
0.499998
0.499997
0.499996
0.499995
0.499995
0.499994
0.499993
0.499993
0.499993
0.499994
0.499995
0.499996
0.499997
0.499997
0.499998
0.499999
0.499999
0.499999
0.5
0.5
0.5
0.5
0.5
0.5
0.5
0.5
0.5
0.5
0.5
0.5
0.5
0.5
0.5
0.5
0.5
0.5
0.5
0.5
0.5
0.5
0.5
0.5
0.5
0.5
0.5
0.5
0.5
0.5
0.5
0.5
0.5
0.5
0.5
0.5
0.5
0.5
0.5
0.5
0.499999
0.499999
0.499999
0.499999
0.499998
0.499998
0.499998
0.499998
0.499997
0.499998
0.499998
0.499998
0.499998
0.499999
0.499999
0.499999
0.499999
0.5
0.5
0.5
0.5
0.5
0.5
0.5
0.5
0.5
0.5
0.5
0.5
0.5
0.5
0.5
0.5
0.5
0.5
0.5
0.5
0.5
0.5
0.5
0.5
0.5
0.5
0.5
0.5
0.5
0.5
0.5
0.5
0.5
0.5
0.5
0.5
0.5
0.5
0.5
0.5
0.5
0.5
0.5
0.5
0.5
0.5
0.499999
0.499999
0.499999
0.499999
0.499999
0.499999
0.499999
0.499999
0.499999
0.5
0.5
0.5
0.5
0.5
0.5
0.5
0.5
0.5
0.5
0.5
0.5
0.5
0.5
0.5
0.5
0.5
0.5
0.5
0.5
0.5
0.5
0.5
0.5
0.5
0.5
0.5
0.5
0.5
0.5
0.5
0.5
0.5
0.5
0.5
0.5
0.5
0.5
0.5
0.5
0.5
0.5
0.5
0.5
0.5
0.5
0.5
0.5
0.5
0.5
0.5
0.5
0.5
0.5
0.5
0.5
0.5
0.5
0.5
0.5
0.5
0.5
0.5
0.5
0.5
0.5
0.5
0.5
0.5
0.5
0.5
0.5
0.5
0.5
0.5
0.5
0.5
0.5
0.5
0.5
0.5
0.5
0.5
0.5
0.5
0.5
0.5
0.5
0.5
0.5
0.5
0.5
0.5
0.5
0.5
0.5
0.5
0.5
0.5
0.5
0.5
0.5
0.5
0.5
0.5
0.5
0.5
0.5
0.5
0.5
0.5
0.5
0.5
0.5
0.5
0.5
0.5
0.5
0.5
0.5
0.5
0.5
0.5
0.5
0.5
0.5
0.5
0.5
0.5
0.5
0.5
0.5
0.5
0.5
0.5
0.5
0.5
0.5
0.5
0.5
0.5
0.5
0.5
0.5
0.5
0.5
0.5
0.5
0.5
0.5
0.5
0.5
0.5
0.5
0.5
0.5
0.5
0.5
0.5
0.5
0.5
0.5
0.5
0.5
0.5
0.5
0.5
0.5
0.5
0.5
0.5
0.5
0.5
0.5
0.5
0.5
0.5
0.5
0.5
0.5
0.5
0.5
0.5
0.5
0.5
0.5
0.5
0.5
0.5
0.5
0.5
0.5
0.5
0.5
0.5
0.5
0.5
0.5
0.5
0.5
0.5
0.5
0.5
0.5
0.5
0.5
0.5
0.5
0.5
0.5
0.5
0.5
0.5
0.5
0.5
0.5
0.5
0.5
0.5
0.5
0.5
0.5
0.5
0.5
0.5
0.5
0.5
0.5
0.5
0.5
0.5
0.5
0.5
0.5
0.5
0.5
0.5
0.5
0.5
0.5
0.5
0.5
0.5
0.5
0.5
0.5
0.5
0.5
0.5
0.5
0.5
0.5
0.5
0.5
0.5
0.5
0.5
0.5
0.5
0.5
0.5
0.5
0.5
0.5
0.5
0.5
0.5
0.5
0.5
0.5
0.5
0.5
0.5
0.5
0.5
0.5
0.5
0.5
0.5
0.5
0.5
0.5
0.5
0.5
0.5
0.5
0.5
0.5
0.5
0.5
0.5
0.5
0.5
0.5
0.5
0.5
0.5
0.5
0.5
0.5
0.5
0.5
0.5
0.5
0.5
0.5
0.5
0.5
0.5
0.5
0.5
0.5
0.5
0.5
0.5
0.5
0.5
0.5
0.5
0.5
0.5
0.5
0.5
0.5
0.5
0.5
0.5
0.5
0.5
0.5
0.5
0.5
0.5
0.5
0.5
0.5
0.5
0.5
0.5
0.5
0.5
0.5
0.5
0.5
0.5
0.5
0.5
0.5
0.5
0.5
0.5
0.5
0.5
0.5
0.5
0.5
0.5
0.5
0.5
0.5
0.5
0.5
0.5
0.5
0.5
0.5
0.5
0.5
0.5
0.5
0.5
0.5
0.5
0.5
0.5
0.5
0.5
0.5
0.5
0.5
0.5
0.5
0.5
0.5
0.5
0.5
0.5
0.5
0.5
0.5
0.5
0.5
0.5
0.5
0.5
0.5
0.5
0.5
0.5
0.5
0.5
0.5
0.5
0.5
0.5
0.5
0.5
0.5
0.5
0.5
0.5
0.5
0.5
0.5
0.5
0.5
0.5
0.5
0.5
0.5
0.5
0.5
0.5
0.5
0.5
0.5
0.5
0.5
0.5
0.5
0.5
0.5
0.5
0.5
0.5
0.5
0.5
0.5
0.5
0.5
0.5
0.5
0.5
0.5
0.5
0.5
0.5
0.5
0.5
0.5
0.5
0.5
0.5
0.5
0.5
0.5
0.5
0.5
0.5
0.5
0.5
0.5
0.5
0.5
0.5
0.5
0.5
0.5
0.5
0.5
0.5
0.5
0.5
0.5
0.5
0.5
0.5
0.5
0.5
0.5
0.5
0.5
0.5
0.5
0.5
0.5
0.5
0.5
0.5
0.5
0.5
0.5
0.5
0.5
0.5
0.5
0.5
0.5
0.5
0.5
0.5
0.5
0.5
0.5
0.5
0.5
0.5
0.5
0.5
0.5
0.5
0.5
0.5
0.5
0.5
0.5
0.5
0.5
0.5
0.5
0.5
0.5
0.5
0.5
0.5
0.5
0.5
0.5
0.5
0.5
0.5
0.5
0.5
0.5
0.5
0.5
0.5
0.5
0.5
0.5
0.5
0.5
0.5
0.5
0.5
0.5
0.5
0.5
0.5
0.5
0.5
0.5
0.5
0.5
0.5
0.5
0.5
0.5
0.5
0.5
0.5
0.5
0.5
0.5
0.5
0.5
0.5
0.5
0.5
0.5
0.5
0.5
0.5
0.5
0.5
0.5
0.5
0.5
0.5
0.5
0.5
0.5
0.5
0.5
0.5
0.5
0.5
0.5
0.5
0.5
0.5
0.5
0.5
0.5
0.5
0.5
0.5
0.5
0.5
0.5
0.5
0.5
0.5
0.5
0.5
0.5
0.5
0.5
0.5
0.5
0.5
0.5
0.5
0.5
0.5
0.5
0.5
0.5
0.5
0.5
0.5
0.5
0.5
0.5
0.5
0.5
0.5
0.5
0.5
0.5
0.5
0.5
0.5
0.5
0.5
0.5
0.5
0.5
0.5
0.5
0.5
0.5
0.5
0.5
0.5
0.5
0.5
0.5
0.5
0.5
0.5
0.5
0.5
0.5
0.5
0.5
0.5
0.5
0.5
0.5
0.5
0.5
0.5
0.5
0.5
0.5
0.5
0.5
0.5
0.5
0.5
0.5
0.5
0.5
0.5
0.5
0.5
0.5
0.5
0.5
0.5
0.5
0.5
0.5
0.5
0.5
0.5
0.5
0.5
0.5
0.5
0.5
0.5
0.5
0.5
0.5
0.5
0.5
0.5
0.5
0.5
0.5
0.5
0.5
0.5
0.5
0.5
0.5
0.5
0.5
0.5
0.5
0.5
0.5
0.5
0.5
0.5
0.5
0.5
0.5
0.5
0.5
0.5
0.5
0.5
0.5
0.5
0.5
0.5
0.5
0.5
0.5
0.5
0.5
0.5
0.5
0.5
0.5
0.5
0.5
0.5
0.5
0.5
0.5
0.5
0.5
0.5
0.5
0.5
0.5
0.5
0.5
0.5
0.5
0.5
0.5
0.5
0.5
0.5
0.5
0.5
0.5
0.5
0.5
0.5
0.5
0.5
0.5
0.5
0.5
0.5
0.5
0.5
0.5
0.5
0.5
0.5
0.5
0.5
0.5
0.5
0.5
0.5
0.5
0.5
0.5
0.5
0.5
0.5
0.5
0.5
0.5
0.5
0.5
0.5
0.5
0.5
0.5
0.5
0.5
0.5
0.5
0.5
0.5
0.5
0.5
0.5
0.5
0.5
0.5
0.5
0.5
0.5
0.5
0.5
0.5
0.5
0.5
0.5
0.5
0.5
0.5
0.5
0.5
0.5
0.5
0.5
0.5
0.5
0.5
0.5
0.5
0.5
0.5
0.5
0.5
0.5
0.5
0.5
0.5
0.5
0.5
0.5
0.5
0.5
0.5
0.5
0.5
0.5
0.5
0.5
0.5
0.5
0.5
0.5
