           0.4
           0.4
           0.4
           0.4
           0.4
           0.4
           0.4
           0.4
           0.4
           0.4
           0.4
           0.4
           0.4
           0.4
           0.4
           0.4
           0.4
           0.4
           0.4
           0.4
           0.4
           0.4
           0.4
           0.4
           0.4
           0.4
           0.4
           0.4
           0.4
           0.4
           0.4
           0.4
           0.4
           0.4
           0.4
           0.4
           0.4
           0.4
           0.4
           0.4
           0.4
           0.4
           0.4
           0.4
           0.4
           0.4
           0.4
           0.4
           0.4
      0.379938
      0.379937
      0.379937
      0.379937
      0.379937
      0.379936
      0.379936
      0.379935
      0.379935
      0.379934
      0.379933
      0.379932
      0.379931
       0.37993
      0.379929
      0.379927
      0.379926
      0.379925
      0.379924
      0.379922
      0.379921
       0.37992
       0.37992
      0.379919
      0.379919
      0.379918
      0.379919
      0.379919
      0.379919
       0.37992
      0.379921
      0.379922
      0.379923
      0.379925
      0.379926
      0.379927
      0.379929
       0.37993
      0.379931
      0.379932
      0.379933
      0.379934
      0.379934
      0.379935
      0.379936
      0.379936
      0.379936
      0.379936
      0.379936
      0.360334
      0.360334
      0.360334
      0.360333
      0.360333
      0.360332
      0.360331
       0.36033
      0.360328
      0.360327
      0.360325
      0.360323
      0.360321
      0.360318
      0.360316
      0.360313
      0.360311
      0.360308
      0.360305
      0.360303
      0.360301
      0.360299
      0.360297
      0.360296
      0.360295
      0.360295
      0.360295
      0.360296
      0.360297
      0.360299
      0.360301
      0.360303
      0.360305
      0.360308
      0.360311
      0.360313
      0.360316
      0.360318
      0.360321
      0.360323
      0.360325
      0.360326
      0.360328
      0.360329
       0.36033
      0.360331
      0.360331
      0.360332
      0.360332
      0.341237
      0.341237
      0.341237
      0.341236
      0.341235
      0.341234
      0.341232
      0.341231
      0.341228
      0.341226
      0.341223
       0.34122
      0.341217
      0.341213
      0.341209
      0.341205
      0.341201
      0.341197
      0.341192
      0.341188
      0.341185
      0.341182
      0.341179
      0.341177
      0.341176
      0.341176
      0.341176
      0.341177
      0.341179
      0.341182
      0.341185
      0.341188
      0.341192
      0.341196
      0.341201
      0.341205
      0.341209
      0.341213
      0.341216
       0.34122
      0.341223
      0.341225
      0.341228
      0.341229
      0.341231
      0.341232
      0.341233
      0.341234
      0.341234
      0.322695
      0.322694
      0.322694
      0.322693
      0.322692
       0.32269
      0.322688
      0.322685
      0.322682
      0.322679
      0.322675
      0.322671
      0.322666
      0.322661
      0.322655
      0.322649
      0.322643
      0.322637
      0.322631
      0.322626
      0.322621
      0.322616
      0.322613
       0.32261
      0.322608
      0.322607
      0.322608
       0.32261
      0.322612
      0.322616
      0.322621
      0.322626
      0.322631
      0.322637
      0.322643
      0.322649
      0.322655
       0.32266
      0.322665
       0.32267
      0.322674
      0.322678
      0.322681
      0.322684
      0.322686
      0.322688
      0.322689
       0.32269
       0.32269
      0.304752
      0.304752
      0.304751
       0.30475
      0.304748
      0.304746
      0.304743
       0.30474
      0.304736
      0.304732
      0.304727
      0.304721
      0.304714
      0.304707
        0.3047
      0.304692
      0.304684
      0.304676
      0.304668
       0.30466
      0.304653
      0.304647
      0.304642
      0.304638
      0.304636
      0.304635
      0.304636
      0.304638
      0.304642
      0.304647
      0.304653
       0.30466
      0.304668
      0.304676
      0.304684
      0.304692
        0.3047
      0.304707
      0.304714
       0.30472
      0.304726
       0.30473
      0.304735
      0.304738
      0.304741
      0.304743
      0.304745
      0.304746
      0.304746
      0.287456
      0.287455
      0.287455
      0.287453
      0.287451
      0.287448
      0.287445
       0.28744
      0.287436
       0.28743
      0.287423
      0.287416
      0.287407
      0.287398
      0.287389
      0.287378
      0.287368
      0.287357
      0.287346
      0.287336
      0.287327
      0.287318
      0.287311
      0.287306
      0.287303
      0.287302
      0.287303
      0.287306
      0.287311
      0.287318
      0.287326
      0.287336
      0.287346
      0.287356
      0.287367
      0.287378
      0.287388
      0.287398
      0.287407
      0.287415
      0.287422
      0.287428
      0.287434
      0.287438
      0.287442
      0.287445
      0.287447
      0.287448
      0.287448
      0.270848
      0.270848
      0.270847
      0.270845
      0.270843
      0.270839
      0.270835
       0.27083
      0.270823
      0.270816
      0.270808
      0.270798
      0.270788
      0.270776
      0.270764
      0.270751
      0.270737
      0.270723
      0.270709
      0.270695
      0.270683
      0.270672
      0.270663
      0.270656
      0.270652
       0.27065
      0.270652
      0.270656
      0.270663
      0.270672
      0.270683
      0.270695
      0.270709
      0.270722
      0.270736
       0.27075
      0.270763
      0.270776
      0.270787
      0.270797
      0.270806
      0.270814
      0.270821
      0.270827
      0.270831
      0.270835
      0.270837
      0.270839
      0.270839
      0.254973
      0.254972
      0.254971
      0.254968
      0.254965
      0.254961
      0.254956
       0.25495
      0.254942
      0.254933
      0.254923
      0.254911
      0.254898
      0.254883
      0.254867
       0.25485
      0.254833
      0.254815
      0.254797
      0.254779
      0.254763
      0.254748
      0.254737
      0.254727
      0.254722
       0.25472
      0.254722
      0.254727
      0.254736
      0.254748
      0.254763
      0.254779
      0.254797
      0.254814
      0.254833
       0.25485
      0.254867
      0.254882
      0.254897
      0.254909
      0.254921
      0.254931
      0.254939
      0.254946
      0.254952
      0.254956
      0.254959
      0.254961
      0.254962
      0.239867
      0.239867
      0.239865
      0.239862
      0.239859
      0.239854
      0.239847
       0.23984
       0.23983
      0.239819
      0.239807
      0.239792
      0.239776
      0.239758
      0.239738
      0.239717
      0.239694
      0.239671
      0.239648
      0.239625
      0.239604
      0.239585
      0.239569
      0.239557
       0.23955
      0.239547
       0.23955
      0.239557
      0.239569
      0.239585
      0.239604
      0.239625
      0.239648
      0.239671
      0.239694
      0.239716
      0.239737
      0.239757
      0.239775
      0.239791
      0.239805
      0.239817
      0.239827
      0.239836
      0.239843
      0.239848
      0.239852
      0.239854
      0.239855
       0.22557
       0.22557
      0.225568
      0.225565
       0.22556
      0.225554
      0.225547
      0.225537
      0.225526
      0.225513
      0.225498
       0.22548
       0.22546
      0.225438
      0.225413
      0.225386
      0.225358
      0.225329
      0.225299
       0.22527
      0.225242
      0.225217
      0.225196
       0.22518
      0.225171
      0.225167
      0.225171
       0.22518
      0.225196
      0.225217
      0.225242
      0.225269
      0.225299
      0.225328
      0.225358
      0.225386
      0.225412
      0.225437
      0.225459
      0.225478
      0.225496
       0.22551
      0.225523
      0.225533
      0.225541
      0.225548
      0.225552
      0.225555
      0.225556
      0.212116
      0.212115
      0.212113
      0.212109
      0.212104
      0.212097
      0.212088
      0.212077
      0.212064
      0.212049
       0.21203
      0.212009
      0.211984
      0.211957
      0.211927
      0.211893
      0.211858
       0.21182
      0.211782
      0.211745
      0.211709
      0.211676
      0.211649
      0.211628
      0.211615
       0.21161
      0.211615
      0.211628
      0.211649
      0.211676
      0.211708
      0.211744
      0.211782
       0.21182
      0.211857
      0.211893
      0.211926
      0.211956
      0.211983
      0.212007
      0.212028
      0.212045
       0.21206
      0.212073
      0.212082
       0.21209
      0.212095
      0.212098
      0.212099
      0.199537
      0.199536
      0.199534
      0.199529
      0.199523
      0.199515
      0.199505
      0.199492
      0.199477
      0.199458
      0.199436
       0.19941
      0.199381
      0.199348
       0.19931
      0.199269
      0.199225
      0.199178
      0.199129
      0.199081
      0.199034
      0.198991
      0.198955
      0.198927
       0.19891
      0.198904
       0.19891
      0.198927
      0.198955
      0.198991
      0.199034
       0.19908
      0.199129
      0.199177
      0.199224
      0.199268
      0.199309
      0.199346
      0.199379
      0.199408
      0.199433
      0.199454
      0.199472
      0.199487
      0.199498
      0.199507
      0.199513
      0.199516
      0.199518
      0.187862
      0.187861
      0.187858
      0.187853
      0.187847
      0.187837
      0.187825
       0.18781
      0.187792
       0.18777
      0.187745
      0.187714
      0.187679
      0.187639
      0.187593
      0.187543
      0.187488
      0.187429
      0.187367
      0.187305
      0.187244
      0.187188
       0.18714
      0.187103
      0.187079
      0.187071
      0.187079
      0.187103
       0.18714
      0.187188
      0.187244
      0.187304
      0.187367
      0.187428
      0.187487
      0.187542
      0.187592
      0.187637
      0.187677
      0.187712
      0.187742
      0.187767
      0.187787
      0.187804
      0.187818
      0.187828
      0.187835
      0.187839
       0.18784
      0.177119
      0.177117
      0.177114
      0.177109
      0.177101
       0.17709
      0.177077
      0.177059
      0.177039
      0.177013
      0.176983
      0.176947
      0.176906
      0.176858
      0.176803
      0.176741
      0.176673
      0.176599
      0.176521
      0.176441
      0.176363
      0.176289
      0.176225
      0.176175
      0.176143
      0.176132
      0.176143
      0.176175
      0.176225
      0.176289
      0.176362
      0.176441
      0.176521
      0.176599
      0.176672
       0.17674
      0.176802
      0.176856
      0.176904
      0.176945
       0.17698
      0.177009
      0.177033
      0.177053
      0.177068
       0.17708
      0.177088
      0.177092
      0.177094
       0.16733
      0.167329
      0.167325
      0.167319
       0.16731
      0.167298
      0.167283
      0.167263
      0.167239
       0.16721
      0.167175
      0.167134
      0.167085
      0.167028
      0.166963
      0.166888
      0.166805
      0.166713
      0.166615
      0.166513
       0.16641
      0.166313
      0.166227
      0.166159
      0.166115
        0.1661
      0.166115
      0.166159
      0.166227
      0.166313
       0.16641
      0.166512
      0.166614
      0.166712
      0.166804
      0.166887
      0.166961
      0.167026
      0.167083
      0.167131
      0.167172
      0.167206
      0.167234
      0.167256
      0.167273
      0.167287
      0.167296
      0.167301
      0.167303
      0.158518
      0.158516
      0.158513
      0.158506
      0.158496
      0.158482
      0.158465
      0.158443
      0.158416
      0.158383
      0.158344
      0.158296
      0.158239
      0.158172
      0.158095
      0.158006
      0.157904
      0.157792
      0.157669
      0.157538
      0.157405
      0.157276
       0.15716
      0.157066
      0.157006
      0.156984
      0.157006
      0.157066
       0.15716
      0.157276
      0.157405
      0.157538
      0.157668
      0.157791
      0.157904
      0.158004
      0.158094
      0.158171
      0.158237
      0.158293
       0.15834
      0.158378
       0.15841
      0.158435
      0.158455
       0.15847
       0.15848
      0.158486
      0.158488
        0.1507
      0.150699
      0.150695
      0.150687
      0.150676
      0.150661
      0.150642
      0.150618
      0.150588
      0.150551
      0.150506
      0.150452
      0.150387
       0.15031
      0.150219
      0.150114
      0.149992
      0.149855
      0.149702
      0.149536
      0.149363
      0.149192
      0.149033
      0.148902
      0.148815
      0.148784
      0.148815
      0.148902
      0.149032
      0.149191
      0.149363
      0.149536
      0.149701
      0.149854
      0.149992
      0.150113
      0.150218
      0.150308
      0.150385
      0.150449
      0.150502
      0.150546
      0.150581
       0.15061
      0.150632
      0.150648
      0.150659
      0.150666
      0.150668
      0.143894
      0.143893
      0.143888
       0.14388
      0.143868
      0.143852
      0.143831
      0.143805
      0.143772
      0.143731
      0.143681
       0.14362
      0.143547
      0.143459
      0.143354
      0.143231
      0.143087
      0.142921
      0.142733
      0.142525
        0.1423
      0.142071
      0.141852
      0.141667
      0.141542
      0.141493
      0.141541
      0.141666
      0.141852
      0.142071
        0.1423
      0.142524
      0.142733
      0.142921
      0.143086
       0.14323
      0.143353
      0.143457
      0.143544
      0.143616
      0.143676
      0.143725
      0.143765
      0.143796
       0.14382
      0.143838
       0.14385
      0.143857
       0.14386
      0.138113
      0.138111
      0.138106
      0.138097
      0.138085
      0.138067
      0.138045
      0.138016
       0.13798
      0.137935
      0.137881
      0.137813
      0.137732
      0.137633
      0.137515
      0.137374
      0.137206
       0.13701
      0.136782
      0.136523
      0.136234
      0.135928
      0.135622
      0.135352
      0.135159
      0.135085
      0.135159
      0.135351
      0.135621
      0.135928
      0.136234
      0.136522
      0.136781
      0.137009
      0.137205
      0.137372
      0.137513
      0.137631
      0.137729
       0.13781
      0.137876
       0.13793
      0.137973
      0.138007
      0.138033
      0.138052
      0.138065
      0.138073
      0.138076
      0.133368
      0.133366
      0.133361
      0.133351
      0.133338
      0.133319
      0.133295
      0.133265
      0.133226
      0.133178
      0.133119
      0.133046
      0.132957
      0.132848
      0.132717
      0.132557
      0.132366
      0.132138
      0.131867
       0.13155
      0.131183
      0.130777
      0.130344
      0.129944
      0.129641
      0.129512
      0.129641
      0.129944
      0.130344
      0.130776
      0.131182
      0.131549
      0.131866
      0.132137
      0.132365
      0.132556
      0.132715
      0.132846
      0.132954
      0.133042
      0.133114
      0.133172
      0.133219
      0.133255
      0.133283
      0.133303
      0.133318
      0.133326
      0.133329
      0.129667
      0.129666
       0.12966
       0.12965
      0.129636
      0.129617
      0.129592
      0.129559
      0.129519
      0.129468
      0.129405
      0.129327
      0.129231
      0.129114
       0.12897
      0.128795
      0.128582
      0.128324
      0.128011
      0.127633
      0.127181
      0.126649
      0.126045
      0.125428
      0.124896
      0.124664
      0.124896
      0.125428
      0.126045
      0.126649
      0.127181
      0.127632
       0.12801
      0.128323
      0.128581
      0.128794
      0.128968
      0.129111
      0.129228
      0.129323
        0.1294
      0.129462
      0.129511
      0.129549
      0.129579
        0.1296
      0.129615
      0.129624
      0.129627
       0.12702
      0.127018
      0.127012
      0.127002
      0.126987
      0.126967
      0.126941
      0.126908
      0.126866
      0.126812
      0.126747
      0.126665
      0.126564
       0.12644
      0.126287
      0.126099
      0.125868
      0.125584
      0.125234
      0.124801
      0.124264
      0.123592
      0.122752
      0.121811
       0.12083
      0.120329
       0.12083
       0.12181
      0.122752
      0.123591
      0.124263
        0.1248
      0.125234
      0.125583
      0.125867
      0.126098
      0.126285
      0.126437
      0.126561
      0.126661
      0.126742
      0.126806
      0.126857
      0.126897
      0.126928
      0.126951
      0.126966
      0.126975
      0.126978
      0.125429
      0.125427
      0.125421
      0.125411
      0.125396
      0.125376
      0.125349
      0.125315
      0.125271
      0.125217
      0.125149
      0.125065
      0.124961
      0.124832
      0.124673
      0.124477
      0.124235
      0.123933
      0.123557
      0.123084
      0.122482
        0.1217
       0.12066
      0.119212
      0.117378
      0.115959
      0.117378
      0.119211
       0.12066
        0.1217
      0.122482
      0.123084
      0.123557
      0.123932
      0.124233
      0.124476
      0.124672
       0.12483
      0.124958
      0.125061
      0.125144
       0.12521
      0.125263
      0.125304
      0.125336
      0.125359
      0.125374
      0.125383
      0.125387
      0.124899
      0.124896
      0.124891
       0.12488
      0.124865
      0.124845
      0.124818
      0.124783
       0.12474
      0.124685
      0.124617
      0.124532
      0.124427
      0.124296
      0.124136
      0.123936
       0.12369
      0.123382
      0.122998
       0.12251
      0.121889
      0.121064
      0.119963
      0.117971
      0.114466
      0.109694
      0.114466
      0.117971
      0.119963
      0.121063
      0.121888
       0.12251
      0.122998
      0.123381
      0.123689
      0.123935
      0.124134
      0.124294
      0.124423
      0.124528
      0.124612
      0.124678
      0.124732
      0.124773
      0.124805
      0.124828
      0.124844
      0.124853
      0.124856
      0.125429
      0.125427
      0.125421
      0.125411
      0.125396
      0.125376
      0.125349
      0.125315
      0.125271
      0.125217
      0.125149
      0.125065
      0.124961
      0.124832
      0.124673
      0.124477
      0.124235
      0.123933
      0.123557
      0.123084
      0.122482
        0.1217
       0.12066
      0.119212
      0.117378
      0.115959
      0.117378
      0.119211
       0.12066
        0.1217
      0.122482
      0.123084
      0.123557
      0.123932
      0.124233
      0.124476
      0.124672
       0.12483
      0.124958
      0.125061
      0.125144
       0.12521
      0.125263
      0.125304
      0.125336
      0.125359
      0.125374
      0.125383
      0.125387
       0.12702
      0.127018
      0.127012
      0.127002
      0.126987
      0.126967
      0.126941
      0.126908
      0.126866
      0.126812
      0.126747
      0.126665
      0.126564
       0.12644
      0.126287
      0.126099
      0.125868
      0.125584
      0.125234
      0.124801
      0.124264
      0.123592
      0.122752
      0.121811
       0.12083
      0.120329
       0.12083
       0.12181
      0.122752
      0.123591
      0.124263
        0.1248
      0.125234
      0.125583
      0.125867
      0.126098
      0.126285
      0.126437
      0.126561
      0.126661
      0.126742
      0.126806
      0.126857
      0.126897
      0.126928
      0.126951
      0.126966
      0.126975
      0.126978
      0.129667
      0.129666
       0.12966
       0.12965
      0.129636
      0.129617
      0.129592
      0.129559
      0.129519
      0.129468
      0.129405
      0.129327
      0.129231
      0.129114
       0.12897
      0.128795
      0.128582
      0.128324
      0.128011
      0.127633
      0.127181
      0.126649
      0.126045
      0.125428
      0.124896
      0.124664
      0.124896
      0.125428
      0.126045
      0.126649
      0.127181
      0.127632
       0.12801
      0.128323
      0.128581
      0.128794
      0.128968
      0.129111
      0.129228
      0.129323
        0.1294
      0.129462
      0.129511
      0.129549
      0.129579
        0.1296
      0.129615
      0.129624
      0.129627
      0.133368
      0.133366
      0.133361
      0.133351
      0.133338
      0.133319
      0.133295
      0.133265
      0.133226
      0.133178
      0.133119
      0.133046
      0.132957
      0.132848
      0.132717
      0.132557
      0.132366
      0.132138
      0.131867
       0.13155
      0.131183
      0.130777
      0.130344
      0.129944
      0.129641
      0.129512
      0.129641
      0.129944
      0.130344
      0.130776
      0.131182
      0.131549
      0.131866
      0.132137
      0.132365
      0.132556
      0.132715
      0.132846
      0.132954
      0.133042
      0.133114
      0.133172
      0.133219
      0.133255
      0.133283
      0.133303
      0.133318
      0.133326
      0.133329
      0.138113
      0.138111
      0.138106
      0.138097
      0.138085
      0.138067
      0.138045
      0.138016
       0.13798
      0.137935
      0.137881
      0.137813
      0.137732
      0.137633
      0.137515
      0.137374
      0.137206
       0.13701
      0.136782
      0.136523
      0.136234
      0.135928
      0.135622
      0.135352
      0.135159
      0.135085
      0.135159
      0.135351
      0.135621
      0.135928
      0.136234
      0.136522
      0.136781
      0.137009
      0.137205
      0.137372
      0.137513
      0.137631
      0.137729
       0.13781
      0.137876
       0.13793
      0.137973
      0.138007
      0.138033
      0.138052
      0.138065
      0.138073
      0.138076
      0.143894
      0.143893
      0.143888
       0.14388
      0.143868
      0.143852
      0.143831
      0.143805
      0.143772
      0.143731
      0.143681
       0.14362
      0.143547
      0.143459
      0.143354
      0.143231
      0.143087
      0.142921
      0.142733
      0.142525
        0.1423
      0.142071
      0.141852
      0.141667
      0.141542
      0.141493
      0.141541
      0.141666
      0.141852
      0.142071
        0.1423
      0.142524
      0.142733
      0.142921
      0.143086
       0.14323
      0.143353
      0.143457
      0.143544
      0.143616
      0.143676
      0.143725
      0.143765
      0.143796
       0.14382
      0.143838
       0.14385
      0.143857
       0.14386
        0.1507
      0.150699
      0.150695
      0.150687
      0.150676
      0.150661
      0.150642
      0.150618
      0.150588
      0.150551
      0.150506
      0.150452
      0.150387
       0.15031
      0.150219
      0.150114
      0.149992
      0.149855
      0.149702
      0.149536
      0.149363
      0.149192
      0.149033
      0.148902
      0.148815
      0.148784
      0.148815
      0.148902
      0.149032
      0.149191
      0.149363
      0.149536
      0.149701
      0.149854
      0.149992
      0.150113
      0.150218
      0.150308
      0.150385
      0.150449
      0.150502
      0.150546
      0.150581
       0.15061
      0.150632
      0.150648
      0.150659
      0.150666
      0.150668
      0.158518
      0.158516
      0.158513
      0.158506
      0.158496
      0.158482
      0.158465
      0.158443
      0.158416
      0.158383
      0.158344
      0.158296
      0.158239
      0.158172
      0.158095
      0.158006
      0.157904
      0.157792
      0.157669
      0.157538
      0.157405
      0.157276
       0.15716
      0.157066
      0.157006
      0.156984
      0.157006
      0.157066
       0.15716
      0.157276
      0.157405
      0.157538
      0.157668
      0.157791
      0.157904
      0.158004
      0.158094
      0.158171
      0.158237
      0.158293
       0.15834
      0.158378
       0.15841
      0.158435
      0.158455
       0.15847
       0.15848
      0.158486
      0.158488
       0.16733
      0.167329
      0.167325
      0.167319
       0.16731
      0.167298
      0.167283
      0.167263
      0.167239
       0.16721
      0.167175
      0.167134
      0.167085
      0.167028
      0.166963
      0.166888
      0.166805
      0.166713
      0.166615
      0.166513
       0.16641
      0.166313
      0.166227
      0.166159
      0.166115
        0.1661
      0.166115
      0.166159
      0.166227
      0.166313
       0.16641
      0.166512
      0.166614
      0.166712
      0.166804
      0.166887
      0.166961
      0.167026
      0.167083
      0.167131
      0.167172
      0.167206
      0.167234
      0.167256
      0.167273
      0.167287
      0.167296
      0.167301
      0.167303
      0.177119
      0.177117
      0.177114
      0.177109
      0.177101
       0.17709
      0.177077
      0.177059
      0.177039
      0.177013
      0.176983
      0.176947
      0.176906
      0.176858
      0.176803
      0.176741
      0.176673
      0.176599
      0.176521
      0.176441
      0.176363
      0.176289
      0.176225
      0.176175
      0.176143
      0.176132
      0.176143
      0.176175
      0.176225
      0.176289
      0.176362
      0.176441
      0.176521
      0.176599
      0.176672
       0.17674
      0.176802
      0.176856
      0.176904
      0.176945
       0.17698
      0.177009
      0.177033
      0.177053
      0.177068
       0.17708
      0.177088
      0.177092
      0.177094
      0.187862
      0.187861
      0.187858
      0.187853
      0.187847
      0.187837
      0.187825
       0.18781
      0.187792
       0.18777
      0.187745
      0.187714
      0.187679
      0.187639
      0.187593
      0.187543
      0.187488
      0.187429
      0.187367
      0.187305
      0.187244
      0.187188
       0.18714
      0.187103
      0.187079
      0.187071
      0.187079
      0.187103
       0.18714
      0.187188
      0.187244
      0.187304
      0.187367
      0.187428
      0.187487
      0.187542
      0.187592
      0.187637
      0.187677
      0.187712
      0.187742
      0.187767
      0.187787
      0.187804
      0.187818
      0.187828
      0.187835
      0.187839
       0.18784
      0.199537
      0.199536
      0.199534
      0.199529
      0.199523
      0.199515
      0.199505
      0.199492
      0.199477
      0.199458
      0.199436
       0.19941
      0.199381
      0.199348
       0.19931
      0.199269
      0.199225
      0.199178
      0.199129
      0.199081
      0.199034
      0.198991
      0.198955
      0.198927
       0.19891
      0.198904
       0.19891
      0.198927
      0.198955
      0.198991
      0.199034
       0.19908
      0.199129
      0.199177
      0.199224
      0.199268
      0.199309
      0.199346
      0.199379
      0.199408
      0.199433
      0.199454
      0.199472
      0.199487
      0.199498
      0.199507
      0.199513
      0.199516
      0.199518
      0.212116
      0.212115
      0.212113
      0.212109
      0.212104
      0.212097
      0.212088
      0.212077
      0.212064
      0.212049
       0.21203
      0.212009
      0.211984
      0.211957
      0.211927
      0.211893
      0.211858
       0.21182
      0.211782
      0.211745
      0.211709
      0.211676
      0.211649
      0.211628
      0.211615
       0.21161
      0.211615
      0.211628
      0.211649
      0.211676
      0.211708
      0.211744
      0.211782
       0.21182
      0.211857
      0.211893
      0.211926
      0.211956
      0.211983
      0.212007
      0.212028
      0.212045
       0.21206
      0.212073
      0.212082
       0.21209
      0.212095
      0.212098
      0.212099
       0.22557
       0.22557
      0.225568
      0.225565
       0.22556
      0.225554
      0.225547
      0.225537
      0.225526
      0.225513
      0.225498
       0.22548
       0.22546
      0.225438
      0.225413
      0.225386
      0.225358
      0.225329
      0.225299
       0.22527
      0.225242
      0.225217
      0.225196
       0.22518
      0.225171
      0.225167
      0.225171
       0.22518
      0.225196
      0.225217
      0.225242
      0.225269
      0.225299
      0.225328
      0.225358
      0.225386
      0.225412
      0.225437
      0.225459
      0.225478
      0.225496
       0.22551
      0.225523
      0.225533
      0.225541
      0.225548
      0.225552
      0.225555
      0.225556
      0.239867
      0.239867
      0.239865
      0.239862
      0.239859
      0.239854
      0.239847
       0.23984
       0.23983
      0.239819
      0.239807
      0.239792
      0.239776
      0.239758
      0.239738
      0.239717
      0.239694
      0.239671
      0.239648
      0.239625
      0.239604
      0.239585
      0.239569
      0.239557
       0.23955
      0.239547
       0.23955
      0.239557
      0.239569
      0.239585
      0.239604
      0.239625
      0.239648
      0.239671
      0.239694
      0.239716
      0.239737
      0.239757
      0.239775
      0.239791
      0.239805
      0.239817
      0.239827
      0.239836
      0.239843
      0.239848
      0.239852
      0.239854
      0.239855
      0.254973
      0.254972
      0.254971
      0.254968
      0.254965
      0.254961
      0.254956
       0.25495
      0.254942
      0.254933
      0.254923
      0.254911
      0.254898
      0.254883
      0.254867
       0.25485
      0.254833
      0.254815
      0.254797
      0.254779
      0.254763
      0.254748
      0.254737
      0.254727
      0.254722
       0.25472
      0.254722
      0.254727
      0.254736
      0.254748
      0.254763
      0.254779
      0.254797
      0.254814
      0.254833
       0.25485
      0.254867
      0.254882
      0.254897
      0.254909
      0.254921
      0.254931
      0.254939
      0.254946
      0.254952
      0.254956
      0.254959
      0.254961
      0.254962
      0.270848
      0.270848
      0.270847
      0.270845
      0.270843
      0.270839
      0.270835
       0.27083
      0.270823
      0.270816
      0.270808
      0.270798
      0.270788
      0.270776
      0.270764
      0.270751
      0.270737
      0.270723
      0.270709
      0.270695
      0.270683
      0.270672
      0.270663
      0.270656
      0.270652
       0.27065
      0.270652
      0.270656
      0.270663
      0.270672
      0.270683
      0.270695
      0.270709
      0.270722
      0.270736
       0.27075
      0.270763
      0.270776
      0.270787
      0.270797
      0.270806
      0.270814
      0.270821
      0.270827
      0.270831
      0.270835
      0.270837
      0.270839
      0.270839
      0.287456
      0.287455
      0.287455
      0.287453
      0.287451
      0.287448
      0.287445
       0.28744
      0.287436
       0.28743
      0.287423
      0.287416
      0.287407
      0.287398
      0.287389
      0.287378
      0.287368
      0.287357
      0.287346
      0.287336
      0.287327
      0.287318
      0.287311
      0.287306
      0.287303
      0.287302
      0.287303
      0.287306
      0.287311
      0.287318
      0.287326
      0.287336
      0.287346
      0.287356
      0.287367
      0.287378
      0.287388
      0.287398
      0.287407
      0.287415
      0.287422
      0.287428
      0.287434
      0.287438
      0.287442
      0.287445
      0.287447
      0.287448
      0.287448
      0.304752
      0.304752
      0.304751
       0.30475
      0.304748
      0.304746
      0.304743
       0.30474
      0.304736
      0.304732
      0.304727
      0.304721
      0.304714
      0.304707
        0.3047
      0.304692
      0.304684
      0.304676
      0.304668
       0.30466
      0.304653
      0.304647
      0.304642
      0.304638
      0.304636
      0.304635
      0.304636
      0.304638
      0.304642
      0.304647
      0.304653
       0.30466
      0.304668
      0.304676
      0.304684
      0.304692
        0.3047
      0.304707
      0.304714
       0.30472
      0.304726
       0.30473
      0.304735
      0.304738
      0.304741
      0.304743
      0.304745
      0.304746
      0.304746
      0.322695
      0.322694
      0.322694
      0.322693
      0.322692
       0.32269
      0.322688
      0.322685
      0.322682
      0.322679
      0.322675
      0.322671
      0.322666
      0.322661
      0.322655
      0.322649
      0.322643
      0.322637
      0.322631
      0.322626
      0.322621
      0.322616
      0.322613
       0.32261
      0.322608
      0.322607
      0.322608
       0.32261
      0.322612
      0.322616
      0.322621
      0.322626
      0.322631
      0.322637
      0.322643
      0.322649
      0.322655
       0.32266
      0.322665
       0.32267
      0.322674
      0.322678
      0.322681
      0.322684
      0.322686
      0.322688
      0.322689
       0.32269
       0.32269
      0.341237
      0.341237
      0.341237
      0.341236
      0.341235
      0.341234
      0.341232
      0.341231
      0.341228
      0.341226
      0.341223
       0.34122
      0.341217
      0.341213
      0.341209
      0.341205
      0.341201
      0.341197
      0.341192
      0.341188
      0.341185
      0.341182
      0.341179
      0.341177
      0.341176
      0.341176
      0.341176
      0.341177
      0.341179
      0.341182
      0.341185
      0.341188
      0.341192
      0.341196
      0.341201
      0.341205
      0.341209
      0.341213
      0.341216
       0.34122
      0.341223
      0.341225
      0.341228
      0.341229
      0.341231
      0.341232
      0.341233
      0.341234
      0.341234
      0.360334
      0.360334
      0.360334
      0.360333
      0.360333
      0.360332
      0.360331
       0.36033
      0.360328
      0.360327
      0.360325
      0.360323
      0.360321
      0.360318
      0.360316
      0.360313
      0.360311
      0.360308
      0.360305
      0.360303
      0.360301
      0.360299
      0.360297
      0.360296
      0.360295
      0.360295
      0.360295
      0.360296
      0.360297
      0.360299
      0.360301
      0.360303
      0.360305
      0.360308
      0.360311
      0.360313
      0.360316
      0.360318
      0.360321
      0.360323
      0.360325
      0.360326
      0.360328
      0.360329
       0.36033
      0.360331
      0.360331
      0.360332
      0.360332
      0.379938
      0.379937
      0.379937
      0.379937
      0.379937
      0.379936
      0.379936
      0.379935
      0.379935
      0.379934
      0.379933
      0.379932
      0.379931
       0.37993
      0.379929
      0.379927
      0.379926
      0.379925
      0.379924
      0.379922
      0.379921
       0.37992
       0.37992
      0.379919
      0.379919
      0.379918
      0.379919
      0.379919
      0.379919
       0.37992
      0.379921
      0.379922
      0.379923
      0.379925
      0.379926
      0.379927
      0.379929
       0.37993
      0.379931
      0.379932
      0.379933
      0.379934
      0.379934
      0.379935
      0.379936
      0.379936
      0.379936
      0.379936
      0.379936
           0.4
           0.4
           0.4
           0.4
           0.4
           0.4
           0.4
           0.4
           0.4
           0.4
           0.4
           0.4
           0.4
           0.4
           0.4
           0.4
           0.4
           0.4
           0.4
           0.4
           0.4
           0.4
           0.4
           0.4
           0.4
           0.4
           0.4
           0.4
           0.4
           0.4
           0.4
           0.4
           0.4
           0.4
           0.4
           0.4
           0.4
           0.4
           0.4
           0.4
           0.4
           0.4
           0.4
           0.4
           0.4
           0.4
           0.4
           0.4
           0.4
