           0.4
           0.4
           0.4
           0.4
           0.4
           0.4
           0.4
           0.4
           0.4
           0.4
           0.4
           0.4
           0.4
           0.4
           0.4
           0.4
           0.4
           0.4
           0.4
           0.4
           0.4
           0.4
           0.4
           0.4
           0.4
           0.4
           0.4
           0.4
           0.4
           0.4
           0.4
           0.4
           0.4
           0.4
           0.4
           0.4
           0.4
           0.4
           0.4
           0.4
           0.4
           0.4
           0.4
           0.4
           0.4
           0.4
           0.4
           0.4
           0.4
      0.388204
      0.388203
      0.388198
      0.388191
       0.38818
      0.388166
      0.388149
      0.388129
      0.388106
      0.388081
      0.388053
      0.388022
       0.38799
      0.387956
      0.387921
      0.387885
      0.387849
      0.387814
      0.387781
      0.387749
      0.387721
      0.387696
      0.387676
      0.387661
      0.387651
      0.387647
      0.387649
      0.387656
      0.387669
      0.387688
       0.38771
      0.387737
      0.387767
      0.387799
      0.387832
      0.387866
        0.3879
      0.387933
      0.387965
      0.387995
      0.388023
      0.388048
      0.388071
       0.38809
      0.388106
      0.388118
      0.388127
      0.388133
      0.388135
      0.376827
      0.376823
      0.376814
      0.376798
      0.376777
      0.376749
      0.376715
      0.376675
      0.376629
      0.376577
      0.376521
      0.376459
      0.376394
      0.376325
      0.376254
      0.376182
      0.376109
      0.376038
      0.375969
      0.375905
      0.375848
      0.375797
      0.375756
      0.375725
      0.375705
      0.375697
      0.375701
      0.375716
      0.375743
       0.37578
      0.375827
      0.375881
      0.375941
      0.376006
      0.376074
      0.376143
      0.376212
      0.376279
      0.376344
      0.376405
      0.376461
      0.376512
      0.376557
      0.376596
      0.376628
      0.376654
      0.376672
      0.376683
      0.376686
      0.365873
      0.365868
      0.365854
       0.36583
      0.365797
      0.365755
      0.365703
      0.365643
      0.365573
      0.365495
      0.365409
      0.365315
      0.365215
       0.36511
      0.365001
       0.36489
      0.364778
      0.364669
      0.364563
      0.364465
      0.364375
      0.364298
      0.364234
      0.364186
      0.364155
      0.364142
      0.364148
      0.364172
      0.364214
      0.364272
      0.364344
      0.364427
       0.36452
      0.364621
      0.364725
      0.364831
      0.364937
      0.365041
       0.36514
      0.365233
      0.365319
      0.365397
      0.365466
      0.365525
      0.365574
      0.365612
       0.36564
      0.365656
      0.365662
      0.355351
      0.355345
      0.355325
      0.355294
      0.355249
      0.355192
      0.355121
      0.355039
      0.354944
      0.354838
      0.354721
      0.354593
      0.354457
      0.354313
      0.354163
       0.35401
      0.353857
      0.353705
       0.35356
      0.353423
      0.353299
      0.353191
      0.353102
      0.353035
      0.352992
      0.352974
      0.352983
      0.353017
      0.353075
      0.353156
      0.353256
      0.353372
      0.353502
       0.35364
      0.353785
      0.353932
      0.354077
       0.35422
      0.354355
      0.354483
      0.354601
      0.354707
      0.354801
      0.354881
      0.354948
         0.355
      0.355037
       0.35506
      0.355068
      0.345268
       0.34526
      0.345236
      0.345195
      0.345138
      0.345065
      0.344976
      0.344871
       0.34475
      0.344614
      0.344463
      0.344299
      0.344123
      0.343937
      0.343743
      0.343544
      0.343344
      0.343147
      0.342956
      0.342776
      0.342613
       0.34247
      0.342353
      0.342264
      0.342208
      0.342185
      0.342196
      0.342241
      0.342318
      0.342425
      0.342558
      0.342711
      0.342882
      0.343064
      0.343253
      0.343445
      0.343635
      0.343819
      0.343995
      0.344161
      0.344312
      0.344449
       0.34457
      0.344673
      0.344758
      0.344825
      0.344873
      0.344902
      0.344911
      0.335632
      0.335622
      0.335592
      0.335542
      0.335473
      0.335383
      0.335274
      0.335144
      0.334995
      0.334827
      0.334641
      0.334437
      0.334218
      0.333986
      0.333743
      0.333494
      0.333241
      0.332991
      0.332749
      0.332521
      0.332312
      0.332129
      0.331979
      0.331865
      0.331792
      0.331762
      0.331777
      0.331836
      0.331936
      0.332073
      0.332243
       0.33244
      0.332658
       0.33289
       0.33313
      0.333372
      0.333611
      0.333843
      0.334064
       0.33427
      0.334459
      0.334629
      0.334778
      0.334906
      0.335011
      0.335094
      0.335153
      0.335188
        0.3352
       0.32645
      0.326439
      0.326403
      0.326344
      0.326261
      0.326154
      0.326023
      0.325867
      0.325688
      0.325486
       0.32526
      0.325014
      0.324748
      0.324464
      0.324167
       0.32386
      0.323548
      0.323238
      0.322936
      0.322651
      0.322389
      0.322159
      0.321968
      0.321824
      0.321732
      0.321695
      0.321714
      0.321789
      0.321916
       0.32209
      0.322306
      0.322554
      0.322827
      0.323117
      0.323415
      0.323716
      0.324011
      0.324296
      0.324566
      0.324818
      0.325047
      0.325253
      0.325434
      0.325588
      0.325715
      0.325814
      0.325885
      0.325928
      0.325942
      0.317732
      0.317718
      0.317677
      0.317607
       0.31751
      0.317384
       0.31723
      0.317048
      0.316836
      0.316596
      0.316329
      0.316035
      0.315716
      0.315376
      0.315017
      0.314645
      0.314265
      0.313886
      0.313515
      0.313161
      0.312836
      0.312549
      0.312311
      0.312131
      0.312015
      0.311968
      0.311993
      0.312088
      0.312248
      0.312467
      0.312737
      0.313046
      0.313385
      0.313743
       0.31411
      0.314477
      0.314836
      0.315182
      0.315507
      0.315809
      0.316084
       0.31633
      0.316545
      0.316728
      0.316878
      0.316995
      0.317079
      0.317129
      0.317146
      0.309485
      0.309469
      0.309421
      0.309341
      0.309229
      0.309084
      0.308905
      0.308693
      0.308447
      0.308167
      0.307854
      0.307508
      0.307132
      0.306727
      0.306299
      0.305853
      0.305395
      0.304934
       0.30448
      0.304046
      0.303645
      0.303289
      0.302992
      0.302767
      0.302622
      0.302564
      0.302596
      0.302715
      0.302917
      0.303192
      0.303528
      0.303912
      0.304329
      0.304768
      0.305215
       0.30566
      0.306092
      0.306506
      0.306894
      0.307252
      0.307577
      0.307866
      0.308118
      0.308332
      0.308508
      0.308644
      0.308741
        0.3088
      0.308819
      0.301718
        0.3017
      0.301645
      0.301554
      0.301426
       0.30126
      0.301056
      0.300813
       0.30053
      0.300207
      0.299843
      0.299441
         0.299
      0.298525
      0.298018
      0.297486
      0.296937
      0.296381
       0.29583
        0.2953
      0.294805
      0.294365
      0.293996
      0.293714
      0.293533
       0.29346
      0.293502
      0.293652
      0.293907
       0.29425
      0.294668
      0.295143
      0.295656
      0.296191
      0.296732
      0.297267
      0.297784
      0.298276
      0.298734
      0.299155
      0.299534
      0.299871
      0.300164
      0.300411
      0.300613
       0.30077
      0.300882
      0.300949
      0.300972
      0.294439
      0.294419
      0.294357
      0.294255
       0.29411
      0.293923
      0.293692
      0.293415
      0.293093
      0.292723
      0.292306
      0.291841
       0.29133
      0.290775
       0.29018
      0.289551
      0.288897
      0.288229
      0.287562
      0.286915
      0.286306
       0.28576
      0.285299
      0.284946
      0.284718
      0.284628
      0.284681
      0.284873
      0.285194
      0.285625
      0.286146
      0.286733
      0.287362
      0.288013
      0.288666
      0.289305
      0.289919
      0.290498
      0.291035
      0.291525
      0.291965
      0.292354
       0.29269
      0.292973
      0.293204
      0.293383
      0.293511
      0.293587
      0.293612
      0.287657
      0.287635
      0.287566
      0.287452
      0.287291
      0.287081
      0.286821
       0.28651
      0.286146
      0.285727
      0.285252
       0.28472
      0.284131
      0.283488
      0.282794
      0.282054
      0.281278
      0.280479
      0.279673
      0.278884
      0.278134
      0.277456
       0.27688
      0.276434
      0.276147
      0.276032
      0.276103
      0.276347
      0.276755
      0.277298
      0.277948
      0.278675
      0.279445
      0.280235
      0.281019
      0.281781
      0.282506
      0.283184
      0.283808
      0.284375
       0.28488
      0.285325
      0.285707
      0.286029
       0.28629
      0.286492
      0.286636
      0.286721
       0.28675
      0.281381
      0.281356
      0.281281
      0.281154
      0.280976
      0.280743
      0.280454
      0.280107
        0.2797
      0.279228
      0.278692
      0.278088
      0.277415
      0.276675
       0.27587
      0.275005
      0.274089
      0.273136
      0.272164
      0.271201
      0.270277
       0.26943
      0.268703
      0.268137
       0.26777
      0.267625
      0.267716
      0.268033
      0.268555
      0.269245
      0.270061
      0.270962
      0.271906
      0.272863
      0.273802
      0.274704
      0.275555
      0.276344
      0.277065
      0.277714
       0.27829
      0.278794
      0.279226
      0.279588
       0.27988
      0.280106
      0.280267
      0.280362
      0.280394
      0.275619
      0.275591
      0.275509
       0.27537
      0.275174
      0.274918
        0.2746
      0.274216
      0.273764
      0.273239
      0.272637
      0.271957
      0.271194
      0.270349
      0.269421
      0.268416
      0.267338
      0.266206
      0.265036
      0.263862
      0.262719
      0.261659
      0.260736
      0.260008
      0.259536
      0.259346
       0.25947
      0.259882
      0.260559
       0.26144
      0.262469
       0.26359
      0.264747
      0.265904
      0.267024
      0.268089
       0.26908
      0.269992
      0.270818
      0.271556
      0.272208
      0.272774
      0.273257
       0.27366
      0.273986
      0.274236
      0.274413
      0.274519
      0.274554
      0.270379
      0.270349
      0.270259
      0.270109
      0.269895
      0.269616
      0.269268
      0.268848
       0.26835
      0.267769
      0.267102
      0.266342
      0.265484
      0.264526
      0.263465
      0.262303
      0.261046
      0.259705
      0.258302
      0.256869
      0.255452
      0.254114
      0.252929
      0.251982
      0.251356
      0.251108
      0.251274
      0.251826
      0.252714
      0.253856
      0.255164
      0.256562
      0.257981
      0.259375
      0.260705
      0.261953
      0.263101
      0.264146
      0.265084
      0.265917
      0.266646
      0.267277
      0.267813
      0.268258
      0.268616
      0.268891
      0.269085
      0.269201
       0.26924
      0.265668
      0.265636
       0.26554
      0.265377
      0.265147
      0.264846
      0.264469
      0.264012
      0.263469
      0.262833
      0.262098
      0.261256
        0.2603
      0.259224
       0.25802
      0.256689
      0.255229
      0.253652
      0.251971
      0.250229
      0.248465
       0.24677
      0.245231
      0.243979
      0.243142
        0.2428
      0.243037
      0.243782
      0.244969
      0.246464
      0.248135
      0.249886
      0.251622
      0.253297
      0.254867
      0.256319
      0.257638
      0.258825
      0.259881
      0.260811
       0.26162
      0.262316
      0.262904
      0.263391
      0.263781
       0.26408
      0.264292
      0.264417
      0.264459
      0.261495
      0.261461
      0.261358
      0.261184
      0.260938
      0.260615
      0.260211
      0.259718
      0.259132
      0.258442
      0.257641
      0.256718
      0.255663
      0.254465
      0.253114
      0.251601
      0.249922
      0.248079
      0.246083
      0.243965
      0.241776
      0.239608
      0.237584
      0.235888
      0.234717
      0.234241
      0.234576
      0.235632
      0.237256
      0.239245
      0.241401
      0.243592
      0.245711
      0.247708
      0.249547
      0.251218
      0.252718
      0.254052
      0.255228
      0.256255
      0.257144
      0.257903
      0.258543
       0.25907
      0.259492
      0.259814
      0.260041
      0.260176
      0.260221
      0.257865
      0.257829
       0.25772
      0.257537
      0.257276
      0.256933
      0.256503
      0.255978
      0.255351
       0.25461
      0.253746
      0.252745
      0.251592
      0.250273
      0.248772
      0.247072
      0.245159
      0.243028
      0.240672
      0.238119
      0.235397
      0.232624
      0.229922
      0.227583
      0.225903
      0.225178
      0.225707
      0.227233
      0.229504
      0.232195
      0.234981
      0.237726
      0.240293
      0.242655
      0.244784
      0.246687
      0.248372
      0.249854
      0.251148
       0.25227
      0.253234
      0.254054
      0.254742
      0.255306
      0.255757
      0.256101
      0.256343
      0.256486
      0.256534
      0.254786
      0.254748
      0.254634
      0.254442
      0.254168
      0.253807
      0.253354
        0.2528
      0.252136
      0.251349
      0.250427
      0.249353
      0.248109
      0.246675
      0.245028
      0.243143
      0.240995
       0.23856
      0.235819
      0.232769
      0.229427
      0.225871
      0.222247
      0.218901
      0.216294
      0.215143
      0.215987
      0.218387
      0.221693
      0.225373
      0.228995
      0.232386
      0.235461
      0.238208
      0.240637
       0.24277
      0.244635
      0.246257
      0.247662
      0.248871
      0.249905
       0.25078
      0.251511
       0.25211
      0.252586
      0.252949
      0.253204
      0.253355
      0.253405
      0.252262
      0.252222
      0.252104
      0.251904
       0.25162
      0.251244
      0.250772
      0.250193
      0.249497
      0.248671
      0.247698
       0.24656
      0.245236
      0.243697
      0.241917
      0.239857
      0.237482
      0.234745
      0.231603
       0.22802
       0.22396
      0.219457
      0.214552
      0.209727
      0.205475
      0.203363
       0.20497
      0.208908
      0.213796
      0.218918
      0.223562
      0.227701
      0.231311
      0.234448
      0.237165
      0.239513
      0.241543
       0.24329
      0.244793
      0.246078
      0.247172
      0.248094
      0.248861
      0.249488
      0.249987
      0.250365
      0.250631
      0.250789
      0.250841
      0.250297
      0.250256
      0.250135
      0.249929
      0.249636
       0.24925
      0.248762
      0.248164
      0.247443
      0.246585
      0.245572
      0.244382
      0.242991
      0.241366
      0.239472
      0.237261
      0.234683
      0.231669
      0.228147
      0.224031
      0.219234
      0.213678
      0.207313
      0.200177
      0.192864
      0.188065
      0.191108
       0.19872
      0.206434
      0.213232
      0.219009
      0.223875
      0.227987
       0.23147
      0.234435
      0.236965
      0.239129
      0.240979
       0.24256
      0.243906
      0.245047
      0.246005
      0.246801
       0.24745
      0.247966
      0.248356
       0.24863
      0.248793
      0.248846
      0.248896
      0.248854
      0.248731
      0.248521
      0.248223
      0.247828
      0.247331
      0.246719
      0.245981
      0.245101
       0.24406
      0.242833
      0.241395
      0.239706
      0.237727
        0.2354
      0.232662
      0.229419
      0.225573
      0.220977
      0.215482
      0.208886
      0.200994
      0.190931
       0.17786
      0.165061
      0.172843
      0.188632
      0.200227
      0.208836
      0.215663
      0.221124
       0.22563
      0.229366
      0.232514
       0.23517
      0.237429
      0.239348
      0.240982
      0.242368
      0.243541
      0.244523
      0.245338
      0.246002
      0.246528
      0.246927
      0.247206
      0.247371
      0.247426
       0.24806
      0.248018
      0.247893
      0.247682
      0.247381
      0.246983
       0.24648
      0.245862
      0.245116
      0.244224
      0.243168
      0.241922
      0.240457
      0.238733
      0.236704
      0.234307
      0.231466
      0.228073
      0.223995
      0.219038
      0.212972
      0.205493
      0.196241
      0.184714
      0.170742
      0.155496
      0.161362
      0.182893
      0.196737
      0.206472
      0.213844
      0.219638
      0.224335
      0.228204
      0.231436
      0.234155
      0.236458
       0.23841
      0.240068
      0.241473
       0.24266
      0.243653
      0.244476
      0.245146
      0.245677
      0.246079
      0.246361
      0.246528
      0.246583
      0.247791
       0.24775
      0.247625
      0.247414
      0.247113
      0.246716
      0.246214
      0.245596
       0.24485
      0.243959
      0.242903
      0.241656
      0.240189
       0.23846
      0.236425
      0.234011
      0.231145
      0.227697
       0.22353
       0.21838
      0.211963
      0.203871
      0.193668
      0.180789
      0.164763
      0.156935
       0.16749
      0.184947
      0.197534
        0.2067
      0.213877
       0.21955
      0.224198
      0.228027
       0.23124
      0.233941
      0.236233
      0.238175
      0.239827
      0.241226
      0.242408
      0.243398
      0.244219
      0.244886
      0.245416
      0.245816
      0.246097
      0.246263
      0.246319
      0.248089
      0.248049
      0.247925
      0.247717
      0.247419
      0.247026
       0.24653
       0.24592
      0.245184
      0.244304
      0.243263
      0.242034
      0.240589
      0.238888
      0.236885
      0.234514
      0.231696
       0.22831
      0.224201
      0.219112
      0.212677
       0.20421
      0.193104
      0.179568
      0.165221
      0.172491
      0.181321
      0.191934
      0.201345
      0.209136
      0.215529
      0.220786
      0.225157
      0.228815
      0.231902
      0.234518
      0.236744
       0.23864
      0.240254
      0.241625
      0.242785
      0.243757
      0.244564
      0.245221
      0.245742
      0.246137
      0.246414
      0.246578
      0.246632
      0.248954
      0.248914
      0.248793
      0.248589
      0.248298
      0.247914
      0.247429
      0.246833
      0.246115
      0.245259
      0.244246
      0.243053
      0.241654
      0.240011
      0.238084
       0.23581
      0.233123
      0.229908
      0.226043
      0.221282
      0.215358
      0.206868
       0.19428
      0.178154
      0.178579
      0.186117
      0.193247
      0.200159
      0.206918
       0.21318
      0.218577
      0.223205
      0.227153
       0.23052
      0.233402
      0.235868
      0.237983
      0.239794
      0.241344
      0.242665
      0.243786
      0.244727
      0.245511
      0.246149
      0.246656
      0.247041
      0.247311
      0.247471
      0.247524
      0.250383
      0.250344
      0.250227
      0.250029
      0.249747
      0.249375
      0.248906
      0.248331
      0.247639
      0.246815
      0.245844
      0.244703
      0.243369
      0.241811
      0.239992
      0.237863
      0.235365
      0.232416
      0.228912
      0.224698
      0.219565
      0.213164
      0.205505
       0.19835
      0.196969
      0.199655
      0.203809
      0.208573
      0.213512
      0.218301
      0.222685
      0.226603
      0.230049
       0.23306
      0.235679
      0.237951
      0.239919
      0.241618
      0.243081
      0.244334
      0.245402
      0.246302
      0.247052
      0.247666
      0.248153
      0.248524
      0.248784
      0.248938
      0.248989
      0.252373
      0.252336
      0.252223
      0.252033
      0.251763
      0.251406
      0.250958
      0.250409
      0.249749
      0.248967
      0.248047
      0.246971
       0.24572
      0.244267
      0.242584
      0.240632
       0.23837
      0.235744
      0.232689
      0.229132
      0.224984
       0.22041
      0.215554
      0.211793
      0.210602
       0.21139
      0.213668
      0.216871
      0.220413
      0.224051
      0.227529
      0.230775
      0.233712
      0.236343
      0.238673
      0.240726
      0.242523
       0.24409
      0.245449
      0.246621
      0.247623
      0.248473
      0.249183
      0.249765
      0.250228
      0.250581
      0.250829
      0.250976
      0.251025
       0.25492
      0.254885
      0.254778
      0.254597
       0.25434
      0.254002
      0.253577
      0.253058
      0.252437
      0.251702
      0.250842
      0.249841
      0.248684
      0.247351
      0.245819
      0.244064
       0.24206
      0.239778
      0.237193
      0.234297
      0.231116
       0.22781
      0.224652
      0.222264
      0.221228
      0.221487
      0.222831
      0.224936
       0.22747
      0.230199
      0.232935
      0.235571
       0.23803
      0.240285
      0.242321
      0.244143
      0.245759
      0.247182
      0.248426
      0.249507
      0.250437
      0.251228
      0.251892
      0.252439
      0.252875
      0.253207
      0.253441
       0.25358
      0.253627
       0.25802
      0.257986
      0.257885
      0.257715
      0.257473
      0.257155
      0.256757
      0.256272
      0.255693
       0.25501
      0.254215
      0.253296
       0.25224
      0.251032
      0.249659
      0.248107
      0.246359
      0.244412
      0.242258
      0.239937
      0.237487
      0.235086
      0.232922
      0.231281
      0.230491
      0.230507
      0.231322
      0.232734
      0.234548
      0.236604
      0.238737
      0.240864
      0.242898
      0.244808
      0.246562
      0.248158
      0.249591
      0.250866
      0.251992
      0.252976
      0.253828
      0.254558
      0.255172
      0.255679
      0.256085
      0.256395
      0.256614
      0.256744
      0.256787
      0.261666
      0.261635
       0.26154
      0.261381
      0.261155
       0.26086
       0.26049
       0.26004
      0.259506
      0.258879
      0.258152
      0.257317
      0.256364
      0.255284
       0.25407
      0.252714
      0.251212
       0.24957
      0.247801
      0.245944
       0.24406
      0.242263
      0.240694
       0.23952
      0.238896
      0.238848
      0.239363
      0.240341
      0.241664
      0.243215
      0.244882
      0.246584
      0.248256
      0.249855
      0.251352
      0.252732
      0.253988
      0.255118
      0.256124
       0.25701
      0.257783
      0.258448
       0.25901
      0.259476
       0.25985
      0.260137
      0.260339
       0.26046
        0.2605
      0.265852
      0.265823
      0.265736
      0.265589
       0.26538
      0.265107
      0.264767
      0.264354
      0.263866
      0.263295
      0.262637
      0.261886
      0.261035
       0.26008
      0.259016
      0.257844
      0.256564
      0.255191
       0.25374
      0.252258
       0.25079
      0.249426
      0.248262
      0.247387
      0.246908
       0.24683
       0.24717
      0.247859
      0.248836
      0.250016
      0.251318
      0.252682
      0.254047
      0.255379
      0.256645
       0.25783
       0.25892
      0.259911
      0.260802
      0.261593
      0.262286
      0.262886
      0.263396
       0.26382
      0.264162
      0.264424
       0.26461
       0.26472
      0.264757
      0.270572
      0.270545
      0.270465
       0.27033
      0.270139
      0.269889
      0.269578
      0.269203
      0.268761
      0.268246
      0.267656
      0.266986
      0.266234
      0.265396
      0.264473
      0.263467
      0.262385
      0.261242
      0.260057
      0.258866
      0.257714
      0.256659
      0.255769
      0.255105
      0.254726
      0.254649
      0.254879
      0.255382
      0.256114
       0.25702
      0.258044
      0.259136
       0.26025
      0.261353
      0.262417
      0.263426
      0.264364
      0.265227
      0.266008
      0.266707
      0.267323
       0.26786
      0.268318
      0.268701
       0.26901
      0.269248
      0.269416
      0.269517
       0.26955
      0.275818
      0.275793
       0.27572
      0.275597
      0.275423
      0.275197
      0.274916
      0.274578
       0.27418
       0.27372
      0.273195
      0.272603
      0.271942
      0.271214
      0.270418
      0.269561
       0.26865
      0.267701
      0.266731
      0.265773
      0.264859
      0.264034
      0.263346
      0.262831
      0.262534
       0.26246
      0.262622
      0.262992
      0.263549
      0.264251
      0.265058
      0.265934
      0.266841
      0.267753
      0.268643
      0.269497
        0.2703
      0.271045
      0.271724
      0.272337
      0.272881
      0.273357
      0.273766
      0.274108
      0.274385
      0.274599
      0.274751
      0.274842
      0.274872
      0.281582
       0.28156
      0.281493
      0.281382
      0.281226
      0.281022
       0.28077
      0.280467
      0.280113
      0.279705
      0.279242
      0.278723
      0.278147
      0.277517
      0.276836
      0.276109
      0.275345
      0.274558
      0.273765
       0.27299
       0.27226
      0.271608
      0.271066
      0.270663
      0.270425
      0.270361
      0.270476
      0.270756
      0.271184
      0.271733
      0.272374
      0.273077
      0.273816
      0.274567
       0.27531
      0.276029
      0.276712
      0.277351
      0.277938
      0.278472
      0.278948
      0.279367
      0.279728
      0.280031
      0.280278
      0.280468
      0.280604
      0.280685
      0.280712
      0.287856
      0.287836
      0.287777
      0.287678
      0.287537
      0.287356
      0.287131
      0.286863
      0.286549
       0.28619
      0.285785
      0.285333
      0.284835
      0.284294
      0.283713
      0.283099
       0.28246
      0.281809
      0.281159
      0.280531
      0.279945
      0.279425
      0.278997
      0.278677
      0.278487
      0.278431
      0.278515
      0.278729
      0.279061
      0.279493
      0.280003
      0.280569
      0.281171
      0.281789
      0.282406
       0.28301
      0.283587
      0.284132
      0.284637
      0.285097
      0.285511
      0.285877
      0.286193
       0.28646
      0.286678
      0.286847
      0.286967
      0.287039
      0.287063
      0.294633
      0.294615
      0.294562
      0.294474
       0.29435
      0.294189
      0.293991
      0.293755
       0.29348
      0.293166
      0.292813
      0.292423
      0.291995
      0.291533
      0.291041
      0.290524
      0.289992
      0.289453
       0.28892
       0.28841
      0.287937
      0.287521
      0.287179
      0.286924
       0.28677
      0.286723
      0.286785
       0.28695
      0.287211
      0.287552
       0.28796
      0.288417
      0.288907
      0.289415
      0.289926
       0.29043
      0.290917
      0.291378
      0.291809
      0.292204
      0.292561
      0.292878
      0.293153
      0.293387
      0.293577
      0.293725
      0.293831
      0.293894
      0.293915
      0.301903
      0.301888
      0.301841
      0.301764
      0.301654
      0.301513
       0.30134
      0.301134
      0.300895
      0.300623
      0.300319
      0.299983
      0.299618
      0.299226
      0.298811
      0.298379
      0.297936
      0.297491
      0.297055
       0.29664
      0.296259
      0.295924
       0.29565
      0.295445
      0.295322
      0.295281
      0.295328
      0.295456
      0.295661
      0.295932
      0.296259
      0.296628
      0.297026
      0.297442
      0.297865
      0.298284
      0.298692
      0.299081
      0.299446
      0.299783
      0.300088
      0.300361
      0.300598
        0.3008
      0.300966
      0.301094
      0.301186
      0.301242
       0.30126
      0.309659
      0.309646
      0.309605
      0.309538
      0.309443
       0.30932
       0.30917
      0.308992
      0.308786
      0.308552
      0.308292
      0.308006
      0.307697
      0.307367
      0.307019
      0.306659
      0.306292
      0.305926
       0.30557
      0.305233
      0.304924
      0.304655
      0.304434
       0.30427
       0.30417
      0.304137
      0.304172
      0.304272
      0.304434
       0.30465
      0.304911
      0.305209
      0.305533
      0.305873
       0.30622
      0.306567
      0.306907
      0.307232
      0.307539
      0.307824
      0.308084
      0.308316
      0.308519
      0.308693
      0.308835
      0.308946
      0.309025
      0.309073
      0.309089
      0.317893
      0.317881
      0.317846
      0.317788
      0.317706
      0.317601
      0.317472
       0.31732
      0.317144
      0.316946
      0.316725
      0.316485
      0.316225
      0.315949
      0.315659
      0.315361
       0.31506
       0.31476
       0.31447
      0.314197
      0.313948
      0.313731
      0.313554
      0.313423
      0.313342
      0.313314
      0.313341
      0.313419
      0.313548
      0.313719
      0.313928
      0.314168
      0.314429
      0.314706
       0.31499
      0.315276
      0.315556
      0.315827
      0.316083
      0.316322
       0.31654
      0.316736
      0.316908
      0.317055
      0.317176
      0.317271
      0.317338
      0.317379
      0.317393
      0.326596
      0.326586
      0.326556
      0.326507
      0.326437
      0.326348
      0.326239
      0.326111
      0.325963
      0.325796
      0.325612
      0.325411
      0.325195
      0.324967
      0.324729
      0.324485
      0.324239
      0.323996
      0.323761
      0.323541
      0.323341
      0.323167
      0.323026
      0.322921
      0.322856
      0.322833
      0.322853
      0.322915
      0.323016
      0.323152
      0.323318
       0.32351
       0.32372
      0.323944
      0.324174
      0.324407
      0.324636
      0.324859
       0.32507
      0.325268
       0.32545
      0.325613
      0.325757
       0.32588
      0.325982
      0.326061
      0.326118
      0.326152
      0.326164
       0.33576
      0.335751
      0.335727
      0.335685
      0.335628
      0.335553
      0.335463
      0.335356
      0.335234
      0.335097
      0.334945
       0.33478
      0.334604
      0.334418
      0.334225
      0.334027
      0.333829
      0.333634
      0.333446
      0.333271
      0.333112
      0.332974
      0.332862
      0.332779
      0.332727
      0.332709
      0.332724
      0.332772
      0.332851
      0.332958
      0.333089
      0.333241
      0.333408
      0.333586
      0.333771
      0.333958
      0.334144
      0.334324
      0.334496
      0.334657
      0.334806
       0.33494
      0.335058
       0.33516
      0.335243
      0.335309
      0.335356
      0.335385
      0.335394
      0.345377
       0.34537
       0.34535
      0.345316
      0.345269
      0.345209
      0.345136
       0.34505
      0.344951
       0.34484
      0.344718
      0.344586
      0.344445
      0.344297
      0.344143
      0.343987
       0.34383
      0.343677
      0.343529
      0.343392
      0.343268
       0.34316
      0.343073
      0.343008
      0.342968
      0.342953
      0.342965
      0.343001
      0.343062
      0.343145
      0.343247
      0.343365
      0.343495
      0.343635
      0.343781
      0.343928
      0.344075
      0.344218
      0.344355
      0.344483
      0.344602
       0.34471
      0.344805
      0.344886
      0.344954
      0.345007
      0.345045
      0.345068
      0.345076
      0.355439
      0.355434
      0.355418
      0.355392
      0.355355
      0.355308
      0.355251
      0.355184
      0.355107
      0.355021
      0.354926
      0.354824
      0.354715
        0.3546
      0.354482
      0.354362
      0.354243
      0.354125
      0.354013
      0.353909
      0.353815
      0.353733
      0.353667
      0.353618
      0.353588
      0.353576
      0.353585
      0.353612
      0.353658
       0.35372
      0.353797
      0.353886
      0.353985
      0.354091
      0.354202
      0.354315
      0.354427
      0.354537
      0.354642
      0.354741
      0.354833
      0.354917
       0.35499
      0.355054
      0.355106
      0.355147
      0.355177
      0.355195
      0.355201
       0.36594
      0.365936
      0.365925
      0.365905
      0.365878
      0.365844
      0.365801
      0.365752
      0.365695
      0.365632
      0.365563
      0.365488
      0.365409
      0.365325
       0.36524
      0.365153
      0.365066
      0.364981
        0.3649
      0.364825
      0.364757
      0.364699
      0.364651
      0.364616
      0.364594
      0.364586
      0.364592
      0.364611
      0.364644
      0.364688
      0.364743
      0.364807
      0.364879
      0.364955
      0.365035
      0.365116
      0.365198
      0.365278
      0.365354
      0.365426
      0.365493
      0.365554
      0.365608
      0.365655
      0.365693
      0.365723
      0.365745
      0.365758
      0.365763
      0.376872
      0.376869
      0.376861
      0.376849
      0.376831
      0.376808
       0.37678
      0.376748
      0.376711
      0.376669
      0.376624
      0.376575
      0.376523
      0.376469
      0.376413
      0.376356
        0.3763
      0.376245
      0.376192
      0.376144
        0.3761
      0.376062
      0.376032
      0.376009
      0.375995
      0.375989
      0.375993
      0.376005
      0.376026
      0.376055
       0.37609
      0.376132
      0.376178
      0.376227
      0.376279
      0.376332
      0.376385
      0.376437
      0.376487
      0.376534
      0.376578
      0.376617
      0.376653
      0.376683
      0.376708
      0.376728
      0.376742
      0.376751
      0.376754
      0.388227
      0.388226
      0.388222
      0.388216
      0.388207
      0.388196
      0.388182
      0.388166
      0.388147
      0.388127
      0.388104
       0.38808
      0.388055
      0.388028
         0.388
      0.387972
      0.387945
      0.387917
      0.387892
      0.387868
      0.387846
      0.387828
      0.387813
      0.387802
      0.387795
      0.387792
      0.387794
        0.3878
       0.38781
      0.387824
      0.387841
      0.387862
      0.387884
      0.387909
      0.387934
       0.38796
      0.387986
      0.388012
      0.388036
       0.38806
      0.388081
      0.388101
      0.388118
      0.388133
      0.388146
      0.388156
      0.388163
      0.388167
      0.388169
           0.4
           0.4
           0.4
           0.4
           0.4
           0.4
           0.4
           0.4
           0.4
           0.4
           0.4
           0.4
           0.4
           0.4
           0.4
           0.4
           0.4
           0.4
           0.4
           0.4
           0.4
           0.4
           0.4
           0.4
           0.4
           0.4
           0.4
           0.4
           0.4
           0.4
           0.4
           0.4
           0.4
           0.4
           0.4
           0.4
           0.4
           0.4
           0.4
           0.4
           0.4
           0.4
           0.4
           0.4
           0.4
           0.4
           0.4
           0.4
           0.4
