           0.4
           0.4
           0.4
           0.4
           0.4
           0.4
           0.4
           0.4
           0.4
           0.4
           0.4
           0.4
           0.4
           0.4
           0.4
           0.4
           0.4
           0.4
           0.4
           0.4
           0.4
           0.4
           0.4
           0.4
           0.4
           0.4
           0.4
           0.4
           0.4
           0.4
           0.4
           0.4
           0.4
           0.4
           0.4
           0.4
           0.4
           0.4
           0.4
           0.4
           0.4
           0.4
           0.4
           0.4
           0.4
           0.4
           0.4
           0.4
           0.4
      0.389023
       0.38902
       0.38901
      0.388994
      0.388972
      0.388944
       0.38891
       0.38887
      0.388825
      0.388774
      0.388719
       0.38866
      0.388597
      0.388532
      0.388465
      0.388398
      0.388332
      0.388267
      0.388207
      0.388151
      0.388101
       0.38806
      0.388026
      0.388003
      0.387989
      0.387986
      0.387994
      0.388012
      0.388039
      0.388076
       0.38812
      0.388171
      0.388226
      0.388286
      0.388348
      0.388411
      0.388474
      0.388535
      0.388594
      0.388649
        0.3887
      0.388747
      0.388788
      0.388823
      0.388853
      0.388876
      0.388892
      0.388902
      0.388906
      0.378459
      0.378452
      0.378433
      0.378401
      0.378357
        0.3783
      0.378231
      0.378151
      0.378059
      0.377957
      0.377846
      0.377726
      0.377599
      0.377467
      0.377332
      0.377196
      0.377062
      0.376932
      0.376808
      0.376695
      0.376595
      0.376509
      0.376442
      0.376394
      0.376366
       0.37636
      0.376376
      0.376412
      0.376469
      0.376543
      0.376633
      0.376736
       0.37685
      0.376971
      0.377096
      0.377224
      0.377351
      0.377475
      0.377594
      0.377706
      0.377809
      0.377903
      0.377986
      0.378058
      0.378117
      0.378163
      0.378197
      0.378217
      0.378224
      0.368309
      0.368299
       0.36827
      0.368222
      0.368154
      0.368068
      0.367964
      0.367842
      0.367702
      0.367547
      0.367377
      0.367195
      0.367001
        0.3668
      0.366593
      0.366385
      0.366179
      0.365979
      0.365789
      0.365615
       0.36546
      0.365329
      0.365224
       0.36515
      0.365108
      0.365099
      0.365123
       0.36518
      0.365267
      0.365382
      0.365521
       0.36568
      0.365855
      0.366042
      0.366235
      0.366431
      0.366625
      0.366815
      0.366997
      0.367168
      0.367326
      0.367469
      0.367595
      0.367704
      0.367794
      0.367864
      0.367915
      0.367946
      0.367956
      0.358576
      0.358563
      0.358523
      0.358458
      0.358367
      0.358251
      0.358109
      0.357943
      0.357754
      0.357543
      0.357312
      0.357063
      0.356799
      0.356523
       0.35624
      0.355954
       0.35567
      0.355394
      0.355133
      0.354892
      0.354678
      0.354496
      0.354351
      0.354248
      0.354191
      0.354178
      0.354213
      0.354292
      0.354414
      0.354573
      0.354767
      0.354987
      0.355229
      0.355487
      0.355753
      0.356023
       0.35629
       0.35655
      0.356799
      0.357032
      0.357248
      0.357443
      0.357614
      0.357762
      0.357884
       0.35798
      0.358049
      0.358091
      0.358105
      0.349262
      0.349246
      0.349196
      0.349113
      0.348997
      0.348849
      0.348668
      0.348456
      0.348214
      0.347944
      0.347648
      0.347327
      0.346987
      0.346631
      0.346264
      0.345893
      0.345524
      0.345165
      0.344824
      0.344508
      0.344227
      0.343989
      0.343799
      0.343664
      0.343588
      0.343573
      0.343619
      0.343724
      0.343885
      0.344096
      0.344351
      0.344641
      0.344958
      0.345295
      0.345642
      0.345993
       0.34634
      0.346676
      0.346997
      0.347299
      0.347576
      0.347825
      0.348046
      0.348235
      0.348391
      0.348514
      0.348602
      0.348655
      0.348672
      0.340372
      0.340352
      0.340291
      0.340189
      0.340047
      0.339865
      0.339643
      0.339382
      0.339084
      0.338751
      0.338383
      0.337986
      0.337563
      0.337119
       0.33666
      0.336194
       0.33573
      0.335277
      0.334845
      0.334445
      0.334088
      0.333784
      0.333542
       0.33337
      0.333274
      0.333255
      0.333316
      0.333451
      0.333658
      0.333929
      0.334254
      0.334623
      0.335027
      0.335453
      0.335892
      0.336333
      0.336768
       0.33719
       0.33759
      0.337965
      0.338309
      0.338619
      0.338891
      0.339124
      0.339317
      0.339468
      0.339576
      0.339641
      0.339663
      0.331909
      0.331885
      0.331812
      0.331691
      0.331521
      0.331303
      0.331037
      0.330724
      0.330366
      0.329964
       0.32952
      0.329038
      0.328524
      0.327982
       0.32742
      0.326848
      0.326276
      0.325715
      0.325179
      0.324681
      0.324235
      0.323855
      0.323552
      0.323337
      0.323217
      0.323195
      0.323272
      0.323445
      0.323707
      0.324048
      0.324456
      0.324919
      0.325422
      0.325951
      0.326494
      0.327038
      0.327573
      0.328089
      0.328577
      0.329033
      0.329449
      0.329824
      0.330153
      0.330434
      0.330665
      0.330846
      0.330976
      0.331054
       0.33108
      0.323878
      0.323849
      0.323764
      0.323622
      0.323423
      0.323167
      0.322854
      0.322485
      0.322062
      0.321585
      0.321058
      0.320484
      0.319868
      0.319217
       0.31854
      0.317848
      0.317152
      0.316467
       0.31581
      0.315197
      0.314647
      0.314175
        0.3138
      0.313533
      0.313385
      0.313359
      0.313458
      0.313675
      0.314003
      0.314429
      0.314936
      0.315509
      0.316129
      0.316778
      0.317441
      0.318103
      0.318749
      0.319371
      0.319957
      0.320502
      0.320999
      0.321444
      0.321834
      0.322166
       0.32244
      0.322653
      0.322806
      0.322898
      0.322928
      0.316283
       0.31625
      0.316152
      0.315988
      0.315757
      0.315461
      0.315098
       0.31467
      0.314176
      0.313619
         0.313
      0.312324
      0.311596
      0.310824
      0.310016
      0.309186
      0.308348
      0.307519
      0.306718
      0.305969
      0.305293
      0.304713
       0.30425
       0.30392
      0.303737
      0.303708
      0.303833
      0.304106
      0.304515
      0.305044
      0.305671
      0.306375
      0.307133
      0.307924
      0.308726
      0.309522
      0.310297
      0.311038
      0.311734
      0.312377
      0.312962
      0.313484
       0.31394
      0.314328
      0.314646
      0.314894
      0.315072
      0.315178
      0.315214
      0.309131
      0.309093
      0.308981
      0.308794
      0.308531
      0.308191
      0.307775
      0.307283
      0.306714
      0.306069
      0.305351
      0.304563
      0.303711
      0.302802
      0.301846
      0.300858
      0.299854
      0.298856
      0.297887
      0.296975
      0.296148
      0.295434
      0.294863
      0.294456
      0.294232
      0.294197
      0.294357
      0.294698
      0.295209
      0.295864
      0.296637
      0.297499
      0.298422
      0.299379
      0.300343
      0.301295
      0.302215
       0.30309
      0.303908
      0.304662
      0.305343
      0.305949
      0.306477
      0.306924
      0.307291
      0.307576
      0.307779
      0.307901
      0.307942
      0.302427
      0.302384
      0.302258
      0.302046
      0.301749
      0.301364
      0.300892
      0.300332
      0.299682
      0.298943
      0.298117
      0.297206
      0.296216
      0.295153
       0.29403
      0.292861
      0.291666
      0.290468
      0.289298
      0.288189
      0.287176
      0.286299
      0.285593
      0.285089
      0.284813
      0.284774
      0.284976
      0.285406
      0.286043
      0.286855
      0.287807
      0.288863
      0.289983
      0.291136
       0.29229
      0.293421
      0.294507
      0.295534
      0.296488
      0.297362
       0.29815
      0.298847
      0.299451
      0.299962
       0.30038
      0.300704
      0.300935
      0.301074
       0.30112
      0.296178
      0.296131
      0.295989
      0.295752
      0.295419
      0.294988
      0.294456
      0.293824
      0.293088
      0.292249
      0.291305
       0.29026
      0.289117
      0.287885
      0.286571
      0.285196
      0.283777
      0.282346
      0.280934
      0.279586
      0.278346
      0.277263
       0.27639
      0.275762
      0.275421
      0.275375
      0.275634
      0.276175
      0.276973
      0.277982
      0.279156
      0.280447
      0.281805
      0.283191
      0.284566
      0.285904
      0.287179
      0.288376
      0.289481
      0.290488
      0.291389
      0.292185
      0.292872
      0.293451
      0.293922
      0.294288
      0.294548
      0.294704
      0.294755
      0.290391
      0.290339
      0.290182
      0.289919
      0.289549
      0.289069
      0.288476
      0.287769
      0.286943
      0.285996
      0.284928
      0.283738
      0.282428
      0.281006
       0.27948
      0.277868
      0.276191
      0.274482
      0.272782
      0.271141
      0.269617
      0.268277
      0.267185
        0.2664
      0.265971
       0.26592
      0.266252
      0.266941
      0.267945
      0.269206
      0.270658
      0.272237
      0.273883
      0.275545
      0.277179
      0.278753
      0.280241
      0.281627
      0.282898
      0.284049
      0.285074
      0.285974
      0.286748
      0.287398
      0.287927
      0.288335
      0.288625
      0.288799
      0.288856
      0.285074
      0.285016
      0.284844
      0.284555
      0.284147
      0.283618
      0.282962
      0.282176
      0.281256
      0.280198
      0.278996
      0.277651
      0.276161
      0.274531
      0.272767
      0.270888
      0.268911
      0.266878
      0.264829
       0.26283
      0.260952
      0.259282
      0.257911
      0.256916
      0.256378
      0.256315
      0.256749
      0.257628
      0.258903
      0.260484
      0.262285
      0.264222
      0.266213
      0.268203
      0.270136
      0.271981
      0.273707
      0.275302
      0.276754
       0.27806
      0.279216
      0.280226
      0.281092
      0.281816
      0.282402
      0.282855
      0.283176
      0.283367
      0.283431
      0.280234
      0.280171
      0.279983
      0.279668
      0.279223
      0.278643
      0.277924
      0.277059
      0.276043
      0.274868
      0.273529
       0.27202
      0.270337
      0.268482
      0.266457
      0.264277
       0.26196
      0.259545
      0.257079
      0.254638
      0.252311
      0.250214
      0.248468
      0.247195
        0.2465
      0.246429
      0.246997
      0.248142
      0.249775
      0.251776
       0.25402
      0.256397
      0.258808
      0.261182
      0.263461
      0.265609
      0.267601
      0.269423
      0.271069
      0.272538
      0.273832
      0.274956
      0.275915
      0.276715
       0.27736
      0.277857
      0.278209
      0.278419
      0.278489
      0.275879
      0.275811
      0.275608
      0.275267
      0.274785
      0.274156
      0.273373
       0.27243
      0.271317
      0.270024
      0.268543
      0.266865
      0.264979
      0.262884
      0.260575
      0.258063
      0.255359
      0.252503
      0.249537
      0.246556
      0.243657
      0.241003
      0.238759
      0.237098
      0.236197
      0.236105
       0.23687
      0.238372
      0.240489
       0.24304
      0.245846
      0.248771
      0.251683
      0.254509
      0.257179
      0.259667
      0.261946
      0.264013
      0.265863
      0.267503
      0.268938
      0.270178
      0.271232
      0.272107
      0.272812
      0.273353
      0.273735
      0.273963
      0.274039
      0.272016
      0.271944
      0.271727
      0.271361
      0.270843
      0.270166
      0.269322
      0.268302
      0.267094
      0.265685
      0.264062
      0.262212
       0.26012
      0.257774
      0.255166
      0.252293
      0.249162
        0.2458
      0.242249
      0.238601
      0.234977
      0.231577
      0.228634
      0.226426
      0.225209
      0.225105
      0.226148
      0.228176
      0.230963
       0.23425
      0.237782
      0.241379
       0.24489
      0.248231
      0.251342
      0.254198
      0.256784
      0.259105
      0.261165
      0.262977
      0.264554
       0.26591
      0.267056
      0.268005
      0.268767
      0.269351
      0.269763
      0.270008
       0.27009
      0.268654
      0.268577
      0.268346
      0.267958
      0.267407
      0.266685
      0.265783
       0.26469
      0.263391
       0.26187
       0.26011
       0.25809
      0.255791
      0.253193
      0.250274
      0.247023
      0.243427
      0.239502
      0.235266
      0.230818
      0.226258
      0.221872
      0.217947
      0.214931
      0.213276
      0.213121
       0.21461
      0.217392
      0.221117
      0.225398
       0.22985
      0.234277
      0.238485
      0.242413
      0.246002
       0.24925
      0.252155
      0.254734
      0.257005
      0.258987
      0.260702
      0.262168
      0.263404
      0.264423
      0.265239
      0.265863
      0.266303
      0.266564
      0.266651
      0.265798
      0.265718
      0.265475
      0.265065
      0.264484
      0.263722
      0.262767
      0.261607
      0.260224
      0.258599
       0.25671
      0.254531
      0.252034
       0.24919
      0.245965
      0.242329
      0.238253
      0.233721
       0.22873
      0.223328
      0.217616
       0.21187
      0.206493
      0.202228
      0.199818
      0.199644
      0.201829
      0.205822
      0.210926
      0.216548
      0.222185
      0.227587
      0.232593
      0.237151
      0.241245
       0.24489
      0.248112
      0.250943
      0.253415
      0.255559
      0.257403
      0.258972
      0.260289
      0.261372
      0.262237
      0.262897
      0.263362
      0.263638
       0.26373
      0.263456
      0.263372
      0.263119
      0.262691
      0.262084
      0.261286
      0.260287
      0.259068
      0.257612
      0.255895
      0.253891
      0.251567
       0.24889
      0.245817
      0.242303
      0.238297
      0.233745
      0.228593
      0.222788
      0.216317
      0.209168
      0.201649
      0.194067
      0.187808
      0.184258
       0.18394
      0.187376
       0.19328
      0.200363
       0.20784
      0.214924
      0.221473
      0.227343
      0.232562
      0.237159
       0.24119
      0.244712
      0.247775
      0.250431
      0.252719
      0.254678
      0.256338
      0.257727
      0.258865
      0.259773
      0.260464
      0.260951
      0.261239
      0.261335
      0.261632
      0.261545
      0.261283
      0.260842
      0.260214
      0.259387
       0.25835
      0.257084
      0.255567
      0.253774
      0.251674
       0.24923
      0.246399
      0.243129
      0.239363
      0.235026
      0.230039
      0.224304
      0.217712
      0.210144
      0.201479
      0.191626
      0.180849
        0.1708
      0.165853
      0.164598
      0.170107
      0.179685
      0.189919
      0.199669
      0.208458
      0.216207
      0.222951
      0.228794
      0.233853
      0.238228
       0.24201
      0.245274
      0.248085
      0.250494
      0.252547
      0.254282
      0.255728
      0.256912
      0.257854
      0.258571
      0.259074
      0.259373
      0.259472
      0.260332
      0.260243
      0.259975
      0.259522
      0.258879
      0.258032
      0.256968
      0.255666
      0.254106
      0.252256
      0.250084
      0.247548
      0.244601
      0.241179
      0.237215
      0.232614
      0.227276
      0.221048
      0.213777
      0.205215
      0.195114
      0.182654
      0.167016
      0.148796
      0.143859
      0.138593
      0.148874
      0.165546
      0.180083
      0.192591
      0.203178
      0.212105
      0.219635
      0.226002
      0.231438
      0.236081
      0.240066
       0.24348
      0.246408
      0.248905
      0.251029
      0.252817
      0.254306
      0.255522
      0.256489
      0.257224
       0.25774
      0.258045
      0.258147
      0.259556
      0.259466
      0.259195
      0.258737
      0.258084
      0.257225
      0.256144
      0.254822
      0.253234
       0.25135
      0.249135
      0.246542
      0.243521
      0.240004
      0.235913
      0.231141
      0.225565
      0.219006
      0.211249
      0.201967
      0.190752
      0.176975
      0.160595
      0.144139
      0.134621
      0.125572
      0.132461
      0.153642
      0.172268
       0.18756
      0.199767
      0.209552
      0.217607
      0.224325
      0.229996
      0.234809
      0.238916
      0.242422
      0.245418
      0.247969
      0.250133
      0.251953
      0.253466
      0.254701
      0.255682
      0.256427
      0.256949
      0.257259
      0.257362
       0.25931
      0.259219
      0.258947
      0.258487
      0.257832
      0.256969
      0.255885
      0.254556
      0.252961
      0.251067
      0.248839
      0.246229
      0.243187
      0.239637
      0.235506
      0.230674
      0.225019
       0.21833
      0.210397
      0.200787
      0.189072
      0.174008
      0.154348
      0.132628
      0.124994
      0.122461
      0.129023
      0.144384
      0.167891
      0.185731
       0.19891
      0.208877
       0.21708
      0.223874
      0.229609
      0.234459
      0.238597
      0.242123
      0.245135
      0.247697
      0.249871
      0.251696
      0.253215
      0.254453
      0.255437
      0.256183
      0.256707
      0.257017
      0.257121
       0.25959
        0.2595
       0.25923
      0.258773
      0.258122
      0.257266
      0.256188
       0.25487
      0.253286
      0.251407
      0.249197
      0.246611
      0.243596
      0.240084
      0.235996
      0.231226
      0.225644
      0.219065
      0.211256
      0.201846
      0.190323
       0.17574
      0.157187
      0.134334
      0.128625
      0.135467
      0.137844
      0.156703
      0.174026
      0.188677
       0.20053
      0.210107
       0.21803
      0.224658
      0.230266
      0.235033
      0.239104
      0.242583
      0.245556
       0.24809
      0.250239
      0.252047
       0.25355
      0.254778
      0.255752
      0.256493
      0.257012
       0.25732
      0.257422
      0.260398
       0.26031
      0.260044
      0.259594
      0.258955
      0.258113
      0.257055
      0.255761
      0.254209
      0.252369
      0.250209
      0.247684
      0.244749
      0.241338
      0.237384
      0.232788
      0.227446
      0.221193
      0.213863
      0.205151
      0.194751
      0.181546
      0.164416
      0.146552
      0.146186
      0.153011
       0.15856
      0.170646
      0.182934
      0.194533
      0.204552
      0.213136
      0.220433
      0.226641
       0.23196
      0.236516
      0.240434
      0.243794
      0.246679
      0.249142
      0.251237
      0.253002
      0.254472
      0.255673
      0.256628
      0.257354
      0.257863
      0.258165
      0.258265
      0.261731
      0.261645
      0.261385
      0.260948
      0.260326
      0.259507
      0.258479
      0.257224
      0.255721
      0.253942
      0.251858
      0.249431
      0.246619
      0.243368
      0.239618
      0.235294
      0.230312
      0.224565
      0.217935
      0.210278
      0.201458
      0.191384
      0.180512
      0.171442
      0.169274
      0.171914
      0.176755
      0.184481
      0.193262
      0.202084
      0.210261
      0.217599
      0.224055
      0.229691
      0.234595
      0.238851
       0.24254
       0.24573
       0.24848
      0.250839
      0.252852
      0.254553
      0.255972
      0.257134
      0.258059
      0.258762
      0.259256
      0.259549
      0.259647
      0.263585
      0.263502
      0.263252
       0.26283
       0.26223
      0.261442
      0.260455
       0.25925
      0.257811
      0.256113
      0.254131
      0.251831
      0.249179
      0.246132
      0.242644
      0.238662
       0.23413
      0.228991
      0.223187
      0.216708
      0.209545
      0.202134
      0.194908
      0.189525
      0.187643
      0.188706
      0.192161
       0.19736
      0.203657
      0.210402
      0.216943
      0.223093
      0.228663
      0.233657
      0.238077
       0.24197
      0.245381
      0.248354
      0.250935
      0.253162
       0.25507
      0.256687
      0.258041
      0.259152
      0.260038
      0.260712
      0.261187
      0.261468
      0.261562
      0.265954
      0.265875
      0.265636
      0.265233
      0.264661
      0.263911
      0.262971
      0.261828
      0.260466
      0.258865
      0.257002
      0.254852
      0.252387
      0.249576
      0.246387
      0.242788
       0.23875
      0.234258
      0.229311
      0.223969
      0.218358
      0.212819
      0.207831
      0.204213
      0.202682
      0.203208
      0.205534
       0.20925
      0.213908
      0.219051
      0.224269
      0.229325
      0.234051
      0.238385
      0.242297
      0.245794
      0.248894
      0.251624
      0.254012
      0.256085
       0.25787
       0.25939
      0.260667
      0.261717
      0.262556
      0.263197
      0.263647
      0.263915
      0.264004
      0.268835
      0.268759
      0.268533
      0.268152
      0.267611
      0.266903
      0.266019
      0.264946
       0.26367
      0.262177
      0.260447
      0.258462
      0.256201
      0.253644
       0.25077
      0.247568
      0.244025
      0.240163
      0.236001
      0.231656
      0.227243
      0.223086
      0.219508
      0.216932
       0.21578
      0.216024
      0.217633
      0.220322
      0.223802
      0.227767
      0.231909
       0.23605
      0.240012
      0.243731
      0.247144
      0.250243
      0.253022
      0.255495
      0.257676
      0.259582
      0.261233
      0.262645
      0.263835
      0.264818
      0.265605
      0.266206
      0.266631
      0.266883
      0.266967
      0.272218
      0.272147
      0.271935
      0.271578
      0.271072
       0.27041
      0.269585
      0.268587
      0.267406
      0.266027
      0.264439
      0.262627
      0.260578
       0.25828
      0.255725
      0.252911
      0.249847
      0.246562
      0.243105
      0.239577
       0.23611
      0.232921
      0.230251
      0.228357
       0.22746
      0.227601
      0.228746
      0.230737
      0.233379
      0.236457
      0.239761
      0.243132
      0.246435
       0.24959
      0.252536
      0.255248
      0.257711
      0.259924
      0.261892
      0.263625
      0.265135
      0.266433
      0.267531
      0.268441
      0.269172
      0.269732
      0.270127
      0.270362
      0.270441
      0.276098
      0.276032
      0.275835
      0.275503
      0.275033
       0.27442
      0.273658
      0.272739
      0.271655
      0.270395
      0.268952
      0.267315
      0.265477
      0.263434
      0.261183
      0.258737
      0.256107
      0.253337
      0.250473
      0.247616
      0.244868
      0.242397
      0.240368
      0.238934
      0.238248
      0.238319
      0.239159
       0.24065
      0.242678
      0.245087
      0.247724
      0.250471
      0.253209
      0.255872
      0.258393
      0.260748
      0.262908
      0.264869
      0.266628
      0.268188
      0.269554
      0.270736
       0.27174
      0.272574
      0.273247
      0.273763
      0.274128
      0.274345
      0.274418
      0.280466
      0.280406
      0.280223
      0.279918
      0.279486
      0.278923
      0.278226
      0.277387
      0.276401
      0.275261
      0.273961
      0.272496
      0.270863
      0.269063
        0.2671
      0.264989
      0.262751
      0.260424
      0.258061
      0.255739
      0.253549
      0.251607
      0.250031
      0.248927
      0.248385
      0.248429
      0.249054
      0.250196
       0.25177
       0.25367
      0.255787
      0.258023
       0.26029
      0.262523
      0.264669
      0.266695
      0.268575
      0.270297
      0.271854
      0.273245
      0.274471
      0.275536
      0.276446
      0.277204
      0.277817
      0.278289
      0.278623
      0.278822
      0.278888
      0.285315
       0.28526
      0.285093
      0.284814
       0.28442
      0.283908
      0.283275
      0.282516
      0.281627
      0.280604
      0.279443
      0.278143
      0.276704
      0.275131
       0.27343
      0.271621
      0.269723
      0.267778
      0.265827
      0.263938
      0.262181
      0.260641
      0.259406
      0.258541
      0.258115
      0.258136
      0.258613
      0.259493
      0.260727
      0.262234
      0.263936
       0.26576
      0.267632
      0.269501
      0.271317
      0.273051
      0.274675
      0.276177
      0.277544
      0.278775
      0.279865
      0.280818
      0.281634
      0.282318
      0.282872
      0.283299
      0.283602
      0.283783
      0.283843
      0.290637
      0.290587
      0.290436
      0.290183
      0.289827
      0.289365
      0.288795
      0.288114
      0.287319
      0.286408
      0.285381
      0.284236
      0.282978
      0.281612
      0.280149
      0.278606
      0.277005
      0.275381
      0.273771
      0.272229
      0.270812
      0.269581
      0.268599
      0.267916
      0.267574
      0.267585
      0.267951
       0.26864
      0.269614
      0.270818
      0.272192
       0.27368
      0.275226
      0.276785
      0.278316
      0.279792
      0.281187
      0.282487
      0.283679
      0.284759
      0.285721
      0.286566
      0.287293
      0.287904
        0.2884
      0.288784
      0.289057
       0.28922
      0.289274
      0.296425
       0.29638
      0.296244
      0.296017
      0.295697
      0.295284
      0.294775
      0.294169
      0.293464
       0.29266
      0.291756
      0.290756
      0.289663
      0.288486
      0.287233
      0.285924
      0.284577
      0.283224
      0.281896
      0.280636
      0.279488
      0.278498
      0.277714
      0.277167
      0.276893
      0.276896
      0.277181
      0.277723
      0.278497
      0.279461
      0.280573
      0.281788
      0.283063
      0.284361
      0.285647
      0.286898
      0.288089
      0.289207
       0.29024
      0.291181
      0.292024
      0.292767
      0.293409
      0.293951
      0.294392
      0.294734
      0.294977
      0.295123
      0.295171
       0.30267
       0.30263
      0.302509
      0.302307
      0.302023
      0.301656
      0.301205
       0.30067
       0.30005
      0.299346
      0.298558
       0.29769
      0.296748
      0.295738
      0.294672
      0.293566
      0.292437
      0.291311
      0.290216
      0.289185
      0.288252
      0.287453
      0.286821
      0.286382
      0.286159
      0.286159
      0.286381
      0.286811
      0.287429
      0.288205
      0.289106
      0.290099
      0.291149
      0.292227
      0.293304
      0.294358
       0.29537
      0.296326
      0.297215
      0.298029
      0.298761
       0.29941
      0.299973
      0.300449
      0.300838
       0.30114
      0.301355
      0.301484
      0.301527
      0.309367
      0.309331
      0.309224
      0.309046
      0.308796
      0.308473
      0.308078
      0.307609
      0.307069
      0.306456
      0.305775
      0.305028
       0.30422
       0.30336
      0.302458
      0.301528
      0.300585
      0.299651
      0.298749
      0.297905
      0.297146
      0.296499
      0.295989
      0.295635
      0.295455
       0.29545
      0.295626
      0.295967
      0.296462
      0.297087
      0.297818
      0.298628
      0.299491
      0.300384
      0.301281
      0.302167
      0.303021
      0.303834
      0.304593
      0.305292
      0.305924
      0.306486
      0.306975
       0.30739
       0.30773
      0.307994
      0.308182
      0.308296
      0.308333
      0.316507
      0.316476
      0.316383
      0.316227
      0.316009
      0.315728
      0.315385
      0.314979
      0.314512
      0.313985
        0.3134
      0.312762
      0.312076
      0.311348
      0.310589
      0.309811
      0.309028
      0.308256
      0.307514
      0.306824
      0.306207
      0.305682
       0.30527
      0.304984
      0.304836
      0.304831
      0.304969
      0.305241
      0.305638
      0.306141
      0.306734
      0.307394
      0.308102
      0.308838
      0.309583
      0.310322
      0.311039
      0.311725
      0.312368
      0.312963
      0.313504
      0.313986
      0.314407
      0.314766
       0.31506
      0.315289
      0.315453
      0.315551
      0.315584
      0.324087
       0.32406
       0.32398
      0.323845
      0.323657
      0.323415
       0.32312
      0.322772
      0.322373
      0.321924
      0.321427
      0.320888
       0.32031
        0.3197
      0.319066
       0.31842
      0.317773
      0.317138
      0.316532
       0.31597
      0.315469
      0.315045
      0.314712
       0.31448
      0.314361
      0.314355
      0.314463
       0.31468
      0.314997
      0.315402
      0.315881
      0.316417
      0.316994
      0.317598
      0.318212
      0.318824
      0.319421
      0.319995
      0.320536
      0.321038
      0.321495
      0.321905
      0.322264
       0.32257
      0.322822
      0.323018
      0.323159
      0.323243
      0.323271
        0.3321
      0.332077
      0.332008
      0.331894
      0.331734
      0.331529
      0.331279
      0.330985
      0.330648
      0.330271
      0.329854
      0.329403
      0.328922
      0.328416
      0.327893
      0.327362
      0.326832
      0.326314
      0.325821
      0.325367
      0.324962
      0.324621
      0.324353
      0.324167
       0.32407
      0.324064
      0.324149
      0.324321
      0.324574
      0.324898
      0.325282
      0.325714
      0.326182
      0.326673
      0.327175
      0.327677
       0.32817
      0.328644
      0.329093
      0.329512
      0.329895
      0.330238
       0.33054
      0.330798
       0.33101
      0.331176
      0.331295
      0.331367
      0.331391
      0.340541
      0.340522
      0.340465
       0.34037
      0.340236
      0.340065
      0.339857
      0.339613
      0.339334
      0.339021
      0.338678
      0.338307
      0.337913
        0.3375
      0.337074
      0.336643
      0.336214
      0.335798
      0.335402
      0.335038
      0.334716
      0.334443
       0.33423
      0.334082
      0.334005
      0.333999
      0.334065
        0.3342
        0.3344
      0.334656
      0.334961
      0.335306
      0.335681
      0.336075
       0.33648
      0.336886
      0.337286
      0.337673
       0.33804
      0.338384
      0.338698
      0.338982
      0.339231
      0.339445
      0.339621
      0.339759
      0.339858
      0.339917
      0.339937
      0.349407
      0.349392
      0.349345
      0.349267
      0.349159
       0.34902
      0.348851
      0.348653
      0.348427
      0.348175
      0.347899
      0.347601
      0.347285
      0.346955
      0.346615
      0.346273
      0.345934
      0.345604
      0.345293
      0.345007
      0.344754
      0.344541
      0.344374
      0.344258
      0.344197
      0.344191
      0.344242
      0.344347
      0.344501
      0.344701
       0.34494
       0.34521
      0.345504
      0.345815
      0.346135
      0.346457
      0.346775
      0.347084
      0.347377
      0.347653
      0.347906
      0.348134
      0.348335
      0.348508
       0.34865
      0.348762
      0.348842
      0.348891
      0.348907
      0.358694
      0.358682
      0.358645
      0.358585
      0.358499
      0.358391
      0.358259
      0.358104
      0.357928
      0.357732
      0.357517
      0.357286
      0.357041
      0.356786
      0.356524
      0.356261
      0.356001
      0.355749
      0.355511
      0.355293
      0.355101
      0.354939
      0.354812
      0.354724
      0.354677
      0.354672
       0.35471
      0.354789
      0.354906
      0.355057
      0.355238
      0.355443
      0.355667
      0.355904
      0.356149
      0.356396
      0.356641
      0.356879
      0.357106
      0.357319
      0.357515
      0.357693
       0.35785
      0.357984
      0.358095
      0.358183
      0.358245
      0.358283
      0.358296
      0.368399
       0.36839
      0.368363
      0.368318
      0.368255
      0.368175
      0.368078
      0.367964
      0.367835
      0.367691
      0.367533
      0.367364
      0.367185
      0.366999
      0.366809
      0.366618
      0.366429
      0.366246
      0.366074
      0.365917
      0.365778
      0.365661
       0.36557
      0.365506
      0.365473
      0.365469
      0.365496
      0.365552
      0.365636
      0.365744
      0.365874
      0.366022
      0.366184
      0.366355
      0.366533
      0.366712
       0.36689
      0.367063
      0.367229
      0.367385
      0.367528
      0.367658
      0.367773
      0.367872
      0.367954
      0.368018
      0.368064
      0.368092
      0.368102
       0.37852
      0.378514
      0.378496
      0.378466
      0.378425
      0.378372
      0.378308
      0.378233
      0.378148
      0.378054
       0.37795
       0.37784
      0.377723
      0.377601
      0.377477
      0.377352
       0.37723
      0.377111
      0.376999
      0.376897
      0.376807
      0.376732
      0.376672
      0.376631
      0.376609
      0.376607
      0.376624
       0.37666
      0.376714
      0.376784
      0.376868
      0.376964
      0.377069
       0.37718
      0.377295
      0.377412
      0.377528
      0.377641
      0.377749
      0.377851
      0.377945
      0.378031
      0.378106
      0.378171
      0.378225
      0.378267
      0.378297
      0.378316
      0.378322
      0.389054
      0.389051
      0.389042
      0.389027
      0.389007
      0.388981
      0.388949
      0.388912
       0.38887
      0.388823
      0.388772
      0.388717
      0.388659
      0.388599
      0.388538
      0.388476
      0.388416
      0.388357
      0.388302
      0.388252
      0.388208
      0.388171
      0.388142
      0.388121
      0.388111
      0.388109
      0.388118
      0.388135
      0.388162
      0.388196
      0.388238
      0.388285
      0.388336
      0.388391
      0.388448
      0.388505
      0.388562
      0.388618
      0.388672
      0.388722
      0.388769
      0.388811
      0.388848
       0.38888
      0.388907
      0.388928
      0.388943
      0.388952
      0.388955
           0.4
           0.4
           0.4
           0.4
           0.4
           0.4
           0.4
           0.4
           0.4
           0.4
           0.4
           0.4
           0.4
           0.4
           0.4
           0.4
           0.4
           0.4
           0.4
           0.4
           0.4
           0.4
           0.4
           0.4
           0.4
           0.4
           0.4
           0.4
           0.4
           0.4
           0.4
           0.4
           0.4
           0.4
           0.4
           0.4
           0.4
           0.4
           0.4
           0.4
           0.4
           0.4
           0.4
           0.4
           0.4
           0.4
           0.4
           0.4
           0.4
