           0.4
           0.4
           0.4
           0.4
           0.4
           0.4
           0.4
           0.4
           0.4
           0.4
           0.4
           0.4
           0.4
           0.4
           0.4
           0.4
           0.4
           0.4
           0.4
           0.4
           0.4
           0.4
           0.4
           0.4
           0.4
           0.4
           0.4
           0.4
           0.4
           0.4
           0.4
           0.4
           0.4
           0.4
           0.4
           0.4
           0.4
           0.4
           0.4
           0.4
           0.4
           0.4
           0.4
           0.4
           0.4
           0.4
           0.4
           0.4
           0.4
      0.389265
       0.38926
      0.389246
      0.389223
       0.38919
      0.389149
      0.389099
      0.389041
      0.388975
      0.388901
      0.388821
      0.388735
      0.388644
       0.38855
      0.388453
      0.388356
       0.38826
      0.388166
      0.388077
      0.387996
      0.387922
       0.38786
      0.387809
      0.387772
       0.38775
      0.387743
      0.387752
      0.387776
      0.387814
      0.387866
       0.38793
      0.388003
      0.388085
      0.388173
      0.388264
      0.388358
      0.388451
      0.388543
      0.388631
      0.388714
      0.388791
      0.388861
      0.388923
      0.388977
      0.389021
      0.389056
      0.389081
      0.389096
      0.389101
       0.37894
       0.37893
      0.378902
      0.378856
       0.37879
      0.378708
      0.378607
       0.37849
      0.378356
      0.378208
      0.378047
      0.377873
       0.37769
      0.377499
      0.377304
      0.377106
      0.376911
      0.376722
      0.376542
      0.376375
      0.376226
      0.376098
      0.375996
      0.375921
      0.375876
      0.375861
      0.375879
      0.375928
      0.376006
      0.376111
       0.37624
       0.37639
      0.376556
      0.376734
       0.37692
       0.37711
      0.377299
      0.377485
      0.377663
      0.377831
      0.377987
      0.378128
      0.378253
      0.378361
      0.378451
      0.378521
      0.378572
      0.378602
      0.378612
      0.369025
      0.369011
      0.368968
      0.368897
      0.368799
      0.368673
      0.368521
      0.368343
      0.368141
      0.367916
       0.36767
      0.367406
      0.367126
      0.366835
      0.366537
      0.366235
      0.365936
      0.365645
      0.365368
      0.365111
      0.364882
      0.364685
      0.364526
      0.364409
      0.364339
      0.364317
      0.364344
      0.364419
       0.36454
      0.364702
      0.364902
      0.365133
      0.365389
      0.365663
      0.365949
       0.36624
       0.36653
      0.366814
      0.367086
      0.367343
       0.36758
      0.367796
      0.367987
      0.368151
      0.368287
      0.368394
      0.368471
      0.368517
      0.368532
       0.35952
      0.359501
      0.359444
      0.359348
      0.359215
      0.359046
       0.35884
      0.358599
      0.358325
       0.35802
      0.357685
      0.357326
      0.356945
      0.356548
      0.356139
      0.355725
      0.355314
      0.354913
      0.354531
      0.354177
      0.353859
      0.353585
      0.353364
      0.353202
      0.353104
      0.353073
       0.35311
      0.353213
      0.353381
      0.353606
      0.353884
      0.354204
      0.354558
      0.354937
      0.355331
      0.355732
       0.35613
       0.35652
      0.356892
      0.357243
      0.357567
      0.357861
       0.35812
      0.358343
      0.358528
      0.358673
      0.358777
       0.35884
      0.358861
      0.350427
      0.350403
       0.35033
      0.350209
       0.35004
      0.349824
      0.349562
      0.349256
      0.348906
      0.348516
      0.348089
      0.347628
      0.347138
      0.346626
      0.346098
      0.345563
      0.345029
      0.344507
      0.344008
      0.343543
      0.343125
      0.342765
      0.342473
      0.342259
      0.342128
      0.342086
      0.342134
      0.342271
      0.342491
      0.342788
      0.343153
      0.343573
      0.344038
      0.344533
      0.345048
       0.34557
      0.346087
      0.346592
      0.347073
      0.347526
      0.347943
       0.34832
      0.348652
      0.348938
      0.349174
      0.349359
      0.349492
      0.349572
      0.349599
      0.341746
      0.341717
      0.341628
       0.34148
      0.341274
       0.34101
      0.340689
      0.340313
      0.339883
      0.339403
      0.338876
      0.338306
      0.337698
      0.337062
      0.336403
      0.335732
      0.335061
      0.334403
      0.333772
      0.333182
       0.33265
      0.332189
      0.331815
      0.331538
       0.33137
      0.331314
      0.331375
      0.331548
      0.331831
       0.33221
      0.332675
      0.333211
      0.333802
       0.33443
      0.335081
      0.335738
      0.336389
       0.33702
      0.337622
      0.338185
      0.338703
       0.33917
      0.339581
      0.339934
      0.340225
      0.340453
      0.340616
      0.340715
      0.340748
      0.333481
      0.333446
       0.33334
      0.333164
      0.332919
      0.332604
      0.332221
      0.331771
      0.331256
       0.33068
      0.330045
      0.329356
       0.32862
      0.327846
      0.327042
       0.32622
      0.325395
      0.324582
      0.323798
      0.323063
      0.322396
      0.321817
      0.321345
      0.320994
      0.320779
      0.320706
      0.320781
      0.320998
      0.321352
       0.32183
      0.322414
      0.323085
      0.323822
      0.324605
      0.325411
      0.326224
      0.327024
      0.327798
      0.328532
      0.329218
      0.329846
      0.330411
      0.330908
      0.331332
      0.331682
      0.331956
      0.332152
       0.33227
      0.332309
      0.325634
      0.325593
       0.32547
      0.325265
      0.324978
      0.324609
       0.32416
      0.323632
      0.323026
      0.322346
      0.321594
      0.320777
        0.3199
      0.318973
      0.318006
      0.317014
      0.316012
      0.315021
       0.31406
      0.313154
      0.312328
      0.311607
      0.311016
      0.310575
      0.310303
      0.310207
      0.310298
      0.310567
      0.311009
      0.311603
      0.312329
      0.313161
      0.314071
      0.315034
      0.316022
      0.317012
      0.317982
      0.318917
      0.319801
      0.320622
      0.321372
      0.322044
      0.322633
      0.323135
      0.323548
      0.323871
      0.324102
      0.324241
      0.324287
       0.31821
      0.318163
      0.318021
      0.317785
      0.317455
       0.31703
      0.316511
        0.3159
      0.315197
      0.314405
      0.313527
      0.312568
      0.311536
      0.310439
       0.30929
      0.308104
        0.3069
      0.305701
      0.304532
      0.303423
      0.302405
      0.301512
      0.300774
       0.30022
      0.299875
      0.299752
       0.29986
      0.300193
       0.30074
      0.301477
      0.302375
      0.303401
      0.304519
      0.305695
      0.306895
      0.308091
      0.309258
      0.310375
      0.311426
      0.312398
      0.313282
      0.314071
       0.31476
      0.315347
      0.315828
      0.316203
      0.316471
      0.316632
      0.316686
      0.311213
       0.31116
      0.310999
       0.31073
      0.310354
       0.30987
      0.309278
      0.308579
      0.307772
       0.30686
      0.305845
      0.304733
      0.303528
      0.302243
      0.300888
      0.299482
      0.298044
      0.296603
      0.295187
      0.293835
      0.292585
      0.291479
      0.290561
      0.289865
      0.289428
      0.289265
      0.289395
      0.289804
      0.290483
      0.291394
      0.292505
      0.293767
      0.295135
      0.296566
      0.298016
      0.299453
      0.300844
      0.302169
      0.303408
      0.304548
       0.30558
      0.306497
      0.307295
      0.307972
      0.308526
      0.308957
      0.309265
      0.309449
      0.309511
      0.304649
      0.304589
      0.304408
      0.304107
      0.303683
      0.303137
      0.302468
      0.301675
      0.300758
      0.299718
      0.298556
      0.297276
      0.295884
      0.294388
      0.292802
      0.291144
      0.289437
      0.287711
      0.286002
      0.284356
      0.282821
      0.281452
      0.280304
      0.279427
      0.278868
      0.278655
      0.278806
      0.279313
      0.280154
      0.281288
      0.282662
      0.284216
       0.28589
      0.287626
      0.289374
      0.291091
      0.292742
      0.294302
      0.295752
      0.297079
      0.298272
      0.299329
      0.300244
      0.301018
       0.30165
       0.30214
      0.302489
      0.302699
      0.302769
      0.298525
      0.298458
      0.298257
      0.297921
      0.297448
      0.296838
      0.296089
      0.295198
      0.294165
      0.292988
      0.291668
      0.290207
      0.288608
       0.28688
      0.285034
      0.283091
      0.281071
      0.279013
      0.276955
      0.274953
      0.273067
      0.271368
      0.269929
      0.268817
      0.268101
      0.267815
      0.267994
      0.268618
       0.26967
      0.271081
      0.272788
      0.274705
      0.276752
      0.278859
      0.280958
      0.283004
      0.284952
      0.286781
      0.288466
      0.289998
      0.291369
      0.292576
      0.293617
      0.294494
      0.295208
      0.295761
      0.296154
      0.296389
      0.296468
      0.292848
      0.292774
      0.292552
      0.292181
      0.291658
      0.290982
       0.29015
      0.289158
      0.288003
      0.286683
      0.285195
      0.283539
      0.281716
      0.279733
      0.277599
      0.275331
      0.272954
      0.270505
      0.268031
      0.265596
      0.263274
      0.261158
      0.259342
      0.257922
       0.25699
      0.256605
      0.256809
      0.257589
      0.258909
      0.260684
      0.262814
      0.265189
        0.2677
      0.270255
      0.272773
        0.2752
       0.27749
      0.279618
      0.281565
      0.283321
      0.284883
      0.286251
      0.287425
      0.288411
       0.28921
      0.289828
      0.290267
      0.290529
      0.290616
      0.287626
      0.287545
      0.287302
      0.286895
      0.286322
      0.285579
      0.284662
      0.283566
      0.282286
      0.280816
      0.279152
      0.277289
      0.275226
      0.272966
      0.270511
      0.267881
      0.265092
       0.26219
      0.259218
      0.256258
      0.253394
      0.250748
      0.248444
      0.246614
      0.245394
      0.244863
        0.2451
      0.246073
      0.247749
      0.249993
      0.252671
      0.255628
      0.258711
      0.261811
      0.264824
      0.267695
      0.270371
      0.272834
      0.275066
      0.277066
      0.278832
      0.280369
      0.281683
      0.282781
      0.283669
      0.284354
      0.284839
      0.285129
      0.285225
      0.282866
      0.282779
      0.282515
      0.282073
      0.281449
      0.280639
      0.279637
      0.278437
      0.277029
      0.275406
       0.27356
      0.271482
      0.269164
      0.266605
      0.263804
       0.26077
      0.257519
       0.25409
      0.250532
      0.246931
      0.243392
      0.240065
      0.237115
      0.234732
      0.233101
      0.232364
       0.23262
      0.233858
      0.236007
      0.238887
      0.242287
      0.245991
      0.249793
       0.25355
      0.257147
      0.260522
      0.263632
      0.266461
      0.269001
      0.271257
      0.273237
       0.27495
      0.276407
       0.27762
      0.278598
      0.279349
      0.279881
      0.280198
      0.280304
      0.278579
      0.278484
        0.2782
      0.277724
      0.277051
      0.276175
       0.27509
      0.273785
       0.27225
      0.270474
      0.268442
      0.266142
      0.263561
      0.260687
      0.257512
      0.254038
      0.250269
      0.246241
       0.24199
       0.23762
      0.233234
      0.229037
      0.225231
      0.222092
      0.219894
      0.218837
      0.219119
      0.220688
      0.223495
       0.22723
      0.231589
      0.236265
      0.240954
      0.245508
      0.249779
      0.253727
      0.257311
      0.260535
        0.2634
      0.265924
      0.268122
      0.270014
      0.271615
      0.272943
       0.27401
      0.274828
      0.275406
       0.27575
      0.275864
      0.274772
      0.274671
      0.274367
      0.273858
      0.273138
      0.272199
      0.271033
      0.269628
      0.267969
      0.266041
      0.263826
      0.261304
      0.258455
      0.255258
      0.251694
       0.24775
      0.243419
      0.238715
      0.233671
      0.228374
      0.222947
      0.217617
      0.212662
      0.208465
      0.205425
      0.203891
      0.204138
      0.206186
      0.209911
      0.214869
       0.22055
      0.226491
      0.232296
      0.237776
      0.242816
      0.247385
      0.251477
      0.255109
      0.258307
      0.261101
      0.263518
      0.265585
      0.267328
      0.268767
       0.26992
      0.270802
      0.271424
      0.271794
      0.271917
      0.271454
      0.271347
      0.271025
      0.270486
      0.269722
      0.268724
      0.267483
      0.265982
      0.264206
      0.262134
      0.259742
      0.257004
      0.253891
      0.250371
       0.24641
      0.241979
      0.237046
      0.231608
      0.225658
      0.219279
      0.212555
      0.205787
      0.199273
      0.193598
      0.189343
      0.187041
      0.187218
       0.18986
      0.194947
      0.201651
      0.209141
      0.216777
       0.22392
      0.230478
      0.236355
      0.241585
      0.246197
      0.250242
       0.25377
      0.256826
      0.259454
       0.26169
      0.263566
       0.26511
      0.266345
      0.267286
       0.26795
      0.268344
      0.268475
      0.268632
       0.26852
      0.268183
      0.267615
      0.266812
      0.265762
      0.264451
      0.262865
      0.260981
      0.258776
      0.256221
      0.253281
      0.249918
      0.246088
      0.241741
      0.236825
      0.231285
      0.225072
      0.218149
      0.210527
      0.202271
      0.193636
      0.185019
      0.177192
      0.171043
      0.167551
       0.16751
      0.170897
      0.177536
      0.187464
       0.19775
      0.207433
      0.216134
      0.223825
      0.230565
      0.236447
      0.241564
      0.246003
       0.24984
      0.253141
      0.255963
      0.258352
      0.260351
       0.26199
      0.263297
      0.264292
      0.264992
      0.265408
      0.265546
      0.266315
      0.266199
      0.265848
      0.265257
       0.26442
      0.263323
      0.261954
      0.260293
      0.258316
      0.255994
      0.253294
      0.250174
      0.246588
      0.242474
      0.237772
      0.232398
      0.226269
      0.219287
       0.21135
      0.202381
      0.192303
      0.181376
      0.169857
      0.158968
      0.149925
      0.144432
      0.144173
      0.148465
      0.156609
      0.172696
      0.186763
      0.198912
       0.20925
      0.218059
      0.225616
      0.232097
      0.237674
      0.242461
      0.246573
      0.250086
      0.253077
      0.255599
      0.257702
      0.259422
      0.260792
      0.261832
      0.262564
      0.262998
      0.263142
      0.264509
      0.264389
      0.264026
      0.263417
      0.262552
      0.261419
      0.260002
       0.25828
      0.256227
       0.25381
      0.250991
      0.247722
      0.243948
      0.239597
      0.234588
      0.228817
      0.222167
      0.214484
      0.205599
      0.195299
      0.183366
      0.169595
       0.15416
       0.13875
      0.126877
      0.115913
      0.120548
      0.121981
      0.134889
      0.159704
      0.177756
      0.192019
      0.203716
      0.213464
      0.221689
      0.228665
      0.234611
      0.239683
      0.244012
      0.247698
      0.250822
      0.253451
      0.255636
      0.257421
       0.25884
      0.259917
      0.260673
      0.261122
      0.261271
      0.263219
      0.263096
      0.262726
      0.262102
      0.261218
      0.260058
      0.258607
       0.25684
      0.254732
      0.252244
      0.249339
       0.24596
      0.242047
      0.237516
      0.232279
      0.226202
      0.219148
      0.210901
       0.20124
       0.18979
      0.176173
      0.159356
      0.138306
      0.114872
      0.102805
     0.0957572
     0.0999941
      0.109245
      0.129159
      0.153239
      0.172302
      0.187496
      0.199986
        0.2103
      0.218968
      0.226266
      0.232465
      0.237726
      0.242207
      0.246009
      0.249227
      0.251927
      0.254171
         0.256
      0.257453
      0.258555
      0.259329
      0.259787
      0.259939
      0.262448
      0.262323
      0.261949
      0.261317
      0.260421
      0.259246
      0.257774
      0.255981
       0.25384
      0.251312
      0.248354
       0.24491
      0.240914
      0.236278
        0.2309
      0.224641
      0.217334
      0.208743
      0.198573
      0.186382
      0.171587
       0.15323
      0.130471
      0.103339
     0.0891337
     0.0840769
     0.0902791
      0.108423
      0.129852
      0.151567
      0.170166
      0.185489
      0.198161
      0.208691
      0.217523
      0.224966
      0.231273
      0.236627
      0.241178
      0.245038
      0.248301
      0.251039
      0.253312
      0.255164
      0.256635
      0.257751
      0.258533
      0.258997
      0.259151
      0.262199
      0.262074
      0.261699
      0.261065
      0.260166
      0.258986
      0.257509
       0.25571
      0.253561
      0.251022
      0.248053
      0.244593
      0.240579
      0.235917
       0.23051
      0.224206
      0.216849
      0.208171
      0.197901
       0.18551
      0.170467
      0.151393
       0.12692
      0.100184
     0.0846736
     0.0784587
     0.0872502
      0.104216
      0.130092
      0.152807
      0.171106
      0.185958
      0.198346
      0.208693
      0.217426
      0.224803
      0.231077
      0.236406
      0.240947
      0.244799
       0.24806
      0.250796
      0.253069
      0.254921
      0.256393
      0.257509
      0.258292
      0.258756
       0.25891
      0.262473
      0.262349
      0.261975
      0.261346
      0.260452
       0.25928
      0.257813
      0.256027
      0.253894
      0.251377
      0.248434
      0.245009
      0.241038
      0.236435
      0.231102
      0.224904
       0.21768
      0.209204
      0.199196
      0.187232
      0.172762
      0.154864
       0.13274
      0.106451
     0.0936601
     0.0901237
      0.097223
      0.112626
      0.138028
      0.158291
      0.174919
      0.188746
      0.200388
      0.210238
      0.218615
      0.225752
      0.231848
      0.237055
      0.241502
      0.245287
      0.248496
      0.251194
      0.253438
      0.255269
      0.256724
      0.257828
      0.258604
      0.259063
      0.259216
      0.263269
      0.263146
      0.262778
      0.262158
      0.261279
      0.260126
      0.258684
       0.25693
      0.254838
      0.252372
      0.249495
      0.246153
      0.242289
      0.237823
      0.232671
      0.226711
      0.219817
       0.21179
      0.202433
      0.191419
      0.178418
      0.162483
       0.14267
       0.12117
      0.112688
      0.109721
      0.118944
      0.134295
      0.150989
      0.167271
      0.181395
        0.1936
      0.204132
      0.213203
      0.221027
      0.227761
      0.233564
      0.238551
      0.242834
      0.246493
      0.249606
       0.25223
      0.254417
      0.256204
      0.257627
      0.258708
      0.259467
      0.259917
      0.260067
      0.264582
      0.264463
      0.264104
      0.263499
      0.262642
      0.261519
      0.260116
      0.258412
      0.256382
      0.253997
      0.251218
      0.248003
      0.244298
      0.240039
      0.235152
      0.229546
      0.223118
       0.21574
      0.207274
      0.197566
      0.186472
      0.173922
      0.160319
      0.147865
      0.141123
      0.139758
      0.144936
       0.15455
      0.166198
        0.1783
       0.18969
      0.200038
      0.209254
      0.217384
      0.224513
      0.230736
      0.236151
      0.240846
      0.244903
      0.248389
      0.251368
      0.253888
      0.255993
      0.257719
      0.259094
       0.26014
      0.260876
      0.261313
      0.261458
      0.266411
      0.266295
      0.265948
      0.265364
      0.264536
      0.263453
      0.262102
      0.260463
      0.258516
      0.256234
      0.253585
      0.250531
      0.247031
      0.243032
      0.238479
      0.233306
      0.227444
      0.220825
      0.213379
      0.205092
      0.195953
      0.186376
      0.176774
       0.16881
      0.164144
      0.163211
      0.166437
      0.172701
      0.180873
      0.189955
      0.198952
      0.207546
      0.215424
      0.222558
      0.228924
      0.234568
      0.239536
      0.243886
      0.247673
      0.250949
      0.253761
      0.256151
      0.258155
      0.259801
      0.261117
       0.26212
      0.262826
      0.263245
      0.263384
      0.268748
      0.268637
      0.268304
      0.267745
      0.266952
      0.265918
      0.264628
      0.263069
      0.261221
      0.259061
      0.256565
      0.253702
      0.250439
      0.246738
      0.242561
      0.237868
      0.232623
      0.226803
      0.220404
      0.213486
      0.206179
      0.198833
       0.19195
      0.186423
      0.183126
      0.182459
      0.184547
      0.188886
      0.194812
      0.201638
      0.208738
      0.215739
       0.22237
      0.228514
      0.234108
      0.239144
      0.243634
      0.247606
      0.251094
      0.254133
      0.256757
      0.258998
      0.260883
      0.262438
      0.263683
      0.264635
      0.265305
      0.265704
      0.265836
      0.271587
      0.271482
      0.271166
      0.270634
      0.269883
      0.268903
      0.267685
      0.266215
      0.264478
      0.262456
       0.26013
      0.257476
       0.25447
      0.251089
      0.247308
      0.243111
      0.238482
       0.23344
      0.228007
      0.222306
      0.216462
      0.210828
      0.205758
      0.201788
      0.199453
      0.198923
      0.200369
      0.203447
      0.207815
      0.213018
      0.218605
      0.224297
      0.229819
       0.23506
      0.239912
      0.244353
      0.248359
      0.251943
      0.255118
      0.257904
      0.260326
      0.262404
      0.264161
      0.265614
      0.266781
      0.267674
      0.268305
      0.268681
      0.268806
      0.274921
      0.274821
      0.274523
      0.274024
      0.273317
      0.272398
      0.271257
      0.269884
      0.268267
      0.266393
      0.264247
      0.261812
      0.259075
       0.25602
      0.252638
      0.248927
      0.244894
      0.240571
      0.236013
       0.23133
      0.226672
      0.222287
      0.218458
      0.215521
      0.213785
      0.213403
       0.21443
      0.216707
      0.220001
      0.224014
      0.228443
      0.233051
      0.237632
      0.242057
       0.24623
      0.250101
      0.253639
      0.256838
      0.259697
      0.262225
      0.264437
      0.266345
      0.267965
      0.269311
      0.270395
      0.271226
      0.271814
      0.272165
      0.272281
       0.27874
      0.278648
      0.278369
      0.277903
      0.277244
      0.276389
      0.275329
      0.274058
      0.272567
      0.270846
      0.268884
      0.266672
      0.264202
       0.26147
      0.258472
      0.255222
      0.251734
      0.248058
      0.244244
      0.240411
      0.236676
      0.233241
      0.230305
      0.228083
      0.226788
       0.22649
      0.227258
      0.228967
      0.231491
       0.23462
      0.238143
      0.241884
      0.245669
      0.249393
      0.252954
      0.256306
      0.259404
      0.262234
      0.264785
      0.267059
       0.26906
      0.270797
      0.272278
      0.273513
       0.27451
      0.275277
      0.275821
      0.276145
      0.276253
      0.283037
      0.282951
      0.282693
      0.282261
      0.281653
      0.280863
      0.279888
      0.278721
      0.277358
       0.27579
      0.274013
      0.272021
      0.269812
      0.267388
      0.264755
      0.261929
      0.258936
      0.255822
      0.252646
      0.249501
      0.246496
      0.243773
      0.241484
      0.239775
      0.238778
      0.238557
      0.239138
      0.240458
      0.242421
       0.24489
      0.247714
      0.250755
      0.253884
      0.257003
       0.26003
      0.262911
      0.265605
      0.268089
      0.270347
      0.272374
       0.27417
      0.275737
      0.277079
      0.278202
      0.279112
      0.279814
      0.280312
       0.28061
      0.280709
      0.287803
      0.287724
      0.287487
       0.28709
      0.286532
      0.285809
      0.284919
      0.283857
      0.282619
      0.281203
      0.279605
      0.277826
      0.275865
      0.273731
      0.271432
      0.268991
      0.266433
      0.263806
      0.261161
      0.258581
       0.25615
      0.253978
      0.252176
      0.250841
      0.250072
      0.249899
      0.250354
      0.251381
      0.252928
      0.254891
      0.257165
      0.259645
      0.262229
       0.26484
      0.267402
      0.269868
      0.272196
      0.274362
      0.276347
      0.278142
       0.27974
      0.281143
       0.28235
      0.283364
      0.284188
      0.284825
      0.285277
      0.285548
      0.285638
      0.293029
      0.292957
       0.29274
      0.292379
      0.291871
      0.291215
      0.290408
      0.289449
      0.288335
      0.287066
      0.285641
      0.284063
      0.282336
      0.280469
      0.278475
      0.276376
      0.274199
      0.271987
      0.269787
      0.267664
       0.26569
      0.263944
      0.262509
      0.261457
       0.26085
      0.260719
      0.261076
      0.261891
      0.263122
      0.264696
      0.266538
      0.268566
      0.270704
      0.272884
      0.275047
      0.277149
       0.27915
      0.281028
      0.282761
      0.284339
      0.285752
      0.286998
      0.288075
      0.288983
      0.289723
      0.290296
      0.290704
      0.290949
       0.29103
      0.298706
      0.298641
      0.298445
      0.298119
       0.29766
      0.297069
      0.296344
      0.295485
       0.29449
      0.293361
        0.2921
       0.29071
      0.289198
      0.287575
      0.285853
      0.284058
      0.282211
      0.280353
      0.278523
      0.276775
      0.275166
      0.273755
      0.272606
      0.271768
       0.27129
      0.271186
      0.271472
      0.272122
      0.273109
      0.274378
      0.275875
      0.277538
      0.279306
      0.281126
      0.282946
      0.284731
      0.286444
      0.288064
      0.289568
      0.290946
      0.292186
      0.293286
      0.294239
      0.295046
      0.295705
      0.296217
      0.296583
      0.296801
      0.296874
      0.304827
      0.304769
      0.304593
      0.304301
      0.303891
      0.303363
      0.302716
      0.301953
      0.301071
      0.300075
      0.298967
      0.297752
      0.296437
      0.295034
      0.293557
      0.292026
      0.290466
      0.288908
      0.287387
      0.285946
       0.28463
      0.283485
      0.282559
      0.281887
      0.281505
      0.281425
      0.281654
      0.282178
      0.282974
      0.284003
      0.285224
      0.286589
      0.288052
      0.289568
      0.291098
      0.292607
      0.294067
      0.295456
      0.296754
      0.297949
      0.299031
      0.299993
      0.300831
      0.301543
      0.302125
      0.302579
      0.302903
      0.303097
      0.303162
      0.311385
      0.311333
      0.311177
      0.310917
      0.310554
      0.310086
      0.309515
      0.308842
      0.308068
      0.307196
       0.30623
      0.305175
       0.30404
      0.302835
      0.301574
      0.300277
      0.298963
       0.29766
      0.296397
       0.29521
      0.294133
      0.293202
      0.292453
      0.291912
      0.291606
      0.291543
      0.291729
      0.292152
      0.292796
      0.293632
      0.294629
       0.29575
      0.296959
       0.29822
        0.2995
      0.300773
       0.30201
      0.303194
      0.304307
      0.305337
      0.306273
       0.30711
       0.30784
      0.308463
      0.308973
      0.309372
      0.309657
      0.309828
      0.309885
      0.318373
      0.318327
       0.31819
      0.317962
      0.317643
      0.317233
      0.316734
      0.316147
      0.315473
      0.314717
      0.313881
      0.312974
      0.312001
      0.310974
      0.309905
      0.308811
      0.307709
      0.306624
      0.305579
      0.304602
      0.303721
      0.302963
      0.302356
       0.30192
      0.301673
      0.301623
      0.301774
      0.302117
      0.302639
      0.303319
      0.304133
      0.305053
       0.30605
      0.307096
      0.308163
       0.30923
      0.310273
      0.311276
      0.312223
      0.313104
      0.313907
      0.314628
      0.315259
      0.315798
      0.316242
      0.316589
      0.316837
      0.316986
      0.317036
      0.325786
      0.325746
      0.325627
      0.325429
      0.325152
      0.324797
      0.324366
      0.323859
      0.323279
       0.32263
      0.321915
      0.321142
      0.320316
      0.319448
      0.318549
      0.317633
      0.316716
      0.315818
      0.314957
      0.314155
      0.313437
      0.312821
       0.31233
      0.311978
      0.311781
      0.311741
      0.311863
       0.31214
      0.312563
      0.313115
      0.313778
       0.31453
      0.315348
      0.316211
      0.317096
      0.317984
      0.318856
      0.319699
      0.320498
      0.321244
      0.321927
      0.322542
      0.323082
      0.323544
      0.323925
      0.324223
      0.324437
      0.324566
      0.324609
      0.333619
      0.333585
      0.333483
      0.333314
      0.333077
      0.332774
      0.332406
      0.331975
      0.331483
      0.330933
       0.33033
      0.329679
      0.328986
      0.328261
      0.327513
      0.326754
      0.325998
      0.325259
      0.324555
      0.323903
       0.32332
      0.322823
      0.322427
      0.322145
      0.321986
      0.321955
      0.322053
      0.322277
      0.322617
      0.323063
        0.3236
      0.324211
      0.324878
      0.325584
      0.326311
      0.327043
      0.327766
      0.328466
      0.329133
      0.329757
      0.330331
      0.330848
      0.331304
      0.331695
      0.332018
      0.332271
      0.332452
      0.332562
      0.332598
      0.341869
       0.34184
      0.341755
      0.341612
      0.341414
       0.34116
      0.340852
      0.340491
      0.340081
      0.339624
      0.339123
      0.338584
      0.338013
      0.337416
      0.336803
      0.336183
      0.335568
       0.33497
      0.334401
      0.333876
      0.333408
       0.33301
      0.332695
       0.33247
      0.332344
      0.332319
      0.332398
      0.332576
      0.332848
      0.333205
      0.333635
      0.334125
      0.334662
      0.335233
      0.335822
      0.336418
      0.337007
      0.337581
      0.338129
      0.338643
      0.339117
      0.339545
      0.339923
      0.340248
      0.340517
      0.340728
      0.340879
      0.340971
      0.341001
      0.350532
      0.350508
      0.350438
      0.350322
      0.350159
      0.349952
      0.349701
      0.349407
      0.349073
      0.348702
      0.348297
      0.347861
        0.3474
      0.346921
      0.346429
      0.345934
      0.345444
      0.344968
      0.344518
      0.344103
      0.343735
      0.343422
      0.343174
      0.342998
        0.3429
      0.342881
      0.342943
      0.343082
      0.343296
      0.343576
      0.343914
        0.3443
      0.344725
      0.345177
      0.345645
       0.34612
      0.346591
       0.34705
       0.34749
      0.347904
      0.348286
      0.348632
      0.348939
      0.349202
       0.34942
      0.349592
      0.349715
      0.349789
      0.349814
      0.359606
      0.359588
      0.359532
      0.359441
      0.359313
       0.35915
      0.358952
      0.358722
       0.35846
       0.35817
      0.357853
      0.357513
      0.357155
      0.356783
      0.356402
      0.356019
      0.355641
      0.355275
       0.35493
      0.354613
      0.354331
      0.354093
      0.353904
      0.353771
      0.353696
      0.353682
      0.353729
      0.353835
      0.353997
       0.35421
      0.354469
      0.354764
      0.355089
      0.355436
      0.355796
      0.356162
      0.356525
      0.356881
      0.357222
      0.357544
      0.357841
      0.358111
       0.35835
      0.358556
      0.358727
      0.358861
      0.358958
      0.359016
      0.359035
       0.36909
      0.369077
      0.369036
      0.368968
      0.368873
      0.368752
      0.368607
      0.368436
      0.368243
      0.368029
      0.367796
      0.367547
      0.367284
      0.367011
      0.366733
      0.366453
      0.366178
      0.365912
      0.365661
      0.365431
      0.365228
      0.365055
      0.364919
      0.364823
      0.364769
      0.364759
      0.364793
      0.364869
      0.364987
      0.365141
      0.365327
      0.365541
      0.365777
      0.366028
       0.36629
      0.366556
      0.366822
      0.367082
      0.367331
      0.367567
      0.367785
      0.367983
      0.368159
      0.368311
      0.368437
      0.368536
      0.368607
       0.36865
      0.368665
      0.378984
      0.378975
      0.378948
      0.378903
       0.37884
      0.378761
      0.378664
      0.378552
      0.378425
      0.378284
      0.378131
      0.377967
      0.377795
      0.377616
      0.377434
      0.377251
      0.377071
      0.376898
      0.376735
      0.376585
      0.376453
      0.376341
      0.376253
       0.37619
      0.376156
      0.376149
      0.376171
      0.376221
      0.376297
      0.376396
      0.376518
      0.376657
       0.37681
      0.376974
      0.377144
      0.377318
      0.377491
      0.377661
      0.377825
      0.377979
      0.378123
      0.378253
      0.378368
      0.378468
      0.378551
      0.378616
      0.378663
      0.378692
      0.378701
      0.389287
      0.389282
      0.389269
      0.389247
      0.389216
      0.389176
      0.389128
      0.389072
      0.389009
      0.388939
      0.388863
      0.388782
      0.388697
      0.388608
      0.388518
      0.388428
      0.388339
      0.388254
      0.388173
        0.3881
      0.388034
      0.387979
      0.387936
      0.387905
      0.387888
      0.387885
      0.387896
       0.38792
      0.387958
      0.388007
      0.388066
      0.388135
       0.38821
      0.388291
      0.388375
      0.388461
      0.388547
      0.388631
      0.388712
      0.388788
      0.388859
      0.388924
      0.388981
       0.38903
      0.389071
      0.389104
      0.389127
      0.389141
      0.389146
           0.4
           0.4
           0.4
           0.4
           0.4
           0.4
           0.4
           0.4
           0.4
           0.4
           0.4
           0.4
           0.4
           0.4
           0.4
           0.4
           0.4
           0.4
           0.4
           0.4
           0.4
           0.4
           0.4
           0.4
           0.4
           0.4
           0.4
           0.4
           0.4
           0.4
           0.4
           0.4
           0.4
           0.4
           0.4
           0.4
           0.4
           0.4
           0.4
           0.4
           0.4
           0.4
           0.4
           0.4
           0.4
           0.4
           0.4
           0.4
           0.4
