           0.4
           0.4
           0.4
           0.4
           0.4
           0.4
           0.4
           0.4
           0.4
           0.4
           0.4
           0.4
           0.4
           0.4
           0.4
           0.4
           0.4
           0.4
           0.4
           0.4
           0.4
           0.4
           0.4
           0.4
           0.4
           0.4
           0.4
           0.4
           0.4
           0.4
           0.4
           0.4
           0.4
           0.4
           0.4
           0.4
           0.4
           0.4
           0.4
           0.4
           0.4
           0.4
           0.4
           0.4
           0.4
           0.4
           0.4
           0.4
           0.4
      0.389133
      0.389126
      0.389107
      0.389074
      0.389029
      0.388971
      0.388902
       0.38882
      0.388728
      0.388626
      0.388514
      0.388394
      0.388268
      0.388137
      0.388002
      0.387867
      0.387732
      0.387602
      0.387477
      0.387362
      0.387258
      0.387168
      0.387095
      0.387039
      0.387003
      0.386987
      0.386992
      0.387018
      0.387063
      0.387127
      0.387208
      0.387302
      0.387409
      0.387525
      0.387647
      0.387773
      0.387899
      0.388025
      0.388146
      0.388261
      0.388369
      0.388467
      0.388554
       0.38863
      0.388693
      0.388743
      0.388779
      0.388801
      0.388808
      0.378675
      0.378662
      0.378623
      0.378557
      0.378467
      0.378351
      0.378211
      0.378047
      0.377861
      0.377655
       0.37743
      0.377189
      0.376934
       0.37667
      0.376398
      0.376124
      0.375853
      0.375589
      0.375337
      0.375103
      0.374893
      0.374711
      0.374561
      0.374448
      0.374375
      0.374343
      0.374354
      0.374406
      0.374498
      0.374627
      0.374791
      0.374983
      0.375199
      0.375434
      0.375681
      0.375936
      0.376192
      0.376445
       0.37669
      0.376923
       0.37714
      0.377338
      0.377514
      0.377667
      0.377794
      0.377894
      0.377967
       0.37801
      0.378025
      0.368626
      0.368607
      0.368547
      0.368449
      0.368312
      0.368137
      0.367924
      0.367677
      0.367396
      0.367083
      0.366742
      0.366375
      0.365988
      0.365585
      0.365171
      0.364754
      0.364339
      0.363935
       0.36355
      0.363192
       0.36287
       0.36259
       0.36236
      0.362187
      0.362074
      0.362025
      0.362041
      0.362121
      0.362264
      0.362463
      0.362714
       0.36301
      0.363342
      0.363702
      0.364081
       0.36447
      0.364862
      0.365248
      0.365621
      0.365976
      0.366306
      0.366607
      0.366875
      0.367107
      0.367299
      0.367451
      0.367561
      0.367627
      0.367649
      0.358987
       0.35896
       0.35888
      0.358748
      0.358563
      0.358327
       0.35804
      0.357706
      0.357326
      0.356903
      0.356441
      0.355944
      0.355418
       0.35487
      0.354306
      0.353736
       0.35317
      0.352617
      0.352089
      0.351598
      0.351154
      0.350768
      0.350452
      0.350212
      0.350057
      0.349989
      0.350012
      0.350123
       0.35032
      0.350596
      0.350942
       0.35135
      0.351807
      0.352301
      0.352821
      0.353355
      0.353891
      0.354418
      0.354927
       0.35541
      0.355859
      0.356268
      0.356631
      0.356946
      0.357207
      0.357413
      0.357561
       0.35765
       0.35768
      0.349757
      0.349723
      0.349622
      0.349454
       0.34922
       0.34892
      0.348557
      0.348133
       0.34765
      0.347111
      0.346522
      0.345887
      0.345215
      0.344512
      0.343788
      0.343055
      0.342324
      0.341609
      0.340925
      0.340287
       0.33971
      0.339208
      0.338795
      0.338482
      0.338279
      0.338191
       0.33822
      0.338366
      0.338624
      0.338985
      0.339438
       0.33997
      0.340565
      0.341208
      0.341883
      0.342573
      0.343265
      0.343945
        0.3446
      0.345219
      0.345795
      0.346318
      0.346782
      0.347183
      0.347516
      0.347777
      0.347966
       0.34808
      0.348118
      0.340938
      0.340897
      0.340774
      0.340569
      0.340284
      0.339919
      0.339475
      0.338956
      0.338365
      0.337704
       0.33698
        0.3362
      0.335369
        0.3345
      0.333603
      0.332691
       0.33178
      0.330887
       0.33003
      0.329229
      0.328502
      0.327868
      0.327346
       0.32695
      0.326693
      0.326581
      0.326619
      0.326805
      0.327133
      0.327591
      0.328165
      0.328837
      0.329588
      0.330397
      0.331243
      0.332108
      0.332971
      0.333817
      0.334629
      0.335397
      0.336107
      0.336753
      0.337324
      0.337817
      0.338225
      0.338547
      0.338778
      0.338917
      0.338964
      0.332532
      0.332484
      0.332338
      0.332095
      0.331756
      0.331322
      0.330795
      0.330177
      0.329471
      0.328682
      0.327814
      0.326876
      0.325877
      0.324827
       0.32374
      0.322632
      0.321522
      0.320429
      0.319377
       0.31839
      0.317492
      0.316707
      0.316059
      0.315566
      0.315246
      0.315107
      0.315155
      0.315388
      0.315798
      0.316369
      0.317083
      0.317917
      0.318846
      0.319843
      0.320884
      0.321942
      0.322996
      0.324025
      0.325011
      0.325939
      0.326796
      0.327572
      0.328259
      0.328849
      0.329339
      0.329723
      0.329999
      0.330165
      0.330221
      0.324544
      0.324487
      0.324317
      0.324035
      0.323641
      0.323135
       0.32252
      0.321797
       0.32097
      0.320043
      0.319022
      0.317915
      0.316731
      0.315485
      0.314189
      0.312864
      0.311529
      0.310212
      0.308938
      0.307738
      0.306642
      0.305681
      0.304886
      0.304279
      0.303884
      0.303713
      0.303774
      0.304062
      0.304568
      0.305273
      0.306152
      0.307174
       0.30831
      0.309524
      0.310785
      0.312064
      0.313331
      0.314563
       0.31574
      0.316844
       0.31786
      0.318778
      0.319588
      0.320283
      0.320858
      0.321309
      0.321632
      0.321827
      0.321892
      0.316977
      0.316912
      0.316718
      0.316394
      0.315942
      0.315361
      0.314653
       0.31382
      0.312865
      0.311792
      0.310607
      0.309317
      0.307934
      0.306471
      0.304944
      0.303376
       0.30179
      0.300216
      0.298687
      0.297239
      0.295911
      0.294742
       0.29377
      0.293027
      0.292542
      0.292332
      0.292408
      0.292763
      0.293386
      0.294251
      0.295327
      0.296574
      0.297951
      0.299418
      0.300934
      0.302462
       0.30397
       0.30543
      0.306817
      0.308114
      0.309303
      0.310374
      0.311317
      0.312123
      0.312789
       0.31331
      0.313684
      0.313909
      0.313985
      0.309837
      0.309764
      0.309544
      0.309177
      0.308665
      0.308006
      0.307201
      0.306253
      0.305162
      0.303934
      0.302572
      0.301086
      0.299485
      0.297785
      0.296002
      0.294161
      0.292289
      0.290422
      0.288597
       0.28686
      0.285258
       0.28384
      0.282656
      0.281746
      0.281152
      0.280893
      0.280987
      0.281424
      0.282191
       0.28325
      0.284563
      0.286078
      0.287742
      0.289505
      0.291314
      0.293129
      0.294909
      0.296624
      0.298244
      0.299753
       0.30113
      0.302367
      0.303451
      0.304377
      0.305139
      0.305735
      0.306162
      0.306419
      0.306504
      0.303131
      0.303049
      0.302803
      0.302392
      0.301817
      0.301077
      0.300172
      0.299103
       0.29787
      0.296477
      0.294928
       0.29323
      0.291393
      0.289432
      0.287365
      0.285218
      0.283021
      0.280816
      0.278646
      0.276567
      0.274636
      0.272917
      0.271471
      0.270357
      0.269625
      0.269306
       0.26942
       0.26996
      0.270904
      0.272205
      0.273809
       0.27565
      0.277658
      0.279769
      0.281922
      0.284065
      0.286154
      0.288152
      0.290031
      0.291771
      0.293352
      0.294766
      0.296001
      0.297053
      0.297918
      0.298592
      0.299075
      0.299364
      0.299461
      0.296866
      0.296776
      0.296503
      0.296047
      0.295408
      0.294584
      0.293575
       0.29238
      0.290998
      0.289432
      0.287683
      0.285759
      0.283666
       0.28142
      0.279037
      0.276548
      0.273982
      0.271387
      0.268813
      0.266328
      0.264001
      0.261913
      0.260146
      0.258773
      0.257868
      0.257469
      0.257612
      0.258277
      0.259446
      0.261048
      0.263013
      0.265251
      0.267673
        0.2702
      0.272752
      0.275273
      0.277709
      0.280026
      0.282189
       0.28418
      0.285981
      0.287584
       0.28898
      0.290165
      0.291136
      0.291892
      0.292432
      0.292756
      0.292864
      0.291052
      0.290952
      0.290652
      0.290151
      0.289447
      0.288538
      0.287423
      0.286098
      0.284562
      0.282815
      0.280856
       0.27869
      0.276323
      0.273767
      0.271038
      0.268164
       0.26518
      0.262134
      0.259086
      0.256114
      0.253305
       0.25076
      0.248586
      0.246884
      0.245751
      0.245248
       0.24542
      0.246252
      0.247707
      0.249696
      0.252116
      0.254848
      0.257775
      0.260795
      0.263815
      0.266769
      0.269598
      0.272265
      0.274739
      0.277001
      0.279037
      0.280839
      0.282403
      0.283726
      0.284808
      0.285648
      0.286247
      0.286607
      0.286727
      0.285698
      0.285589
      0.285262
      0.284714
      0.283945
      0.282951
      0.281727
       0.28027
      0.278576
      0.276642
      0.274465
      0.272046
      0.269385
      0.266495
      0.263385
      0.260086
      0.256625
      0.253061
      0.249454
      0.245901
      0.242501
      0.239388
      0.236697
      0.234567
      0.233137
      0.232487
      0.232701
       0.23374
      0.235573
      0.238059
      0.241058
      0.244409
       0.24795
      0.251562
      0.255126
      0.258575
      0.261842
      0.264896
      0.267705
      0.270257
      0.272539
      0.274551
      0.276288
      0.277754
      0.278948
      0.279874
      0.280534
      0.280929
       0.28106
      0.280813
      0.280695
      0.280341
      0.279749
      0.278915
      0.277835
      0.276504
      0.274915
      0.273062
      0.270937
      0.268535
      0.265852
      0.262885
      0.259638
      0.256118
      0.252347
      0.248355
      0.244195
      0.239934
      0.235679
      0.231553
      0.227719
      0.224357
       0.22166
      0.219816
      0.218966
      0.219213
      0.220539
      0.222873
      0.226026
      0.229783
      0.233918
      0.238219
      0.242533
       0.24673
      0.250735
      0.254488
      0.257958
      0.261124
      0.263979
      0.266518
      0.268743
      0.270658
      0.272267
      0.273575
      0.274586
      0.275306
      0.275736
       0.27588
      0.276408
      0.276282
      0.275902
      0.275265
      0.274369
      0.273206
      0.271769
       0.27005
      0.268038
      0.265723
      0.263094
      0.260142
      0.256857
      0.253235
      0.249276
      0.244994
      0.240407
      0.235571
      0.230543
      0.225451
      0.220423
       0.21568
       0.21144
      0.207979
       0.20557
      0.204411
      0.204709
      0.206399
      0.209431
      0.213479
      0.218231
      0.223375
      0.228604
      0.233757
      0.238677
      0.243304
      0.247582
      0.251497
      0.255036
      0.258204
      0.261003
      0.263444
      0.265535
      0.267286
      0.268706
      0.269801
       0.27058
      0.271045
        0.2712
      0.272494
      0.272359
      0.271955
      0.271277
       0.27032
      0.269078
       0.26754
      0.265695
       0.26353
      0.261029
      0.258176
      0.254955
      0.251348
      0.247342
      0.242926
      0.238097
      0.232865
      0.227266
      0.221357
      0.215257
      0.209123
      0.203206
      0.197802
      0.193283
      0.190034
      0.188415
      0.188715
      0.190938
      0.194951
      0.200282
      0.206396
      0.212838
      0.219217
      0.225337
      0.231071
      0.236368
      0.241202
      0.245575
      0.249493
      0.252973
       0.25603
      0.258682
      0.260944
      0.262833
       0.26436
      0.265536
      0.266371
      0.266869
      0.267034
       0.26908
      0.268938
      0.268511
      0.267795
      0.266783
      0.265467
      0.263835
      0.261871
      0.259561
      0.256883
      0.253815
      0.250333
       0.24641
      0.242019
      0.237134
      0.231738
      0.225812
      0.219378
      0.212456
      0.205176
      0.197664
      0.190258
      0.183294
      0.177308
      0.172833
      0.170447
      0.170742
      0.173639
      0.179131
      0.186307
      0.194271
      0.202426
      0.210173
      0.217406
       0.22402
      0.230024
      0.235426
      0.240258
      0.244549
      0.248332
      0.251636
      0.254488
      0.256913
       0.25893
      0.260557
      0.261808
      0.262695
      0.263223
      0.263399
      0.266177
      0.266028
      0.265581
       0.26483
      0.263769
      0.262386
      0.260669
      0.258599
      0.256157
      0.253316
      0.250049
      0.246322
      0.242099
      0.237339
      0.231997
       0.22603
      0.219396
      0.212068
      0.204041
      0.195377
      0.186206
      0.176873
      0.167829
      0.159754
      0.153406
      0.149647
      0.149376
        0.1536
      0.161056
      0.171498
      0.182251
      0.192457
       0.20178
      0.210181
        0.2177
      0.224401
      0.230354
      0.235622
      0.240264
      0.244328
      0.247859
      0.250894
      0.253466
      0.255599
      0.257316
      0.258634
      0.259566
      0.260122
      0.260306
      0.263793
      0.263639
      0.263174
      0.262394
      0.261291
      0.259851
      0.258061
      0.255899
      0.253342
      0.250358
      0.246916
      0.242971
      0.238477
      0.233377
      0.227608
      0.221096
      0.213763
       0.20553
      0.196315
      0.186113
      0.174912
      0.163166
       0.15132
      0.140341
      0.131179
      0.125053
      0.123134
      0.130032
      0.139798
      0.156269
      0.170735
      0.183375
       0.19435
      0.203906
      0.212286
      0.219634
      0.226089
      0.231747
      0.236699
      0.241009
      0.244738
       0.24793
      0.250628
      0.252859
      0.254653
      0.256028
         0.257
      0.257578
      0.257771
      0.261936
      0.261777
      0.261299
      0.260495
      0.259358
      0.257873
      0.256024
      0.253787
      0.251136
      0.248037
      0.244449
      0.240323
      0.235601
      0.230212
      0.224073
      0.217078
      0.209112
      0.200026
      0.189664
      0.177851
      0.164452
      0.149493
      0.133511
      0.118914
      0.107308
     0.0957327
     0.0950138
      0.103084
       0.11818
      0.142872
      0.161175
      0.175937
      0.188313
      0.198863
      0.207964
      0.215855
      0.222724
      0.228703
      0.233906
      0.238416
      0.242303
      0.245622
      0.248419
      0.250729
      0.252584
      0.254003
      0.255006
      0.255602
        0.2558
      0.260612
       0.26045
      0.259962
      0.259142
       0.25798
      0.256462
      0.254571
       0.25228
      0.249561
      0.246376
      0.242682
      0.238421
      0.233529
      0.227918
      0.221495
      0.214117
      0.205642
      0.195839
      0.184474
      0.171158
      0.155499
      0.136751
      0.114166
     0.0942528
      0.083003
      0.075733
     0.0785728
     0.0908011
      0.111577
      0.135646
      0.155043
      0.170844
      0.184107
      0.195309
      0.204921
      0.213188
      0.220352
      0.226556
      0.231938
      0.236586
      0.240585
      0.243992
      0.246859
      0.249224
       0.25112
       0.25257
      0.253595
      0.254203
      0.254406
      0.259826
      0.259662
      0.259168
      0.258338
      0.257162
      0.255626
      0.253709
      0.251387
      0.248628
      0.245393
      0.241635
      0.237293
      0.232296
      0.226551
      0.219945
      0.212327
      0.203513
      0.193235
      0.181162
      0.166772
      0.149368
      0.127733
     0.0996806
     0.0805162
     0.0685415
     0.0615962
     0.0703333
     0.0890515
      0.110798
      0.132864
      0.152076
      0.168231
      0.181845
      0.193378
      0.203236
      0.211705
       0.21902
      0.225346
       0.23082
      0.235543
        0.2396
      0.243053
      0.245957
      0.248351
      0.250269
      0.251736
      0.252772
      0.253387
      0.253592
       0.25958
      0.259415
       0.25892
      0.258088
       0.25691
      0.255368
      0.253446
      0.251116
      0.248348
        0.2451
      0.241327
      0.236962
      0.231939
      0.226153
      0.219498
      0.211801
      0.202886
       0.19244
      0.180144
      0.165343
      0.147377
      0.125001
     0.0969679
     0.0763382
     0.0633862
     0.0582155
     0.0669376
     0.0838275
      0.109365
      0.132713
      0.152032
       0.16809
      0.181651
      0.193145
      0.202996
      0.211455
      0.218773
      0.225098
      0.230577
      0.235301
      0.239362
      0.242816
      0.245723
      0.248118
      0.250038
      0.251505
      0.252542
      0.253157
      0.253362
      0.259874
       0.25971
      0.259218
      0.258392
      0.257221
       0.25569
      0.253781
      0.251468
       0.24872
      0.245498
      0.241755
      0.237431
      0.232454
       0.22673
      0.220147
      0.212553
      0.203759
      0.193496
      0.181423
      0.167009
       0.14954
      0.127779
     0.0995587
     0.0803679
     0.0690873
     0.0658614
     0.0721465
     0.0874874
      0.113977
      0.136364
      0.154928
      0.170374
      0.183437
      0.194576
      0.204154
      0.212423
      0.219591
      0.225807
      0.231199
      0.235858
      0.239865
      0.243279
      0.246152
      0.248523
      0.250423
      0.251876
      0.252902
      0.253513
      0.253716
      0.260707
      0.260546
      0.260062
      0.259248
      0.258096
      0.256589
      0.254713
      0.252439
      0.249743
      0.246583
       0.24292
      0.238692
       0.23384
      0.228271
      0.221893
      0.214562
       0.20613
      0.196359
      0.185004
      0.171649
      0.155871
      0.136853
       0.11377
     0.0932135
     0.0811872
     0.0778552
     0.0835153
     0.0983292
      0.122332
      0.143592
      0.160792
      0.174964
      0.187122
      0.197587
      0.206673
      0.214568
      0.221455
      0.227453
      0.232676
      0.237201
      0.241104
      0.244435
      0.247243
      0.249561
      0.251422
      0.252846
      0.253853
      0.254451
       0.25465
      0.262076
      0.261919
      0.261446
      0.260652
      0.259527
       0.25806
      0.256232
      0.254022
      0.251403
      0.248341
      0.244797
      0.240721
      0.236056
      0.230729
      0.224657
      0.217732
      0.209832
      0.200801
      0.190466
      0.178625
      0.165095
      0.149808
      0.133113
      0.116928
      0.101037
     0.0972941
      0.102621
      0.120654
      0.138251
      0.154612
      0.168988
      0.181491
       0.19242
      0.201997
      0.210408
      0.217798
      0.224291
      0.229985
      0.234967
      0.239304
      0.243055
      0.246266
      0.248978
      0.251223
      0.253026
      0.254408
      0.255384
      0.255966
      0.256159
      0.263975
      0.263823
      0.263366
      0.262597
      0.261511
      0.260093
      0.258331
      0.256203
      0.253686
      0.250751
      0.247365
      0.243484
      0.239063
      0.234044
      0.228363
      0.221942
        0.2147
      0.206549
      0.197396
      0.187207
      0.175943
      0.163979
      0.151681
      0.139998
      0.129855
      0.128216
      0.131165
      0.142595
      0.154936
      0.167341
      0.178903
      0.189517
      0.199056
        0.2076
      0.215223
      0.222006
      0.228026
      0.233347
      0.238033
      0.242133
      0.245695
      0.248754
      0.251345
      0.253494
      0.255223
       0.25655
      0.257489
      0.258048
      0.258235
      0.266397
      0.266251
      0.265812
      0.265076
      0.264035
      0.262678
      0.260994
      0.258965
      0.256571
      0.253788
      0.250587
      0.246937
      0.242801
      0.238136
        0.2329
      0.227045
      0.220527
      0.213312
      0.205385
      0.196795
      0.187657
      0.178304
      0.169205
      0.161186
      0.155387
      0.153885
      0.156375
      0.162988
      0.171469
      0.180673
      0.189819
      0.198563
      0.206696
       0.21416
      0.220943
      0.227067
      0.232563
      0.237467
      0.241816
      0.245645
      0.248987
       0.25187
      0.254319
      0.256356
      0.257998
       0.25926
      0.260154
      0.260688
      0.260865
      0.269334
      0.269195
      0.268778
      0.268077
      0.267089
      0.265802
      0.264208
      0.262291
      0.260035
      0.257422
       0.25443
      0.251033
      0.247208
      0.242927
      0.238162
      0.232896
      0.227107
      0.220814
       0.21403
      0.206883
      0.199493
      0.192226
      0.185438
       0.17987
      0.176257
      0.175107
      0.176941
      0.181098
      0.186992
      0.193883
      0.201045
      0.208188
      0.215018
      0.221451
        0.2274
      0.232855
      0.237806
       0.24227
      0.246259
      0.249795
      0.252898
      0.255586
      0.257878
      0.259789
      0.261334
      0.262524
      0.263368
      0.263871
      0.264038
      0.272776
      0.272645
      0.272251
      0.271591
       0.27066
       0.26945
      0.267953
      0.266158
      0.264053
      0.261623
      0.258852
      0.255724
      0.252224
      0.248336
      0.244051
      0.239366
      0.234288
      0.228852
      0.223114
      0.217193
      0.211252
      0.205564
      0.200461
      0.196397
      0.193825
      0.193059
      0.194279
      0.197224
      0.201523
      0.206711
      0.212343
      0.218125
      0.223819
      0.229294
      0.234454
      0.239255
      0.243668
      0.247685
      0.251306
      0.254537
      0.257388
       0.25987
      0.261995
      0.263772
      0.265212
      0.266324
      0.267113
      0.267584
      0.267741
      0.276714
      0.276591
      0.276222
      0.275605
      0.274735
      0.273606
      0.272213
      0.270547
      0.268599
      0.266358
      0.263816
      0.260962
      0.257788
      0.254291
       0.25047
      0.246341
      0.241918
       0.23726
      0.232421
      0.227536
      0.222737
      0.218263
      0.214355
      0.211311
      0.209434
      0.208859
      0.209732
      0.211861
      0.215068
      0.219043
      0.223486
      0.228177
      0.232898
      0.237535
      0.241974
      0.246165
      0.250061
      0.253644
      0.256899
      0.259825
      0.262422
      0.264693
      0.266645
      0.268283
      0.269614
      0.270643
      0.271374
      0.271812
      0.271958
      0.281136
      0.281022
      0.280679
      0.280106
        0.2793
      0.278256
       0.27697
      0.275436
      0.273648
        0.2716
      0.269286
      0.266704
      0.263851
      0.260731
      0.257353
      0.253738
      0.249915
      0.245938
      0.241877
      0.237839
      0.233952
       0.23039
       0.22734
      0.225004
      0.223567
      0.223135
      0.223764
      0.225367
      0.227815
       0.23091
      0.234451
       0.23826
      0.242174
      0.246079
      0.249877
      0.253508
      0.256922
       0.26009
      0.262993
       0.26562
      0.267964
      0.270025
      0.271803
        0.2733
      0.274519
      0.275464
      0.276137
       0.27654
      0.276674
      0.286032
      0.285927
      0.285611
      0.285084
      0.284342
      0.283384
      0.282206
      0.280805
      0.279177
       0.27732
      0.275231
      0.272912
      0.270365
      0.267602
      0.264633
      0.261488
      0.258196
      0.254816
      0.251406
      0.248068
      0.244901
      0.242043
      0.239634
      0.237804
      0.236692
      0.236345
      0.236819
       0.23804
      0.239941
       0.24238
      0.245219
      0.248325
      0.251567
      0.254852
      0.258087
      0.261217
      0.264189
      0.266973
      0.269542
      0.271882
      0.273982
      0.275837
      0.277444
      0.278802
       0.27991
      0.280771
      0.281384
      0.281752
      0.281874
      0.291392
      0.291296
      0.291007
      0.290525
      0.289849
      0.288977
      0.287906
      0.286636
      0.285165
      0.283494
      0.281622
      0.279555
      0.277299
      0.274866
      0.272274
      0.269551
      0.266729
      0.263859
      0.261001
      0.258232
       0.25564
      0.253326
      0.251395
      0.249943
      0.249057
      0.248781
      0.249138
      0.250093
      0.251589
      0.253535
       0.25583
      0.258372
      0.261063
      0.263819
      0.266568
      0.269252
      0.271826
      0.274255
      0.276513
      0.278583
      0.280451
      0.282108
      0.283548
      0.284769
      0.285769
      0.286546
      0.287102
      0.287435
      0.287546
      0.297205
      0.297118
      0.296856
       0.29642
      0.295808
       0.29502
      0.294055
      0.292913
      0.291594
      0.290101
      0.288436
      0.286606
      0.284619
      0.282492
       0.28024
      0.277893
       0.27548
      0.273051
      0.270653
      0.268355
      0.266225
       0.26434
      0.262781
      0.261614
      0.260905
      0.260677
      0.260954
      0.261705
      0.262897
       0.26446
      0.266325
      0.268413
      0.270645
      0.272958
      0.275285
      0.277579
      0.279796
      0.281905
      0.283877
      0.285696
      0.287344
      0.288814
      0.290095
      0.291185
       0.29208
      0.292777
      0.293275
      0.293575
      0.293674
      0.303463
      0.303385
      0.303149
      0.302757
      0.302208
      0.301502
      0.300639
      0.299621
      0.298448
      0.297124
      0.295654
      0.294046
      0.292309
      0.290459
      0.288514
      0.286499
      0.284445
      0.282392
      0.280383
      0.278472
      0.276715
      0.275172
      0.273903
      0.272958
      0.272381
      0.272195
       0.27241
       0.27301
      0.273967
      0.275233
      0.276755
      0.278473
      0.280328
      0.282264
       0.28423
      0.286183
      0.288084
      0.289903
      0.291615
      0.293201
      0.294646
      0.295939
      0.297071
      0.298036
      0.298829
      0.299449
      0.299893
       0.30016
      0.300249
      0.310157
      0.310087
      0.309878
      0.309529
       0.30904
      0.308413
      0.307648
      0.306748
      0.305713
       0.30455
      0.303262
       0.30186
      0.300352
      0.298754
      0.297082
      0.295362
       0.29362
       0.29189
      0.290209
      0.288621
       0.28717
      0.285904
      0.284868
      0.284097
      0.283628
      0.283473
      0.283643
      0.284123
      0.284896
      0.285924
      0.287169
      0.288585
      0.290124
      0.291743
      0.293397
      0.295052
      0.296673
      0.298233
      0.299709
      0.301084
       0.30234
      0.303469
      0.304459
      0.305307
      0.306005
      0.306551
      0.306943
      0.307179
      0.307257
       0.31728
      0.317218
      0.317034
      0.316726
      0.316296
      0.315745
      0.315074
      0.314285
      0.313382
      0.312369
      0.311251
      0.310038
      0.308739
      0.307369
      0.305943
      0.304483
      0.303013
      0.301561
      0.300158
       0.29884
      0.297643
      0.296603
      0.295754
      0.295126
      0.294741
      0.294613
      0.294747
      0.295135
       0.29576
      0.296598
      0.297617
      0.298783
      0.300058
      0.301406
      0.302793
      0.304188
      0.305561
       0.30689
      0.308152
      0.309333
      0.310417
      0.311393
      0.312252
      0.312989
      0.313598
      0.314074
      0.314417
      0.314623
      0.314691
      0.324825
      0.324771
       0.32461
      0.324343
      0.323969
       0.32349
      0.322908
      0.322226
      0.321445
      0.320572
      0.319612
      0.318574
      0.317466
      0.316302
      0.315095
      0.313866
      0.312633
      0.311422
      0.310258
       0.30917
      0.308185
      0.307332
       0.30664
      0.306126
      0.305813
      0.305707
      0.305814
      0.306125
      0.306632
      0.307312
      0.308145
      0.309101
      0.310152
      0.311269
      0.312424
      0.313591
      0.314746
      0.315868
      0.316938
      0.317943
      0.318867
      0.319703
      0.320441
      0.321075
      0.321599
       0.32201
      0.322306
      0.322484
      0.322543
      0.332788
      0.332742
      0.332604
      0.332374
      0.332054
      0.331644
      0.331146
      0.330564
      0.329899
      0.329157
      0.328344
      0.327466
      0.326533
      0.325555
      0.324546
      0.323522
      0.322499
      0.321498
      0.320539
      0.319646
      0.318841
      0.318147
      0.317583
      0.317167
      0.316912
      0.316825
      0.316909
      0.317159
      0.317568
      0.318119
      0.318795
      0.319574
      0.320435
      0.321353
      0.322306
      0.323273
      0.324233
       0.32517
      0.326066
       0.32691
       0.32769
      0.328396
      0.329021
      0.329558
      0.330004
      0.330354
      0.330605
      0.330757
      0.330808
      0.341164
      0.341125
      0.341009
      0.340815
      0.340546
      0.340202
      0.339784
      0.339296
       0.33874
      0.338121
      0.337443
      0.336714
      0.335941
      0.335134
      0.334303
      0.333462
      0.332625
      0.331809
       0.33103
      0.330306
      0.329656
      0.329097
      0.328643
      0.328308
      0.328104
      0.328032
      0.328099
      0.328298
      0.328624
      0.329065
      0.329609
      0.330237
      0.330932
      0.331677
      0.332453
      0.333243
       0.33403
      0.334799
      0.335538
      0.336236
      0.336882
      0.337468
      0.337988
      0.338436
      0.338808
        0.3391
       0.33931
      0.339437
       0.33948
       0.34995
      0.349918
      0.349823
      0.349664
      0.349444
      0.349162
      0.348821
      0.348422
      0.347969
      0.347465
      0.346914
      0.346323
      0.345697
      0.345046
      0.344377
      0.343702
      0.343032
       0.34238
      0.341759
      0.341185
      0.340669
      0.340227
      0.339868
      0.339604
      0.339442
      0.339386
      0.339437
      0.339593
      0.339849
      0.340197
      0.340625
      0.341122
      0.341673
      0.342266
      0.342884
      0.343515
      0.344146
      0.344764
       0.34536
      0.345923
      0.346445
       0.34692
      0.347342
      0.347706
      0.348009
      0.348247
      0.348418
      0.348522
      0.348557
      0.359144
      0.359119
      0.359044
      0.358919
      0.358745
      0.358523
      0.358254
      0.357941
      0.357585
       0.35719
      0.356759
      0.356296
      0.355808
        0.3553
      0.354781
      0.354257
      0.353738
      0.353235
      0.352757
      0.352315
       0.35192
       0.35158
      0.351306
      0.351103
      0.350979
      0.350936
      0.350975
      0.351093
      0.351288
      0.351553
      0.351881
      0.352262
      0.352685
      0.353141
      0.353618
      0.354106
      0.354594
      0.355074
      0.355537
      0.355976
      0.356383
      0.356754
      0.357084
       0.35737
      0.357607
      0.357794
      0.357928
       0.35801
      0.358037
      0.368747
      0.368728
      0.368672
       0.36858
      0.368451
      0.368286
      0.368087
      0.367855
      0.367592
        0.3673
      0.366982
      0.366642
      0.366283
       0.36591
      0.365529
      0.365146
      0.364767
        0.3644
      0.364051
       0.36373
      0.363443
      0.363196
      0.362997
      0.362851
      0.362761
      0.362729
      0.362757
      0.362842
      0.362983
      0.363175
      0.363412
      0.363688
      0.363996
      0.364327
      0.364675
      0.365031
      0.365388
      0.365739
      0.366079
      0.366401
      0.366701
      0.366974
      0.367217
      0.367427
      0.367602
       0.36774
       0.36784
        0.3679
       0.36792
      0.378756
      0.378744
      0.378707
      0.378645
       0.37856
      0.378452
       0.37832
      0.378167
      0.377994
      0.377801
      0.377592
      0.377368
      0.377132
      0.376887
      0.376637
      0.376386
      0.376138
      0.375898
      0.375671
      0.375461
      0.375274
      0.375114
      0.374984
      0.374889
       0.37483
       0.37481
      0.374828
      0.374883
      0.374974
      0.375099
      0.375253
      0.375433
      0.375633
      0.375849
      0.376076
      0.376309
      0.376543
      0.376773
      0.376996
      0.377207
      0.377404
      0.377584
      0.377744
      0.377882
      0.377997
      0.378088
      0.378154
      0.378194
      0.378207
      0.389173
      0.389167
      0.389149
      0.389118
      0.389076
      0.389022
      0.388957
      0.388881
      0.388794
      0.388699
      0.388595
      0.388484
      0.388367
      0.388246
      0.388122
      0.387998
      0.387875
      0.387757
      0.387644
      0.387541
      0.387449
      0.387369
      0.387306
      0.387259
       0.38723
       0.38722
      0.387228
      0.387256
      0.387301
      0.387362
      0.387438
      0.387526
      0.387625
      0.387732
      0.387844
      0.387959
      0.388075
      0.388188
      0.388299
      0.388403
      0.388501
       0.38859
      0.388669
      0.388738
      0.388795
      0.388841
      0.388873
      0.388893
      0.388899
           0.4
           0.4
           0.4
           0.4
           0.4
           0.4
           0.4
           0.4
           0.4
           0.4
           0.4
           0.4
           0.4
           0.4
           0.4
           0.4
           0.4
           0.4
           0.4
           0.4
           0.4
           0.4
           0.4
           0.4
           0.4
           0.4
           0.4
           0.4
           0.4
           0.4
           0.4
           0.4
           0.4
           0.4
           0.4
           0.4
           0.4
           0.4
           0.4
           0.4
           0.4
           0.4
           0.4
           0.4
           0.4
           0.4
           0.4
           0.4
           0.4
