           0.4
           0.4
           0.4
           0.4
           0.4
           0.4
           0.4
           0.4
           0.4
           0.4
           0.4
           0.4
           0.4
           0.4
           0.4
           0.4
           0.4
           0.4
           0.4
           0.4
           0.4
           0.4
           0.4
           0.4
           0.4
           0.4
           0.4
           0.4
           0.4
           0.4
           0.4
           0.4
           0.4
           0.4
           0.4
           0.4
           0.4
           0.4
           0.4
           0.4
           0.4
           0.4
           0.4
           0.4
           0.4
           0.4
           0.4
           0.4
           0.4
      0.388817
      0.388809
      0.388786
      0.388748
      0.388694
      0.388626
      0.388544
      0.388448
      0.388338
      0.388217
      0.388085
      0.387943
      0.387794
      0.387638
      0.387478
      0.387316
      0.387156
      0.386999
       0.38685
       0.38671
      0.386584
      0.386474
      0.386383
      0.386312
      0.386265
      0.386242
      0.386243
       0.38627
      0.386319
      0.386391
      0.386484
      0.386593
      0.386717
      0.386852
      0.386995
      0.387143
      0.387291
      0.387439
      0.387581
      0.387717
      0.387843
      0.387958
      0.388061
       0.38815
      0.388224
      0.388283
      0.388325
       0.38835
      0.388359
      0.378044
      0.378029
      0.377982
      0.377905
      0.377798
      0.377661
      0.377495
      0.377302
      0.377082
      0.376839
      0.376572
      0.376287
      0.375985
       0.37567
      0.375347
      0.375021
      0.374697
      0.374381
      0.374078
      0.373795
      0.373539
      0.373316
      0.373131
      0.372988
      0.372892
      0.372845
      0.372848
      0.372901
      0.373003
      0.373149
      0.373336
      0.373559
       0.37381
      0.374085
      0.374374
      0.374673
      0.374974
      0.375271
      0.375559
      0.375833
      0.376088
      0.376321
      0.376528
      0.376707
      0.376856
      0.376974
      0.377059
       0.37711
      0.377127
      0.367682
      0.367658
      0.367588
      0.367472
       0.36731
      0.367103
      0.366852
       0.36656
      0.366227
      0.365858
      0.365454
      0.365021
      0.364562
      0.364083
      0.363592
      0.363094
      0.362599
      0.362115
      0.361652
      0.361219
      0.360826
      0.360483
      0.360198
      0.359979
      0.359831
      0.359758
      0.359764
      0.359846
      0.360002
      0.360228
      0.360516
      0.360858
      0.361245
      0.361666
       0.36211
      0.362568
      0.363028
      0.363482
      0.363922
      0.364339
      0.364727
      0.365081
      0.365396
      0.365668
      0.365895
      0.366073
      0.366202
      0.366279
      0.366305
       0.35773
      0.357699
      0.357605
      0.357448
      0.357229
      0.356951
      0.356613
      0.356218
      0.355769
      0.355269
      0.354723
      0.354135
      0.353512
      0.352862
      0.352192
      0.351514
      0.350837
      0.350175
      0.349539
      0.348945
      0.348405
      0.347932
      0.347539
      0.347235
      0.347031
      0.346931
      0.346939
      0.347052
      0.347269
      0.347581
       0.34798
      0.348453
      0.348986
      0.349566
      0.350176
      0.350804
      0.351435
      0.352056
      0.352656
      0.353224
      0.353753
      0.354234
      0.354661
       0.35503
      0.355337
      0.355579
      0.355753
      0.355858
      0.355893
      0.348191
      0.348152
      0.348032
      0.347834
      0.347558
      0.347205
      0.346776
      0.346275
      0.345705
      0.345069
      0.344373
      0.343623
      0.342826
      0.341993
      0.341133
       0.34026
      0.339387
      0.338531
      0.337708
      0.336936
      0.336233
      0.335616
      0.335102
      0.334706
      0.334438
      0.334307
      0.334317
      0.334467
      0.334752
      0.335161
      0.335684
      0.336302
      0.336998
      0.337753
      0.338547
      0.339361
      0.340177
      0.340979
      0.341751
      0.342482
      0.343159
      0.343775
      0.344322
      0.344793
      0.345184
      0.345492
      0.345713
      0.345847
      0.345891
      0.339067
      0.339019
      0.338874
      0.338632
      0.338296
      0.337865
      0.337343
      0.336731
      0.336033
      0.335254
      0.334399
      0.333477
      0.332494
      0.331465
      0.330399
      0.329315
      0.328227
      0.327157
      0.326126
      0.325155
      0.324269
       0.32349
      0.322839
      0.322336
      0.321996
      0.321829
      0.321843
      0.322033
      0.322397
      0.322918
      0.323582
      0.324365
      0.325246
      0.326199
      0.327197
      0.328219
      0.329239
      0.330238
      0.331199
      0.332105
      0.332943
      0.333703
      0.334376
      0.334956
      0.335436
      0.335813
      0.336085
      0.336249
      0.336303
      0.330361
      0.330304
      0.330132
      0.329846
      0.329447
      0.328936
      0.328315
      0.327586
      0.326754
      0.325824
      0.324801
      0.323693
      0.322511
      0.321268
      0.319979
      0.318661
      0.317336
      0.316027
      0.314761
      0.313565
      0.312469
      0.311502
      0.310693
      0.310066
      0.309641
      0.309433
      0.309449
      0.309689
      0.310143
      0.310795
      0.311624
        0.3126
      0.313693
      0.314872
      0.316103
      0.317357
      0.318606
      0.319825
      0.320992
      0.322089
      0.323102
      0.324017
      0.324826
      0.325521
      0.326097
      0.326548
      0.326872
      0.327068
      0.327133
      0.322077
      0.322011
      0.321811
      0.321479
      0.321014
      0.320419
      0.319695
      0.318845
      0.317871
      0.316779
      0.315576
       0.31427
      0.312872
      0.311397
       0.30986
      0.308285
      0.306693
      0.305115
       0.30358
      0.302126
      0.300788
      0.299602
      0.298607
      0.297831
      0.297307
      0.297048
      0.297069
      0.297365
      0.297929
      0.298736
       0.29976
      0.300962
      0.302303
      0.303744
      0.305242
      0.306762
      0.308267
      0.309731
      0.311127
      0.312434
      0.313636
       0.31472
      0.315675
      0.316494
       0.31717
        0.3177
       0.31808
      0.318309
      0.318385
      0.314222
      0.314146
      0.313917
      0.313537
      0.313005
      0.312322
       0.31149
      0.310511
      0.309387
      0.308125
      0.306729
      0.305209
      0.303577
      0.301847
      0.300038
      0.298174
      0.296282
      0.294397
      0.292555
        0.2908
      0.289177
      0.287732
      0.286512
       0.28556
      0.284912
      0.284592
      0.284617
      0.284983
      0.285679
      0.286674
      0.287932
      0.289404
       0.29104
      0.292787
      0.294595
      0.296419
      0.298216
      0.299955
      0.301604
      0.303143
      0.304552
      0.305818
       0.30693
      0.307881
      0.308664
      0.309277
      0.309717
      0.309981
      0.310069
      0.306801
      0.306715
      0.306457
      0.306027
      0.305424
       0.30465
      0.303705
      0.302591
       0.30131
      0.299866
      0.298264
      0.296515
      0.294627
      0.292618
      0.290507
      0.288321
      0.286089
      0.283853
      0.281655
      0.279548
      0.277587
      0.275831
      0.274342
      0.273171
      0.272373
      0.271975
      0.272006
      0.272455
      0.273315
      0.274539
      0.276082
       0.27788
      0.279866
      0.281976
      0.284144
      0.286319
      0.288448
      0.290496
      0.292427
      0.294221
      0.295855
      0.297318
      0.298598
       0.29969
      0.300588
      0.301288
       0.30179
      0.302092
      0.302192
      0.299824
      0.299728
      0.299439
      0.298957
      0.298282
      0.297414
      0.296352
      0.295097
       0.29365
      0.292014
      0.290193
      0.288196
      0.286032
      0.283718
      0.281272
      0.278725
      0.276109
      0.273468
      0.270855
      0.268331
      0.265965
      0.263833
       0.26201
       0.26057
      0.259581
      0.259086
      0.259118
      0.259675
      0.260735
      0.262247
      0.264142
      0.266339
      0.268749
      0.271291
      0.273884
      0.276463
       0.27897
      0.281364
      0.283609
      0.285681
      0.287559
      0.289234
      0.290694
      0.291935
      0.292953
      0.293745
      0.294312
      0.294652
      0.294766
      0.293299
      0.293192
      0.292872
      0.292338
      0.291589
      0.290623
       0.28944
      0.288039
      0.286418
       0.28458
      0.282527
      0.280266
      0.277803
      0.275156
       0.27234
      0.269389
      0.266334
       0.26323
      0.260131
      0.257114
      0.254261
      0.251667
      0.249433
      0.247652
      0.246422
      0.245797
      0.245835
       0.24652
      0.247838
      0.249707
      0.252043
      0.254731
      0.257657
      0.260716
      0.263806
      0.266854
       0.26979
      0.272574
      0.275163
      0.277539
      0.279681
      0.281581
      0.283231
      0.284629
      0.285772
      0.286661
      0.287296
      0.287676
      0.287803
      0.287236
      0.287119
      0.286767
       0.28618
      0.285355
      0.284291
      0.282984
      0.281432
      0.279632
      0.277584
      0.275287
      0.272745
      0.269962
      0.266952
      0.263732
      0.260329
       0.25678
       0.25314
      0.249473
      0.245867
      0.242422
      0.239257
      0.236502
      0.234287
      0.232737
      0.231945
      0.231977
      0.232833
      0.234478
       0.23681
      0.239705
       0.24301
      0.246571
      0.250251
      0.253929
      0.257516
      0.260938
      0.264151
      0.267119
      0.269821
      0.272244
      0.274382
      0.276231
      0.277792
      0.279065
      0.280052
      0.280756
      0.281177
      0.281318
      0.281646
      0.281519
      0.281136
      0.280495
      0.279595
       0.27843
      0.276998
      0.275293
       0.27331
      0.271045
      0.268494
      0.265657
      0.262534
      0.259135
      0.255469
      0.251568
       0.24746
      0.243208
      0.238874
      0.234567
      0.230398
      0.226524
      0.223108
      0.220328
      0.218364
      0.217336
      0.217366
      0.218431
      0.220508
      0.223435
      0.227048
      0.231134
      0.235474
      0.239908
      0.244271
      0.248479
      0.252444
      0.256132
      0.259506
      0.262557
      0.265274
       0.26766
      0.269714
      0.271442
      0.272847
      0.273935
      0.274708
      0.275171
      0.275325
      0.276542
      0.276404
       0.27599
      0.275297
      0.274321
      0.273058
      0.271501
      0.269642
      0.267475
      0.264989
      0.262178
      0.259035
      0.255555
      0.251742
        0.2476
      0.243149
       0.23842
      0.233465
      0.228358
      0.223209
      0.218157
      0.213389
      0.209118
       0.20559
      0.203053
      0.201706
      0.201706
       0.20306
      0.205704
      0.209432
      0.213992
      0.219079
      0.224399
      0.229733
      0.234902
      0.239805
      0.244371
      0.248567
      0.252373
      0.255786
      0.258808
      0.261446
      0.263708
      0.265603
      0.267141
      0.268328
      0.269171
      0.269675
      0.269842
      0.271934
      0.271786
      0.271342
      0.270598
       0.26955
       0.26819
      0.266511
      0.264501
      0.262149
      0.259444
      0.256369
      0.252915
      0.249067
      0.244821
       0.24017
      0.235127
      0.229706
      0.223962
      0.217952
      0.211809
      0.205668
      0.199778
      0.194393
      0.189862
      0.186548
       0.18473
      0.184698
      0.186414
      0.189839
      0.194633
      0.200452
       0.20685
      0.213377
      0.219802
      0.225889
      0.231571
      0.236782
      0.241517
       0.24577
      0.249554
      0.252883
      0.255773
       0.25824
      0.260301
      0.261967
      0.263251
      0.264162
      0.264706
      0.264887
      0.267836
      0.267678
      0.267205
      0.266413
      0.265295
      0.263844
      0.262047
      0.259892
      0.257362
      0.254441
      0.251108
      0.247343
      0.243126
      0.238436
      0.233257
      0.227584
      0.221418
      0.214791
      0.207756
      0.200429
      0.192968
      0.185643
      0.178786
      0.172874
      0.168422
      0.165928
      0.165795
      0.168043
      0.172527
       0.17882
      0.186386
      0.194527
      0.202589
       0.21027
       0.21739
      0.223897
      0.229782
      0.235062
      0.239762
      0.243912
      0.247541
      0.250675
      0.253341
      0.255559
      0.257349
      0.258725
        0.2597
      0.260281
      0.260474
      0.264258
      0.264092
      0.263593
      0.262756
      0.261574
      0.260037
       0.25813
      0.255838
      0.253141
      0.250015
      0.246434
      0.242369
      0.237787
      0.232656
      0.226941
      0.220617
      0.213656
      0.206072
      0.197872
      0.189175
      0.180094
       0.17097
      0.162142
      0.154317
      0.148238
      0.144679
      0.144445
      0.147393
      0.153379
      0.161726
      0.171752
      0.182301
      0.192213
      0.201348
      0.209563
      0.216919
      0.223473
      0.229287
      0.234418
      0.238916
      0.242827
       0.24619
       0.24904
      0.251404
      0.253308
      0.254769
      0.255803
      0.256418
      0.256623
      0.261213
      0.261039
      0.260516
      0.259639
        0.2584
      0.256785
       0.25478
      0.252365
      0.249514
      0.246201
       0.24239
      0.238044
      0.233119
      0.227565
       0.22133
      0.214357
      0.206591
      0.197991
      0.188533
      0.178263
      0.167285
      0.155873
      0.144439
      0.133818
      0.125105
      0.119959
      0.119866
      0.123633
      0.131838
      0.142927
      0.157066
      0.170719
       0.18282
      0.193379
       0.20265
      0.210803
       0.21798
      0.224284
      0.229807
       0.23462
      0.238785
      0.242353
      0.245367
      0.247861
      0.249865
      0.251401
      0.252487
      0.253133
      0.253348
       0.25871
       0.25853
      0.257987
      0.257076
      0.255787
      0.254106
      0.252017
      0.249494
      0.246511
      0.243033
      0.239021
      0.234425
      0.229192
      0.223253
      0.216535
      0.208948
      0.200396
      0.190776
      0.179978
      0.167988
      0.154779
      0.140589
      0.125625
      0.111068
     0.0981006
      0.089969
     0.0912784
     0.0953347
      0.107351
      0.121037
      0.142844
      0.160683
       0.17498
      0.186721
      0.196892
      0.205718
      0.213426
      0.220144
      0.226001
      0.231078
      0.235459
      0.239198
       0.24235
      0.244953
      0.247042
       0.24864
      0.249769
       0.25044
      0.250664
      0.256759
      0.256573
      0.256014
      0.255076
      0.253747
      0.252013
      0.249854
      0.247245
      0.244154
      0.240542
      0.236363
      0.231561
       0.22607
      0.219806
      0.212674
      0.204552
      0.195298
      0.184732
      0.172655
      0.158836
      0.143132
      0.125783
      0.106946
     0.0861087
      0.074323
      0.069276
     0.0711886
     0.0788077
     0.0933685
      0.116016
      0.136517
      0.154175
      0.169063
      0.181651
      0.192459
      0.201796
      0.209901
       0.21694
      0.223051
      0.228335
      0.232879
      0.236752
       0.24001
      0.242698
      0.244851
      0.246498
       0.24766
      0.248352
      0.248581
      0.255367
      0.255177
      0.254607
      0.253648
      0.252291
      0.250518
       0.24831
      0.245637
      0.242467
      0.238757
      0.234457
      0.229501
       0.22382
       0.21731
      0.209868
      0.201329
       0.19153
      0.180188
      0.167019
      0.151459
      0.132937
      0.112121
     0.0896474
     0.0705967
     0.0595126
     0.0561202
     0.0601969
     0.0716662
     0.0906018
       0.11309
      0.132999
      0.150421
      0.165442
      0.178372
      0.189522
      0.199147
      0.207499
      0.214735
      0.221011
      0.226426
       0.23108
       0.23504
      0.238369
      0.241112
      0.243309
      0.244988
      0.246173
      0.246877
      0.247112
      0.254538
      0.254346
      0.253768
      0.252798
      0.251424
      0.249629
      0.247391
      0.244681
      0.241464
      0.237696
      0.233323
      0.228278
       0.22248
      0.215826
      0.208192
      0.199407
      0.189265
      0.177457
       0.16358
      0.146943
      0.126469
     0.0998166
     0.0782984
     0.0620549
     0.0518896
     0.0472528
     0.0553477
      0.071909
     0.0917768
      0.112691
      0.131968
      0.149048
      0.163951
      0.176883
      0.188092
      0.197807
      0.206241
      0.213557
      0.219898
      0.225372
      0.230073
      0.234073
      0.237435
      0.240204
      0.242422
      0.244117
      0.245312
      0.246023
      0.246259
      0.254276
      0.254084
      0.253505
      0.252531
      0.251153
      0.249351
      0.247106
      0.244386
      0.241158
      0.237374
      0.232984
      0.227915
      0.222092
        0.2154
      0.207726
      0.198882
      0.188681
      0.176786
      0.162856
       0.14618
      0.126038
      0.103093
      0.078004
      0.060442
     0.0496222
     0.0456749
     0.0535361
     0.0687456
      0.091837
      0.113882
      0.133101
      0.149836
      0.164428
      0.177126
      0.188178
      0.197787
      0.206153
      0.213421
      0.219732
      0.225183
      0.229871
      0.233861
      0.237216
       0.23998
      0.242195
      0.243888
      0.245082
      0.245792
      0.246028
      0.254582
       0.25439
      0.253815
      0.252847
      0.251476
      0.249686
      0.247455
      0.244753
      0.241548
      0.237793
      0.233438
      0.228416
      0.222649
      0.216036
      0.208458
      0.199757
      0.189741
      0.178145
      0.164653
      0.148818
      0.130184
      0.108372
     0.0822428
     0.0646729
     0.0544697
     0.0514996
     0.0576921
     0.0719241
     0.0961896
      0.117862
      0.136601
      0.152752
      0.166792
      0.179028
      0.189714
      0.199047
        0.2072
      0.214309
      0.220495
      0.225852
      0.230465
      0.234397
      0.237707
      0.240438
      0.242626
        0.2443
      0.245481
      0.246184
      0.246417
      0.255454
      0.255265
      0.254698
      0.253744
      0.252395
      0.250632
      0.248436
       0.24578
      0.242632
      0.238948
      0.234683
      0.229772
      0.224148
      0.217717
      0.210379
      0.201992
      0.192408
      0.181409
      0.168775
      0.154216
      0.137443
      0.117878
     0.0949491
     0.0749463
     0.0633852
       0.05884
     0.0657514
     0.0799349
      0.103095
      0.124745
       0.14267
      0.157774
      0.170963
      0.182496
      0.192633
      0.201532
      0.209348
      0.216191
      0.222169
      0.227361
      0.231845
      0.235674
      0.238904
      0.241571
      0.243711
      0.245349
      0.246507
      0.247195
      0.247424
      0.256888
      0.256704
      0.256149
      0.255218
        0.2539
       0.25218
       0.25004
      0.247455
      0.244395
      0.240821
      0.236692
      0.231954
      0.226545
      0.220389
      0.213401
      0.205477
      0.196498
      0.186327
      0.174816
      0.161811
      0.147156
      0.130697
      0.112345
     0.0922754
      0.081962
     0.0791842
     0.0835545
     0.0954751
       0.11705
      0.135337
      0.151052
      0.164713
      0.176744
      0.187382
      0.196807
      0.205148
      0.212519
      0.219012
      0.224709
      0.229679
      0.233983
      0.237671
      0.240787
      0.243366
      0.245438
      0.247026
      0.248149
      0.248817
      0.249039
      0.258879
        0.2587
      0.258163
      0.257261
      0.255986
      0.254324
      0.252258
      0.249766
      0.246822
      0.243393
      0.239443
      0.234926
      0.229794
      0.223985
      0.217438
      0.210077
      0.201828
      0.192615
      0.182365
      0.171055
      0.158661
      0.145384
      0.131425
        0.1189
      0.109927
      0.108729
      0.111054
      0.121061
      0.134281
      0.148495
      0.161489
      0.173294
       0.18394
      0.193515
      0.202107
       0.20979
      0.216637
       0.22271
       0.22807
      0.232768
      0.236854
      0.240365
      0.243341
      0.245809
      0.247796
       0.24932
      0.250399
      0.251041
      0.251255
      0.261417
      0.261246
       0.26073
      0.259864
       0.25864
      0.257048
      0.255071
      0.252692
      0.249888
      0.246632
      0.242893
      0.238638
      0.233828
       0.22842
      0.222371
      0.215639
      0.208184
      0.199984
      0.191037
        0.1814
      0.171198
      0.160751
      0.150599
       0.14196
       0.13622
      0.134742
      0.137004
      0.143433
      0.152543
      0.162881
      0.173201
      0.183055
      0.192231
      0.200672
      0.208367
      0.215335
      0.221604
      0.227211
      0.232191
      0.236582
      0.240417
      0.243726
      0.246539
      0.248878
      0.250765
      0.252215
      0.253242
      0.253854
      0.254058
      0.264495
      0.264331
       0.26384
      0.263015
      0.261852
      0.260339
      0.258465
      0.256214
      0.253568
      0.250506
      0.247004
      0.243038
       0.23858
      0.233604
      0.228084
      0.222005
      0.215354
      0.208158
      0.200442
      0.192345
      0.184005
      0.175841
       0.16827
       0.16213
      0.158257
      0.157021
      0.158796
      0.163135
      0.169593
      0.177305
      0.185406
      0.193528
      0.201301
       0.20863
      0.215418
      0.221653
      0.227321
      0.232436
      0.237012
      0.241071
      0.244634
      0.247722
      0.250355
      0.252552
      0.254327
      0.255694
      0.256663
      0.257242
      0.257434
        0.2681
      0.267945
       0.26748
      0.266702
      0.265605
       0.26418
      0.262418
      0.260307
      0.257833
       0.25498
      0.251732
      0.248071
      0.243982
      0.239451
       0.23447
       0.22904
      0.223176
      0.216922
      0.210345
      0.203583
      0.196821
      0.190371
      0.184614
      0.180058
      0.177196
      0.176314
      0.177564
      0.180744
       0.18552
      0.191374
      0.197787
      0.204398
       0.21092
      0.217196
      0.223116
      0.228626
      0.233694
       0.23831
      0.242471
      0.246186
      0.249464
      0.252319
      0.254761
      0.256805
      0.258461
      0.259739
      0.260645
      0.261187
      0.261368
      0.272221
      0.272076
       0.27164
      0.270911
      0.269884
      0.268553
      0.266911
      0.264948
      0.262654
      0.260019
      0.257032
      0.253684
      0.249967
       0.24588
      0.241422
      0.236617
      0.231485
      0.226094
      0.220511
      0.214889
      0.209381
      0.204261
      0.199803
      0.196337
      0.194195
      0.193517
      0.194444
      0.196801
      0.200414
      0.204937
      0.210027
      0.215421
      0.220857
      0.226199
      0.231313
      0.236143
      0.240631
      0.244758
      0.248508
      0.251877
      0.254867
      0.257482
      0.259728
      0.261614
      0.263146
      0.264329
      0.265171
      0.265674
      0.265842
      0.276846
      0.276711
      0.276306
      0.275628
      0.274675
      0.273442
      0.271923
      0.270112
      0.268003
       0.26559
      0.262866
      0.259829
      0.256479
      0.252821
      0.248867
      0.244643
      0.240186
      0.235559
      0.230845
      0.226166
      0.221672
       0.21756
      0.214046
      0.211354
      0.209691
      0.209173
      0.209858
      0.211663
      0.214451
      0.218002
      0.222083
      0.226484
      0.231011
      0.235527
       0.23992
      0.244117
      0.248061
       0.25172
       0.25507
        0.2581
      0.260804
      0.263179
      0.265228
      0.266954
      0.268359
      0.269447
      0.270222
      0.270686
       0.27084
      0.281963
      0.281838
      0.281464
      0.280839
      0.279961
      0.278827
      0.277433
      0.275776
      0.273852
      0.271659
      0.269194
      0.266461
      0.263463
      0.260214
      0.256727
      0.253039
      0.249184
      0.245232
      0.241252
      0.237361
      0.233674
      0.230351
      0.227551
      0.225424
      0.224122
      0.223705
       0.22423
      0.225623
      0.227807
      0.230624
      0.233913
      0.237517
       0.24128
      0.245093
      0.248845
      0.252474
      0.255915
      0.259137
      0.262108
      0.264813
      0.267238
       0.26938
      0.271234
      0.272801
      0.274079
      0.275072
       0.27578
      0.276204
      0.276345
      0.287559
      0.287445
      0.287102
       0.28653
      0.285728
      0.284694
      0.283425
       0.28192
      0.280178
        0.2782
      0.275987
      0.273545
      0.270882
      0.268013
       0.26496
      0.261755
      0.258438
      0.255068
      0.251716
      0.248471
      0.245437
       0.24273
       0.24047
      0.238769
      0.237725
      0.237391
      0.237792
       0.23889
      0.240621
       0.24288
       0.24555
      0.248509
      0.251642
       0.25485
      0.258046
      0.261165
      0.264152
      0.266969
      0.269585
      0.271981
      0.274142
      0.276058
      0.277723
      0.279133
      0.280288
      0.281186
      0.281827
      0.282212
       0.28234
      0.293622
      0.293519
      0.293208
      0.292689
      0.291961
      0.291025
      0.289879
      0.288523
      0.286959
      0.285188
      0.283215
      0.281049
      0.278698
      0.276183
      0.273522
      0.270751
      0.267905
      0.265042
      0.262218
      0.259513
      0.257006
      0.254789
      0.252955
      0.251579
      0.250739
      0.250462
      0.250776
      0.251644
      0.253031
      0.254853
      0.257028
      0.259465
      0.262071
      0.264768
      0.267479
       0.27015
      0.272728
      0.275178
      0.277466
      0.279575
      0.281485
      0.283187
      0.284671
      0.285932
      0.286966
      0.287773
      0.288349
      0.288695
      0.288811
      0.300143
       0.30005
      0.299769
      0.299303
      0.298649
      0.297808
      0.296782
       0.29557
      0.294176
      0.292604
      0.290858
       0.28895
       0.28689
      0.284697
      0.282392
      0.280007
      0.277577
      0.275148
      0.272774
      0.270515
       0.26844
      0.266617
      0.265116
      0.263997
      0.263311
      0.263083
      0.263327
      0.264023
      0.265139
      0.266619
      0.268399
      0.270408
      0.272577
      0.274839
      0.277134
       0.27941
      0.281624
      0.283741
      0.285731
      0.287573
       0.28925
      0.290749
      0.292061
      0.293179
      0.294099
      0.294817
       0.29533
      0.295639
      0.295742
       0.30711
      0.307027
      0.306777
      0.306361
      0.305778
      0.305031
      0.304119
      0.303046
      0.301814
      0.300429
      0.298897
      0.297229
      0.295436
      0.293538
      0.291553
      0.289511
      0.287443
      0.285392
      0.283398
      0.281515
      0.279795
      0.278293
      0.277063
      0.276147
      0.275587
      0.275396
      0.275589
      0.276147
       0.27705
      0.278253
      0.279712
       0.28137
      0.283172
      0.285065
      0.286999
      0.288931
      0.290821
      0.292639
      0.294357
      0.295955
      0.297415
      0.298726
      0.299877
       0.30086
       0.30167
      0.302304
      0.302758
      0.303031
      0.303122
      0.314516
      0.314442
      0.314221
      0.313854
       0.31334
      0.312682
      0.311881
       0.31094
      0.309862
      0.308653
      0.307321
      0.305875
      0.304328
      0.302697
         0.301
      0.299262
      0.297513
      0.295786
      0.294119
      0.292552
      0.291128
       0.28989
      0.288879
      0.288129
      0.287668
      0.287509
      0.287661
      0.288111
      0.288842
      0.289824
      0.291019
      0.292385
      0.293879
      0.295458
       0.29708
       0.29871
      0.300314
      0.301864
      0.303336
       0.30471
      0.305972
      0.307107
      0.308107
      0.308963
       0.30967
      0.310224
      0.310621
       0.31086
       0.31094
      0.322351
      0.322287
      0.322094
      0.321774
      0.321327
      0.320754
      0.320058
      0.319242
      0.318309
      0.317266
       0.31612
       0.31488
      0.313557
      0.312169
       0.31073
      0.309264
      0.307795
      0.306351
      0.304963
      0.303666
      0.302491
      0.301474
      0.300646
      0.300031
      0.299654
      0.299521
      0.299641
      0.300002
      0.300595
      0.301393
      0.302369
      0.303491
      0.304723
      0.306033
      0.307385
       0.30875
      0.310099
       0.31141
      0.312658
       0.31383
      0.314907
      0.315881
       0.31674
      0.317478
      0.318087
      0.318566
       0.31891
      0.319117
      0.319186
      0.330611
      0.330556
       0.33039
      0.330115
      0.329731
       0.32924
      0.328644
      0.327946
      0.327151
      0.326263
       0.32529
       0.32424
      0.323124
      0.321956
       0.32075
      0.319526
      0.318305
      0.317109
      0.315964
      0.314897
      0.313935
      0.313104
      0.312429
      0.311928
      0.311619
       0.31151
      0.311603
      0.311894
      0.312371
      0.313017
       0.31381
      0.314724
      0.315734
       0.31681
      0.317927
      0.319059
      0.320182
      0.321277
      0.322325
       0.32331
      0.324219
      0.325043
      0.325771
      0.326397
      0.326916
      0.327324
      0.327617
      0.327794
      0.327853
      0.339289
      0.339242
      0.339103
      0.338871
      0.338547
      0.338134
      0.337634
      0.337048
      0.336382
       0.33564
      0.334828
      0.333955
      0.333029
      0.332062
      0.331068
      0.330062
       0.32906
      0.328083
      0.327151
      0.326285
      0.325507
      0.324835
      0.324291
      0.323887
      0.323638
      0.323548
      0.323621
      0.323852
      0.324233
       0.32475
      0.325387
      0.326124
       0.32694
      0.327814
      0.328723
      0.329648
      0.330569
       0.33147
      0.332334
      0.333149
      0.333903
      0.334588
      0.335194
      0.335717
      0.336151
      0.336492
      0.336737
      0.336885
      0.336935
      0.348382
      0.348343
      0.348229
      0.348038
      0.347773
      0.347435
      0.347025
      0.346546
      0.346002
      0.345397
      0.344737
      0.344028
      0.343278
      0.342496
      0.341695
      0.340886
      0.340083
      0.339301
      0.338558
      0.337869
       0.33725
      0.336718
      0.336287
      0.335968
       0.33577
      0.335698
      0.335754
      0.335934
      0.336233
       0.33664
      0.337142
      0.337725
      0.338372
      0.339067
      0.339792
      0.340532
      0.341271
      0.341995
      0.342692
       0.34335
      0.343961
      0.344516
      0.345009
      0.345435
      0.345788
      0.346066
      0.346266
      0.346387
      0.346427
      0.357886
      0.357856
      0.357765
      0.357615
      0.357406
      0.357139
      0.356816
      0.356439
      0.356011
      0.355536
      0.355018
      0.354463
      0.353877
      0.353268
      0.352644
      0.352016
      0.351394
       0.35079
      0.350216
      0.349685
       0.34921
      0.348801
      0.348471
      0.348226
      0.348074
      0.348018
      0.348059
      0.348196
      0.348423
      0.348734
      0.349118
      0.349564
      0.350061
      0.350596
      0.351156
      0.351728
        0.3523
      0.352862
      0.353404
      0.353918
      0.354395
      0.354829
      0.355215
      0.355548
      0.355825
      0.356044
      0.356201
      0.356296
      0.356328
      0.367801
      0.367778
      0.367711
      0.367599
      0.367444
      0.367246
      0.367007
      0.366728
      0.366411
      0.366061
      0.365678
      0.365269
      0.364838
       0.36439
      0.363932
      0.363472
      0.363017
      0.362576
      0.362157
      0.361771
      0.361425
      0.361128
      0.360888
       0.36071
        0.3606
      0.360559
      0.360588
      0.360686
       0.36085
      0.361075
      0.361353
      0.361677
      0.362038
      0.362427
      0.362835
      0.363252
      0.363671
      0.364083
      0.364481
      0.364858
      0.365209
      0.365528
      0.365813
      0.366059
      0.366264
      0.366425
      0.366541
      0.366612
      0.366635
      0.378124
      0.378109
      0.378065
      0.377991
      0.377888
      0.377758
      0.377599
      0.377415
      0.377206
      0.376975
      0.376723
      0.376454
       0.37617
      0.375876
      0.375575
      0.375274
      0.374976
      0.374687
      0.374414
      0.374162
      0.373936
      0.373743
      0.373586
       0.37347
      0.373398
      0.373371
       0.37339
      0.373454
       0.37356
      0.373706
      0.373887
      0.374097
      0.374333
      0.374586
      0.374853
      0.375126
        0.3754
       0.37567
      0.375931
      0.376178
      0.376409
       0.37662
      0.376807
      0.376969
      0.377104
       0.37721
      0.377287
      0.377333
      0.377349
      0.388857
       0.38885
      0.388828
      0.388791
       0.38874
      0.388675
      0.388596
      0.388505
      0.388401
      0.388286
      0.388161
      0.388027
      0.387886
      0.387741
      0.387592
      0.387442
      0.387295
      0.387152
      0.387017
      0.386893
      0.386782
      0.386686
      0.386609
      0.386552
      0.386516
      0.386503
      0.386512
      0.386543
      0.386596
      0.386667
      0.386756
       0.38686
      0.386976
      0.387102
      0.387233
      0.387368
      0.387504
      0.387637
      0.387766
      0.387889
      0.388003
      0.388108
      0.388201
      0.388281
      0.388348
      0.388401
      0.388439
      0.388462
       0.38847
           0.4
           0.4
           0.4
           0.4
           0.4
           0.4
           0.4
           0.4
           0.4
           0.4
           0.4
           0.4
           0.4
           0.4
           0.4
           0.4
           0.4
           0.4
           0.4
           0.4
           0.4
           0.4
           0.4
           0.4
           0.4
           0.4
           0.4
           0.4
           0.4
           0.4
           0.4
           0.4
           0.4
           0.4
           0.4
           0.4
           0.4
           0.4
           0.4
           0.4
           0.4
           0.4
           0.4
           0.4
           0.4
           0.4
           0.4
           0.4
           0.4
