           0.4
           0.4
           0.4
           0.4
           0.4
           0.4
           0.4
           0.4
           0.4
           0.4
           0.4
           0.4
           0.4
           0.4
           0.4
           0.4
           0.4
           0.4
           0.4
           0.4
           0.4
           0.4
           0.4
           0.4
           0.4
           0.4
           0.4
           0.4
           0.4
           0.4
           0.4
           0.4
           0.4
           0.4
           0.4
           0.4
           0.4
           0.4
           0.4
           0.4
           0.4
           0.4
           0.4
           0.4
           0.4
           0.4
           0.4
           0.4
           0.4
      0.388385
      0.388376
      0.388348
      0.388302
      0.388238
      0.388156
      0.388057
      0.387941
       0.38781
      0.387663
      0.387502
       0.38733
      0.387147
      0.386955
      0.386758
      0.386558
      0.386358
      0.386162
      0.385973
      0.385795
      0.385632
      0.385489
      0.385368
      0.385273
      0.385206
       0.38517
      0.385165
      0.385191
      0.385248
      0.385333
      0.385445
      0.385579
      0.385731
      0.385898
      0.386076
      0.386259
      0.386444
      0.386627
      0.386804
      0.386972
      0.387129
      0.387272
      0.387399
      0.387509
      0.387601
      0.387673
      0.387725
      0.387757
      0.387767
      0.377182
      0.377164
      0.377108
      0.377016
      0.376887
      0.376723
      0.376523
      0.376291
      0.376026
      0.375731
      0.375408
       0.37506
      0.374691
      0.374305
      0.373908
      0.373503
      0.373099
      0.372702
       0.37232
       0.37196
       0.37163
      0.371339
      0.371093
        0.3709
      0.370765
      0.370691
      0.370681
      0.370734
       0.37085
      0.371024
       0.37125
      0.371522
      0.371832
      0.372171
      0.372531
      0.372902
      0.373276
      0.373646
      0.374003
      0.374343
       0.37466
      0.374948
      0.375205
      0.375427
      0.375611
      0.375757
      0.375861
      0.375925
      0.375946
      0.366392
      0.366364
       0.36628
      0.366141
      0.365947
      0.365698
      0.365397
      0.365045
      0.364644
      0.364198
      0.363708
      0.363181
      0.362621
      0.362035
      0.361429
      0.360813
      0.360197
       0.35959
      0.359005
      0.358453
      0.357948
        0.3575
      0.357123
      0.356825
      0.356617
      0.356503
      0.356487
       0.35657
      0.356749
      0.357017
      0.357366
      0.357785
      0.358262
      0.358783
      0.359335
      0.359903
      0.360476
       0.36104
      0.361586
      0.362104
      0.362585
      0.363024
      0.363414
      0.363751
       0.36403
      0.364251
      0.364409
      0.364505
      0.364537
      0.356017
       0.35598
      0.355867
      0.355679
      0.355418
      0.355084
      0.354678
      0.354204
      0.353663
      0.353059
      0.352398
      0.351684
      0.350925
      0.350128
      0.349305
      0.348466
      0.347624
      0.346794
      0.345992
      0.345235
      0.344539
      0.343922
      0.343401
       0.34299
      0.342701
      0.342543
      0.342522
      0.342637
      0.342885
      0.343256
       0.34374
       0.34432
      0.344979
      0.345697
      0.346456
      0.347237
      0.348021
      0.348793
      0.349538
      0.350244
      0.350898
      0.351494
      0.352023
      0.352479
      0.352858
      0.353156
       0.35337
        0.3535
      0.353543
       0.34606
      0.346012
       0.34587
      0.345633
      0.345302
       0.34488
      0.344366
      0.343765
      0.343079
      0.342313
      0.341471
      0.340562
      0.339593
      0.338574
      0.337519
      0.336441
      0.335357
      0.334285
      0.333246
      0.332263
      0.331357
      0.330552
      0.329871
      0.329332
      0.328953
      0.328746
      0.328718
      0.328869
      0.329196
      0.329685
       0.33032
       0.33108
      0.331942
      0.332879
      0.333867
       0.33488
      0.335895
      0.336891
       0.33785
      0.338756
      0.339595
      0.340357
      0.341032
      0.341613
      0.342096
      0.342475
      0.342748
      0.342912
      0.342967
      0.336523
      0.336466
      0.336293
      0.336005
      0.335603
      0.335089
      0.334464
      0.333731
      0.332893
      0.331957
      0.330926
       0.32981
      0.328617
      0.327361
      0.326056
      0.324719
       0.32337
      0.322033
      0.320733
      0.319497
      0.318356
      0.317338
      0.316474
      0.315788
      0.315305
       0.31504
      0.315005
      0.315198
      0.315616
       0.31624
       0.31705
      0.318017
      0.319109
      0.320294
      0.321538
      0.322809
      0.324078
      0.325321
      0.326512
      0.327635
      0.328671
      0.329611
      0.330441
      0.331155
      0.331747
      0.332211
      0.332545
      0.332746
      0.332813
      0.327414
      0.327346
      0.327141
      0.326801
      0.326325
      0.325716
      0.324975
      0.324105
      0.323109
      0.321992
      0.320761
      0.319425
      0.317994
      0.316482
      0.314906
      0.313286
      0.311645
      0.310013
      0.308418
      0.306897
      0.305485
      0.304222
      0.303144
      0.302287
      0.301681
      0.301348
      0.301303
      0.301547
      0.302072
      0.302856
      0.303871
      0.305079
       0.30644
      0.307909
      0.309444
      0.311007
      0.312561
      0.314074
      0.315521
      0.316879
       0.31813
      0.319259
      0.320255
       0.32111
      0.321817
      0.322371
      0.322769
      0.323009
      0.323089
      0.318737
      0.318658
      0.318421
      0.318026
      0.317474
      0.316767
      0.315904
      0.314891
      0.313728
      0.312422
      0.310979
      0.309408
       0.30772
      0.305932
      0.304059
      0.302128
      0.300163
      0.298198
       0.29627
      0.294421
      0.292697
      0.291146
      0.289817
      0.288754
      0.288001
      0.287584
      0.287528
       0.28783
      0.288485
      0.289461
      0.290722
      0.292216
      0.293891
      0.295691
      0.297562
      0.299457
      0.301329
      0.303147
      0.304874
       0.30649
      0.307972
      0.309306
       0.31048
      0.311485
      0.312313
      0.312963
      0.313428
      0.313708
      0.313802
        0.3105
      0.310409
      0.310139
      0.309688
      0.309058
      0.308248
       0.30726
      0.306097
       0.30476
      0.303254
      0.301586
      0.299764
      0.297801
      0.295711
      0.293515
      0.291238
       0.28891
       0.28657
       0.28426
      0.282032
      0.279941
      0.278048
      0.276416
      0.275103
      0.274166
      0.273646
      0.273572
      0.273947
      0.274761
      0.275973
      0.277532
      0.279373
      0.281423
      0.283613
      0.285874
      0.288149
      0.290384
      0.292539
      0.294578
      0.296475
      0.298208
      0.299762
      0.301125
      0.302289
      0.303247
      0.303996
      0.304532
      0.304855
      0.304962
      0.302711
       0.30261
      0.302305
      0.301796
      0.301085
       0.30017
      0.299052
      0.297732
      0.296212
      0.294497
       0.29259
      0.290501
       0.28824
      0.285824
      0.283272
      0.280613
      0.277878
      0.275112
      0.272362
      0.269693
      0.267167
      0.264864
      0.262863
      0.261241
      0.260077
      0.259421
      0.259326
      0.259787
        0.2608
      0.262303
      0.264232
      0.266494
      0.268996
      0.271649
      0.274365
      0.277079
      0.279724
      0.282258
       0.28464
      0.286846
       0.28885
       0.29064
      0.292204
      0.293536
       0.29463
      0.295483
      0.296093
       0.29646
      0.296582
      0.295382
      0.295268
      0.294928
      0.294361
      0.293567
      0.292543
      0.291291
       0.28981
        0.2881
      0.286165
      0.284007
      0.281633
      0.279054
      0.276284
      0.273343
       0.27026
      0.267069
      0.263817
      0.260561
      0.257371
      0.254328
      0.251527
      0.249068
      0.247058
      0.245597
      0.244768
      0.244634
      0.245206
      0.246469
      0.248346
      0.250739
      0.253526
       0.25658
      0.259787
      0.263039
      0.266255
      0.269366
      0.272322
      0.275082
       0.27762
      0.279916
      0.281957
      0.283734
      0.285242
      0.286478
       0.28744
      0.288127
      0.288539
      0.288677
      0.288522
      0.288397
      0.288022
      0.287395
      0.286515
      0.285382
      0.283992
      0.282345
      0.280439
      0.278274
      0.275852
      0.273178
      0.270258
      0.267108
      0.263741
      0.260191
      0.256487
      0.252686
      0.248842
      0.245043
      0.241377
      0.237969
       0.23494
      0.232433
      0.230592
      0.229524
      0.229338
      0.230039
      0.231631
      0.233985
      0.236972
      0.240417
      0.244146
      0.248019
      0.251897
      0.255695
      0.259328
      0.262753
      0.265924
      0.268823
       0.27143
      0.273736
      0.275736
      0.277427
      0.278809
      0.279883
      0.280649
      0.281108
      0.281261
      0.282145
      0.282008
      0.281597
       0.28091
      0.279946
      0.278701
      0.277172
      0.275355
      0.273248
      0.270847
      0.268152
      0.265163
      0.261883
      0.258324
      0.254499
      0.250434
      0.246162
      0.241735
      0.237216
      0.232698
      0.228287
      0.224127
      0.220377
      0.217226
      0.214866
      0.213471
      0.213185
      0.214059
      0.216078
      0.219076
       0.22284
      0.227126
      0.231696
      0.236366
      0.240981
      0.245438
      0.249657
      0.253592
      0.257209
       0.26049
      0.263423
      0.266005
      0.268234
      0.270114
      0.271645
      0.272833
      0.273678
      0.274185
      0.274353
      0.276263
      0.276114
      0.275668
      0.274922
      0.273873
      0.272516
      0.270848
      0.268861
       0.26655
      0.263909
      0.260932
      0.257617
       0.25396
      0.249969
      0.245649
      0.241026
      0.236122
      0.230994
      0.225698
      0.220341
       0.21503
      0.209948
      0.205279
      0.201284
      0.198226
      0.196356
      0.195921
      0.196983
      0.199602
      0.203464
      0.208257
      0.213631
      0.219235
      0.224869
      0.230332
      0.235538
        0.2404
      0.244889
      0.248977
      0.252659
      0.255929
      0.258794
      0.261257
      0.263326
      0.265008
      0.266309
      0.267235
      0.267788
      0.267972
       0.27089
       0.27073
      0.270249
      0.269445
      0.268313
      0.266847
      0.265041
      0.262886
      0.260372
       0.25749
      0.254228
      0.250579
      0.246534
      0.242091
      0.237251
      0.232025
      0.226435
      0.220524
      0.214351
      0.208014
      0.201636
      0.195407
       0.18956
      0.184434
      0.180398
      0.177827
       0.17707
      0.178376
       0.18183
      0.186961
      0.193179
      0.199965
      0.206865
      0.213624
       0.22006
      0.226085
      0.231642
      0.236712
       0.24129
       0.24538
      0.248993
       0.25214
      0.254836
      0.257093
      0.258923
      0.260336
      0.261339
      0.261938
      0.262138
       0.26604
      0.265869
      0.265355
      0.264495
      0.263284
      0.261713
      0.259773
      0.257454
      0.254741
      0.251621
      0.248076
      0.244093
      0.239654
      0.234748
      0.229363
      0.223502
       0.21717
      0.210403
       0.20324
      0.195783
      0.188135
      0.180513
      0.173137
      0.166503
      0.161109
      0.157484
      0.156158
      0.157629
      0.162393
      0.169391
      0.177564
      0.186225
      0.194688
      0.202767
      0.210277
      0.217188
       0.22347
      0.229139
       0.23421
      0.238709
      0.242659
      0.246083
      0.249005
      0.251443
      0.253416
      0.254935
      0.256013
      0.256656
       0.25687
      0.261727
      0.261546
      0.261001
      0.260088
      0.258802
      0.257132
      0.255066
      0.252591
      0.249688
      0.246339
       0.24252
      0.238209
       0.23338
      0.228009
      0.222072
      0.215554
      0.208443
      0.200752
      0.192509
      0.183786
      0.174687
      0.165387
      0.156126
      0.147324
      0.139681
      0.134828
      0.132554
      0.133579
       0.14036
      0.150653
      0.161762
      0.172709
      0.183018
       0.19253
      0.201183
      0.208995
      0.216005
      0.222262
      0.227814
      0.232704
      0.236976
      0.240663
      0.243797
      0.246406
      0.248511
       0.25013
      0.251276
       0.25196
      0.252188
      0.257964
      0.257774
      0.257201
       0.25624
      0.254886
      0.253124
      0.250943
      0.248323
      0.245244
      0.241681
      0.237604
      0.232981
      0.227778
      0.221954
      0.215469
      0.208289
      0.200374
      0.191716
      0.182303
      0.172196
      0.161454
      0.150222
      0.138643
      0.126966
      0.115438
      0.109569
      0.105629
      0.103757
      0.114805
      0.131094
      0.146129
      0.159844
      0.172172
      0.183192
      0.192983
      0.201668
      0.209371
      0.216179
      0.222177
      0.227429
      0.231995
       0.23592
      0.239248
       0.24201
      0.244235
      0.245943
      0.247152
      0.247872
      0.248112
      0.254765
      0.254566
      0.253968
      0.252966
       0.25155
      0.249708
      0.247424
      0.244676
       0.24144
      0.237683
      0.233373
      0.228466
      0.222916
      0.216668
      0.209665
      0.201842
      0.193134
      0.183487
       0.17286
      0.161264
      0.148739
      0.135395
      0.121316
      0.106434
     0.0893955
      0.082354
     0.0835353
     0.0824228
     0.0922924
       0.11278
      0.131712
      0.148375
       0.16273
      0.175113
      0.185917
      0.195381
      0.203693
      0.210986
      0.217373
       0.22294
       0.22776
      0.231893
      0.235387
      0.238281
      0.240609
      0.242394
      0.243656
      0.244408
      0.244658
       0.25214
      0.251934
      0.251316
      0.250278
      0.248812
      0.246902
      0.244532
      0.241675
      0.238305
      0.234384
      0.229873
      0.224719
      0.218867
      0.212244
      0.204773
      0.196358
      0.186899
      0.176289
       0.16442
      0.151277
      0.136846
      0.121291
      0.104774
     0.0880333
     0.0718052
     0.0639133
     0.0637151
     0.0671136
     0.0782021
     0.0960132
      0.119559
      0.139218
      0.155273
      0.168639
      0.180228
      0.190296
      0.199095
      0.206773
      0.213474
      0.219292
      0.224319
      0.228616
      0.232244
      0.235244
      0.237655
      0.239501
      0.240807
      0.241583
      0.241842
      0.250098
      0.249887
      0.249253
      0.248187
      0.246682
      0.244719
      0.242281
      0.239339
      0.235864
      0.231814
      0.227143
      0.221793
      0.215696
      0.208766
      0.200907
      0.191993
      0.181881
      0.170397
      0.157357
      0.142596
       0.12606
      0.108139
      0.089205
     0.0690987
     0.0564536
     0.0509732
     0.0517511
     0.0579654
     0.0710349
     0.0933157
      0.114675
      0.133668
      0.149989
      0.163964
      0.176044
      0.186526
      0.195655
      0.203607
      0.210527
      0.216526
      0.221699
      0.226116
      0.229841
      0.232918
      0.235388
       0.23728
      0.238616
      0.239411
      0.239675
      0.248649
      0.248434
      0.247789
      0.246705
      0.245172
      0.243173
      0.240689
      0.237688
      0.234141
          0.23
       0.22522
      0.219732
      0.213466
      0.206318
      0.198184
      0.188899
      0.178298
      0.166108
      0.152051
      0.135709
      0.116664
     0.0959987
     0.0747956
     0.0569635
     0.0455933
     0.0423014
     0.0450362
     0.0539262
      0.069312
     0.0915338
      0.112157
      0.130796
      0.147061
      0.161208
       0.17349
      0.184155
      0.193451
      0.201539
      0.208579
      0.214676
      0.219931
      0.224416
      0.228196
      0.231317
      0.233823
       0.23574
      0.237095
      0.237901
      0.238169
      0.247797
       0.24758
      0.246929
      0.245835
      0.244288
      0.242271
      0.239762
      0.236732
      0.233147
      0.228962
      0.224125
      0.218568
      0.212213
      0.204955
      0.196673
      0.187196
      0.176319
      0.163735
      0.149042
       0.13155
      0.110408
     0.0843975
      0.065004
     0.0501239
     0.0389698
     0.0363427
      0.042419
     0.0545212
     0.0679788
     0.0913477
      0.112008
      0.130304
      0.146342
      0.160343
      0.172553
      0.183198
      0.192489
      0.200589
       0.20764
      0.213753
      0.219023
      0.223523
      0.227315
      0.230449
      0.232963
      0.234888
      0.236247
      0.237057
      0.237326
      0.247545
      0.247328
      0.246677
      0.245583
      0.244036
      0.242018
      0.239509
      0.236479
      0.232895
       0.22871
      0.223876
      0.218321
      0.211971
      0.204717
      0.196445
      0.186972
      0.176112
      0.163526
      0.148874
      0.131072
      0.109038
     0.0835797
     0.0641067
      0.049904
     0.0399966
     0.0367774
     0.0425364
     0.0537511
     0.0707552
     0.0938723
      0.114232
      0.132084
      0.147679
      0.161297
      0.173219
      0.183645
      0.192778
      0.200756
      0.207719
      0.213763
      0.218982
      0.223442
      0.227205
      0.230315
      0.232813
      0.234726
      0.236078
      0.236882
       0.23715
      0.247893
      0.247678
      0.247032
      0.245947
      0.244413
      0.242414
      0.239928
      0.236928
      0.233381
      0.229244
      0.224468
      0.218988
      0.212731
      0.205599
      0.197478
      0.188215
      0.177625
      0.165445
      0.151353
      0.134864
       0.11563
     0.0940032
     0.0710088
      0.055685
     0.0464715
      0.043496
     0.0478863
     0.0582803
     0.0750196
     0.0991632
      0.119087
      0.136142
      0.150986
      0.163982
      0.175402
      0.185441
      0.194267
       0.20201
      0.208787
      0.214687
      0.219792
      0.224163
      0.227855
      0.230911
      0.233367
       0.23525
      0.236581
      0.237373
      0.237636
      0.248839
      0.248627
      0.247992
      0.246926
      0.245419
      0.243455
      0.241016
      0.238075
      0.234602
      0.230556
      0.225895
      0.220557
       0.21448
      0.207575
      0.199751
      0.190874
      0.180806
      0.169345
      0.156286
      0.141448
      0.124652
      0.105821
     0.0848756
     0.0668377
     0.0562956
     0.0518244
     0.0571112
      0.068482
     0.0873448
      0.108691
      0.126834
       0.14244
      0.156177
      0.168287
      0.179017
      0.188509
      0.196907
       0.20431
      0.210818
      0.216503
      0.221437
      0.225671
      0.229257
      0.232228
      0.234619
      0.236454
      0.237752
      0.238525
      0.238782
      0.250378
      0.250172
      0.249552
      0.248513
      0.247045
      0.245133
      0.242761
      0.239906
      0.236538
      0.232625
      0.228125
      0.222991
      0.217166
      0.210582
      0.203163
      0.194816
      0.185439
      0.174919
      0.163146
      0.150049
      0.135584
      0.119791
      0.102706
     0.0842683
     0.0746868
     0.0718191
     0.0752107
     0.0853063
      0.104226
       0.12145
      0.136872
      0.150647
      0.162981
      0.174025
      0.183911
       0.19274
      0.200607
      0.207588
      0.213756
       0.21917
      0.223884
      0.227943
      0.231387
      0.234248
      0.236554
      0.238325
      0.239579
      0.240327
      0.240575
      0.252502
      0.252303
      0.251704
      0.250699
      0.249282
      0.247437
      0.245152
      0.242405
      0.239173
      0.235425
      0.231131
      0.226249
      0.220737
      0.214543
      0.207614
      0.199889
      0.191309
       0.18183
      0.171408
      0.160086
      0.147905
      0.135106
      0.121929
      0.110202
      0.101751
      0.100352
      0.102102
      0.110882
      0.122838
      0.136051
      0.148602
      0.160345
      0.171131
      0.180985
      0.189929
       0.19801
      0.205276
      0.211772
      0.217547
      0.222642
      0.227098
      0.230948
      0.234224
      0.236952
      0.239155
      0.240849
       0.24205
      0.242767
      0.243005
      0.255203
      0.255012
      0.254437
      0.253474
      0.252116
      0.250352
      0.248169
       0.24555
      0.242476
      0.238924
      0.234867
      0.230276
       0.22512
      0.219364
      0.212977
      0.205928
      0.198194
      0.189778
      0.180703
      0.171061
      0.161007
      0.150864
      0.141141
      0.132911
      0.127387
       0.12578
      0.127612
      0.133327
      0.141667
      0.151368
      0.161325
      0.171061
      0.180298
      0.188927
      0.196892
      0.204183
      0.210806
      0.216779
      0.222124
      0.226868
      0.231036
      0.234652
      0.237738
      0.240316
      0.242401
      0.244008
      0.245148
      0.245829
      0.246055
      0.258469
      0.258287
       0.25774
      0.256824
      0.255534
      0.253861
      0.251793
      0.249319
      0.246422
      0.243085
      0.239289
      0.235015
      0.230241
      0.224951
      0.219128
       0.21277
      0.205876
      0.198492
      0.190663
      0.182542
      0.174283
      0.166282
      0.158934
      0.152982
       0.14917
      0.147832
      0.149301
      0.153212
      0.159199
      0.166498
       0.17434
      0.182351
      0.190153
      0.197619
      0.204621
      0.211123
       0.21709
      0.222523
      0.227419
      0.231792
      0.235654
      0.239018
        0.2419
      0.244314
      0.246271
      0.247782
      0.248855
      0.249496
       0.24971
      0.262287
      0.262115
      0.261599
      0.260735
      0.259519
      0.257944
      0.256002
      0.253683
      0.250977
       0.24787
       0.24435
      0.240408
      0.236031
      0.231215
      0.225959
      0.220278
      0.214195
      0.207768
      0.201077
      0.194265
      0.187521
      0.181142
      0.175481
      0.170999
      0.168137
      0.167156
      0.168199
      0.171099
      0.175575
      0.181166
      0.187404
       0.19394
      0.200488
      0.206874
      0.212971
      0.218706
      0.224032
      0.228923
      0.233367
      0.237361
      0.240906
      0.244009
      0.246677
      0.248918
      0.250739
      0.252148
       0.25315
      0.253749
      0.253949
      0.266644
      0.266483
         0.266
      0.265191
      0.264054
      0.262583
      0.260774
      0.258618
      0.256109
       0.25324
      0.250004
      0.246398
      0.242417
       0.23807
      0.233364
      0.228328
      0.222994
      0.217438
      0.211736
       0.20604
      0.200507
      0.195392
      0.190955
      0.187497
       0.18532
      0.184555
      0.185335
      0.187509
       0.19093
      0.195288
       0.20027
      0.205623
      0.211091
      0.216531
      0.221798
      0.226823
      0.231534
      0.235904
      0.239902
       0.24352
      0.246748
      0.249587
      0.252036
        0.2541
      0.255782
      0.257085
      0.258014
      0.258569
      0.258754
      0.271527
      0.271377
      0.270927
      0.270176
       0.26912
      0.267758
      0.266085
      0.264096
      0.261789
      0.259161
      0.256209
      0.252935
      0.249344
      0.245448
      0.241266
      0.236829
      0.232183
      0.227397
      0.222556
      0.217786
      0.213234
      0.209089
      0.205551
      0.202832
       0.20112
      0.200524
      0.201102
      0.202784
      0.205449
      0.208899
       0.21292
      0.217309
      0.221878
      0.226488
      0.231018
      0.235387
      0.239529
      0.243401
      0.246972
      0.250223
       0.25314
      0.255716
      0.257948
      0.259834
      0.261375
      0.262571
      0.263424
      0.263936
      0.264106
       0.27692
      0.276782
      0.276366
      0.275674
      0.274702
      0.273449
      0.271913
      0.270093
      0.267987
      0.265597
      0.262923
      0.259973
      0.256755
      0.253288
      0.249591
      0.245706
      0.241672
      0.237565
      0.233456
      0.229462
      0.225698
      0.222316
      0.219466
      0.217292
      0.215934
      0.215449
      0.215895
      0.217205
      0.219313
      0.222072
      0.225334
      0.228949
      0.232764
      0.236667
      0.240545
      0.244328
      0.247946
      0.251358
      0.254524
      0.257426
      0.260042
      0.262364
      0.264382
      0.266093
      0.267493
      0.268584
      0.269362
      0.269829
      0.269985
       0.28281
      0.282683
      0.282303
      0.281669
      0.280781
      0.279638
      0.278239
      0.276585
      0.274677
      0.272519
      0.270116
      0.267475
      0.264611
      0.261543
      0.258296
      0.254907
      0.251422
      0.247903
      0.244421
      0.241068
      0.237945
      0.235164
      0.232842
      0.231084
      0.229984
      0.229591
      0.229932
      0.230973
      0.232658
      0.234888
      0.237554
       0.24054
       0.24373
      0.247027
       0.25034
      0.253599
      0.256744
       0.25973
      0.262522
      0.265094
      0.267424
      0.269501
      0.271312
      0.272853
      0.274117
      0.275103
      0.275808
      0.276231
      0.276372
      0.289184
      0.289069
      0.288723
      0.288148
      0.287342
      0.286307
      0.285042
      0.283551
      0.281836
      0.279902
      0.277755
      0.275409
      0.272875
      0.270177
      0.267338
      0.264397
      0.261394
      0.258388
      0.255437
      0.252622
      0.250022
      0.247725
      0.245822
      0.244386
       0.24349
      0.243163
       0.24343
       0.24426
       0.24562
      0.247433
      0.249621
      0.252093
      0.254761
      0.257544
      0.260364
      0.263163
      0.265882
      0.268484
      0.270929
      0.273194
      0.275256
        0.2771
      0.278715
      0.280092
      0.281224
      0.282109
      0.282742
      0.283123
       0.28325
      0.296029
      0.295925
      0.295614
      0.295096
      0.294371
      0.293441
      0.292307
      0.290973
      0.289443
      0.287723
       0.28582
      0.283749
      0.281523
      0.279164
      0.276696
      0.274155
      0.271578
      0.269015
      0.266519
      0.264153
      0.261983
       0.26008
      0.258509
       0.25733
      0.256591
       0.25632
      0.256528
      0.257198
      0.258301
      0.259784
      0.261585
      0.263637
      0.265868
      0.268213
      0.270608
      0.273001
      0.275342
      0.277594
      0.279723
      0.281704
      0.283516
      0.285142
       0.28657
      0.287791
      0.288798
      0.289586
       0.29015
       0.29049
      0.290603
      0.303333
       0.30324
      0.302962
        0.3025
      0.301854
      0.301026
      0.300019
      0.298836
      0.297481
      0.295964
      0.294291
      0.292476
      0.290534
      0.288485
      0.286353
      0.284169
      0.281966
      0.279789
      0.277681
      0.275695
      0.273885
      0.272304
      0.271007
      0.270033
      0.269424
      0.269195
       0.26936
      0.269901
        0.2708
      0.272014
        0.2735
      0.275202
      0.277065
      0.279036
      0.281063
        0.2831
      0.285104
      0.287043
      0.288884
      0.290605
      0.292184
      0.293607
       0.29486
      0.295935
      0.296822
      0.297517
      0.298016
      0.298317
      0.298417
      0.311087
      0.311005
      0.310759
      0.310351
      0.309781
      0.309051
      0.308165
      0.307125
      0.305939
      0.304612
      0.303154
      0.301578
      0.299897
      0.298131
      0.296302
      0.294436
      0.292565
      0.290723
       0.28895
      0.287287
      0.285779
      0.284467
      0.283392
      0.282588
      0.282083
      0.281892
      0.282021
       0.28246
      0.283193
      0.284189
      0.285414
      0.286824
      0.288376
      0.290027
      0.291734
      0.293458
      0.295163
       0.29682
      0.298401
      0.299883
      0.301249
      0.302483
      0.303573
      0.304509
      0.305283
      0.305891
      0.306328
      0.306591
      0.306679
       0.31928
      0.319209
      0.318994
      0.318638
      0.318141
      0.317505
      0.316734
      0.315832
      0.314804
      0.313657
        0.3124
      0.311045
      0.309605
      0.308097
      0.306541
      0.304961
      0.303381
      0.301835
      0.300351
      0.298967
      0.297715
      0.296629
      0.295743
       0.29508
      0.294664
      0.294502
      0.294604
      0.294959
      0.295557
      0.296371
      0.297377
      0.298541
      0.299827
      0.301202
       0.30263
      0.304078
      0.305517
      0.306921
      0.308265
       0.30953
      0.310699
      0.311758
      0.312695
      0.313502
       0.31417
      0.314696
      0.315074
      0.315302
      0.315378
      0.327906
      0.327845
       0.32766
      0.327354
      0.326927
      0.326381
       0.32572
      0.324948
       0.32407
      0.323092
      0.322023
      0.320873
      0.319655
      0.318383
      0.317075
      0.315751
      0.314432
      0.313145
      0.311916
      0.310771
       0.30974
      0.308848
      0.308121
      0.307578
      0.307235
      0.307102
      0.307181
      0.307467
      0.307951
      0.308614
      0.309435
      0.310388
      0.311447
      0.312581
      0.313764
      0.314969
       0.31617
      0.317345
      0.318475
      0.319541
      0.320528
      0.321425
       0.32222
      0.322906
      0.323476
      0.323923
      0.324246
       0.32444
      0.324505
      0.336958
      0.336906
       0.33675
      0.336492
      0.336132
      0.335673
      0.335117
      0.334468
      0.333731
      0.332913
      0.332019
      0.331061
      0.330047
      0.328993
       0.32791
      0.326818
      0.325734
      0.324678
      0.323673
       0.32274
      0.321901
      0.321177
      0.320588
      0.320147
      0.319869
      0.319759
      0.319821
      0.320049
      0.320437
       0.32097
      0.321633
      0.322404
      0.323263
      0.324187
      0.325153
      0.326141
      0.327128
      0.328097
       0.32903
      0.329914
      0.330734
       0.33148
      0.332143
      0.332716
      0.333192
      0.333567
      0.333837
         0.334
      0.334054
       0.34643
      0.346388
       0.34626
      0.346047
      0.345752
      0.345375
       0.34492
      0.344389
      0.343786
      0.343118
       0.34239
      0.341611
      0.340788
      0.339933
      0.339059
      0.338178
      0.337306
      0.336459
      0.335654
      0.334908
      0.334239
      0.333663
      0.333194
      0.332844
      0.332622
      0.332534
      0.332581
       0.33276
      0.333065
      0.333487
      0.334011
      0.334623
      0.335307
      0.336044
      0.336817
      0.337608
      0.338402
      0.339183
      0.339936
      0.340651
      0.341316
      0.341922
      0.342461
      0.342927
      0.343315
      0.343621
      0.343842
      0.343975
      0.344019
      0.356319
      0.356286
      0.356184
      0.356017
      0.355783
      0.355486
      0.355127
      0.354708
      0.354234
      0.353709
      0.353137
      0.352526
      0.351882
      0.351215
      0.350532
      0.349847
      0.349169
      0.348512
      0.347889
      0.347313
      0.346797
      0.346353
      0.345992
      0.345722
      0.345551
      0.345482
      0.345517
      0.345653
      0.345887
      0.346209
      0.346611
      0.347082
      0.347608
      0.348177
      0.348774
      0.349388
      0.350004
      0.350611
      0.351198
      0.351756
      0.352276
       0.35275
      0.353173
      0.353539
      0.353843
      0.354084
      0.354257
      0.354362
      0.354396
      0.366622
      0.366597
      0.366522
      0.366398
      0.366224
      0.366004
      0.365737
      0.365427
      0.365076
      0.364688
      0.364265
      0.363814
       0.36334
      0.362848
      0.362347
      0.361843
      0.361347
      0.360866
      0.360411
       0.35999
      0.359614
       0.35929
      0.359027
       0.35883
      0.358706
      0.358655
       0.35868
      0.358778
      0.358947
       0.35918
      0.359473
      0.359815
      0.360198
      0.360612
      0.361049
      0.361497
      0.361948
      0.362394
      0.362825
      0.363235
      0.363618
      0.363968
      0.364279
       0.36455
      0.364775
      0.364952
      0.365081
      0.365158
      0.365184
      0.377337
      0.377321
      0.377271
      0.377188
      0.377074
      0.376928
      0.376752
      0.376547
      0.376315
      0.376059
       0.37578
      0.375483
       0.37517
      0.374847
      0.374518
      0.374187
      0.373861
      0.373547
      0.373248
      0.372973
      0.372728
      0.372516
      0.372344
      0.372216
      0.372135
      0.372101
      0.372117
      0.372181
      0.372291
      0.372443
      0.372633
      0.372856
      0.373106
      0.373377
      0.373662
      0.373956
      0.374251
      0.374543
      0.374827
      0.375096
      0.375348
      0.375578
      0.375784
      0.375962
       0.37611
      0.376227
      0.376312
      0.376363
       0.37638
      0.388463
      0.388455
       0.38843
      0.388389
      0.388332
      0.388259
      0.388172
       0.38807
      0.387955
      0.387827
      0.387689
      0.387541
      0.387386
      0.387226
      0.387063
      0.386899
      0.386738
      0.386582
      0.386435
      0.386299
      0.386177
      0.386073
      0.385988
      0.385925
      0.385884
      0.385868
      0.385876
      0.385907
      0.385961
      0.386036
      0.386129
      0.386239
      0.386363
      0.386497
      0.386638
      0.386783
      0.386929
      0.387074
      0.387214
      0.387348
      0.387473
      0.387587
      0.387689
      0.387777
      0.387851
      0.387909
      0.387951
      0.387977
      0.387985
           0.4
           0.4
           0.4
           0.4
           0.4
           0.4
           0.4
           0.4
           0.4
           0.4
           0.4
           0.4
           0.4
           0.4
           0.4
           0.4
           0.4
           0.4
           0.4
           0.4
           0.4
           0.4
           0.4
           0.4
           0.4
           0.4
           0.4
           0.4
           0.4
           0.4
           0.4
           0.4
           0.4
           0.4
           0.4
           0.4
           0.4
           0.4
           0.4
           0.4
           0.4
           0.4
           0.4
           0.4
           0.4
           0.4
           0.4
           0.4
           0.4
