           0.4
           0.4
           0.4
           0.4
           0.4
           0.4
           0.4
           0.4
           0.4
           0.4
           0.4
           0.4
           0.4
           0.4
           0.4
           0.4
           0.4
           0.4
           0.4
           0.4
           0.4
           0.4
           0.4
           0.4
           0.4
           0.4
           0.4
           0.4
           0.4
           0.4
           0.4
           0.4
           0.4
           0.4
           0.4
           0.4
           0.4
           0.4
           0.4
           0.4
           0.4
           0.4
           0.4
           0.4
           0.4
           0.4
           0.4
           0.4
           0.4
      0.387621
      0.387611
       0.38758
      0.387528
      0.387455
      0.387363
      0.387251
       0.38712
      0.386971
      0.386804
      0.386622
      0.386426
      0.386218
      0.385999
      0.385774
      0.385544
      0.385313
      0.385086
      0.384866
      0.384657
      0.384465
      0.384293
      0.384146
      0.384028
      0.383942
       0.38389
      0.383873
      0.383893
      0.383947
      0.384035
      0.384152
      0.384297
      0.384463
      0.384646
      0.384842
      0.385045
      0.385251
      0.385455
      0.385654
      0.385843
      0.386019
       0.38618
      0.386324
      0.386448
      0.386552
      0.386633
      0.386692
      0.386728
       0.38674
      0.375659
      0.375638
      0.375575
      0.375471
      0.375326
       0.37514
      0.374915
      0.374652
      0.374352
      0.374018
      0.373652
      0.373258
      0.372838
      0.372398
      0.371944
       0.37148
      0.371015
      0.370556
      0.370111
      0.369689
        0.3693
      0.368952
      0.368654
      0.368414
       0.36824
      0.368134
      0.368101
       0.36814
      0.368251
      0.368429
      0.368669
      0.368961
      0.369299
      0.369671
      0.370068
      0.370479
      0.370896
      0.371308
      0.371709
       0.37209
      0.372445
       0.37277
      0.373059
       0.37331
      0.373518
      0.373682
      0.373801
      0.373872
      0.373896
      0.364117
      0.364085
      0.363991
      0.363834
      0.363615
      0.363335
      0.362995
      0.362598
      0.362146
      0.361641
      0.361087
       0.36049
      0.359854
      0.359187
      0.358497
      0.357792
      0.357083
      0.356383
      0.355704
      0.355059
      0.354463
      0.353929
      0.353473
      0.353105
      0.352836
      0.352673
      0.352623
      0.352684
      0.352856
      0.353131
        0.3535
      0.353951
       0.35447
      0.355041
       0.35565
       0.35628
      0.356917
      0.357546
      0.358156
      0.358737
      0.359277
       0.35977
      0.360209
      0.360588
      0.360904
      0.361152
      0.361331
       0.36144
      0.361476
      0.353002
      0.352959
      0.352832
      0.352622
      0.352328
      0.351952
      0.351496
      0.350961
      0.350352
      0.349672
      0.348925
      0.348119
      0.347259
      0.346356
      0.345419
      0.344462
      0.343497
      0.342542
      0.341614
      0.340731
      0.339913
       0.33918
      0.338551
      0.338043
      0.337673
      0.337449
      0.337381
      0.337466
      0.337706
      0.338087
      0.338599
      0.339222
      0.339939
      0.340726
      0.341562
      0.342426
      0.343297
      0.344157
      0.344989
      0.345778
      0.346512
       0.34718
      0.347774
      0.348287
      0.348714
       0.34905
      0.349291
      0.349437
      0.349486
       0.34232
      0.342267
      0.342107
      0.341841
      0.341471
      0.340997
      0.340421
      0.339746
      0.338975
      0.338114
      0.337167
      0.336143
      0.335049
      0.333898
      0.332701
      0.331475
      0.330238
      0.329009
      0.327811
      0.326669
      0.325608
      0.324655
      0.323835
      0.323173
      0.322688
      0.322396
      0.322307
      0.322422
      0.322738
      0.323241
      0.323913
      0.324731
      0.325667
      0.326693
       0.32778
        0.3289
      0.330025
      0.331133
      0.332201
      0.333213
      0.334151
      0.335004
      0.335761
      0.336414
      0.336956
      0.337382
      0.337689
      0.337874
      0.337936
      0.332079
      0.332015
      0.331821
        0.3315
       0.33105
      0.330475
      0.329776
      0.328957
      0.328019
       0.32697
      0.325814
      0.324562
      0.323221
      0.321807
      0.320333
       0.31882
      0.317286
      0.315759
      0.314266
      0.312837
      0.311505
      0.310305
       0.30927
      0.308431
      0.307817
      0.307446
      0.307336
      0.307485
      0.307891
      0.308534
      0.309392
      0.310431
      0.311617
      0.312913
       0.31428
      0.315683
      0.317087
      0.318466
       0.31979
      0.321041
      0.322197
      0.323247
      0.324175
      0.324975
      0.325638
      0.326159
      0.326533
      0.326759
      0.326834
      0.322288
      0.322212
      0.321984
      0.321605
      0.321075
      0.320397
      0.319571
      0.318601
       0.31749
      0.316245
      0.314871
      0.313378
      0.311777
      0.310082
      0.308311
      0.306485
      0.304629
      0.302774
      0.300951
        0.2992
      0.297562
      0.296078
      0.294794
       0.29375
      0.292983
      0.292522
      0.292385
      0.292576
      0.293089
      0.293899
      0.294975
      0.296275
      0.297751
      0.299356
      0.301041
      0.302762
      0.304478
      0.306153
      0.307758
      0.309266
      0.310658
      0.311916
      0.313027
      0.313982
      0.314772
      0.315391
      0.315836
      0.316105
      0.316194
      0.312956
      0.312868
      0.312605
      0.312167
      0.311555
       0.31077
      0.309813
      0.308688
      0.307397
      0.305947
      0.304343
      0.302597
      0.300718
      0.298723
       0.29663
      0.294465
      0.292254
      0.290033
      0.287841
      0.285725
      0.283733
      0.281921
      0.280345
      0.279057
       0.27811
      0.277537
      0.277372
      0.277612
      0.278257
      0.279268
      0.280607
      0.282214
      0.284031
      0.285995
      0.288044
      0.290127
       0.29219
      0.294196
      0.296107
      0.297897
       0.29954
      0.301022
      0.302327
      0.303446
      0.304369
      0.305092
      0.305611
      0.305924
      0.306028
      0.304094
      0.303995
      0.303695
      0.303197
        0.3025
      0.301606
      0.300514
      0.299228
      0.297751
      0.296087
      0.294243
      0.292228
      0.290053
      0.287736
      0.285295
      0.282758
      0.280154
      0.277525
      0.274914
      0.272378
      0.269976
      0.267776
       0.26585
      0.264268
      0.263097
      0.262389
      0.262184
       0.26249
      0.263295
      0.264557
      0.266216
      0.268198
      0.270421
      0.272807
       0.27528
      0.277774
      0.280231
      0.282603
      0.284851
      0.286946
      0.288862
      0.290582
      0.292092
      0.293383
      0.294446
      0.295278
      0.295874
      0.296232
      0.296352
      0.295714
      0.295602
      0.295266
      0.294707
      0.293924
      0.292917
      0.291687
      0.290236
      0.288565
      0.286679
      0.284582
      0.282284
      0.279794
      0.277131
      0.274311
      0.271367
      0.268327
       0.26524
      0.262151
      0.259131
      0.256246
      0.253585
      0.251235
      0.249289
      0.247842
      0.246959
      0.246709
      0.247091
      0.248105
      0.249677
      0.251736
      0.254174
      0.256887
      0.259774
      0.262739
      0.265707
      0.268605
      0.271387
      0.274004
       0.27643
      0.278638
      0.280613
      0.282339
      0.283811
      0.285021
      0.285965
      0.286641
      0.287047
      0.287182
      0.287829
      0.287704
      0.287332
       0.28671
      0.285839
      0.284719
      0.283348
      0.281727
      0.279856
      0.277739
      0.275379
      0.272782
      0.269959
      0.266925
      0.263697
      0.260305
      0.256783
      0.253178
      0.249546
      0.245961
      0.242507
      0.239287
      0.236414
      0.234011
      0.232203
      0.231096
      0.230776
      0.231263
      0.232541
      0.234521
      0.237085
      0.240094
      0.243404
      0.246889
      0.250432
      0.253941
      0.257339
      0.260572
      0.263594
      0.266377
      0.268897
      0.271139
      0.273093
      0.274753
      0.276114
      0.277174
      0.277932
      0.278387
      0.278538
      0.280452
      0.280315
      0.279905
      0.279221
      0.278262
      0.277026
      0.275512
      0.273718
      0.271643
      0.269288
      0.266654
      0.263746
       0.26057
       0.25714
      0.253471
      0.249592
      0.245533
      0.241349
      0.237092
      0.232852
      0.228718
      0.224823
      0.221299
      0.218314
      0.216038
       0.21462
      0.214213
      0.214824
      0.216462
      0.218968
      0.222183
      0.225909
      0.229951
      0.234155
      0.238369
      0.242502
      0.246459
      0.250191
      0.253652
      0.256817
      0.259666
      0.262189
      0.264379
      0.266233
      0.267748
      0.268927
      0.269768
      0.270272
       0.27044
      0.273598
      0.273449
      0.273002
      0.272256
      0.271209
      0.269858
      0.268199
      0.266231
      0.263949
      0.261351
      0.258436
      0.255204
      0.251659
       0.24781
      0.243669
       0.23926
      0.234613
      0.229778
      0.224812
      0.219807
      0.214867
      0.210142
      0.205802
      0.202056
      0.199134
      0.197283
      0.196721
      0.197514
       0.19964
      0.202877
      0.206951
      0.211591
       0.21654
      0.221602
      0.226605
       0.23144
       0.23602
      0.240294
      0.244224
      0.247791
      0.250984
      0.253796
      0.256227
      0.258277
       0.25995
      0.261247
      0.262171
      0.262725
      0.262909
      0.267282
      0.267121
      0.266638
      0.265831
      0.264697
      0.263231
       0.26143
      0.259287
      0.256797
      0.253954
      0.250752
      0.247188
       0.24326
      0.238972
      0.234329
      0.229352
       0.22406
      0.218503
       0.21273
      0.206842
      0.200939
      0.195207
      0.189832
      0.185094
      0.181277
      0.178779
      0.178002
      0.179005
      0.181848
      0.186095
      0.191307
      0.197125
      0.203189
      0.209283
      0.215191
      0.220822
      0.226081
      0.230938
      0.235361
      0.239347
       0.24289
      0.245996
      0.248669
      0.250916
      0.252744
      0.254159
      0.255166
      0.255768
      0.255969
      0.261519
      0.261347
      0.260829
      0.259962
      0.258744
      0.257167
      0.255226
      0.252912
      0.250216
      0.247129
       0.24364
       0.23974
      0.235421
      0.230679
      0.225512
      0.219929
      0.213945
      0.207593
      0.200922
      0.194015
      0.186982
      0.180013
      0.173338
      0.167299
      0.162271
      0.158649
      0.157027
      0.158763
      0.162802
      0.168477
      0.175232
       0.18256
      0.190011
       0.19731
      0.204255
      0.210751
      0.216739
      0.222201
      0.227132
      0.231539
      0.235434
      0.238831
      0.241742
      0.244181
       0.24616
      0.247689
      0.248775
      0.249424
       0.24964
      0.256326
      0.256142
      0.255591
      0.254668
      0.253369
      0.251686
       0.24961
      0.247131
      0.244235
      0.240909
      0.237137
      0.232902
       0.22819
      0.222986
      0.217278
      0.211064
      0.204341
      0.197133
      0.189464
       0.18141
      0.173046
      0.164592
      0.156267
      0.148548
      0.141914
      0.136582
      0.132768
      0.136306
      0.142217
      0.149888
      0.158703
      0.168002
      0.177124
       0.18584
      0.193924
       0.20135
      0.208092
       0.21417
      0.219607
       0.22443
      0.228667
      0.232343
      0.235482
      0.238104
      0.240226
      0.241862
      0.243023
      0.243717
      0.243948
      0.251716
      0.251522
      0.250939
      0.249964
      0.248589
      0.246807
      0.244605
       0.24197
      0.238885
       0.23533
      0.231285
      0.226725
      0.221627
      0.215964
      0.209712
      0.202851
      0.195363
      0.187248
      0.178512
      0.169192
      0.159342
      0.149079
      0.138644
      0.128731
      0.120065
      0.113033
      0.105102
      0.111541
      0.119726
      0.130245
      0.141917
      0.153737
      0.164888
      0.175138
      0.184426
      0.192786
      0.200273
      0.206947
      0.212866
      0.218082
      0.222639
      0.226575
      0.229925
      0.232715
      0.234969
      0.236703
      0.237933
      0.238667
      0.238911
      0.247705
      0.247501
      0.246891
      0.245867
      0.244425
      0.242551
      0.240235
      0.237456
      0.234196
      0.230429
      0.226129
      0.221262
      0.215795
      0.209688
      0.202901
      0.195395
       0.18713
      0.178081
      0.168222
      0.157556
      0.146081
      0.133745
      0.120492
      0.107658
     0.0965835
     0.0904011
     0.0847171
     0.0850794
     0.0949626
      0.109524
      0.125073
      0.140243
      0.153665
      0.165521
      0.175991
      0.185237
      0.193417
      0.200635
      0.206993
       0.21256
      0.217404
      0.221571
      0.225108
      0.228046
      0.230416
      0.232236
      0.233526
      0.234295
      0.234551
      0.244304
      0.244092
      0.243457
      0.242392
       0.24089
      0.238938
      0.236519
      0.233614
      0.230198
      0.226242
      0.221712
      0.216566
      0.210759
      0.204239
      0.196947
      0.188821
      0.179795
       0.16981
      0.158809
      0.146765
      0.133636
      0.119315
      0.103456
     0.0848055
     0.0730178
     0.0672808
     0.0675405
     0.0666173
     0.0739121
     0.0878786
      0.110095
      0.128588
      0.144149
      0.157403
      0.168881
      0.178886
      0.187652
      0.195333
      0.202059
      0.207923
      0.213006
      0.217368
       0.22106
      0.224123
      0.226588
      0.228481
       0.22982
      0.230618
      0.230884
      0.241526
      0.241308
      0.240653
      0.239553
      0.238002
      0.235983
       0.23348
      0.230469
      0.226923
      0.222805
      0.218079
      0.212691
       0.20659
      0.199702
      0.191957
       0.18326
      0.173517
      0.162629
      0.150494
      0.137087
       0.12238
      0.106401
     0.0891786
     0.0725719
     0.0584444
     0.0520218
      0.051572
     0.0536532
      0.061405
     0.0760732
     0.0989071
      0.119946
      0.137032
      0.151169
      0.163359
      0.173903
      0.183106
       0.19113
      0.198136
      0.204224
       0.20949
      0.213999
      0.217811
      0.220968
      0.223507
      0.225455
      0.226833
      0.227653
      0.227926
       0.23938
      0.239157
      0.238486
       0.23736
      0.235771
      0.233701
      0.231133
       0.22804
      0.224391
      0.220148
      0.215266
      0.209687
      0.203346
       0.19616
      0.188035
      0.178854
      0.168483
      0.156769
      0.143556
      0.128734
      0.112306
     0.0947086
     0.0764433
      0.057846
      0.046475
     0.0414989
     0.0416213
     0.0460613
     0.0557732
     0.0717604
     0.0951806
      0.115331
       0.13243
      0.146984
      0.159522
      0.170384
      0.179842
      0.188082
      0.195263
      0.201497
      0.206881
      0.211488
      0.215378
      0.218598
      0.221186
       0.22317
      0.224573
      0.225409
      0.225687
      0.237875
      0.237648
      0.236967
      0.235823
      0.234209
      0.232105
      0.229493
      0.226344
      0.222628
      0.218299
      0.213311
      0.207599
      0.201092
       0.19369
      0.185292
      0.175742
      0.164883
      0.152476
      0.138278
      0.122013
      0.103408
     0.0836751
     0.0640288
     0.0478165
     0.0376788
     0.0344164
     0.0359165
     0.0426759
     0.0553447
     0.0747854
     0.0947822
      0.113838
      0.130457
       0.14491
      0.157468
      0.168388
      0.177921
      0.186231
      0.193478
      0.199769
      0.205204
      0.209851
      0.213777
      0.217024
      0.219636
      0.221637
      0.223052
      0.223895
      0.224175
      0.237013
      0.236785
      0.236099
      0.234947
       0.23332
      0.231201
      0.228568
      0.225393
      0.221643
      0.217273
      0.212233
      0.206454
      0.199861
      0.192349
      0.183798
      0.174044
      0.162889
      0.150048
      0.135162
      0.117669
     0.0969742
     0.0725619
       0.05476
     0.0415612
     0.0320418
     0.0296507
     0.0339749
     0.0421627
     0.0558997
        0.0773
      0.096922
      0.114854
      0.130794
      0.144825
      0.157124
      0.167893
      0.177325
      0.185574
      0.192778
      0.199042
      0.204457
      0.209092
      0.213009
      0.216251
      0.218858
      0.220857
       0.22227
      0.223112
      0.223392
      0.236798
       0.23657
      0.235885
      0.234735
      0.233111
      0.230994
      0.228365
      0.225194
      0.221449
      0.217084
       0.21205
      0.206276
      0.199689
      0.192177
      0.183628
      0.173855
      0.162673
      0.149741
      0.134715
      0.116572
     0.0942879
      0.069788
     0.0521677
     0.0401821
     0.0324631
     0.0303699
     0.0351595
     0.0447771
     0.0602968
     0.0816404
      0.100811
      0.117932
      0.133126
      0.146564
      0.158417
      0.168852
      0.178036
      0.186096
      0.193158
       0.19931
      0.204641
      0.209209
      0.213074
      0.216276
      0.218853
       0.22083
      0.222228
      0.223061
      0.223339
      0.237229
      0.237003
      0.236325
      0.235186
      0.233577
      0.231482
       0.22888
      0.225743
       0.22204
      0.217728
      0.212756
      0.207061
      0.200567
      0.193176
      0.184769
      0.175186
      0.164229
       0.15161
      0.136959
      0.119669
     0.0990747
      0.074506
     0.0563955
     0.0428068
     0.0378659
       0.03671
     0.0411649
     0.0507047
     0.0660699
     0.0882048
      0.106813
      0.123011
      0.137313
      0.149987
      0.161226
       0.17118
      0.179984
       0.18775
      0.194578
      0.200548
      0.205731
      0.210185
      0.213958
      0.217089
      0.219611
      0.221548
      0.222918
      0.223735
      0.224007
      0.238303
      0.238081
      0.237415
      0.236296
      0.234717
      0.232661
       0.23011
      0.227037
      0.223413
      0.219197
      0.214346
      0.208798
      0.202489
      0.195326
      0.187213
      0.178004
      0.167549
      0.155603
      0.141919
      0.126135
      0.107889
     0.0881049
       0.06771
     0.0544164
     0.0472756
     0.0449935
     0.0505568
     0.0612426
     0.0786716
     0.0983523
      0.115295
      0.130064
       0.14322
      0.154948
       0.16543
      0.174778
        0.1831
       0.19048
      0.196999
      0.202721
      0.207706
         0.212
      0.215646
      0.218677
      0.221122
      0.223001
      0.224332
      0.225126
       0.22539
      0.240013
      0.239797
      0.239147
      0.238058
      0.236521
      0.234521
      0.232041
      0.229059
      0.225547
       0.22147
      0.216788
      0.211451
        0.2054
      0.198565
      0.190862
      0.182188
      0.172425
      0.161431
      0.149053
       0.13514
      0.119575
      0.102369
     0.0824354
     0.0710719
     0.0650152
     0.0639652
     0.0679308
     0.0776408
     0.0952533
      0.111303
      0.125775
      0.138817
      0.150607
      0.161261
      0.170875
      0.179526
      0.187284
      0.194209
      0.200359
      0.205782
      0.210524
      0.214623
      0.218111
      0.221018
      0.223366
      0.225173
      0.226454
      0.227218
      0.227473
       0.24235
      0.242141
      0.241514
      0.240462
      0.238978
      0.237049
      0.234662
      0.231794
      0.228424
       0.22452
      0.220052
      0.214977
       0.20925
      0.202816
      0.195619
      0.187587
      0.178652
      0.168751
      0.157819
      0.145886
       0.13298
      0.119428
      0.105556
     0.0970465
      0.091127
     0.0910839
     0.0935395
      0.102114
      0.113465
       0.12591
       0.13777
       0.14892
      0.159236
      0.168728
      0.177406
        0.1853
       0.19244
       0.19886
      0.204597
      0.209682
      0.214147
       0.21802
      0.221327
      0.224088
      0.226323
      0.228045
      0.229268
      0.229998
      0.230241
      0.245304
      0.245104
      0.244502
      0.243494
      0.242073
      0.240229
      0.237949
      0.235217
      0.232012
      0.228313
      0.224092
      0.219319
      0.213961
      0.207984
       0.20135
      0.194025
      0.185983
      0.177219
      0.167755
      0.157703
      0.147261
      0.136888
      0.127369
      0.120501
      0.116386
      0.115771
      0.118132
      0.123886
      0.131941
      0.141194
      0.150674
      0.159963
      0.168818
      0.177135
      0.184856
      0.191966
       0.19846
      0.204347
      0.209642
      0.214363
      0.218527
      0.222153
      0.225259
      0.227859
      0.229968
      0.231597
      0.232754
      0.233445
      0.233675
      0.248862
      0.248671
      0.248099
      0.247141
      0.245792
      0.244043
      0.241884
      0.239302
      0.236283
      0.232808
       0.22886
      0.224417
      0.219459
      0.213967
      0.207923
      0.201326
      0.194172
      0.186514
      0.178401
      0.170025
      0.161577
      0.153596
      0.146624
      0.141292
      0.138234
      0.137569
       0.13942
      0.143449
      0.149319
      0.156355
      0.163881
      0.171562
      0.179064
      0.186269
      0.193059
      0.199396
       0.20524
      0.210585
      0.215426
      0.219768
      0.223616
      0.226982
      0.229874
      0.232303
      0.234277
      0.235803
       0.23689
      0.237539
      0.237756
      0.253008
      0.252829
      0.252288
      0.251385
      0.250114
      0.248468
      0.246441
      0.244022
      0.241202
      0.237967
      0.234307
       0.23021
      0.225665
      0.220669
      0.215221
      0.209336
      0.203043
      0.196404
      0.189515
      0.182547
      0.175725
       0.16941
      0.164002
      0.159917
      0.157519
      0.156958
      0.158272
       0.16128
       0.16571
      0.171147
      0.177171
       0.18347
      0.189787
      0.195964
      0.201883
      0.207474
      0.212687
      0.217495
      0.221882
      0.225841
      0.229368
      0.232466
      0.235138
      0.237388
      0.239221
      0.240641
      0.241653
      0.242258
       0.24246
       0.25773
      0.257561
      0.257055
      0.256209
      0.255021
      0.253485
      0.251596
      0.249348
      0.246734
      0.243748
      0.240383
      0.236636
      0.232506
         0.228
      0.223127
      0.217921
      0.212416
      0.206698
      0.200855
      0.195063
      0.189501
      0.184448
      0.180186
       0.17698
      0.175092
      0.174594
      0.175555
      0.177818
      0.181223
      0.185488
      0.190325
      0.195506
        0.2008
      0.206074
      0.211195
      0.216096
      0.220709
      0.225003
      0.228947
      0.232529
      0.235736
      0.238566
      0.241015
      0.243083
      0.244773
      0.246084
      0.247019
       0.24758
      0.247767
      0.263009
      0.262852
      0.262381
      0.261596
      0.260493
       0.25907
      0.257323
       0.25525
      0.252847
      0.250111
      0.247042
      0.243643
      0.239919
      0.235884
      0.231559
      0.226979
      0.222195
      0.217283
       0.21234
      0.207506
       0.20294
      0.198843
      0.195421
      0.192865
      0.191337
      0.190912
      0.191612
      0.193355
      0.196015
      0.199405
      0.203324
      0.207588
      0.212025
      0.216505
      0.220917
      0.225183
       0.22924
      0.233046
      0.236567
      0.239784
       0.24268
      0.245245
      0.247473
      0.249361
      0.250906
      0.252108
      0.252966
      0.253481
      0.253653
       0.26883
      0.268685
      0.268251
      0.267527
      0.266511
      0.265202
        0.2636
      0.261702
      0.259508
      0.257021
      0.254242
       0.25118
      0.247844
      0.244255
      0.240436
      0.236431
      0.232285
      0.228078
      0.223891
      0.219849
      0.216076
      0.212725
      0.209951
      0.207879
      0.206638
      0.206262
      0.206786
      0.208136
       0.21024
      0.212958
      0.216147
       0.21967
      0.223384
      0.227185
      0.230969
      0.234667
      0.238214
      0.241568
      0.244691
      0.247562
      0.250158
      0.252467
       0.25448
      0.256191
      0.257594
      0.258688
       0.25947
       0.25994
      0.260096
      0.275177
      0.275045
      0.274647
      0.273984
      0.273056
      0.271861
      0.270402
      0.268677
       0.26669
      0.264445
      0.261947
      0.259207
      0.256239
      0.253066
      0.249713
      0.246224
      0.242645
      0.239045
        0.2355
      0.232107
      0.228972
      0.226209
      0.223933
      0.222239
      0.221211
      0.220885
      0.221275
       0.22234
       0.22402
      0.226218
       0.22883
      0.231746
      0.234859
      0.238076
      0.241314
      0.244504
       0.24759
      0.250529
      0.253283
      0.255827
      0.258139
      0.260204
       0.26201
      0.263549
      0.264814
      0.265802
      0.266509
      0.266935
      0.267076
      0.282035
      0.281914
      0.281553
      0.280951
      0.280109
      0.279028
      0.277708
      0.276153
      0.274366
      0.272354
      0.270123
      0.267689
      0.265064
      0.262274
      0.259345
      0.256318
      0.253236
      0.250161
      0.247158
      0.244307
      0.241693
      0.239402
      0.237524
      0.236125
      0.235272
      0.234984
       0.23528
      0.236122
      0.237474
      0.239261
      0.241407
      0.243826
      0.246434
      0.249155
      0.251915
      0.254659
       0.25733
      0.259891
      0.262305
      0.264546
      0.266591
      0.268426
      0.270034
      0.271409
      0.272542
      0.273428
      0.274063
      0.274446
      0.274573
      0.289389
       0.28928
      0.288954
      0.288412
      0.287655
      0.286683
        0.2855
      0.284109
      0.282515
      0.280725
      0.278748
      0.276599
      0.274293
      0.271854
      0.269308
      0.266693
      0.264049
      0.261427
      0.258884
      0.256486
      0.254299
      0.252393
      0.250832
      0.249672
      0.248957
      0.248706
      0.248928
      0.249602
      0.250696
      0.252156
      0.253924
      0.255934
      0.258118
      0.260414
      0.262762
      0.265111
      0.267413
      0.269632
      0.271735
      0.273697
      0.275494
      0.277111
      0.278534
      0.279753
       0.28076
      0.281548
      0.282114
      0.282455
      0.282568
      0.297224
      0.297128
      0.296837
      0.296353
      0.295677
      0.294813
      0.293761
      0.292527
      0.291116
      0.289537
      0.287798
      0.285915
      0.283903
      0.281785
      0.279584
      0.277336
      0.275075
      0.272847
      0.270698
      0.268681
      0.266852
      0.265262
      0.263965
      0.262998
      0.262399
      0.262179
      0.262348
      0.262887
      0.263775
       0.26497
      0.266428
      0.268097
      0.269923
      0.271856
      0.273845
      0.275847
       0.27782
      0.279733
      0.281552
      0.283257
      0.284825
       0.28624
      0.287489
      0.288561
      0.289448
      0.290144
      0.290644
      0.290945
      0.291045
       0.30553
      0.305445
      0.305188
       0.30476
      0.304164
      0.303402
      0.302476
      0.301392
      0.300155
      0.298774
      0.297259
      0.295623
      0.293882
      0.292055
      0.290167
      0.288246
      0.286323
      0.284437
      0.282627
      0.280935
      0.279406
      0.278081
      0.277001
      0.276196
      0.275692
      0.275502
      0.275629
      0.276062
      0.276784
      0.277763
      0.278964
      0.280348
      0.281871
      0.283492
      0.285169
      0.286865
      0.288546
      0.290182
      0.291745
      0.293214
       0.29457
      0.295798
      0.296884
      0.297818
      0.298593
      0.299201
      0.299638
      0.299902
       0.29999
      0.314295
       0.31422
      0.313995
      0.313622
      0.313102
      0.312438
      0.311633
      0.310691
      0.309619
      0.308426
      0.307119
      0.305712
      0.304219
      0.302659
      0.301052
      0.299424
      0.297801
      0.296215
      0.294698
      0.293286
      0.292014
      0.290913
      0.290017
      0.289348
      0.288928
      0.288763
      0.288859
      0.289206
      0.289792
      0.290591
      0.291578
       0.29272
      0.293983
      0.295334
      0.296738
      0.298165
      0.299585
      0.300972
      0.302302
      0.303557
      0.304718
      0.305772
      0.306706
      0.307512
       0.30818
      0.308706
      0.309085
      0.309313
      0.309389
      0.323508
      0.323444
       0.32325
       0.32293
      0.322483
      0.321913
      0.321222
      0.320416
        0.3195
      0.318482
       0.31737
      0.316176
      0.314912
      0.313596
      0.312244
      0.310879
      0.309523
      0.308201
      0.306942
      0.305773
      0.304722
      0.303814
      0.303076
      0.302524
      0.302174
      0.302034
      0.302106
      0.302383
      0.302856
      0.303505
       0.30431
      0.305246
      0.306286
      0.307402
      0.308566
      0.309754
       0.31094
      0.312103
      0.313221
      0.314279
      0.315261
      0.316154
      0.316947
      0.317632
      0.318201
      0.318649
      0.318972
      0.319167
      0.319232
      0.333161
      0.333107
      0.332944
      0.332673
      0.332297
      0.331816
      0.331235
      0.330558
      0.329789
      0.328937
      0.328007
      0.327011
       0.32596
      0.324868
      0.323749
      0.322622
      0.321505
       0.32042
      0.319389
      0.318434
      0.317576
      0.316837
      0.316236
      0.315785
      0.315499
      0.315381
      0.315435
      0.315654
      0.316032
      0.316553
      0.317203
       0.31796
      0.318805
      0.319714
      0.320666
       0.32164
      0.322616
      0.323575
        0.3245
      0.325378
      0.326193
      0.326937
      0.327598
       0.32817
      0.328646
      0.329021
      0.329292
      0.329455
       0.32951
      0.343248
      0.343203
      0.343069
      0.342847
      0.342537
      0.342143
      0.341667
      0.341113
      0.340484
      0.339788
       0.33903
       0.33822
      0.337366
       0.33648
      0.335576
      0.334666
      0.333767
      0.332895
      0.332069
      0.331304
      0.330619
      0.330029
      0.329548
      0.329188
      0.328958
      0.328862
      0.328901
      0.329072
      0.329368
       0.32978
      0.330294
      0.330895
      0.331567
      0.332293
      0.333055
      0.333837
      0.334621
      0.335394
      0.336142
      0.336852
      0.337514
      0.338118
      0.338656
      0.339122
       0.33951
      0.339816
      0.340037
       0.34017
      0.340215
      0.353761
      0.353726
       0.35362
      0.353444
        0.3532
      0.352889
      0.352513
      0.352076
      0.351581
      0.351033
      0.350438
      0.349803
      0.349134
      0.348442
      0.347736
      0.347027
      0.346328
      0.345652
      0.345011
      0.344419
      0.343889
      0.343433
      0.343062
      0.342784
      0.342605
      0.342529
      0.342557
      0.342686
      0.342912
      0.343227
      0.343621
      0.344083
      0.344601
      0.345161
       0.34575
      0.346356
      0.346966
      0.347568
       0.34815
      0.348705
      0.349222
      0.349695
      0.350117
      0.350483
      0.350787
      0.351028
      0.351202
      0.351307
      0.351342
      0.364696
       0.36467
      0.364591
      0.364461
      0.364279
      0.364049
       0.36377
      0.363446
       0.36308
      0.362674
      0.362235
      0.361765
      0.361272
      0.360763
      0.360243
      0.359723
       0.35921
      0.358714
      0.358246
      0.357813
      0.357426
      0.357093
      0.356822
      0.356619
      0.356488
      0.356431
       0.35645
      0.356543
      0.356706
      0.356934
       0.35722
      0.357556
      0.357933
      0.358341
      0.358772
      0.359215
      0.359662
      0.360104
      0.360532
       0.36094
      0.361321
       0.36167
      0.361981
      0.362251
      0.362476
      0.362654
      0.362782
       0.36286
      0.362886
       0.37605
      0.376032
       0.37598
      0.375894
      0.375774
      0.375621
      0.375437
      0.375223
      0.374981
      0.374713
      0.374423
      0.374114
      0.373789
      0.373454
      0.373112
      0.372771
      0.372434
      0.372109
      0.371802
      0.371519
      0.371266
      0.371048
      0.370871
      0.370738
      0.370652
      0.370615
      0.370627
      0.370686
      0.370792
       0.37094
      0.371126
      0.371345
      0.371591
      0.371858
       0.37214
       0.37243
      0.372723
      0.373013
      0.373294
      0.373562
      0.373813
      0.374043
      0.374248
      0.374426
      0.374574
      0.374692
      0.374777
      0.374828
      0.374845
      0.387818
       0.38781
      0.387784
      0.387741
      0.387681
      0.387605
      0.387513
      0.387407
      0.387287
      0.387154
       0.38701
      0.386856
      0.386695
      0.386528
      0.386359
       0.38619
      0.386023
      0.385862
       0.38571
       0.38557
      0.385445
      0.385338
       0.38525
      0.385184
      0.385142
      0.385123
      0.385129
      0.385158
       0.38521
      0.385283
      0.385375
      0.385483
      0.385604
      0.385736
      0.385875
      0.386019
      0.386164
      0.386308
      0.386447
       0.38658
      0.386704
      0.386818
       0.38692
      0.387008
      0.387082
      0.387141
      0.387183
      0.387208
      0.387217
           0.4
           0.4
           0.4
           0.4
           0.4
           0.4
           0.4
           0.4
           0.4
           0.4
           0.4
           0.4
           0.4
           0.4
           0.4
           0.4
           0.4
           0.4
           0.4
           0.4
           0.4
           0.4
           0.4
           0.4
           0.4
           0.4
           0.4
           0.4
           0.4
           0.4
           0.4
           0.4
           0.4
           0.4
           0.4
           0.4
           0.4
           0.4
           0.4
           0.4
           0.4
           0.4
           0.4
           0.4
           0.4
           0.4
           0.4
           0.4
           0.4
