           0.4
           0.4
           0.4
           0.4
           0.4
           0.4
           0.4
           0.4
           0.4
           0.4
           0.4
           0.4
           0.4
           0.4
           0.4
           0.4
           0.4
           0.4
           0.4
           0.4
           0.4
           0.4
           0.4
           0.4
           0.4
           0.4
           0.4
           0.4
           0.4
           0.4
           0.4
           0.4
           0.4
           0.4
           0.4
           0.4
           0.4
           0.4
           0.4
           0.4
           0.4
           0.4
           0.4
           0.4
           0.4
           0.4
           0.4
           0.4
           0.4
      0.387078
      0.387066
      0.387031
      0.386973
      0.386892
      0.386788
      0.386662
      0.386514
      0.386346
      0.386158
      0.385952
      0.385729
      0.385492
      0.385244
      0.384986
      0.384724
       0.38446
      0.384199
      0.383947
      0.383708
      0.383487
      0.383291
      0.383123
      0.382989
      0.382892
      0.382835
      0.382818
      0.382843
      0.382909
      0.383012
      0.383149
      0.383317
      0.383509
      0.383721
      0.383947
      0.384181
      0.384417
      0.384651
      0.384878
      0.385093
      0.385295
      0.385478
      0.385642
      0.385783
      0.385901
      0.385993
       0.38606
      0.386101
      0.386114
      0.374575
      0.374551
      0.374481
      0.374364
      0.374201
      0.373992
      0.373739
      0.373443
      0.373105
      0.372727
      0.372313
      0.371866
      0.371389
      0.370888
       0.37037
       0.36984
      0.369307
      0.368781
       0.36827
      0.367787
       0.36734
      0.366942
      0.366602
      0.366329
      0.366133
      0.366016
      0.365983
      0.366034
      0.366167
      0.366377
      0.366657
      0.366997
      0.367388
      0.367818
      0.368275
      0.368748
      0.369226
      0.369698
      0.370156
      0.370592
      0.370997
      0.371368
      0.371697
      0.371981
      0.372218
      0.372405
      0.372539
       0.37262
      0.372647
      0.362497
      0.362462
      0.362356
       0.36218
      0.361934
       0.36162
      0.361238
      0.360791
      0.360281
       0.35971
      0.359084
      0.358407
      0.357684
      0.356925
      0.356137
      0.355331
       0.35452
      0.353717
      0.352937
      0.352197
      0.351512
      0.350901
      0.350379
       0.34996
      0.349657
      0.349477
      0.349428
      0.349507
      0.349713
      0.350037
      0.350468
      0.350992
      0.351593
      0.352253
      0.352954
      0.353678
      0.354408
       0.35513
      0.355828
      0.356491
      0.357108
       0.35767
      0.358169
      0.358601
      0.358959
      0.359242
      0.359445
      0.359568
      0.359609
      0.350854
      0.350807
      0.350664
      0.350428
      0.350099
      0.349677
      0.349164
      0.348563
      0.347877
      0.347109
      0.346264
       0.34535
      0.344373
      0.343345
      0.342276
      0.341181
      0.340076
       0.33898
      0.337913
      0.336898
      0.335958
      0.335117
      0.334397
      0.333819
        0.3334
      0.333152
      0.333085
      0.333195
      0.333482
      0.333931
      0.334529
      0.335254
      0.336083
      0.336992
      0.337955
      0.338948
      0.339948
      0.340933
      0.341885
      0.342787
      0.343624
      0.344387
      0.345063
      0.345647
      0.346132
      0.346513
      0.346787
      0.346953
      0.347008
      0.339654
      0.339595
      0.339416
      0.339119
      0.338703
      0.338172
      0.337525
      0.336767
      0.335899
      0.334927
      0.333857
      0.332697
      0.331455
      0.330144
      0.328779
      0.327376
      0.325957
      0.324546
      0.323167
      0.321852
      0.320631
      0.319535
      0.318595
      0.317839
      0.317291
      0.316967
      0.316879
      0.317027
      0.317405
      0.317997
      0.318782
      0.319731
      0.320815
      0.321999
      0.323251
      0.324538
       0.32583
        0.3271
      0.328323
      0.329479
      0.330551
      0.331524
      0.332386
      0.333129
      0.333745
      0.334229
      0.334577
      0.334787
      0.334858
      0.328908
      0.328836
       0.32862
       0.32826
      0.327758
      0.327114
       0.32633
      0.325409
      0.324355
      0.323172
      0.321867
      0.320449
      0.318927
      0.317318
      0.315636
      0.313904
      0.312145
      0.310389
      0.308668
       0.30702
      0.305484
        0.3041
      0.302911
      0.301951
      0.301256
      0.300844
      0.300736
      0.300926
      0.301412
      0.302168
      0.303169
      0.304375
      0.305747
      0.307242
      0.308816
      0.310429
      0.312041
      0.313622
      0.315139
      0.316569
       0.31789
      0.319087
      0.320146
      0.321056
       0.32181
      0.322402
      0.322827
      0.323083
      0.323169
      0.318627
      0.318542
      0.318288
      0.317864
      0.317273
      0.316514
      0.315589
      0.314501
      0.313253
      0.311851
      0.310301
      0.308612
      0.306796
      0.304869
      0.302848
      0.300758
      0.298627
      0.296491
      0.294387
      0.292364
      0.290468
      0.288754
      0.287274
      0.286077
      0.285208
      0.284695
      0.284561
      0.284805
      0.285418
       0.28637
      0.287624
       0.28913
      0.290836
      0.292687
      0.294627
      0.296606
      0.298576
      0.300498
      0.302336
      0.304062
      0.305652
      0.307088
      0.308355
      0.309442
       0.31034
      0.311045
       0.31155
      0.311855
      0.311957
      0.308822
      0.308725
      0.308431
      0.307943
       0.30726
      0.306383
      0.305314
      0.304054
      0.302606
      0.300976
       0.29917
      0.297196
      0.295067
        0.2928
      0.290412
      0.287934
      0.285393
      0.282834
      0.280299
      0.277847
      0.275537
      0.273436
      0.271615
      0.270134
      0.269059
      0.268422
      0.268261
      0.268569
      0.269338
      0.270525
      0.272082
      0.273943
       0.27604
      0.278304
      0.280663
      0.283057
      0.285427
      0.287729
      0.289919
      0.291968
      0.293848
       0.29554
      0.297028
      0.298302
      0.299352
      0.300175
      0.300764
      0.301119
      0.301237
      0.299508
      0.299397
      0.299065
       0.29851
      0.297734
      0.296737
      0.295519
      0.294082
      0.292428
      0.290562
      0.288487
      0.286215
      0.283754
      0.281123
       0.27834
      0.275436
      0.272444
      0.269409
      0.266385
      0.263438
      0.260642
      0.258082
      0.255847
      0.254023
      0.252692
      0.251907
      0.251711
      0.252103
      0.253064
      0.254541
      0.256467
      0.258756
      0.261319
      0.264066
      0.266912
       0.26978
      0.272603
      0.275327
      0.277905
      0.280304
      0.282496
      0.284461
      0.286184
      0.287655
      0.288865
       0.28981
      0.290487
      0.290895
       0.29103
      0.290698
      0.290574
      0.290201
       0.28958
       0.28871
       0.28759
      0.286221
      0.284603
      0.282736
      0.280624
      0.278271
      0.275684
      0.272872
      0.269853
      0.266643
      0.263275
      0.259781
      0.256214
      0.252629
      0.249108
      0.245737
      0.242625
      0.239887
      0.237636
       0.23599
      0.235016
      0.234784
      0.235278
      0.236485
      0.238321
      0.240702
      0.243511
      0.246632
      0.249953
      0.253363
      0.256777
       0.26011
      0.263305
       0.26631
      0.269091
      0.271618
      0.273875
      0.275845
      0.277522
      0.278899
      0.279972
       0.28074
      0.281201
      0.281355
      0.282407
       0.28227
      0.281857
      0.281169
      0.280203
       0.27896
      0.277437
      0.275634
       0.27355
      0.271186
      0.268544
      0.265629
      0.262448
      0.259015
      0.255347
      0.251472
      0.247426
      0.243259
      0.239035
      0.234842
      0.230785
      0.226998
      0.223629
       0.22084
      0.218785
      0.217575
      0.217291
      0.217929
      0.219449
      0.221747
      0.224698
       0.22815
       0.23195
      0.235955
      0.240029
      0.244067
      0.247978
      0.251695
      0.255167
       0.25836
      0.261245
      0.263809
      0.266039
      0.267931
       0.26948
      0.270685
      0.271545
      0.272062
      0.272234
      0.274652
      0.274501
      0.274048
      0.273293
      0.272232
      0.270865
      0.269188
      0.267198
      0.264893
      0.262271
      0.259332
      0.256077
      0.252509
       0.24864
       0.24448
      0.240059
      0.235402
      0.230566
      0.225608
      0.220634
       0.21575
      0.211135
       0.20697
      0.203483
      0.200905
      0.199377
      0.199044
      0.199865
      0.201803
      0.204692
      0.208366
      0.212618
      0.217245
      0.222071
       0.22692
       0.23168
      0.236237
      0.240535
      0.244513
      0.248147
      0.251411
      0.254297
      0.256797
      0.258909
      0.260634
      0.261973
      0.262928
        0.2635
      0.263691
      0.267448
      0.267284
      0.266792
       0.26597
      0.264816
      0.263325
      0.261494
      0.259318
      0.256791
      0.253908
      0.250666
      0.247062
      0.243095
      0.238769
      0.234092
      0.229083
      0.223766
      0.218185
      0.212401
      0.206511
      0.200641
      0.194986
      0.189787
      0.185372
      0.182071
      0.180133
      0.179731
      0.180833
      0.183329
      0.187003
      0.191608
      0.196871
      0.202522
      0.208331
      0.214093
      0.219672
      0.224956
      0.229882
      0.234406
      0.238504
      0.242163
      0.245379
      0.248154
       0.25049
      0.252392
      0.253865
      0.254914
      0.255542
      0.255751
      0.260814
      0.260637
      0.260106
       0.25922
      0.257973
      0.256362
      0.254379
      0.252018
      0.249271
      0.246128
      0.242582
      0.238624
      0.234248
      0.229452
      0.224233
      0.218603
      0.212573
      0.206182
      0.199467
      0.192528
      0.185466
      0.178527
      0.171959
      0.166279
      0.162006
       0.15948
      0.159041
      0.160534
      0.163805
      0.168516
      0.174328
      0.180875
      0.187786
      0.194789
      0.201608
      0.208121
        0.2142
      0.219808
      0.224904
      0.229485
      0.233547
      0.237099
      0.240149
      0.242707
      0.244784
      0.246389
       0.24753
      0.248213
       0.24844
      0.254764
      0.254576
      0.254008
      0.253059
      0.251724
      0.249996
      0.247867
      0.245326
      0.242363
      0.238965
      0.235118
      0.230808
      0.226021
      0.220747
      0.214974
      0.208699
      0.201923
      0.194661
      0.186937
      0.178809
      0.170371
      0.161822
      0.153463
      0.145892
      0.139914
      0.136846
       0.13618
      0.138563
      0.142984
      0.149039
      0.156427
      0.164636
       0.17314
      0.181565
      0.189615
      0.197151
       0.20409
      0.210406
      0.216092
      0.221159
      0.225624
      0.229505
      0.232823
      0.235597
      0.237843
      0.239575
      0.240805
      0.241539
      0.241783
      0.249318
      0.249117
      0.248515
      0.247508
      0.246089
       0.24425
      0.241982
       0.23927
        0.2361
      0.232455
      0.228315
      0.223661
      0.218469
       0.21272
      0.206389
       0.19946
      0.191914
      0.183745
      0.174945
      0.165527
      0.155505
      0.145036
      0.134277
      0.124006
         0.115
      0.111896
      0.110355
       0.11464
      0.120617
      0.128325
      0.137806
      0.148209
      0.158687
      0.168838
      0.178263
      0.186914
      0.194746
      0.201784
      0.208056
      0.213599
      0.218451
      0.222648
      0.226221
      0.229197
      0.231602
      0.233452
      0.234764
      0.235547
      0.235807
       0.24449
      0.244279
      0.243644
      0.242583
      0.241086
      0.239145
      0.236747
      0.233876
      0.230513
      0.226635
      0.222219
      0.217235
      0.211655
      0.205443
      0.198567
       0.19099
      0.182677
      0.173593
      0.163702
       0.15296
      0.141307
      0.128629
      0.114954
      0.100929
     0.0874063
     0.0854449
     0.0817679
     0.0890918
     0.0967375
      0.105915
      0.118137
      0.131799
      0.144902
      0.156947
      0.167844
      0.177621
      0.186337
       0.19407
      0.200896
      0.206883
      0.212093
      0.216578
      0.220383
      0.223544
      0.226091
      0.228048
      0.229434
       0.23026
      0.230534
      0.240295
      0.240075
      0.239412
      0.238302
      0.236736
      0.234703
      0.232189
      0.229172
      0.225633
      0.221543
      0.216873
      0.211584
       0.20564
      0.198993
      0.191597
      0.183398
      0.174342
      0.164369
       0.15342
      0.141401
      0.128219
      0.113294
     0.0960433
     0.0774005
     0.0662521
     0.0607472
     0.0590223
     0.0632626
     0.0713743
      0.080519
     0.0970958
      0.116027
      0.132261
      0.146301
      0.158653
      0.169502
      0.179036
      0.187393
      0.194712
      0.201088
      0.206612
      0.211346
      0.215352
       0.21867
      0.221341
      0.223389
      0.224838
      0.225701
      0.225988
      0.236748
      0.236519
      0.235832
       0.23468
      0.233054
      0.230942
      0.228326
      0.225184
      0.221491
      0.217215
      0.212319
      0.206759
      0.200488
      0.193447
      0.185574
      0.176798
      0.167045
      0.156233
      0.144279
      0.131092
      0.116541
      0.100343
      0.082251
     0.0623219
     0.0508645
     0.0447918
     0.0416513
     0.0466006
     0.0538328
     0.0642736
     0.0802766
      0.103019
      0.121571
      0.137431
      0.151054
      0.162806
      0.173007
      0.181876
      0.189592
      0.196283
      0.202057
      0.206993
      0.211159
      0.214605
      0.217373
      0.219495
      0.220995
      0.221887
      0.222184
       0.23386
      0.233624
      0.232917
      0.231731
      0.230057
      0.227879
      0.225181
      0.221935
      0.218116
      0.213684
        0.2086
      0.202811
      0.196262
       0.18888
      0.180592
      0.171304
      0.160921
      0.149342
       0.13646
      0.122223
      0.106573
     0.0893342
     0.0703276
     0.0516164
     0.0405832
     0.0351497
     0.0334673
     0.0372711
     0.0441809
     0.0557085
     0.0732513
     0.0942535
      0.113643
      0.130879
      0.145416
      0.157761
      0.168421
       0.17763
      0.185622
      0.192529
       0.19848
      0.203556
      0.207837
      0.211373
      0.214212
      0.216386
      0.217923
      0.218837
      0.219141
      0.231639
      0.231399
      0.230677
      0.229466
      0.227755
      0.225529
      0.222768
      0.219445
      0.215528
      0.210979
      0.205749
      0.199783
      0.193014
      0.185362
      0.176736
      0.167025
      0.156108
      0.143849
      0.130118
      0.114835
     0.0980288
     0.0801312
     0.0617594
     0.0438779
     0.0336638
     0.0290207
     0.0285837
     0.0325333
     0.0402684
     0.0526097
     0.0714593
     0.0871485
      0.109359
        0.1271
      0.141906
      0.154498
       0.16534
      0.174714
      0.182837
      0.189858
      0.195902
      0.201057
      0.205401
      0.208989
      0.211868
      0.214073
       0.21563
      0.216557
      0.216866
      0.230096
      0.229852
      0.229121
      0.227893
       0.22616
      0.223903
      0.221102
      0.217729
      0.213751
      0.209124
        0.2038
      0.197715
        0.1908
      0.182959
      0.174096
      0.164071
      0.152744
      0.139922
      0.125408
      0.109033
     0.0906238
     0.0714334
     0.0527125
     0.0375275
     0.0281324
     0.0246916
     0.0252292
     0.0307339
     0.0400597
     0.0538468
     0.0728561
      0.091468
      0.109604
      0.126326
      0.140696
      0.153076
      0.163829
       0.17316
      0.181272
      0.188293
      0.194345
       0.19951
      0.203866
      0.207463
      0.210353
      0.212564
      0.214128
      0.215057
      0.215367
      0.229232
      0.228987
      0.228252
      0.227018
      0.225275
      0.223006
       0.22019
      0.216796
      0.212792
      0.208134
      0.202769
      0.196632
      0.189647
      0.181717
      0.172729
      0.162535
      0.150962
      0.137776
      0.122698
      0.105326
     0.0852653
     0.0622897
     0.0455021
      0.033139
     0.0243639
     0.0215044
     0.0234806
     0.0314688
      0.043149
     0.0609606
     0.0789277
     0.0963094
        0.1128
      0.127976
      0.141483
      0.153374
      0.163807
      0.172933
        0.1809
      0.187821
      0.193798
       0.19891
      0.203225
      0.206795
      0.209662
      0.211859
      0.213412
      0.214336
      0.214644
       0.22905
      0.228806
      0.228073
      0.226843
      0.225106
      0.222843
      0.220036
      0.216653
      0.212663
      0.208018
      0.202671
      0.196551
      0.189586
      0.181671
      0.172697
      0.162496
      0.150897
      0.137614
       0.12236
      0.104367
     0.0828624
     0.0597937
     0.0432551
     0.0320148
     0.0248738
     0.0225114
     0.0255498
     0.0350198
     0.0490101
     0.0679349
     0.0856192
      0.102091
      0.117375
      0.131369
      0.143968
      0.155226
      0.165193
      0.173979
      0.181691
      0.188418
      0.194249
      0.199247
      0.203475
      0.206976
      0.209794
      0.211953
      0.213481
      0.214391
      0.214694
      0.229547
      0.229306
      0.228581
      0.227365
      0.225647
      0.223412
      0.220637
      0.217296
      0.213356
      0.208774
      0.203499
      0.197469
       0.19061
      0.182823
      0.173995
      0.163971
      0.152567
      0.139517
      0.124489
       0.10698
     0.0865367
     0.0630892
     0.0459988
     0.0334138
     0.0289154
     0.0275664
     0.0305613
     0.0412891
     0.0559588
     0.0761725
      0.093546
      0.109114
      0.123305
      0.136233
      0.147937
      0.158463
      0.167864
      0.176211
       0.18358
      0.190041
       0.19566
      0.200494
      0.204591
      0.207993
      0.210732
      0.212836
      0.214324
      0.215212
      0.215507
      0.230722
      0.230485
      0.229774
      0.228581
      0.226897
      0.224705
      0.221989
      0.218719
      0.214867
      0.210391
      0.205248
      0.199375
       0.19271
      0.185156
      0.176619
      0.166949
      0.155995
      0.143494
      0.129182
      0.112594
     0.0932613
     0.0730261
     0.0537275
     0.0406192
     0.0357987
     0.0339951
     0.0405815
     0.0521431
     0.0688999
      0.087281
      0.103326
      0.117576
       0.13057
      0.142405
      0.153177
      0.162927
      0.171698
      0.179539
      0.186501
      0.192637
      0.197995
       0.20262
      0.206552
      0.209823
      0.212462
      0.214492
       0.21593
      0.216787
      0.217072
      0.232563
      0.232333
      0.231641
       0.23048
      0.228843
      0.226714
      0.224076
      0.220905
      0.217175
      0.212848
      0.207885
      0.202235
      0.195837
      0.188617
      0.180489
      0.171338
      0.161031
      0.149384
      0.136167
      0.121027
      0.103407
     0.0820584
     0.0665107
     0.0563844
     0.0527281
     0.0533422
     0.0584497
     0.0685575
     0.0854428
      0.100768
      0.114675
      0.127364
      0.139021
      0.149728
      0.159537
      0.168479
      0.176578
      0.183867
      0.190377
      0.196144
      0.201203
      0.205586
      0.209323
       0.21244
       0.21496
        0.2169
      0.218277
      0.219098
      0.219372
      0.235064
      0.234841
      0.234173
      0.233053
      0.231474
      0.229422
      0.226884
      0.223837
      0.220259
      0.216117
      0.211381
      0.206005
      0.199944
      0.193137
      0.185522
      0.177014
      0.167529
      0.156954
      0.145173
      0.132025
      0.117348
      0.102185
     0.0875744
     0.0773038
     0.0762637
     0.0792011
     0.0833698
     0.0923206
      0.103586
      0.115729
      0.127312
      0.138263
       0.14851
      0.158047
      0.166872
      0.174986
      0.182391
      0.189102
      0.195132
      0.200502
      0.205234
       0.20935
       0.21287
      0.215814
        0.2182
       0.22004
      0.221347
      0.222127
      0.222387
       0.23821
      0.237997
      0.237357
      0.236285
      0.234774
      0.232813
      0.230391
      0.227488
      0.224087
      0.220162
      0.215687
      0.210629
      0.204953
       0.19862
      0.191586
      0.183806
      0.175238
      0.165849
      0.155629
      0.144648
      0.133126
      0.121824
      0.111816
      0.104913
       0.10268
      0.103862
      0.107462
      0.113818
      0.122078
      0.131322
       0.14073
      0.149958
      0.158808
      0.167187
      0.175035
      0.182323
      0.189031
      0.195153
      0.200689
      0.205646
      0.210034
      0.213866
      0.217155
      0.219914
      0.222153
      0.223884
      0.225114
       0.22585
      0.226095
      0.241989
      0.241786
      0.241178
      0.240159
      0.238725
      0.236867
      0.234574
      0.231833
      0.228629
      0.224943
      0.220756
      0.216046
       0.21079
      0.204965
       0.19855
      0.191534
      0.183905
      0.175704
      0.166967
      0.157919
      0.148784
      0.140255
      0.133029
       0.12792
      0.125744
      0.126169
      0.128867
      0.133483
      0.139667
       0.14684
      0.154424
      0.162135
      0.169688
      0.176974
      0.183884
      0.190373
      0.196396
      0.201935
      0.206975
      0.211515
      0.215552
      0.219092
       0.22214
      0.224704
       0.22679
      0.228405
      0.229555
      0.230243
      0.230473
      0.246383
      0.246192
      0.245617
      0.244657
      0.243307
       0.24156
      0.239407
       0.23684
      0.233847
      0.230417
      0.226536
      0.222191
      0.217372
      0.212072
      0.206287
       0.20003
      0.193324
      0.186234
       0.17886
      0.171402
      0.164129
       0.15749
      0.151978
      0.148085
      0.146201
      0.146292
      0.148201
      0.151674
      0.156417
       0.16205
      0.168198
      0.174587
      0.180991
      0.187267
      0.193303
      0.199031
      0.204398
      0.209371
      0.213925
       0.21805
      0.221736
      0.224981
      0.227786
      0.230151
       0.23208
      0.233577
      0.234644
      0.235282
      0.235495
      0.251376
      0.251197
      0.250659
      0.249761
      0.248499
      0.246869
      0.244864
      0.242479
      0.239706
       0.23654
      0.232972
         0.229
      0.224621
      0.219841
      0.214669
      0.209139
      0.203285
      0.197202
      0.190983
      0.184836
      0.178971
      0.173722
      0.169425
      0.166356
      0.164792
      0.164708
      0.166081
      0.168709
      0.172393
      0.176865
      0.181855
      0.187156
      0.192559
      0.197941
      0.203179
      0.208205
      0.212953
      0.217388
      0.221474
      0.225197
      0.228539
      0.231494
      0.234055
      0.236222
      0.237994
       0.23937
      0.240353
      0.240942
      0.241138
       0.25695
      0.256783
      0.256284
       0.25545
       0.25428
       0.25277
      0.250917
      0.248718
       0.24617
       0.24327
      0.240018
      0.236415
      0.232468
      0.228192
      0.223606
       0.21875
      0.213676
      0.208469
      0.203237
      0.198141
      0.193366
      0.189143
      0.185706
      0.183253
       0.18194
      0.181796
      0.182795
      0.184818
      0.187715
      0.191298
      0.195374
      0.199769
      0.204323
      0.208915
      0.213439
      0.217822
      0.221999
      0.225928
      0.229572
      0.232909
      0.235918
       0.23859
      0.240914
      0.242886
      0.244501
      0.245759
      0.246657
      0.247197
      0.247376
      0.263087
      0.262934
      0.262473
      0.261705
      0.260627
       0.25924
       0.25754
      0.255528
      0.253204
      0.250569
      0.247625
      0.244382
      0.240849
      0.237049
      0.233006
      0.228767
      0.224381
      0.219939
      0.215528
      0.211291
       0.20737
      0.203934
      0.201156
      0.199159
      0.198067
      0.197889
      0.198632
        0.2002
      0.202501
      0.205392
       0.20873
      0.212382
      0.216213
      0.220124
      0.224016
      0.227822
      0.231476
      0.234938
      0.238168
      0.241141
      0.243834
      0.246235
      0.248329
      0.250111
      0.251574
      0.252716
      0.253532
      0.254022
      0.254186
       0.26977
       0.26963
      0.269208
      0.268505
      0.267521
      0.266255
      0.264708
      0.262882
      0.260777
      0.258399
      0.255755
      0.252856
      0.249716
       0.24636
      0.242816
      0.239131
      0.235356
      0.231566
      0.227847
      0.224308
      0.221064
      0.218242
      0.215964
      0.214326
      0.213406
      0.213225
      0.213781
      0.215016
      0.216859
      0.219207
      0.221953
      0.224991
      0.228215
      0.231537
      0.234875
      0.238164
      0.241347
       0.24438
      0.247226
      0.249859
      0.252255
      0.254397
      0.256273
      0.257872
      0.259189
      0.260217
      0.260954
      0.261397
      0.261544
      0.276981
      0.276854
      0.276471
      0.275833
      0.274941
      0.273795
      0.272398
      0.270752
       0.26886
      0.266731
      0.264372
      0.261798
      0.259024
      0.256077
      0.252986
      0.249796
      0.246554
      0.243327
      0.240187
      0.237224
      0.234528
      0.232195
      0.230317
       0.22896
      0.228187
      0.228008
      0.228431
      0.229409
      0.230894
      0.232809
      0.235074
      0.237604
      0.240314
      0.243131
      0.245984
      0.248817
      0.251574
      0.254219
      0.256713
      0.259032
      0.261148
      0.263049
      0.264717
      0.266144
       0.26732
       0.26824
        0.2689
      0.269297
       0.26943
      0.284705
       0.28459
      0.284245
      0.283671
      0.282869
       0.28184
      0.280588
      0.279116
       0.27743
      0.275537
      0.273449
      0.271178
      0.268745
      0.266172
      0.263491
       0.26074
      0.257964
      0.255221
       0.25257
      0.250084
      0.247835
      0.245897
      0.244337
      0.243209
      0.242555
      0.242389
       0.24271
      0.243492
      0.244696
      0.246264
      0.248136
      0.250243
       0.25252
      0.254903
      0.257334
      0.259762
      0.262142
      0.264434
      0.266608
      0.268635
      0.270494
      0.272168
      0.273641
      0.274904
      0.275948
      0.276765
      0.277352
      0.277706
      0.277824
      0.292924
      0.292822
      0.292514
      0.292002
      0.291287
      0.290372
       0.28926
      0.287955
      0.286464
      0.284796
       0.28296
      0.280973
      0.278852
      0.276621
      0.274307
      0.271947
      0.269579
      0.267253
      0.265018
      0.262933
      0.261055
      0.259441
      0.258145
      0.257203
      0.256652
      0.256497
      0.256745
      0.257371
      0.258349
      0.259635
      0.261182
      0.262936
      0.264844
      0.266855
      0.268917
       0.27099
       0.27303
      0.275007
      0.276887
      0.278649
       0.28027
      0.281734
      0.283025
      0.284135
      0.285053
      0.285773
      0.286291
      0.286603
      0.286707
      0.301627
      0.301536
      0.301264
      0.300812
      0.300182
      0.299376
      0.298397
      0.297252
      0.295946
      0.294489
       0.29289
      0.291166
      0.289332
      0.287412
      0.285429
      0.283415
      0.281406
       0.27944
      0.277561
      0.275815
      0.274249
      0.272905
      0.271826
      0.271041
      0.270574
      0.270436
      0.270626
      0.271129
      0.271925
       0.27298
      0.274257
      0.275714
      0.277308
      0.278997
      0.280738
      0.282496
      0.284236
      0.285927
      0.287543
      0.289061
      0.290463
      0.291731
      0.292854
       0.29382
       0.29462
      0.295249
      0.295702
      0.295975
      0.296066
      0.310798
      0.310719
      0.310482
      0.310088
      0.309538
      0.308837
      0.307986
      0.306992
      0.305861
      0.304602
      0.303225
      0.301744
      0.300174
      0.298535
       0.29685
      0.295146
      0.293452
      0.291802
      0.290231
      0.288776
      0.287474
       0.28636
      0.285464
      0.284811
       0.28442
      0.284296
      0.284443
      0.284847
      0.285494
      0.286356
      0.287406
       0.28861
      0.289934
      0.291344
      0.292804
      0.294284
      0.295754
      0.297189
      0.298564
       0.29986
       0.30106
      0.302148
      0.303113
      0.303945
      0.304636
      0.305179
       0.30557
      0.305807
      0.305885
      0.320429
      0.320361
      0.320157
      0.319818
      0.319346
      0.318744
      0.318015
      0.317165
      0.316199
      0.315126
      0.313955
        0.3127
      0.311372
      0.309991
      0.308576
      0.307149
      0.305735
      0.304363
       0.30306
      0.301857
      0.300783
      0.299864
      0.299126
      0.298587
       0.29826
      0.298153
      0.298265
      0.298588
      0.299111
      0.299812
       0.30067
      0.301658
      0.302748
      0.303914
      0.305126
      0.306359
      0.307588
      0.308791
      0.309947
       0.31104
      0.312054
      0.312976
      0.313795
      0.314502
       0.31509
      0.315552
      0.315886
      0.316087
      0.316154
      0.330508
       0.33045
      0.330278
      0.329992
      0.329595
      0.329088
      0.328475
      0.327761
      0.326951
      0.326054
      0.325076
      0.324029
      0.322926
      0.321781
       0.32061
      0.319434
      0.318272
      0.317146
      0.316081
      0.315099
      0.314224
      0.313476
      0.312875
      0.312434
      0.312167
      0.312074
       0.31216
      0.312416
      0.312834
      0.313397
       0.31409
       0.31489
      0.315777
      0.316727
      0.317719
      0.318731
      0.319742
      0.320735
      0.321692
      0.322598
       0.32344
      0.324208
       0.32489
       0.32548
      0.325971
      0.326359
      0.326638
      0.326806
      0.326862
      0.341026
      0.340979
      0.340838
      0.340603
      0.340277
      0.339861
      0.339359
      0.338775
      0.338113
       0.33738
      0.336584
      0.335733
      0.334838
       0.33391
      0.332965
      0.332016
      0.331081
      0.330178
      0.329325
       0.32854
      0.327841
      0.327244
      0.326764
      0.326412
      0.326196
       0.32612
      0.326184
      0.326384
      0.326712
      0.327157
      0.327705
      0.328341
      0.329047
      0.329806
        0.3306
      0.331412
      0.332226
      0.333027
        0.3338
      0.334534
      0.335217
       0.33584
      0.336395
      0.336875
      0.337276
      0.337591
      0.337819
      0.337957
      0.338003
      0.351977
       0.35194
      0.351828
      0.351643
      0.351385
      0.351057
      0.350661
      0.350201
       0.34968
      0.349104
      0.348479
      0.347812
      0.347112
      0.346388
       0.34565
      0.344912
      0.344186
      0.343485
      0.342824
      0.342217
      0.341677
      0.341216
      0.340845
      0.340573
      0.340405
      0.340344
      0.340391
      0.340542
      0.340793
      0.341133
      0.341553
      0.342042
      0.342586
      0.343173
      0.343787
      0.344417
      0.345049
      0.345673
      0.346275
      0.346848
      0.347382
       0.34787
      0.348305
      0.348682
      0.348996
      0.349244
      0.349423
      0.349532
      0.349568
      0.363355
      0.363327
      0.363244
      0.363106
      0.362915
      0.362672
      0.362378
      0.362037
      0.361652
      0.361226
      0.360764
      0.360272
      0.359756
      0.359223
      0.358681
      0.358139
      0.357607
      0.357094
       0.35661
      0.356167
      0.355772
      0.355436
      0.355165
      0.354966
      0.354843
      0.354798
       0.35483
      0.354939
       0.35512
      0.355366
      0.355671
      0.356027
      0.356423
      0.356851
        0.3573
      0.357761
      0.358224
      0.358682
      0.359125
      0.359546
       0.35994
      0.360299
       0.36062
      0.360899
      0.361131
      0.361314
      0.361446
      0.361526
      0.361553
      0.375154
      0.375135
       0.37508
      0.374989
      0.374863
      0.374702
      0.374508
      0.374283
      0.374028
      0.373747
      0.373442
      0.373118
      0.372778
      0.372428
      0.372072
      0.371716
      0.371367
      0.371031
      0.370714
      0.370424
      0.370166
      0.369946
      0.369769
      0.369639
      0.369558
      0.369528
      0.369549
      0.369619
      0.369736
      0.369896
      0.370095
      0.370327
      0.370585
      0.370865
      0.371159
      0.371461
      0.371765
      0.372065
      0.372356
      0.372633
      0.372892
      0.373129
       0.37334
      0.373524
      0.373677
      0.373798
      0.373885
      0.373938
      0.373955
       0.38737
      0.387361
      0.387333
      0.387288
      0.387225
      0.387145
      0.387049
      0.386936
       0.38681
       0.38667
      0.386519
      0.386358
      0.386189
      0.386016
      0.385839
      0.385663
       0.38549
      0.385324
      0.385167
      0.385024
      0.384896
      0.384787
        0.3847
      0.384635
      0.384595
       0.38458
       0.38459
      0.384625
      0.384683
      0.384761
      0.384859
      0.384974
      0.385102
       0.38524
      0.385385
      0.385534
      0.385685
      0.385833
      0.385978
      0.386115
      0.386243
      0.386361
      0.386466
      0.386557
      0.386633
      0.386693
      0.386736
      0.386763
      0.386772
           0.4
           0.4
           0.4
           0.4
           0.4
           0.4
           0.4
           0.4
           0.4
           0.4
           0.4
           0.4
           0.4
           0.4
           0.4
           0.4
           0.4
           0.4
           0.4
           0.4
           0.4
           0.4
           0.4
           0.4
           0.4
           0.4
           0.4
           0.4
           0.4
           0.4
           0.4
           0.4
           0.4
           0.4
           0.4
           0.4
           0.4
           0.4
           0.4
           0.4
           0.4
           0.4
           0.4
           0.4
           0.4
           0.4
           0.4
           0.4
           0.4
