           0.4
           0.4
           0.4
           0.4
           0.4
           0.4
           0.4
           0.4
           0.4
           0.4
           0.4
           0.4
           0.4
           0.4
           0.4
           0.4
           0.4
           0.4
           0.4
           0.4
           0.4
           0.4
           0.4
           0.4
           0.4
           0.4
           0.4
           0.4
           0.4
           0.4
           0.4
           0.4
           0.4
           0.4
           0.4
           0.4
           0.4
           0.4
           0.4
           0.4
           0.4
           0.4
           0.4
           0.4
           0.4
           0.4
           0.4
           0.4
           0.4
       0.37994
       0.37994
       0.37994
       0.37994
       0.37994
       0.37994
       0.37994
       0.37994
       0.37994
      0.379939
      0.379939
      0.379939
      0.379939
      0.379939
      0.379939
      0.379939
      0.379939
      0.379939
      0.379939
      0.379939
      0.379939
      0.379939
      0.379939
      0.379939
      0.379939
      0.379939
      0.379939
      0.379939
      0.379939
      0.379939
      0.379939
      0.379939
      0.379939
      0.379939
      0.379939
      0.379939
      0.379939
      0.379939
      0.379939
      0.379939
      0.379939
      0.379939
       0.37994
       0.37994
       0.37994
       0.37994
       0.37994
       0.37994
       0.37994
      0.360338
      0.360338
      0.360338
      0.360338
      0.360338
      0.360338
      0.360338
      0.360338
      0.360338
      0.360338
      0.360338
      0.360338
      0.360338
      0.360338
      0.360337
      0.360337
      0.360337
      0.360337
      0.360337
      0.360337
      0.360337
      0.360337
      0.360337
      0.360336
      0.360336
      0.360336
      0.360336
      0.360336
      0.360337
      0.360337
      0.360337
      0.360337
      0.360337
      0.360337
      0.360337
      0.360337
      0.360337
      0.360338
      0.360338
      0.360338
      0.360338
      0.360338
      0.360338
      0.360338
      0.360338
      0.360338
      0.360338
      0.360338
      0.360338
      0.341244
      0.341244
      0.341244
      0.341244
      0.341244
      0.341244
      0.341244
      0.341243
      0.341243
      0.341243
      0.341243
      0.341243
      0.341243
      0.341243
      0.341242
      0.341242
      0.341242
      0.341242
      0.341242
      0.341241
      0.341241
      0.341241
      0.341241
      0.341241
      0.341241
      0.341241
      0.341241
      0.341241
      0.341241
      0.341241
      0.341241
      0.341241
      0.341242
      0.341242
      0.341242
      0.341242
      0.341242
      0.341243
      0.341243
      0.341243
      0.341243
      0.341243
      0.341243
      0.341243
      0.341244
      0.341244
      0.341244
      0.341244
      0.341244
      0.322703
      0.322703
      0.322703
      0.322703
      0.322703
      0.322703
      0.322703
      0.322703
      0.322703
      0.322703
      0.322703
      0.322702
      0.322702
      0.322702
      0.322702
      0.322701
      0.322701
      0.322701
        0.3227
        0.3227
        0.3227
        0.3227
      0.322699
      0.322699
      0.322699
      0.322699
      0.322699
      0.322699
      0.322699
        0.3227
        0.3227
        0.3227
        0.3227
      0.322701
      0.322701
      0.322701
      0.322702
      0.322702
      0.322702
      0.322702
      0.322702
      0.322703
      0.322703
      0.322703
      0.322703
      0.322703
      0.322703
      0.322703
      0.322703
      0.304764
      0.304764
      0.304764
      0.304763
      0.304763
      0.304763
      0.304763
      0.304763
      0.304763
      0.304763
      0.304762
      0.304762
      0.304762
      0.304761
      0.304761
      0.304761
       0.30476
       0.30476
      0.304759
      0.304759
      0.304759
      0.304758
      0.304758
      0.304758
      0.304758
      0.304758
      0.304758
      0.304758
      0.304758
      0.304758
      0.304759
      0.304759
      0.304759
       0.30476
       0.30476
      0.304761
      0.304761
      0.304761
      0.304762
      0.304762
      0.304762
      0.304763
      0.304763
      0.304763
      0.304763
      0.304763
      0.304763
      0.304763
      0.304763
       0.28747
       0.28747
       0.28747
       0.28747
       0.28747
      0.287469
      0.287469
      0.287469
      0.287469
      0.287468
      0.287468
      0.287468
      0.287467
      0.287467
      0.287467
      0.287466
      0.287465
      0.287465
      0.287464
      0.287464
      0.287463
      0.287463
      0.287463
      0.287462
      0.287462
      0.287462
      0.287462
      0.287462
      0.287463
      0.287463
      0.287463
      0.287464
      0.287464
      0.287465
      0.287465
      0.287466
      0.287466
      0.287467
      0.287467
      0.287468
      0.287468
      0.287468
      0.287469
      0.287469
      0.287469
      0.287469
      0.287469
      0.287469
      0.287469
      0.270865
      0.270865
      0.270865
      0.270865
      0.270865
      0.270865
      0.270865
      0.270864
      0.270864
      0.270864
      0.270863
      0.270863
      0.270862
      0.270862
      0.270861
       0.27086
       0.27086
      0.270859
      0.270858
      0.270858
      0.270857
      0.270857
      0.270856
      0.270856
      0.270856
      0.270856
      0.270856
      0.270856
      0.270856
      0.270857
      0.270857
      0.270858
      0.270858
      0.270859
       0.27086
       0.27086
      0.270861
      0.270862
      0.270862
      0.270863
      0.270863
      0.270864
      0.270864
      0.270864
      0.270865
      0.270865
      0.270865
      0.270865
      0.270865
      0.254992
      0.254992
      0.254992
      0.254992
      0.254992
      0.254992
      0.254992
      0.254991
      0.254991
       0.25499
       0.25499
      0.254989
      0.254989
      0.254988
      0.254987
      0.254986
      0.254986
      0.254985
      0.254984
      0.254983
      0.254982
      0.254981
      0.254981
       0.25498
       0.25498
       0.25498
       0.25498
       0.25498
      0.254981
      0.254981
      0.254982
      0.254983
      0.254984
      0.254985
      0.254986
      0.254986
      0.254987
      0.254988
      0.254989
      0.254989
       0.25499
       0.25499
      0.254991
      0.254991
      0.254991
      0.254992
      0.254992
      0.254992
      0.254992
       0.23989
       0.23989
       0.23989
       0.23989
       0.23989
       0.23989
      0.239889
      0.239889
      0.239889
      0.239888
      0.239887
      0.239887
      0.239886
      0.239885
      0.239884
      0.239883
      0.239882
      0.239881
       0.23988
      0.239878
      0.239877
      0.239876
      0.239876
      0.239875
      0.239875
      0.239875
      0.239875
      0.239875
      0.239876
      0.239876
      0.239877
      0.239878
       0.23988
      0.239881
      0.239882
      0.239883
      0.239884
      0.239885
      0.239886
      0.239887
      0.239887
      0.239888
      0.239888
      0.239889
      0.239889
      0.239889
       0.23989
       0.23989
       0.23989
      0.225597
      0.225597
      0.225597
      0.225596
      0.225596
      0.225596
      0.225596
      0.225595
      0.225595
      0.225594
      0.225593
      0.225592
      0.225591
       0.22559
      0.225589
      0.225588
      0.225586
      0.225585
      0.225583
      0.225582
      0.225581
      0.225579
      0.225578
      0.225577
      0.225577
      0.225577
      0.225577
      0.225577
      0.225578
      0.225579
      0.225581
      0.225582
      0.225583
      0.225585
      0.225586
      0.225588
      0.225589
       0.22559
      0.225591
      0.225592
      0.225593
      0.225594
      0.225595
      0.225595
      0.225595
      0.225596
      0.225596
      0.225596
      0.225596
      0.212146
      0.212146
      0.212146
      0.212146
      0.212146
      0.212145
      0.212145
      0.212144
      0.212144
      0.212143
      0.212142
      0.212141
       0.21214
      0.212138
      0.212137
      0.212135
      0.212133
      0.212131
       0.21213
      0.212128
      0.212126
      0.212124
      0.212123
      0.212122
      0.212121
      0.212121
      0.212121
      0.212122
      0.212123
      0.212124
      0.212126
      0.212128
       0.21213
      0.212131
      0.212133
      0.212135
      0.212137
      0.212138
       0.21214
      0.212141
      0.212142
      0.212143
      0.212143
      0.212144
      0.212144
      0.212145
      0.212145
      0.212145
      0.212145
      0.199571
      0.199571
      0.199571
       0.19957
       0.19957
       0.19957
      0.199569
      0.199568
      0.199568
      0.199567
      0.199566
      0.199564
      0.199563
      0.199561
       0.19956
      0.199557
      0.199555
      0.199553
      0.199551
      0.199548
      0.199546
      0.199544
      0.199542
       0.19954
       0.19954
      0.199539
       0.19954
       0.19954
      0.199542
      0.199544
      0.199546
      0.199548
      0.199551
      0.199553
      0.199555
      0.199557
       0.19956
      0.199561
      0.199563
      0.199564
      0.199566
      0.199567
      0.199568
      0.199568
      0.199569
      0.199569
       0.19957
       0.19957
       0.19957
        0.1879
        0.1879
        0.1879
      0.187899
      0.187899
      0.187898
      0.187898
      0.187897
      0.187896
      0.187895
      0.187894
      0.187892
      0.187891
      0.187889
      0.187886
      0.187884
      0.187881
      0.187878
      0.187875
      0.187872
      0.187869
      0.187866
      0.187864
      0.187862
      0.187861
       0.18786
      0.187861
      0.187862
      0.187864
      0.187866
      0.187869
      0.187872
      0.187875
      0.187878
      0.187881
      0.187884
      0.187886
      0.187889
      0.187891
      0.187892
      0.187894
      0.187895
      0.187896
      0.187897
      0.187898
      0.187898
      0.187898
      0.187899
      0.187899
       0.17716
       0.17716
       0.17716
      0.177159
      0.177159
      0.177159
      0.177158
      0.177157
      0.177156
      0.177155
      0.177153
      0.177151
       0.17715
      0.177147
      0.177144
      0.177141
      0.177138
      0.177134
       0.17713
      0.177126
      0.177123
      0.177119
      0.177116
      0.177113
      0.177111
      0.177111
      0.177111
      0.177113
      0.177116
      0.177119
      0.177122
      0.177126
       0.17713
      0.177134
      0.177138
      0.177141
      0.177144
      0.177147
       0.17715
      0.177151
      0.177153
      0.177155
      0.177156
      0.177157
      0.177158
      0.177158
      0.177159
      0.177159
      0.177159
      0.167375
      0.167375
      0.167375
      0.167375
      0.167374
      0.167374
      0.167373
      0.167372
      0.167371
      0.167369
      0.167368
      0.167365
      0.167363
       0.16736
      0.167357
      0.167353
      0.167349
      0.167345
       0.16734
      0.167334
      0.167329
      0.167324
       0.16732
      0.167317
      0.167315
      0.167314
      0.167315
      0.167317
       0.16732
      0.167324
      0.167329
      0.167334
       0.16734
      0.167344
      0.167349
      0.167353
      0.167357
       0.16736
      0.167363
      0.167365
      0.167367
      0.167369
       0.16737
      0.167372
      0.167372
      0.167373
      0.167374
      0.167374
      0.167374
      0.158567
      0.158567
      0.158567
      0.158566
      0.158566
      0.158565
      0.158564
      0.158563
      0.158562
       0.15856
      0.158558
      0.158556
      0.158553
       0.15855
      0.158546
      0.158541
      0.158536
      0.158531
      0.158525
      0.158518
      0.158511
      0.158505
      0.158499
      0.158494
      0.158491
       0.15849
      0.158491
      0.158494
      0.158499
      0.158505
      0.158511
      0.158518
      0.158525
      0.158531
      0.158536
      0.158541
      0.158546
       0.15855
      0.158553
      0.158556
      0.158558
       0.15856
      0.158562
      0.158563
      0.158564
      0.158564
      0.158565
      0.158565
      0.158565
      0.150753
      0.150753
      0.150753
      0.150752
      0.150752
      0.150751
       0.15075
      0.150749
      0.150748
      0.150746
      0.150743
      0.150741
      0.150738
      0.150734
      0.150729
      0.150724
      0.150718
      0.150711
      0.150703
      0.150695
      0.150686
      0.150678
       0.15067
      0.150663
      0.150659
      0.150657
      0.150659
      0.150663
       0.15067
      0.150678
      0.150686
      0.150695
      0.150703
      0.150711
      0.150718
      0.150724
      0.150729
      0.150734
      0.150737
      0.150741
      0.150743
      0.150745
      0.150747
      0.150749
       0.15075
       0.15075
      0.150751
      0.150751
      0.150751
       0.14395
       0.14395
       0.14395
      0.143949
      0.143949
      0.143948
      0.143947
      0.143946
      0.143944
      0.143942
       0.14394
      0.143937
      0.143933
      0.143929
      0.143924
      0.143917
       0.14391
      0.143902
      0.143892
      0.143882
      0.143871
      0.143859
      0.143848
      0.143838
      0.143832
       0.14383
      0.143832
      0.143838
      0.143848
      0.143859
      0.143871
      0.143882
      0.143892
      0.143902
       0.14391
      0.143917
      0.143923
      0.143928
      0.143933
      0.143936
       0.14394
      0.143942
      0.143944
      0.143945
      0.143947
      0.143947
      0.143948
      0.143948
      0.143949
      0.138172
      0.138172
      0.138171
      0.138171
       0.13817
      0.138169
      0.138168
      0.138167
      0.138165
      0.138163
       0.13816
      0.138157
      0.138153
      0.138148
      0.138142
      0.138135
      0.138127
      0.138117
      0.138105
      0.138092
      0.138078
      0.138062
      0.138047
      0.138033
      0.138023
      0.138019
      0.138023
      0.138033
      0.138047
      0.138062
      0.138078
      0.138092
      0.138105
      0.138117
      0.138127
      0.138135
      0.138142
      0.138148
      0.138153
      0.138157
       0.13816
      0.138163
      0.138165
      0.138166
      0.138168
      0.138169
      0.138169
       0.13817
       0.13817
      0.133429
      0.133429
      0.133429
      0.133428
      0.133428
      0.133427
      0.133426
      0.133424
      0.133422
       0.13342
      0.133417
      0.133413
      0.133409
      0.133403
      0.133397
      0.133389
      0.133379
      0.133368
      0.133354
      0.133338
       0.13332
      0.133299
      0.133277
      0.133257
      0.133241
      0.133235
      0.133241
      0.133257
      0.133277
      0.133299
      0.133319
      0.133338
      0.133354
      0.133368
      0.133379
      0.133389
      0.133397
      0.133403
      0.133409
      0.133413
      0.133417
      0.133419
      0.133422
      0.133423
      0.133425
      0.133426
      0.133427
      0.133427
      0.133427
      0.129731
      0.129731
      0.129731
       0.12973
       0.12973
      0.129729
      0.129727
      0.129726
      0.129724
      0.129721
      0.129718
      0.129714
      0.129709
      0.129704
      0.129696
      0.129688
      0.129677
      0.129664
      0.129648
      0.129629
      0.129606
      0.129579
      0.129549
      0.129517
       0.12949
      0.129478
       0.12949
      0.129517
      0.129549
      0.129579
      0.129606
      0.129629
      0.129648
      0.129664
      0.129677
      0.129687
      0.129696
      0.129703
      0.129709
      0.129714
      0.129718
      0.129721
      0.129723
      0.129725
      0.129727
      0.129728
      0.129729
      0.129729
      0.129729
      0.127085
      0.127085
      0.127085
      0.127084
      0.127083
      0.127082
      0.127081
      0.127079
      0.127077
      0.127075
      0.127071
      0.127067
      0.127062
      0.127056
      0.127048
      0.127039
      0.127027
      0.127013
      0.126995
      0.126973
      0.126946
      0.126912
       0.12687
      0.126822
      0.126772
      0.126746
      0.126772
      0.126821
       0.12687
      0.126912
      0.126946
      0.126973
      0.126995
      0.127013
      0.127027
      0.127039
      0.127048
      0.127056
      0.127062
      0.127067
      0.127071
      0.127074
      0.127077
      0.127079
       0.12708
      0.127081
      0.127082
      0.127083
      0.127083
      0.125495
      0.125495
      0.125495
      0.125494
      0.125493
      0.125492
      0.125491
      0.125489
      0.125487
      0.125485
      0.125481
      0.125477
      0.125472
      0.125465
      0.125457
      0.125448
      0.125435
       0.12542
      0.125401
      0.125377
      0.125347
      0.125307
      0.125254
       0.12518
      0.125087
      0.125014
      0.125087
       0.12518
      0.125254
      0.125307
      0.125347
      0.125377
      0.125401
       0.12542
      0.125435
      0.125448
      0.125457
      0.125465
      0.125472
      0.125477
      0.125481
      0.125484
      0.125487
      0.125489
       0.12549
      0.125492
      0.125492
      0.125493
      0.125493
      0.124965
      0.124965
      0.124965
      0.124964
      0.124963
      0.124962
      0.124961
      0.124959
      0.124957
      0.124954
      0.124951
      0.124947
      0.124942
      0.124935
      0.124927
      0.124917
      0.124905
      0.124889
       0.12487
      0.124845
      0.124814
      0.124771
      0.124716
      0.124614
      0.124435
      0.124192
      0.124435
      0.124614
      0.124716
      0.124771
      0.124814
      0.124845
       0.12487
      0.124889
      0.124905
      0.124917
      0.124927
      0.124935
      0.124941
      0.124946
      0.124951
      0.124954
      0.124957
      0.124959
       0.12496
      0.124961
      0.124962
      0.124963
      0.124963
      0.125495
      0.125495
      0.125495
      0.125494
      0.125493
      0.125492
      0.125491
      0.125489
      0.125487
      0.125485
      0.125481
      0.125477
      0.125472
      0.125465
      0.125457
      0.125448
      0.125435
       0.12542
      0.125401
      0.125377
      0.125347
      0.125307
      0.125254
       0.12518
      0.125087
      0.125014
      0.125087
       0.12518
      0.125254
      0.125307
      0.125347
      0.125377
      0.125401
       0.12542
      0.125435
      0.125448
      0.125457
      0.125465
      0.125472
      0.125477
      0.125481
      0.125484
      0.125487
      0.125489
       0.12549
      0.125492
      0.125492
      0.125493
      0.125493
      0.127085
      0.127085
      0.127085
      0.127084
      0.127083
      0.127082
      0.127081
      0.127079
      0.127077
      0.127075
      0.127071
      0.127067
      0.127062
      0.127056
      0.127048
      0.127039
      0.127027
      0.127013
      0.126995
      0.126973
      0.126946
      0.126912
       0.12687
      0.126822
      0.126772
      0.126746
      0.126772
      0.126821
       0.12687
      0.126912
      0.126946
      0.126973
      0.126995
      0.127013
      0.127027
      0.127039
      0.127048
      0.127056
      0.127062
      0.127067
      0.127071
      0.127074
      0.127077
      0.127079
       0.12708
      0.127081
      0.127082
      0.127083
      0.127083
      0.129731
      0.129731
      0.129731
       0.12973
       0.12973
      0.129729
      0.129727
      0.129726
      0.129724
      0.129721
      0.129718
      0.129714
      0.129709
      0.129704
      0.129696
      0.129688
      0.129677
      0.129664
      0.129648
      0.129629
      0.129606
      0.129579
      0.129549
      0.129517
       0.12949
      0.129478
       0.12949
      0.129517
      0.129549
      0.129579
      0.129606
      0.129629
      0.129648
      0.129664
      0.129677
      0.129687
      0.129696
      0.129703
      0.129709
      0.129714
      0.129718
      0.129721
      0.129723
      0.129725
      0.129727
      0.129728
      0.129729
      0.129729
      0.129729
      0.133429
      0.133429
      0.133429
      0.133428
      0.133428
      0.133427
      0.133426
      0.133424
      0.133422
       0.13342
      0.133417
      0.133413
      0.133409
      0.133403
      0.133397
      0.133389
      0.133379
      0.133368
      0.133354
      0.133338
       0.13332
      0.133299
      0.133277
      0.133257
      0.133241
      0.133235
      0.133241
      0.133257
      0.133277
      0.133299
      0.133319
      0.133338
      0.133354
      0.133368
      0.133379
      0.133389
      0.133397
      0.133403
      0.133409
      0.133413
      0.133417
      0.133419
      0.133422
      0.133423
      0.133425
      0.133426
      0.133427
      0.133427
      0.133427
      0.138172
      0.138172
      0.138171
      0.138171
       0.13817
      0.138169
      0.138168
      0.138167
      0.138165
      0.138163
       0.13816
      0.138157
      0.138153
      0.138148
      0.138142
      0.138135
      0.138127
      0.138117
      0.138105
      0.138092
      0.138078
      0.138062
      0.138047
      0.138033
      0.138023
      0.138019
      0.138023
      0.138033
      0.138047
      0.138062
      0.138078
      0.138092
      0.138105
      0.138117
      0.138127
      0.138135
      0.138142
      0.138148
      0.138153
      0.138157
       0.13816
      0.138163
      0.138165
      0.138166
      0.138168
      0.138169
      0.138169
       0.13817
       0.13817
       0.14395
       0.14395
       0.14395
      0.143949
      0.143949
      0.143948
      0.143947
      0.143946
      0.143944
      0.143942
       0.14394
      0.143937
      0.143933
      0.143929
      0.143924
      0.143917
       0.14391
      0.143902
      0.143892
      0.143882
      0.143871
      0.143859
      0.143848
      0.143838
      0.143832
       0.14383
      0.143832
      0.143838
      0.143848
      0.143859
      0.143871
      0.143882
      0.143892
      0.143902
       0.14391
      0.143917
      0.143923
      0.143928
      0.143933
      0.143936
       0.14394
      0.143942
      0.143944
      0.143945
      0.143947
      0.143947
      0.143948
      0.143948
      0.143949
      0.150753
      0.150753
      0.150753
      0.150752
      0.150752
      0.150751
       0.15075
      0.150749
      0.150748
      0.150746
      0.150743
      0.150741
      0.150738
      0.150734
      0.150729
      0.150724
      0.150718
      0.150711
      0.150703
      0.150695
      0.150686
      0.150678
       0.15067
      0.150663
      0.150659
      0.150657
      0.150659
      0.150663
       0.15067
      0.150678
      0.150686
      0.150695
      0.150703
      0.150711
      0.150718
      0.150724
      0.150729
      0.150734
      0.150737
      0.150741
      0.150743
      0.150745
      0.150747
      0.150749
       0.15075
       0.15075
      0.150751
      0.150751
      0.150751
      0.158567
      0.158567
      0.158567
      0.158566
      0.158566
      0.158565
      0.158564
      0.158563
      0.158562
       0.15856
      0.158558
      0.158556
      0.158553
       0.15855
      0.158546
      0.158541
      0.158536
      0.158531
      0.158525
      0.158518
      0.158511
      0.158505
      0.158499
      0.158494
      0.158491
       0.15849
      0.158491
      0.158494
      0.158499
      0.158505
      0.158511
      0.158518
      0.158525
      0.158531
      0.158536
      0.158541
      0.158546
       0.15855
      0.158553
      0.158556
      0.158558
       0.15856
      0.158562
      0.158563
      0.158564
      0.158564
      0.158565
      0.158565
      0.158565
      0.167375
      0.167375
      0.167375
      0.167375
      0.167374
      0.167374
      0.167373
      0.167372
      0.167371
      0.167369
      0.167368
      0.167365
      0.167363
       0.16736
      0.167357
      0.167353
      0.167349
      0.167345
       0.16734
      0.167334
      0.167329
      0.167324
       0.16732
      0.167317
      0.167315
      0.167314
      0.167315
      0.167317
       0.16732
      0.167324
      0.167329
      0.167334
       0.16734
      0.167344
      0.167349
      0.167353
      0.167357
       0.16736
      0.167363
      0.167365
      0.167367
      0.167369
       0.16737
      0.167372
      0.167372
      0.167373
      0.167374
      0.167374
      0.167374
       0.17716
       0.17716
       0.17716
      0.177159
      0.177159
      0.177159
      0.177158
      0.177157
      0.177156
      0.177155
      0.177153
      0.177151
       0.17715
      0.177147
      0.177144
      0.177141
      0.177138
      0.177134
       0.17713
      0.177126
      0.177123
      0.177119
      0.177116
      0.177113
      0.177111
      0.177111
      0.177111
      0.177113
      0.177116
      0.177119
      0.177122
      0.177126
       0.17713
      0.177134
      0.177138
      0.177141
      0.177144
      0.177147
       0.17715
      0.177151
      0.177153
      0.177155
      0.177156
      0.177157
      0.177158
      0.177158
      0.177159
      0.177159
      0.177159
        0.1879
        0.1879
        0.1879
      0.187899
      0.187899
      0.187898
      0.187898
      0.187897
      0.187896
      0.187895
      0.187894
      0.187892
      0.187891
      0.187889
      0.187886
      0.187884
      0.187881
      0.187878
      0.187875
      0.187872
      0.187869
      0.187866
      0.187864
      0.187862
      0.187861
       0.18786
      0.187861
      0.187862
      0.187864
      0.187866
      0.187869
      0.187872
      0.187875
      0.187878
      0.187881
      0.187884
      0.187886
      0.187889
      0.187891
      0.187892
      0.187894
      0.187895
      0.187896
      0.187897
      0.187898
      0.187898
      0.187898
      0.187899
      0.187899
      0.199571
      0.199571
      0.199571
       0.19957
       0.19957
       0.19957
      0.199569
      0.199568
      0.199568
      0.199567
      0.199566
      0.199564
      0.199563
      0.199561
       0.19956
      0.199557
      0.199555
      0.199553
      0.199551
      0.199548
      0.199546
      0.199544
      0.199542
       0.19954
       0.19954
      0.199539
       0.19954
       0.19954
      0.199542
      0.199544
      0.199546
      0.199548
      0.199551
      0.199553
      0.199555
      0.199557
       0.19956
      0.199561
      0.199563
      0.199564
      0.199566
      0.199567
      0.199568
      0.199568
      0.199569
      0.199569
       0.19957
       0.19957
       0.19957
      0.212146
      0.212146
      0.212146
      0.212146
      0.212146
      0.212145
      0.212145
      0.212144
      0.212144
      0.212143
      0.212142
      0.212141
       0.21214
      0.212138
      0.212137
      0.212135
      0.212133
      0.212131
       0.21213
      0.212128
      0.212126
      0.212124
      0.212123
      0.212122
      0.212121
      0.212121
      0.212121
      0.212122
      0.212123
      0.212124
      0.212126
      0.212128
       0.21213
      0.212131
      0.212133
      0.212135
      0.212137
      0.212138
       0.21214
      0.212141
      0.212142
      0.212143
      0.212143
      0.212144
      0.212144
      0.212145
      0.212145
      0.212145
      0.212145
      0.225597
      0.225597
      0.225597
      0.225596
      0.225596
      0.225596
      0.225596
      0.225595
      0.225595
      0.225594
      0.225593
      0.225592
      0.225591
       0.22559
      0.225589
      0.225588
      0.225586
      0.225585
      0.225583
      0.225582
      0.225581
      0.225579
      0.225578
      0.225577
      0.225577
      0.225577
      0.225577
      0.225577
      0.225578
      0.225579
      0.225581
      0.225582
      0.225583
      0.225585
      0.225586
      0.225588
      0.225589
       0.22559
      0.225591
      0.225592
      0.225593
      0.225594
      0.225595
      0.225595
      0.225595
      0.225596
      0.225596
      0.225596
      0.225596
       0.23989
       0.23989
       0.23989
       0.23989
       0.23989
       0.23989
      0.239889
      0.239889
      0.239889
      0.239888
      0.239887
      0.239887
      0.239886
      0.239885
      0.239884
      0.239883
      0.239882
      0.239881
       0.23988
      0.239878
      0.239877
      0.239876
      0.239876
      0.239875
      0.239875
      0.239875
      0.239875
      0.239875
      0.239876
      0.239876
      0.239877
      0.239878
       0.23988
      0.239881
      0.239882
      0.239883
      0.239884
      0.239885
      0.239886
      0.239887
      0.239887
      0.239888
      0.239888
      0.239889
      0.239889
      0.239889
       0.23989
       0.23989
       0.23989
      0.254992
      0.254992
      0.254992
      0.254992
      0.254992
      0.254992
      0.254992
      0.254991
      0.254991
       0.25499
       0.25499
      0.254989
      0.254989
      0.254988
      0.254987
      0.254986
      0.254986
      0.254985
      0.254984
      0.254983
      0.254982
      0.254981
      0.254981
       0.25498
       0.25498
       0.25498
       0.25498
       0.25498
      0.254981
      0.254981
      0.254982
      0.254983
      0.254984
      0.254985
      0.254986
      0.254986
      0.254987
      0.254988
      0.254989
      0.254989
       0.25499
       0.25499
      0.254991
      0.254991
      0.254991
      0.254992
      0.254992
      0.254992
      0.254992
      0.270865
      0.270865
      0.270865
      0.270865
      0.270865
      0.270865
      0.270865
      0.270864
      0.270864
      0.270864
      0.270863
      0.270863
      0.270862
      0.270862
      0.270861
       0.27086
       0.27086
      0.270859
      0.270858
      0.270858
      0.270857
      0.270857
      0.270856
      0.270856
      0.270856
      0.270856
      0.270856
      0.270856
      0.270856
      0.270857
      0.270857
      0.270858
      0.270858
      0.270859
       0.27086
       0.27086
      0.270861
      0.270862
      0.270862
      0.270863
      0.270863
      0.270864
      0.270864
      0.270864
      0.270865
      0.270865
      0.270865
      0.270865
      0.270865
       0.28747
       0.28747
       0.28747
       0.28747
       0.28747
      0.287469
      0.287469
      0.287469
      0.287469
      0.287468
      0.287468
      0.287468
      0.287467
      0.287467
      0.287467
      0.287466
      0.287465
      0.287465
      0.287464
      0.287464
      0.287463
      0.287463
      0.287463
      0.287462
      0.287462
      0.287462
      0.287462
      0.287462
      0.287463
      0.287463
      0.287463
      0.287464
      0.287464
      0.287465
      0.287465
      0.287466
      0.287466
      0.287467
      0.287467
      0.287468
      0.287468
      0.287468
      0.287469
      0.287469
      0.287469
      0.287469
      0.287469
      0.287469
      0.287469
      0.304764
      0.304764
      0.304764
      0.304763
      0.304763
      0.304763
      0.304763
      0.304763
      0.304763
      0.304763
      0.304762
      0.304762
      0.304762
      0.304761
      0.304761
      0.304761
       0.30476
       0.30476
      0.304759
      0.304759
      0.304759
      0.304758
      0.304758
      0.304758
      0.304758
      0.304758
      0.304758
      0.304758
      0.304758
      0.304758
      0.304759
      0.304759
      0.304759
       0.30476
       0.30476
      0.304761
      0.304761
      0.304761
      0.304762
      0.304762
      0.304762
      0.304763
      0.304763
      0.304763
      0.304763
      0.304763
      0.304763
      0.304763
      0.304763
      0.322703
      0.322703
      0.322703
      0.322703
      0.322703
      0.322703
      0.322703
      0.322703
      0.322703
      0.322703
      0.322703
      0.322702
      0.322702
      0.322702
      0.322702
      0.322701
      0.322701
      0.322701
        0.3227
        0.3227
        0.3227
        0.3227
      0.322699
      0.322699
      0.322699
      0.322699
      0.322699
      0.322699
      0.322699
        0.3227
        0.3227
        0.3227
        0.3227
      0.322701
      0.322701
      0.322701
      0.322702
      0.322702
      0.322702
      0.322702
      0.322702
      0.322703
      0.322703
      0.322703
      0.322703
      0.322703
      0.322703
      0.322703
      0.322703
      0.341244
      0.341244
      0.341244
      0.341244
      0.341244
      0.341244
      0.341244
      0.341243
      0.341243
      0.341243
      0.341243
      0.341243
      0.341243
      0.341243
      0.341242
      0.341242
      0.341242
      0.341242
      0.341242
      0.341241
      0.341241
      0.341241
      0.341241
      0.341241
      0.341241
      0.341241
      0.341241
      0.341241
      0.341241
      0.341241
      0.341241
      0.341241
      0.341242
      0.341242
      0.341242
      0.341242
      0.341242
      0.341243
      0.341243
      0.341243
      0.341243
      0.341243
      0.341243
      0.341243
      0.341244
      0.341244
      0.341244
      0.341244
      0.341244
      0.360338
      0.360338
      0.360338
      0.360338
      0.360338
      0.360338
      0.360338
      0.360338
      0.360338
      0.360338
      0.360338
      0.360338
      0.360338
      0.360338
      0.360337
      0.360337
      0.360337
      0.360337
      0.360337
      0.360337
      0.360337
      0.360337
      0.360337
      0.360336
      0.360336
      0.360336
      0.360336
      0.360336
      0.360337
      0.360337
      0.360337
      0.360337
      0.360337
      0.360337
      0.360337
      0.360337
      0.360337
      0.360338
      0.360338
      0.360338
      0.360338
      0.360338
      0.360338
      0.360338
      0.360338
      0.360338
      0.360338
      0.360338
      0.360338
       0.37994
       0.37994
       0.37994
       0.37994
       0.37994
       0.37994
       0.37994
       0.37994
       0.37994
      0.379939
      0.379939
      0.379939
      0.379939
      0.379939
      0.379939
      0.379939
      0.379939
      0.379939
      0.379939
      0.379939
      0.379939
      0.379939
      0.379939
      0.379939
      0.379939
      0.379939
      0.379939
      0.379939
      0.379939
      0.379939
      0.379939
      0.379939
      0.379939
      0.379939
      0.379939
      0.379939
      0.379939
      0.379939
      0.379939
      0.379939
      0.379939
      0.379939
       0.37994
       0.37994
       0.37994
       0.37994
       0.37994
       0.37994
       0.37994
           0.4
           0.4
           0.4
           0.4
           0.4
           0.4
           0.4
           0.4
           0.4
           0.4
           0.4
           0.4
           0.4
           0.4
           0.4
           0.4
           0.4
           0.4
           0.4
           0.4
           0.4
           0.4
           0.4
           0.4
           0.4
           0.4
           0.4
           0.4
           0.4
           0.4
           0.4
           0.4
           0.4
           0.4
           0.4
           0.4
           0.4
           0.4
           0.4
           0.4
           0.4
           0.4
           0.4
           0.4
           0.4
           0.4
           0.4
           0.4
           0.4
