           0.4
           0.4
           0.4
           0.4
           0.4
           0.4
           0.4
           0.4
           0.4
           0.4
           0.4
           0.4
           0.4
           0.4
           0.4
           0.4
           0.4
           0.4
           0.4
           0.4
           0.4
           0.4
           0.4
           0.4
           0.4
           0.4
           0.4
           0.4
           0.4
           0.4
           0.4
           0.4
           0.4
           0.4
           0.4
           0.4
           0.4
           0.4
           0.4
           0.4
           0.4
           0.4
           0.4
           0.4
           0.4
           0.4
           0.4
           0.4
           0.4
       0.38405
       0.38405
       0.38405
       0.38405
       0.38405
       0.38405
      0.384049
      0.384049
      0.384049
      0.384049
      0.384049
      0.384048
      0.384048
      0.384048
      0.384048
      0.384047
      0.384047
      0.384047
      0.384047
      0.384046
      0.384046
      0.384046
      0.384046
      0.384046
      0.384046
      0.384046
      0.384046
      0.384046
      0.384046
      0.384046
      0.384046
      0.384046
      0.384046
      0.384047
      0.384047
      0.384047
      0.384048
      0.384048
      0.384048
      0.384048
      0.384049
      0.384049
      0.384049
      0.384049
      0.384049
      0.384049
      0.384049
      0.384049
      0.384049
      0.368537
      0.368537
      0.368537
      0.368536
      0.368536
      0.368536
      0.368536
      0.368535
      0.368535
      0.368535
      0.368534
      0.368534
      0.368533
      0.368533
      0.368532
      0.368531
      0.368531
       0.36853
       0.36853
      0.368529
      0.368529
      0.368529
      0.368528
      0.368528
      0.368528
      0.368528
      0.368528
      0.368528
      0.368528
      0.368528
      0.368529
      0.368529
       0.36853
       0.36853
      0.368531
      0.368531
      0.368532
      0.368532
      0.368533
      0.368533
      0.368534
      0.368534
      0.368535
      0.368535
      0.368535
      0.368535
      0.368536
      0.368536
      0.368536
      0.353486
      0.353486
      0.353486
      0.353486
      0.353486
      0.353485
      0.353485
      0.353484
      0.353484
      0.353483
      0.353482
      0.353482
      0.353481
       0.35348
      0.353479
      0.353478
      0.353477
      0.353477
      0.353476
      0.353475
      0.353474
      0.353474
      0.353473
      0.353473
      0.353473
      0.353473
      0.353473
      0.353473
      0.353473
      0.353474
      0.353474
      0.353475
      0.353476
      0.353476
      0.353477
      0.353478
      0.353479
       0.35348
      0.353481
      0.353481
      0.353482
      0.353483
      0.353483
      0.353484
      0.353484
      0.353484
      0.353485
      0.353485
      0.353485
      0.338925
      0.338924
      0.338924
      0.338924
      0.338924
      0.338923
      0.338923
      0.338922
      0.338921
       0.33892
      0.338919
      0.338918
      0.338917
      0.338916
      0.338915
      0.338914
      0.338913
      0.338911
       0.33891
      0.338909
      0.338908
      0.338907
      0.338907
      0.338906
      0.338906
      0.338906
      0.338906
      0.338906
      0.338907
      0.338907
      0.338908
      0.338909
       0.33891
      0.338911
      0.338912
      0.338913
      0.338915
      0.338916
      0.338917
      0.338918
      0.338919
       0.33892
       0.33892
      0.338921
      0.338922
      0.338922
      0.338922
      0.338922
      0.338923
      0.324878
      0.324878
      0.324877
      0.324877
      0.324877
      0.324876
      0.324875
      0.324874
      0.324873
      0.324872
      0.324871
       0.32487
      0.324868
      0.324867
      0.324865
      0.324864
      0.324862
      0.324861
      0.324859
      0.324858
      0.324856
      0.324855
      0.324854
      0.324854
      0.324853
      0.324853
      0.324853
      0.324854
      0.324854
      0.324855
      0.324856
      0.324858
      0.324859
       0.32486
      0.324862
      0.324863
      0.324865
      0.324866
      0.324868
      0.324869
       0.32487
      0.324871
      0.324872
      0.324873
      0.324874
      0.324874
      0.324875
      0.324875
      0.324875
      0.311371
      0.311371
      0.311371
       0.31137
       0.31137
      0.311369
      0.311368
      0.311367
      0.311366
      0.311365
      0.311363
      0.311361
       0.31136
      0.311358
      0.311356
      0.311354
      0.311352
       0.31135
      0.311348
      0.311346
      0.311345
      0.311343
      0.311342
      0.311341
      0.311341
      0.311341
      0.311341
      0.311341
      0.311342
      0.311343
      0.311345
      0.311346
      0.311348
       0.31135
      0.311352
      0.311353
      0.311355
      0.311357
      0.311359
      0.311361
      0.311362
      0.311363
      0.311365
      0.311366
      0.311367
      0.311367
      0.311368
      0.311368
      0.311368
       0.29843
       0.29843
       0.29843
       0.29843
      0.298429
      0.298428
      0.298427
      0.298426
      0.298424
      0.298422
      0.298421
      0.298419
      0.298417
      0.298414
      0.298412
      0.298409
      0.298407
      0.298404
      0.298402
        0.2984
      0.298398
      0.298396
      0.298395
      0.298394
      0.298393
      0.298393
      0.298393
      0.298394
      0.298395
      0.298396
      0.298398
        0.2984
      0.298402
      0.298404
      0.298407
      0.298409
      0.298411
      0.298414
      0.298416
      0.298418
       0.29842
      0.298421
      0.298423
      0.298424
      0.298425
      0.298426
      0.298426
      0.298427
      0.298427
       0.28608
       0.28608
       0.28608
      0.286079
      0.286078
      0.286077
      0.286076
      0.286075
      0.286073
      0.286071
      0.286069
      0.286066
      0.286064
      0.286061
      0.286058
      0.286055
      0.286052
      0.286049
      0.286046
      0.286043
      0.286041
      0.286039
      0.286037
      0.286036
      0.286035
      0.286034
      0.286035
      0.286036
      0.286037
      0.286039
      0.286041
      0.286043
      0.286046
      0.286049
      0.286052
      0.286055
      0.286058
       0.28606
      0.286063
      0.286065
      0.286068
      0.286069
      0.286071
      0.286073
      0.286074
      0.286075
      0.286076
      0.286076
      0.286076
      0.274345
      0.274345
      0.274344
      0.274344
      0.274343
      0.274341
       0.27434
      0.274338
      0.274336
      0.274334
      0.274331
      0.274328
      0.274325
      0.274322
      0.274319
      0.274315
      0.274311
      0.274308
      0.274304
      0.274301
      0.274298
      0.274295
      0.274293
      0.274291
       0.27429
       0.27429
       0.27429
      0.274291
      0.274293
      0.274295
      0.274298
      0.274301
      0.274304
      0.274307
      0.274311
      0.274314
      0.274318
      0.274321
      0.274324
      0.274327
       0.27433
      0.274332
      0.274334
      0.274336
      0.274337
      0.274339
      0.274339
       0.27434
       0.27434
      0.263247
      0.263247
      0.263247
      0.263246
      0.263245
      0.263244
      0.263242
       0.26324
      0.263238
      0.263235
      0.263232
      0.263229
      0.263225
      0.263221
      0.263217
      0.263213
      0.263208
      0.263204
        0.2632
      0.263195
      0.263192
      0.263188
      0.263185
      0.263183
      0.263182
      0.263181
      0.263182
      0.263183
      0.263185
      0.263188
      0.263191
      0.263195
      0.263199
      0.263203
      0.263208
      0.263212
      0.263216
       0.26322
      0.263224
      0.263227
       0.26323
      0.263233
      0.263235
      0.263237
      0.263239
       0.26324
      0.263241
      0.263242
      0.263242
       0.25281
       0.25281
       0.25281
      0.252809
      0.252808
      0.252806
      0.252804
      0.252802
      0.252799
      0.252796
      0.252793
      0.252789
      0.252785
       0.25278
      0.252775
       0.25277
      0.252765
      0.252759
      0.252754
      0.252749
      0.252744
       0.25274
      0.252737
      0.252734
      0.252732
      0.252732
      0.252732
      0.252734
      0.252737
       0.25274
      0.252744
      0.252749
      0.252754
      0.252759
      0.252764
      0.252769
      0.252774
      0.252779
      0.252783
      0.252787
      0.252791
      0.252794
      0.252797
      0.252799
      0.252801
      0.252802
      0.252804
      0.252804
      0.252804
      0.243055
      0.243055
      0.243054
      0.243053
      0.243052
       0.24305
      0.243048
      0.243045
      0.243043
      0.243039
      0.243035
      0.243031
      0.243026
       0.24302
      0.243015
      0.243009
      0.243003
      0.242996
       0.24299
      0.242983
      0.242978
      0.242972
      0.242968
      0.242965
      0.242963
      0.242962
      0.242963
      0.242965
      0.242968
      0.242972
      0.242977
      0.242983
      0.242989
      0.242995
      0.243002
      0.243008
      0.243014
      0.243019
      0.243024
      0.243029
      0.243033
      0.243037
       0.24304
      0.243043
      0.243045
      0.243046
      0.243048
      0.243048
      0.243049
      0.234002
      0.234002
      0.234001
         0.234
      0.233998
      0.233996
      0.233994
      0.233991
      0.233988
      0.233984
      0.233979
      0.233974
      0.233969
      0.233962
      0.233956
      0.233949
      0.233941
      0.233934
      0.233926
      0.233918
      0.233911
      0.233905
      0.233899
      0.233895
      0.233892
      0.233891
      0.233892
      0.233895
      0.233899
      0.233904
      0.233911
      0.233918
      0.233925
      0.233933
      0.233941
      0.233948
      0.233955
      0.233961
      0.233967
      0.233972
      0.233977
      0.233981
      0.233985
      0.233988
       0.23399
      0.233992
      0.233994
      0.233994
      0.233995
       0.22567
      0.225669
      0.225669
      0.225667
      0.225666
      0.225664
      0.225661
      0.225658
      0.225654
      0.225649
      0.225644
      0.225639
      0.225632
      0.225625
      0.225618
      0.225609
        0.2256
      0.225591
      0.225582
      0.225573
      0.225564
      0.225555
      0.225549
      0.225543
       0.22554
      0.225538
       0.22554
      0.225543
      0.225548
      0.225555
      0.225563
      0.225572
      0.225581
      0.225591
        0.2256
      0.225608
      0.225616
      0.225624
      0.225631
      0.225637
      0.225642
      0.225647
      0.225651
      0.225654
      0.225657
      0.225659
      0.225661
      0.225661
      0.225662
      0.218076
      0.218075
      0.218075
      0.218073
      0.218072
      0.218069
      0.218066
      0.218063
      0.218058
      0.218053
      0.218048
      0.218041
      0.218034
      0.218026
      0.218017
      0.218008
      0.217997
      0.217986
      0.217975
      0.217964
      0.217953
      0.217942
      0.217933
      0.217926
      0.217922
       0.21792
      0.217922
      0.217926
      0.217933
      0.217942
      0.217952
      0.217963
      0.217974
      0.217986
      0.217996
      0.218007
      0.218016
      0.218025
      0.218032
      0.218039
      0.218045
      0.218051
      0.218055
      0.218059
      0.218062
      0.218064
      0.218066
      0.218067
      0.218067
      0.211237
      0.211236
      0.211236
      0.211234
      0.211232
      0.211229
      0.211226
      0.211222
      0.211218
      0.211212
      0.211206
      0.211199
      0.211191
      0.211181
      0.211171
       0.21116
      0.211148
      0.211135
      0.211122
      0.211108
      0.211094
      0.211081
      0.211069
       0.21106
      0.211054
      0.211052
      0.211054
       0.21106
      0.211069
       0.21108
      0.211093
      0.211107
      0.211121
      0.211134
      0.211147
      0.211159
       0.21117
       0.21118
      0.211189
      0.211197
      0.211203
      0.211209
      0.211214
      0.211218
      0.211222
      0.211224
      0.211226
      0.211227
      0.211228
      0.205167
      0.205166
      0.205165
      0.205164
      0.205162
      0.205159
      0.205155
      0.205151
      0.205146
       0.20514
      0.205133
      0.205125
      0.205116
      0.205106
      0.205095
      0.205082
      0.205068
      0.205053
      0.205036
      0.205019
      0.205002
      0.204985
       0.20497
      0.204958
       0.20495
      0.204947
      0.204949
      0.204957
       0.20497
      0.204985
      0.205001
      0.205019
      0.205036
      0.205052
      0.205067
      0.205081
      0.205093
      0.205104
      0.205114
      0.205123
      0.205131
      0.205137
      0.205143
      0.205147
      0.205151
      0.205153
      0.205155
      0.205157
      0.205157
      0.199879
      0.199879
      0.199878
      0.199876
      0.199874
      0.199871
      0.199867
      0.199863
      0.199857
      0.199851
      0.199843
      0.199834
      0.199825
      0.199813
      0.199801
      0.199786
       0.19977
      0.199752
      0.199733
      0.199712
       0.19969
      0.199668
      0.199648
      0.199631
       0.19962
      0.199616
       0.19962
      0.199631
      0.199648
      0.199668
       0.19969
      0.199711
      0.199732
      0.199751
      0.199769
      0.199785
      0.199799
      0.199812
      0.199823
      0.199832
      0.199841
      0.199848
      0.199854
      0.199858
      0.199862
      0.199865
      0.199867
      0.199869
      0.199869
      0.195385
      0.195385
      0.195384
      0.195382
       0.19538
      0.195377
      0.195373
      0.195368
      0.195362
      0.195355
      0.195347
      0.195338
      0.195327
      0.195314
        0.1953
      0.195284
      0.195266
      0.195245
      0.195222
      0.195197
       0.19517
      0.195142
      0.195115
      0.195091
      0.195074
      0.195068
      0.195074
      0.195091
      0.195114
      0.195142
       0.19517
      0.195197
      0.195222
      0.195244
      0.195265
      0.195283
      0.195299
      0.195313
      0.195325
      0.195335
      0.195344
      0.195352
      0.195358
      0.195363
      0.195368
      0.195371
      0.195373
      0.195374
      0.195375
      0.191695
      0.191695
      0.191694
      0.191692
       0.19169
      0.191686
      0.191682
      0.191677
      0.191671
      0.191663
      0.191655
      0.191645
      0.191633
       0.19162
      0.191604
      0.191587
      0.191566
      0.191543
      0.191516
      0.191486
      0.191453
      0.191416
      0.191379
      0.191344
      0.191319
      0.191308
      0.191319
      0.191344
      0.191378
      0.191416
      0.191452
      0.191486
      0.191516
      0.191542
      0.191565
      0.191585
      0.191603
      0.191618
      0.191631
      0.191642
      0.191652
       0.19166
      0.191667
      0.191672
      0.191677
       0.19168
      0.191683
      0.191684
      0.191684
      0.188817
      0.188816
      0.188815
      0.188813
      0.188811
      0.188807
      0.188803
      0.188798
      0.188791
      0.188784
      0.188775
      0.188764
      0.188752
      0.188737
      0.188721
      0.188702
      0.188679
      0.188653
      0.188623
      0.188588
      0.188547
      0.188501
       0.18845
      0.188398
      0.188354
      0.188335
      0.188354
      0.188398
      0.188449
      0.188501
      0.188547
      0.188587
      0.188622
      0.188652
      0.188678
        0.1887
      0.188719
      0.188736
       0.18875
      0.188762
      0.188772
       0.18878
      0.188787
      0.188793
      0.188798
      0.188801
      0.188803
      0.188805
      0.188805
      0.186756
      0.186756
      0.186755
      0.186753
       0.18675
      0.186747
      0.186742
      0.186737
       0.18673
      0.186722
      0.186713
      0.186702
      0.186689
      0.186674
      0.186657
      0.186636
      0.186612
      0.186584
      0.186551
      0.186511
      0.186463
      0.186406
      0.186336
      0.186258
      0.186179
      0.186139
      0.186179
      0.186258
      0.186335
      0.186405
      0.186463
       0.18651
       0.18655
      0.186583
      0.186611
      0.186635
      0.186655
      0.186672
      0.186687
      0.186699
       0.18671
      0.186719
      0.186726
      0.186732
      0.186737
       0.18674
      0.186743
      0.186744
      0.186745
      0.185518
      0.185518
      0.185516
      0.185515
      0.185512
      0.185508
      0.185504
      0.185498
      0.185491
      0.185483
      0.185474
      0.185463
      0.185449
      0.185434
      0.185416
      0.185395
       0.18537
       0.18534
      0.185305
      0.185262
      0.185209
      0.185142
      0.185056
      0.184939
      0.184793
      0.184681
      0.184793
      0.184939
      0.185056
      0.185142
      0.185208
      0.185261
      0.185304
      0.185339
      0.185369
      0.185394
      0.185415
      0.185432
      0.185447
       0.18546
      0.185471
       0.18548
      0.185487
      0.185493
      0.185498
      0.185502
      0.185504
      0.185506
      0.185506
      0.185105
      0.185105
      0.185104
      0.185102
      0.185099
      0.185095
      0.185091
      0.185085
      0.185078
       0.18507
      0.185061
      0.185049
      0.185036
       0.18502
      0.185002
      0.184981
      0.184956
      0.184925
      0.184889
      0.184845
      0.184791
       0.18472
       0.18463
       0.18447
      0.184193
      0.183819
      0.184193
       0.18447
      0.184629
       0.18472
       0.18479
      0.184844
      0.184888
      0.184924
      0.184954
      0.184979
      0.185001
      0.185019
      0.185034
      0.185047
      0.185058
      0.185067
      0.185074
       0.18508
      0.185085
      0.185089
      0.185091
      0.185093
      0.185093
      0.185518
      0.185518
      0.185516
      0.185515
      0.185512
      0.185508
      0.185504
      0.185498
      0.185491
      0.185483
      0.185474
      0.185463
      0.185449
      0.185434
      0.185416
      0.185395
       0.18537
       0.18534
      0.185305
      0.185262
      0.185209
      0.185142
      0.185056
      0.184939
      0.184793
      0.184681
      0.184793
      0.184939
      0.185056
      0.185142
      0.185208
      0.185261
      0.185304
      0.185339
      0.185369
      0.185394
      0.185415
      0.185432
      0.185447
       0.18546
      0.185471
       0.18548
      0.185487
      0.185493
      0.185498
      0.185502
      0.185504
      0.185506
      0.185506
      0.186756
      0.186756
      0.186755
      0.186753
       0.18675
      0.186747
      0.186742
      0.186737
       0.18673
      0.186722
      0.186713
      0.186702
      0.186689
      0.186674
      0.186657
      0.186636
      0.186612
      0.186584
      0.186551
      0.186511
      0.186463
      0.186406
      0.186336
      0.186258
      0.186179
      0.186139
      0.186179
      0.186258
      0.186335
      0.186405
      0.186463
       0.18651
       0.18655
      0.186583
      0.186611
      0.186635
      0.186655
      0.186672
      0.186687
      0.186699
       0.18671
      0.186719
      0.186726
      0.186732
      0.186737
       0.18674
      0.186743
      0.186744
      0.186745
      0.188817
      0.188816
      0.188815
      0.188813
      0.188811
      0.188807
      0.188803
      0.188798
      0.188791
      0.188784
      0.188775
      0.188764
      0.188752
      0.188737
      0.188721
      0.188702
      0.188679
      0.188653
      0.188623
      0.188588
      0.188547
      0.188501
       0.18845
      0.188398
      0.188354
      0.188335
      0.188354
      0.188398
      0.188449
      0.188501
      0.188547
      0.188587
      0.188622
      0.188652
      0.188678
        0.1887
      0.188719
      0.188736
       0.18875
      0.188762
      0.188772
       0.18878
      0.188787
      0.188793
      0.188798
      0.188801
      0.188803
      0.188805
      0.188805
      0.191695
      0.191695
      0.191694
      0.191692
       0.19169
      0.191686
      0.191682
      0.191677
      0.191671
      0.191663
      0.191655
      0.191645
      0.191633
       0.19162
      0.191604
      0.191587
      0.191566
      0.191543
      0.191516
      0.191486
      0.191453
      0.191416
      0.191379
      0.191344
      0.191319
      0.191308
      0.191319
      0.191344
      0.191378
      0.191416
      0.191452
      0.191486
      0.191516
      0.191542
      0.191565
      0.191585
      0.191603
      0.191618
      0.191631
      0.191642
      0.191652
       0.19166
      0.191667
      0.191672
      0.191677
       0.19168
      0.191683
      0.191684
      0.191684
      0.195385
      0.195385
      0.195384
      0.195382
       0.19538
      0.195377
      0.195373
      0.195368
      0.195362
      0.195355
      0.195347
      0.195338
      0.195327
      0.195314
        0.1953
      0.195284
      0.195266
      0.195245
      0.195222
      0.195197
       0.19517
      0.195142
      0.195115
      0.195091
      0.195074
      0.195068
      0.195074
      0.195091
      0.195114
      0.195142
       0.19517
      0.195197
      0.195222
      0.195244
      0.195265
      0.195283
      0.195299
      0.195313
      0.195325
      0.195335
      0.195344
      0.195352
      0.195358
      0.195363
      0.195368
      0.195371
      0.195373
      0.195374
      0.195375
      0.199879
      0.199879
      0.199878
      0.199876
      0.199874
      0.199871
      0.199867
      0.199863
      0.199857
      0.199851
      0.199843
      0.199834
      0.199825
      0.199813
      0.199801
      0.199786
       0.19977
      0.199752
      0.199733
      0.199712
       0.19969
      0.199668
      0.199648
      0.199631
       0.19962
      0.199616
       0.19962
      0.199631
      0.199648
      0.199668
       0.19969
      0.199711
      0.199732
      0.199751
      0.199769
      0.199785
      0.199799
      0.199812
      0.199823
      0.199832
      0.199841
      0.199848
      0.199854
      0.199858
      0.199862
      0.199865
      0.199867
      0.199869
      0.199869
      0.205167
      0.205166
      0.205165
      0.205164
      0.205162
      0.205159
      0.205155
      0.205151
      0.205146
       0.20514
      0.205133
      0.205125
      0.205116
      0.205106
      0.205095
      0.205082
      0.205068
      0.205053
      0.205036
      0.205019
      0.205002
      0.204985
       0.20497
      0.204958
       0.20495
      0.204947
      0.204949
      0.204957
       0.20497
      0.204985
      0.205001
      0.205019
      0.205036
      0.205052
      0.205067
      0.205081
      0.205093
      0.205104
      0.205114
      0.205123
      0.205131
      0.205137
      0.205143
      0.205147
      0.205151
      0.205153
      0.205155
      0.205157
      0.205157
      0.211237
      0.211236
      0.211236
      0.211234
      0.211232
      0.211229
      0.211226
      0.211222
      0.211218
      0.211212
      0.211206
      0.211199
      0.211191
      0.211181
      0.211171
       0.21116
      0.211148
      0.211135
      0.211122
      0.211108
      0.211094
      0.211081
      0.211069
       0.21106
      0.211054
      0.211052
      0.211054
       0.21106
      0.211069
       0.21108
      0.211093
      0.211107
      0.211121
      0.211134
      0.211147
      0.211159
       0.21117
       0.21118
      0.211189
      0.211197
      0.211203
      0.211209
      0.211214
      0.211218
      0.211222
      0.211224
      0.211226
      0.211227
      0.211228
      0.218076
      0.218075
      0.218075
      0.218073
      0.218072
      0.218069
      0.218066
      0.218063
      0.218058
      0.218053
      0.218048
      0.218041
      0.218034
      0.218026
      0.218017
      0.218008
      0.217997
      0.217986
      0.217975
      0.217964
      0.217953
      0.217942
      0.217933
      0.217926
      0.217922
       0.21792
      0.217922
      0.217926
      0.217933
      0.217942
      0.217952
      0.217963
      0.217974
      0.217986
      0.217996
      0.218007
      0.218016
      0.218025
      0.218032
      0.218039
      0.218045
      0.218051
      0.218055
      0.218059
      0.218062
      0.218064
      0.218066
      0.218067
      0.218067
       0.22567
      0.225669
      0.225669
      0.225667
      0.225666
      0.225664
      0.225661
      0.225658
      0.225654
      0.225649
      0.225644
      0.225639
      0.225632
      0.225625
      0.225618
      0.225609
        0.2256
      0.225591
      0.225582
      0.225573
      0.225564
      0.225555
      0.225549
      0.225543
       0.22554
      0.225538
       0.22554
      0.225543
      0.225548
      0.225555
      0.225563
      0.225572
      0.225581
      0.225591
        0.2256
      0.225608
      0.225616
      0.225624
      0.225631
      0.225637
      0.225642
      0.225647
      0.225651
      0.225654
      0.225657
      0.225659
      0.225661
      0.225661
      0.225662
      0.234002
      0.234002
      0.234001
         0.234
      0.233998
      0.233996
      0.233994
      0.233991
      0.233988
      0.233984
      0.233979
      0.233974
      0.233969
      0.233962
      0.233956
      0.233949
      0.233941
      0.233934
      0.233926
      0.233918
      0.233911
      0.233905
      0.233899
      0.233895
      0.233892
      0.233891
      0.233892
      0.233895
      0.233899
      0.233904
      0.233911
      0.233918
      0.233925
      0.233933
      0.233941
      0.233948
      0.233955
      0.233961
      0.233967
      0.233972
      0.233977
      0.233981
      0.233985
      0.233988
       0.23399
      0.233992
      0.233994
      0.233994
      0.233995
      0.243055
      0.243055
      0.243054
      0.243053
      0.243052
       0.24305
      0.243048
      0.243045
      0.243043
      0.243039
      0.243035
      0.243031
      0.243026
       0.24302
      0.243015
      0.243009
      0.243003
      0.242996
       0.24299
      0.242983
      0.242978
      0.242972
      0.242968
      0.242965
      0.242963
      0.242962
      0.242963
      0.242965
      0.242968
      0.242972
      0.242977
      0.242983
      0.242989
      0.242995
      0.243002
      0.243008
      0.243014
      0.243019
      0.243024
      0.243029
      0.243033
      0.243037
       0.24304
      0.243043
      0.243045
      0.243046
      0.243048
      0.243048
      0.243049
       0.25281
       0.25281
       0.25281
      0.252809
      0.252808
      0.252806
      0.252804
      0.252802
      0.252799
      0.252796
      0.252793
      0.252789
      0.252785
       0.25278
      0.252775
       0.25277
      0.252765
      0.252759
      0.252754
      0.252749
      0.252744
       0.25274
      0.252737
      0.252734
      0.252732
      0.252732
      0.252732
      0.252734
      0.252737
       0.25274
      0.252744
      0.252749
      0.252754
      0.252759
      0.252764
      0.252769
      0.252774
      0.252779
      0.252783
      0.252787
      0.252791
      0.252794
      0.252797
      0.252799
      0.252801
      0.252802
      0.252804
      0.252804
      0.252804
      0.263247
      0.263247
      0.263247
      0.263246
      0.263245
      0.263244
      0.263242
       0.26324
      0.263238
      0.263235
      0.263232
      0.263229
      0.263225
      0.263221
      0.263217
      0.263213
      0.263208
      0.263204
        0.2632
      0.263195
      0.263192
      0.263188
      0.263185
      0.263183
      0.263182
      0.263181
      0.263182
      0.263183
      0.263185
      0.263188
      0.263191
      0.263195
      0.263199
      0.263203
      0.263208
      0.263212
      0.263216
       0.26322
      0.263224
      0.263227
       0.26323
      0.263233
      0.263235
      0.263237
      0.263239
       0.26324
      0.263241
      0.263242
      0.263242
      0.274345
      0.274345
      0.274344
      0.274344
      0.274343
      0.274341
       0.27434
      0.274338
      0.274336
      0.274334
      0.274331
      0.274328
      0.274325
      0.274322
      0.274319
      0.274315
      0.274311
      0.274308
      0.274304
      0.274301
      0.274298
      0.274295
      0.274293
      0.274291
       0.27429
       0.27429
       0.27429
      0.274291
      0.274293
      0.274295
      0.274298
      0.274301
      0.274304
      0.274307
      0.274311
      0.274314
      0.274318
      0.274321
      0.274324
      0.274327
       0.27433
      0.274332
      0.274334
      0.274336
      0.274337
      0.274339
      0.274339
       0.27434
       0.27434
       0.28608
       0.28608
       0.28608
      0.286079
      0.286078
      0.286077
      0.286076
      0.286075
      0.286073
      0.286071
      0.286069
      0.286066
      0.286064
      0.286061
      0.286058
      0.286055
      0.286052
      0.286049
      0.286046
      0.286043
      0.286041
      0.286039
      0.286037
      0.286036
      0.286035
      0.286034
      0.286035
      0.286036
      0.286037
      0.286039
      0.286041
      0.286043
      0.286046
      0.286049
      0.286052
      0.286055
      0.286058
       0.28606
      0.286063
      0.286065
      0.286068
      0.286069
      0.286071
      0.286073
      0.286074
      0.286075
      0.286076
      0.286076
      0.286076
       0.29843
       0.29843
       0.29843
       0.29843
      0.298429
      0.298428
      0.298427
      0.298426
      0.298424
      0.298422
      0.298421
      0.298419
      0.298417
      0.298414
      0.298412
      0.298409
      0.298407
      0.298404
      0.298402
        0.2984
      0.298398
      0.298396
      0.298395
      0.298394
      0.298393
      0.298393
      0.298393
      0.298394
      0.298395
      0.298396
      0.298398
        0.2984
      0.298402
      0.298404
      0.298407
      0.298409
      0.298411
      0.298414
      0.298416
      0.298418
       0.29842
      0.298421
      0.298423
      0.298424
      0.298425
      0.298426
      0.298426
      0.298427
      0.298427
      0.311371
      0.311371
      0.311371
       0.31137
       0.31137
      0.311369
      0.311368
      0.311367
      0.311366
      0.311365
      0.311363
      0.311361
       0.31136
      0.311358
      0.311356
      0.311354
      0.311352
       0.31135
      0.311348
      0.311346
      0.311345
      0.311343
      0.311342
      0.311341
      0.311341
      0.311341
      0.311341
      0.311341
      0.311342
      0.311343
      0.311345
      0.311346
      0.311348
       0.31135
      0.311352
      0.311353
      0.311355
      0.311357
      0.311359
      0.311361
      0.311362
      0.311363
      0.311365
      0.311366
      0.311367
      0.311367
      0.311368
      0.311368
      0.311368
      0.324878
      0.324878
      0.324877
      0.324877
      0.324877
      0.324876
      0.324875
      0.324874
      0.324873
      0.324872
      0.324871
       0.32487
      0.324868
      0.324867
      0.324865
      0.324864
      0.324862
      0.324861
      0.324859
      0.324858
      0.324856
      0.324855
      0.324854
      0.324854
      0.324853
      0.324853
      0.324853
      0.324854
      0.324854
      0.324855
      0.324856
      0.324858
      0.324859
       0.32486
      0.324862
      0.324863
      0.324865
      0.324866
      0.324868
      0.324869
       0.32487
      0.324871
      0.324872
      0.324873
      0.324874
      0.324874
      0.324875
      0.324875
      0.324875
      0.338925
      0.338924
      0.338924
      0.338924
      0.338924
      0.338923
      0.338923
      0.338922
      0.338921
       0.33892
      0.338919
      0.338918
      0.338917
      0.338916
      0.338915
      0.338914
      0.338913
      0.338911
       0.33891
      0.338909
      0.338908
      0.338907
      0.338907
      0.338906
      0.338906
      0.338906
      0.338906
      0.338906
      0.338907
      0.338907
      0.338908
      0.338909
       0.33891
      0.338911
      0.338912
      0.338913
      0.338915
      0.338916
      0.338917
      0.338918
      0.338919
       0.33892
       0.33892
      0.338921
      0.338922
      0.338922
      0.338922
      0.338922
      0.338923
      0.353486
      0.353486
      0.353486
      0.353486
      0.353486
      0.353485
      0.353485
      0.353484
      0.353484
      0.353483
      0.353482
      0.353482
      0.353481
       0.35348
      0.353479
      0.353478
      0.353477
      0.353477
      0.353476
      0.353475
      0.353474
      0.353474
      0.353473
      0.353473
      0.353473
      0.353473
      0.353473
      0.353473
      0.353473
      0.353474
      0.353474
      0.353475
      0.353476
      0.353476
      0.353477
      0.353478
      0.353479
       0.35348
      0.353481
      0.353481
      0.353482
      0.353483
      0.353483
      0.353484
      0.353484
      0.353484
      0.353485
      0.353485
      0.353485
      0.368537
      0.368537
      0.368537
      0.368536
      0.368536
      0.368536
      0.368536
      0.368535
      0.368535
      0.368535
      0.368534
      0.368534
      0.368533
      0.368533
      0.368532
      0.368531
      0.368531
       0.36853
       0.36853
      0.368529
      0.368529
      0.368529
      0.368528
      0.368528
      0.368528
      0.368528
      0.368528
      0.368528
      0.368528
      0.368528
      0.368529
      0.368529
       0.36853
       0.36853
      0.368531
      0.368531
      0.368532
      0.368532
      0.368533
      0.368533
      0.368534
      0.368534
      0.368535
      0.368535
      0.368535
      0.368535
      0.368536
      0.368536
      0.368536
       0.38405
       0.38405
       0.38405
       0.38405
       0.38405
       0.38405
      0.384049
      0.384049
      0.384049
      0.384049
      0.384049
      0.384048
      0.384048
      0.384048
      0.384048
      0.384047
      0.384047
      0.384047
      0.384047
      0.384046
      0.384046
      0.384046
      0.384046
      0.384046
      0.384046
      0.384046
      0.384046
      0.384046
      0.384046
      0.384046
      0.384046
      0.384046
      0.384046
      0.384047
      0.384047
      0.384047
      0.384048
      0.384048
      0.384048
      0.384048
      0.384049
      0.384049
      0.384049
      0.384049
      0.384049
      0.384049
      0.384049
      0.384049
      0.384049
           0.4
           0.4
           0.4
           0.4
           0.4
           0.4
           0.4
           0.4
           0.4
           0.4
           0.4
           0.4
           0.4
           0.4
           0.4
           0.4
           0.4
           0.4
           0.4
           0.4
           0.4
           0.4
           0.4
           0.4
           0.4
           0.4
           0.4
           0.4
           0.4
           0.4
           0.4
           0.4
           0.4
           0.4
           0.4
           0.4
           0.4
           0.4
           0.4
           0.4
           0.4
           0.4
           0.4
           0.4
           0.4
           0.4
           0.4
           0.4
           0.4
