           0.4
           0.4
           0.4
           0.4
           0.4
           0.4
           0.4
           0.4
           0.4
           0.4
           0.4
           0.4
           0.4
           0.4
           0.4
           0.4
           0.4
           0.4
           0.4
           0.4
           0.4
           0.4
           0.4
           0.4
           0.4
           0.4
           0.4
           0.4
           0.4
           0.4
           0.4
           0.4
           0.4
           0.4
           0.4
           0.4
           0.4
           0.4
           0.4
           0.4
           0.4
           0.4
           0.4
           0.4
           0.4
           0.4
           0.4
           0.4
           0.4
       0.38844
       0.38844
       0.38844
      0.388439
      0.388439
      0.388438
      0.388437
      0.388436
      0.388434
      0.388433
      0.388431
      0.388429
      0.388427
      0.388425
      0.388423
      0.388421
      0.388419
      0.388417
      0.388415
      0.388413
      0.388411
      0.388409
      0.388408
      0.388407
      0.388407
      0.388406
      0.388407
      0.388407
      0.388408
      0.388409
       0.38841
      0.388412
      0.388414
      0.388416
      0.388418
       0.38842
      0.388422
      0.388424
      0.388426
      0.388428
      0.388429
      0.388431
      0.388432
      0.388433
      0.388434
      0.388435
      0.388436
      0.388436
      0.388436
      0.377298
      0.377298
      0.377297
      0.377296
      0.377295
      0.377293
      0.377291
      0.377289
      0.377286
      0.377283
       0.37728
      0.377276
      0.377272
      0.377268
      0.377264
      0.377259
      0.377255
       0.37725
      0.377246
      0.377242
      0.377239
      0.377236
      0.377233
      0.377231
       0.37723
       0.37723
       0.37723
      0.377231
      0.377232
      0.377235
      0.377238
      0.377241
      0.377245
      0.377249
      0.377253
      0.377257
      0.377261
      0.377265
      0.377269
      0.377273
      0.377276
      0.377279
      0.377282
      0.377285
      0.377286
      0.377288
      0.377289
       0.37729
       0.37729
      0.366581
       0.36658
      0.366579
      0.366578
      0.366576
      0.366573
       0.36657
      0.366567
      0.366563
      0.366558
      0.366553
      0.366547
      0.366541
      0.366535
      0.366528
      0.366521
      0.366514
      0.366508
      0.366501
      0.366495
       0.36649
      0.366485
      0.366481
      0.366478
      0.366476
      0.366475
      0.366476
      0.366477
       0.36648
      0.366483
      0.366488
      0.366493
      0.366499
      0.366505
      0.366511
      0.366518
      0.366524
      0.366531
      0.366537
      0.366542
      0.366547
      0.366552
      0.366556
       0.36656
      0.366563
      0.366565
      0.366567
      0.366568
      0.366568
      0.356295
      0.356294
      0.356293
      0.356291
      0.356288
      0.356285
      0.356281
      0.356276
       0.35627
      0.356264
      0.356257
      0.356249
      0.356241
      0.356232
      0.356223
      0.356214
      0.356204
      0.356195
      0.356186
      0.356178
       0.35617
      0.356163
      0.356158
      0.356154
      0.356151
       0.35615
       0.35615
      0.356152
      0.356156
      0.356161
      0.356167
      0.356174
      0.356182
      0.356191
        0.3562
      0.356209
      0.356218
      0.356227
      0.356235
      0.356243
       0.35625
      0.356256
      0.356262
      0.356267
      0.356271
      0.356274
      0.356276
      0.356278
      0.356278
      0.346448
      0.346447
      0.346446
      0.346443
       0.34644
      0.346435
       0.34643
      0.346424
      0.346417
      0.346408
      0.346399
      0.346389
      0.346379
      0.346367
      0.346355
      0.346343
      0.346331
      0.346319
      0.346307
      0.346296
      0.346286
      0.346277
       0.34627
      0.346264
      0.346261
      0.346259
       0.34626
      0.346263
      0.346268
      0.346274
      0.346283
      0.346292
      0.346303
      0.346314
      0.346326
      0.346337
      0.346349
       0.34636
      0.346371
      0.346381
      0.346391
      0.346399
      0.346406
      0.346412
      0.346418
      0.346422
      0.346425
      0.346426
      0.346427
      0.337047
      0.337047
      0.337045
      0.337042
      0.337038
      0.337032
      0.337026
      0.337018
      0.337009
      0.336999
      0.336987
      0.336975
      0.336962
      0.336948
      0.336933
      0.336917
      0.336902
      0.336886
      0.336872
      0.336857
      0.336844
      0.336833
      0.336824
      0.336817
      0.336812
       0.33681
      0.336811
      0.336815
      0.336821
       0.33683
       0.33684
      0.336852
      0.336866
       0.33688
      0.336895
       0.33691
      0.336925
      0.336939
      0.336953
      0.336965
      0.336977
      0.336987
      0.336996
      0.337004
      0.337011
      0.337016
      0.337019
      0.337021
      0.337022
      0.328101
        0.3281
      0.328098
      0.328094
      0.328089
      0.328083
      0.328075
      0.328066
      0.328055
      0.328043
      0.328029
      0.328014
      0.327998
       0.32798
      0.327962
      0.327943
      0.327924
      0.327905
      0.327886
      0.327868
      0.327852
      0.327838
      0.327826
      0.327817
      0.327811
      0.327809
       0.32781
      0.327815
      0.327823
      0.327833
      0.327847
      0.327862
      0.327879
      0.327897
      0.327916
      0.327935
      0.327953
       0.32797
      0.327987
      0.328002
      0.328016
      0.328029
       0.32804
       0.32805
      0.328057
      0.328063
      0.328068
       0.32807
      0.328071
      0.319616
      0.319615
      0.319613
      0.319608
      0.319602
      0.319595
      0.319586
      0.319575
      0.319562
      0.319547
      0.319531
      0.319513
      0.319494
      0.319473
      0.319451
      0.319428
      0.319404
      0.319381
      0.319357
      0.319335
      0.319315
      0.319297
      0.319282
      0.319271
      0.319264
      0.319261
      0.319262
      0.319268
      0.319278
      0.319292
      0.319309
      0.319328
       0.31935
      0.319372
      0.319395
      0.319418
       0.31944
      0.319461
      0.319481
        0.3195
      0.319517
      0.319532
      0.319545
      0.319556
      0.319565
      0.319572
      0.319578
      0.319581
      0.319582
        0.3116
      0.311599
      0.311596
      0.311591
      0.311585
      0.311576
      0.311565
      0.311552
      0.311537
       0.31152
      0.311501
       0.31148
      0.311457
      0.311432
      0.311406
      0.311378
       0.31135
      0.311321
      0.311293
      0.311265
       0.31124
      0.311218
      0.311199
      0.311185
      0.311176
      0.311172
      0.311174
      0.311182
      0.311194
      0.311212
      0.311233
      0.311257
      0.311283
      0.311311
      0.311339
      0.311366
      0.311393
      0.311419
      0.311443
      0.311465
      0.311485
      0.311503
      0.311518
      0.311531
      0.311542
      0.311551
      0.311556
       0.31156
      0.311561
      0.304061
       0.30406
      0.304057
      0.304051
      0.304043
      0.304033
      0.304021
      0.304006
      0.303989
      0.303969
      0.303947
      0.303922
      0.303895
      0.303866
      0.303835
      0.303801
      0.303767
      0.303732
      0.303698
      0.303665
      0.303633
      0.303605
      0.303582
      0.303564
      0.303553
      0.303548
      0.303551
       0.30356
      0.303576
      0.303598
      0.303625
      0.303655
      0.303687
      0.303721
      0.303755
      0.303788
      0.303821
      0.303851
       0.30388
      0.303906
      0.303929
       0.30395
      0.303968
      0.303983
      0.303995
      0.304005
      0.304012
      0.304016
      0.304017
      0.297006
      0.297005
      0.297001
      0.296995
      0.296986
      0.296975
      0.296961
      0.296944
      0.296924
      0.296901
      0.296876
      0.296847
      0.296816
      0.296781
      0.296744
      0.296705
      0.296664
      0.296622
       0.29658
      0.296539
      0.296501
      0.296466
      0.296437
      0.296414
      0.296399
      0.296394
      0.296397
      0.296409
       0.29643
      0.296457
       0.29649
      0.296528
      0.296568
      0.296609
       0.29665
       0.29669
      0.296729
      0.296765
      0.296798
      0.296829
      0.296856
       0.29688
      0.296901
      0.296918
      0.296932
      0.296943
      0.296951
      0.296956
      0.296957
      0.290441
       0.29044
      0.290436
      0.290429
      0.290419
      0.290407
      0.290391
      0.290372
       0.29035
      0.290324
      0.290295
      0.290262
      0.290225
      0.290185
      0.290142
      0.290096
      0.290047
      0.289997
      0.289946
      0.289895
      0.289848
      0.289804
      0.289767
      0.289739
       0.28972
      0.289713
      0.289717
      0.289733
      0.289759
      0.289794
      0.289836
      0.289882
      0.289931
      0.289981
      0.290031
      0.290079
      0.290125
      0.290167
      0.290206
      0.290241
      0.290273
        0.2903
      0.290324
      0.290344
       0.29036
      0.290372
      0.290381
      0.290386
      0.290388
      0.284375
      0.284373
      0.284369
      0.284361
       0.28435
      0.284336
      0.284318
      0.284297
      0.284272
      0.284243
       0.28421
      0.284173
      0.284131
      0.284085
      0.284035
       0.28398
      0.283922
      0.283862
        0.2838
      0.283739
       0.28368
      0.283625
      0.283578
      0.283542
      0.283518
      0.283509
      0.283514
      0.283535
      0.283568
      0.283613
      0.283665
      0.283723
      0.283784
      0.283845
      0.283904
      0.283962
      0.284015
      0.284065
       0.28411
      0.284151
      0.284187
      0.284218
      0.284245
      0.284267
      0.284285
      0.284299
      0.284309
      0.284315
      0.284317
      0.278812
      0.278811
      0.278806
      0.278797
      0.278785
       0.27877
       0.27875
      0.278727
      0.278699
      0.278667
       0.27863
      0.278587
       0.27854
      0.278487
      0.278429
      0.278365
      0.278297
      0.278225
       0.27815
      0.278075
      0.278001
      0.277933
      0.277873
      0.277826
      0.277795
      0.277783
      0.277791
      0.277817
      0.277861
      0.277918
      0.277985
      0.278057
      0.278131
      0.278205
      0.278277
      0.278345
      0.278408
      0.278465
      0.278517
      0.278563
      0.278604
      0.278639
      0.278669
      0.278694
      0.278715
       0.27873
      0.278741
      0.278747
       0.27875
       0.27376
      0.273758
      0.273753
      0.273744
      0.273731
      0.273714
      0.273692
      0.273666
      0.273636
        0.2736
      0.273559
      0.273511
      0.273458
      0.273398
      0.273331
      0.273257
      0.273177
      0.273092
      0.273002
       0.27291
      0.272818
      0.272731
      0.272654
      0.272592
      0.272551
      0.272535
      0.272545
      0.272581
      0.272639
      0.272713
      0.272798
      0.272889
      0.272981
       0.27307
      0.273156
      0.273235
      0.273308
      0.273375
      0.273434
      0.273486
      0.273532
      0.273571
      0.273604
      0.273632
      0.273654
      0.273671
      0.273683
       0.27369
      0.273693
      0.269224
      0.269222
      0.269216
      0.269206
      0.269192
      0.269173
       0.26915
      0.269122
      0.269089
       0.26905
      0.269004
      0.268951
      0.268892
      0.268824
      0.268748
      0.268663
       0.26857
      0.268469
      0.268361
      0.268248
      0.268134
      0.268023
      0.267922
       0.26784
      0.267785
      0.267762
      0.267777
      0.267826
      0.267904
      0.268002
      0.268111
      0.268225
      0.268337
      0.268446
      0.268547
       0.26864
      0.268724
      0.268799
      0.268866
      0.268925
      0.268976
      0.269019
      0.269056
      0.269086
       0.26911
      0.269129
      0.269142
      0.269149
      0.269152
      0.265208
      0.265206
        0.2652
      0.265189
      0.265174
      0.265154
       0.26513
      0.265099
      0.265063
      0.265021
      0.264971
      0.264913
      0.264847
      0.264771
      0.264686
      0.264589
      0.264482
      0.264364
      0.264235
      0.264097
      0.263954
      0.263812
      0.263679
      0.263567
      0.263489
      0.263457
      0.263479
      0.263548
      0.263655
      0.263786
      0.263928
      0.264071
      0.264209
      0.264338
      0.264457
      0.264565
      0.264661
      0.264746
       0.26482
      0.264885
      0.264941
      0.264989
      0.265029
      0.265061
      0.265088
      0.265108
      0.265122
       0.26513
      0.265133
      0.261718
      0.261716
       0.26171
      0.261698
      0.261683
      0.261662
      0.261635
      0.261603
      0.261564
      0.261518
      0.261464
      0.261402
      0.261329
      0.261246
      0.261151
      0.261042
       0.26092
      0.260782
       0.26063
      0.260463
      0.260285
      0.260103
      0.259924
      0.259769
      0.259656
      0.259607
      0.259642
      0.259743
      0.259893
      0.260071
      0.260254
      0.260435
      0.260602
      0.260756
      0.260894
      0.261017
      0.261125
       0.26122
      0.261302
      0.261373
      0.261434
      0.261485
      0.261528
      0.261563
      0.261592
      0.261613
      0.261628
      0.261637
       0.26164
      0.258759
      0.258756
      0.258749
      0.258738
      0.258721
      0.258699
      0.258671
      0.258637
      0.258596
      0.258547
      0.258489
      0.258422
      0.258344
      0.258253
      0.258148
      0.258028
       0.25789
      0.257733
      0.257555
      0.257356
      0.257136
      0.256901
      0.256661
      0.256438
      0.256263
      0.256185
       0.25624
      0.256399
      0.256619
      0.256863
      0.257103
      0.257326
      0.257528
      0.257707
      0.257865
      0.258003
      0.258123
      0.258227
      0.258316
      0.258393
      0.258458
      0.258513
      0.258559
      0.258596
      0.258626
      0.258649
      0.258664
      0.258674
      0.258677
      0.256332
       0.25633
      0.256323
       0.25631
      0.256293
       0.25627
      0.256241
      0.256205
      0.256162
      0.256111
       0.25605
      0.255979
      0.255895
      0.255798
      0.255684
      0.255553
        0.2554
      0.255223
      0.255019
      0.254784
      0.254517
       0.25422
      0.253893
       0.25357
      0.253283
      0.253139
      0.253245
      0.253508
      0.253834
      0.254176
      0.254484
      0.254757
      0.254995
        0.2552
      0.255377
      0.255529
       0.25566
      0.255772
      0.255868
      0.255949
      0.256019
      0.256077
      0.256125
      0.256164
      0.256195
      0.256218
      0.256235
      0.256245
      0.256248
      0.254442
       0.25444
      0.254432
       0.25442
      0.254402
      0.254378
      0.254348
      0.254311
      0.254266
      0.254213
       0.25415
      0.254075
      0.253987
      0.253884
      0.253764
      0.253622
      0.253456
      0.253261
      0.253032
      0.252763
      0.252448
       0.25208
      0.251656
      0.251176
      0.250681
      0.250354
      0.250556
      0.251066
      0.251583
      0.252038
      0.252422
      0.252744
      0.253015
      0.253244
      0.253437
      0.253601
      0.253741
       0.25386
      0.253961
      0.254046
      0.254118
      0.254179
      0.254229
      0.254269
      0.254301
      0.254326
      0.254343
      0.254353
      0.254356
      0.253091
      0.253088
      0.253081
      0.253068
       0.25305
      0.253025
      0.252995
      0.252957
      0.252911
      0.252856
      0.252791
      0.252714
      0.252624
      0.252516
       0.25239
      0.252241
      0.252065
      0.251856
      0.251606
      0.251306
      0.250945
      0.250509
      0.249983
      0.249306
      0.248418
      0.247549
      0.248066
      0.249131
       0.24991
      0.250487
      0.250942
      0.251304
      0.251601
      0.251846
      0.252052
      0.252224
       0.25237
      0.252493
      0.252598
      0.252686
       0.25276
      0.252822
      0.252873
      0.252915
      0.252948
      0.252972
       0.25299
         0.253
      0.253003
      0.252279
      0.252277
      0.252269
      0.252256
      0.252238
      0.252213
      0.252183
      0.252144
      0.252098
      0.252043
      0.251977
      0.251898
      0.251806
      0.251697
      0.251568
      0.251414
      0.251231
      0.251012
      0.250748
      0.250425
      0.250029
      0.249537
      0.248924
      0.248149
      0.247195
      0.246132
      0.246533
      0.247991
      0.248923
      0.249575
      0.250066
       0.25045
       0.25076
      0.251014
      0.251225
      0.251402
       0.25155
      0.251676
      0.251782
      0.251871
      0.251946
      0.252009
       0.25206
      0.252102
      0.252135
       0.25216
      0.252178
      0.252188
      0.252192
       0.25201
      0.252007
      0.251999
      0.251986
      0.251968
      0.251944
      0.251913
      0.251875
      0.251829
      0.251773
      0.251707
      0.251629
      0.251536
      0.251427
      0.251297
      0.251143
      0.250959
      0.250737
      0.250468
      0.250134
      0.249718
      0.249191
      0.248524
      0.247666
      0.246576
      0.246005
      0.246708
      0.247884
      0.248729
      0.249341
      0.249818
      0.250193
        0.2505
      0.250751
       0.25096
      0.251135
      0.251283
      0.251408
      0.251514
      0.251603
      0.251677
       0.25174
      0.251791
      0.251833
      0.251866
      0.251891
      0.251908
      0.251919
      0.251922
      0.252281
      0.252279
      0.252271
      0.252258
       0.25224
      0.252216
      0.252186
      0.252148
      0.252102
      0.252048
      0.251983
      0.251906
      0.251815
      0.251707
       0.25158
      0.251428
      0.251248
       0.25103
      0.250766
      0.250438
      0.250024
      0.249481
      0.248771
      0.247894
      0.246925
      0.247351
      0.247915
      0.248616
      0.249241
      0.249758
      0.250181
      0.250528
      0.250815
      0.251055
      0.251256
      0.251425
      0.251569
      0.251691
      0.251794
      0.251881
      0.251954
      0.252015
      0.252066
      0.252107
       0.25214
      0.252164
      0.252181
      0.252191
      0.252195
      0.253094
      0.253092
      0.253084
      0.253072
      0.253054
      0.253031
      0.253001
      0.252964
       0.25292
      0.252866
      0.252803
      0.252728
       0.25264
      0.252537
      0.252414
      0.252269
      0.252098
      0.251892
      0.251643
      0.251338
      0.250959
      0.250425
      0.249648
      0.248662
      0.248608
      0.249039
      0.249481
      0.249929
      0.250372
      0.250785
       0.25114
      0.251445
      0.251703
      0.251923
      0.252111
       0.25227
      0.252406
      0.252522
      0.252621
      0.252705
      0.252776
      0.252835
      0.252884
      0.252924
      0.252956
      0.252979
      0.252996
      0.253006
      0.253009
      0.254447
      0.254445
      0.254438
      0.254426
      0.254408
      0.254386
      0.254357
      0.254321
      0.254279
      0.254228
      0.254167
      0.254096
      0.254012
      0.253914
      0.253798
      0.253663
      0.253503
      0.253315
      0.253091
      0.252822
      0.252495
      0.252091
      0.251611
      0.251159
      0.251044
      0.251192
      0.251446
       0.25175
      0.252071
      0.252385
      0.252672
      0.252928
      0.253153
      0.253349
      0.253519
      0.253666
      0.253792
      0.253901
      0.253994
      0.254073
      0.254141
      0.254197
      0.254244
      0.254283
      0.254313
      0.254336
      0.254352
      0.254362
      0.254365
      0.256339
      0.256337
       0.25633
      0.256318
      0.256302
       0.25628
      0.256252
      0.256219
      0.256178
      0.256129
      0.256072
      0.256005
      0.255927
      0.255835
      0.255729
      0.255605
      0.255461
      0.255293
      0.255098
      0.254871
      0.254607
      0.254317
      0.254009
      0.253767
       0.25368
      0.253719
      0.253858
      0.254061
      0.254289
      0.254526
      0.254752
      0.254964
      0.255155
      0.255326
      0.255476
      0.255608
      0.255724
      0.255823
       0.25591
      0.255984
      0.256047
        0.2561
      0.256145
      0.256181
       0.25621
      0.256232
      0.256247
      0.256256
      0.256259
      0.258767
      0.258765
      0.258758
      0.258747
      0.258731
      0.258711
      0.258685
      0.258653
      0.258615
      0.258569
      0.258516
      0.258453
      0.258381
      0.258297
        0.2582
      0.258089
      0.257962
      0.257817
      0.257652
      0.257467
      0.257264
      0.257054
      0.256852
      0.256697
      0.256626
      0.256636
      0.256718
      0.256851
      0.257014
      0.257191
      0.257368
      0.257539
      0.257699
      0.257844
      0.257975
      0.258092
      0.258196
      0.258286
      0.258365
      0.258433
      0.258492
      0.258541
      0.258583
      0.258617
      0.258644
      0.258664
      0.258679
      0.258687
       0.25869
      0.261728
      0.261726
       0.26172
      0.261709
      0.261695
      0.261675
      0.261651
      0.261621
      0.261585
      0.261543
      0.261494
      0.261437
      0.261371
      0.261295
      0.261209
      0.261111
         0.261
      0.260876
      0.260739
      0.260591
      0.260435
      0.260281
      0.260142
      0.260036
      0.259982
       0.25998
       0.26003
       0.26012
      0.260236
      0.260368
      0.260506
      0.260644
      0.260775
      0.260898
       0.26101
      0.261112
      0.261204
      0.261285
      0.261356
      0.261418
      0.261471
      0.261517
      0.261555
      0.261586
      0.261612
      0.261631
      0.261644
      0.261652
      0.261655
      0.265218
      0.265217
      0.265211
      0.265201
      0.265187
      0.265169
      0.265147
      0.265119
      0.265086
      0.265048
      0.265003
      0.264951
      0.264892
      0.264824
      0.264748
      0.264662
      0.264567
      0.264463
      0.264351
      0.264233
      0.264113
      0.263998
      0.263897
      0.263821
      0.263779
      0.263775
      0.263806
      0.263868
      0.263953
      0.264052
      0.264159
      0.264269
      0.264376
      0.264479
      0.264575
      0.264663
      0.264742
      0.264814
      0.264877
      0.264933
      0.264981
      0.265023
      0.265058
      0.265087
       0.26511
      0.265127
       0.26514
      0.265147
       0.26515
      0.269235
      0.269233
      0.269228
      0.269219
      0.269206
      0.269189
      0.269169
      0.269143
      0.269113
      0.269078
      0.269038
      0.268991
      0.268938
      0.268879
      0.268812
      0.268738
      0.268658
      0.268571
      0.268479
      0.268385
      0.268291
      0.268204
       0.26813
      0.268073
      0.268042
      0.268036
      0.268057
        0.2681
      0.268163
      0.268238
      0.268321
      0.268409
      0.268496
      0.268581
      0.268662
      0.268737
      0.268806
      0.268869
      0.268924
      0.268974
      0.269017
      0.269055
      0.269086
      0.269112
      0.269134
       0.26915
      0.269161
      0.269168
       0.26917
      0.273772
       0.27377
      0.273765
      0.273757
      0.273745
       0.27373
      0.273711
      0.273688
      0.273661
       0.27363
      0.273593
      0.273552
      0.273505
      0.273453
      0.273396
      0.273333
      0.273265
      0.273193
      0.273118
      0.273042
      0.272969
      0.272902
      0.272845
      0.272802
      0.272778
      0.272772
      0.272786
      0.272818
      0.272865
      0.272922
      0.272988
      0.273057
      0.273128
      0.273199
      0.273266
       0.27333
      0.273389
      0.273443
      0.273492
      0.273536
      0.273574
      0.273607
      0.273636
      0.273659
      0.273678
      0.273693
      0.273703
       0.27371
      0.273712
      0.278824
      0.278823
      0.278818
      0.278811
        0.2788
      0.278787
       0.27877
      0.278749
      0.278725
      0.278697
      0.278664
      0.278628
      0.278587
      0.278542
      0.278492
      0.278439
      0.278382
      0.278322
      0.278261
      0.278201
      0.278143
       0.27809
      0.278046
      0.278013
      0.277994
      0.277989
      0.277999
      0.278023
      0.278058
      0.278103
      0.278154
       0.27821
      0.278267
      0.278325
      0.278381
      0.278435
      0.278485
      0.278532
      0.278574
      0.278612
      0.278646
      0.278676
      0.278701
      0.278722
      0.278739
      0.278752
      0.278761
      0.278767
      0.278769
      0.284387
      0.284385
      0.284381
      0.284375
      0.284365
      0.284353
      0.284338
      0.284319
      0.284298
      0.284273
      0.284245
      0.284213
      0.284177
      0.284138
      0.284096
      0.284051
      0.284003
      0.283954
      0.283904
      0.283855
      0.283809
      0.283768
      0.283734
      0.283708
      0.283693
      0.283688
      0.283696
      0.283713
       0.28374
      0.283775
      0.283816
       0.28386
      0.283907
      0.283954
      0.284001
      0.284046
      0.284089
      0.284128
      0.284165
      0.284198
      0.284228
      0.284253
      0.284276
      0.284294
      0.284309
      0.284321
      0.284329
      0.284334
      0.284336
      0.290453
      0.290452
      0.290449
      0.290443
      0.290434
      0.290423
       0.29041
      0.290393
      0.290374
      0.290352
      0.290328
        0.2903
      0.290269
      0.290236
        0.2902
      0.290162
      0.290122
      0.290082
      0.290041
      0.290002
      0.289965
      0.289932
      0.289905
      0.289885
      0.289873
      0.289869
      0.289874
      0.289888
      0.289909
      0.289936
      0.289968
      0.290004
      0.290042
       0.29008
      0.290119
      0.290157
      0.290193
      0.290227
      0.290258
      0.290286
      0.290312
      0.290334
      0.290354
       0.29037
      0.290384
      0.290394
      0.290401
      0.290406
      0.290407
      0.297017
      0.297016
      0.297013
      0.297008
         0.297
      0.296991
      0.296979
      0.296964
      0.296948
      0.296929
      0.296907
      0.296883
      0.296857
      0.296829
      0.296799
      0.296767
      0.296734
        0.2967
      0.296667
      0.296635
      0.296606
       0.29658
      0.296558
      0.296542
      0.296532
      0.296529
      0.296533
      0.296543
       0.29656
      0.296581
      0.296607
      0.296635
      0.296666
      0.296698
       0.29673
      0.296761
      0.296791
       0.29682
      0.296847
      0.296871
      0.296893
      0.296912
      0.296929
      0.296943
      0.296955
      0.296964
       0.29697
      0.296974
      0.296976
      0.304072
      0.304071
      0.304068
      0.304064
      0.304057
      0.304049
      0.304038
      0.304026
      0.304011
      0.303995
      0.303976
      0.303956
      0.303934
       0.30391
      0.303884
      0.303858
       0.30383
      0.303803
      0.303776
       0.30375
      0.303726
      0.303705
      0.303688
      0.303675
      0.303668
      0.303665
      0.303668
      0.303676
      0.303689
      0.303706
      0.303726
      0.303749
      0.303774
        0.3038
      0.303826
      0.303852
      0.303877
      0.303901
      0.303924
      0.303945
      0.303963
       0.30398
      0.303994
      0.304007
      0.304017
      0.304025
       0.30403
      0.304034
      0.304035
      0.311611
       0.31161
      0.311607
      0.311603
      0.311598
       0.31159
      0.311581
       0.31157
      0.311558
      0.311544
      0.311528
      0.311511
      0.311492
      0.311472
      0.311451
      0.311429
      0.311406
      0.311383
      0.311361
      0.311341
      0.311321
      0.311305
      0.311291
      0.311281
      0.311275
      0.311272
      0.311275
      0.311281
      0.311291
      0.311304
      0.311321
      0.311339
      0.311359
       0.31138
      0.311402
      0.311423
      0.311444
      0.311464
      0.311483
        0.3115
      0.311516
      0.311531
      0.311543
      0.311553
      0.311562
      0.311569
      0.311574
      0.311576
      0.311577
      0.319625
      0.319625
      0.319623
      0.319619
      0.319614
      0.319608
        0.3196
      0.319591
      0.319581
      0.319569
      0.319555
      0.319541
      0.319525
      0.319508
      0.319491
      0.319472
      0.319454
      0.319435
      0.319418
      0.319401
      0.319385
      0.319372
      0.319361
      0.319353
      0.319348
      0.319346
      0.319348
      0.319353
      0.319361
      0.319371
      0.319384
      0.319399
      0.319415
      0.319432
       0.31945
      0.319467
      0.319485
      0.319501
      0.319517
      0.319531
      0.319545
      0.319557
      0.319567
      0.319576
      0.319583
      0.319589
      0.319593
      0.319596
      0.319596
      0.328109
      0.328109
      0.328107
      0.328104
        0.3281
      0.328095
      0.328088
       0.32808
      0.328072
      0.328062
       0.32805
      0.328038
      0.328025
      0.328011
      0.327997
      0.327982
      0.327967
      0.327952
      0.327938
      0.327924
      0.327912
      0.327901
      0.327893
      0.327886
      0.327882
      0.327881
      0.327882
      0.327886
      0.327892
        0.3279
      0.327911
      0.327922
      0.327935
      0.327949
      0.327963
      0.327978
      0.327992
      0.328005
      0.328018
       0.32803
      0.328041
      0.328051
       0.32806
      0.328067
      0.328073
      0.328078
      0.328082
      0.328084
      0.328084
      0.337055
      0.337054
      0.337053
       0.33705
      0.337047
      0.337042
      0.337037
      0.337031
      0.337023
      0.337015
      0.337006
      0.336996
      0.336985
      0.336974
      0.336963
      0.336951
      0.336938
      0.336927
      0.336915
      0.336904
      0.336895
      0.336886
      0.336879
      0.336874
      0.336871
       0.33687
      0.336871
      0.336874
      0.336879
      0.336885
      0.336893
      0.336903
      0.336913
      0.336924
      0.336935
      0.336947
      0.336958
      0.336969
      0.336979
      0.336989
      0.336998
      0.337006
      0.337013
       0.33702
      0.337025
      0.337029
      0.337031
      0.337033
      0.337034
      0.346454
      0.346454
      0.346452
      0.346451
      0.346448
      0.346444
       0.34644
      0.346435
      0.346429
      0.346422
      0.346415
      0.346407
      0.346398
      0.346389
       0.34638
      0.346371
      0.346361
      0.346352
      0.346343
      0.346334
      0.346327
       0.34632
      0.346315
      0.346311
      0.346309
      0.346308
      0.346308
      0.346311
      0.346314
      0.346319
      0.346326
      0.346333
      0.346341
      0.346349
      0.346358
      0.346367
      0.346376
      0.346385
      0.346393
      0.346401
      0.346408
      0.346415
       0.34642
      0.346425
      0.346429
      0.346433
      0.346435
      0.346436
      0.346437
        0.3563
        0.3563
      0.356299
      0.356297
      0.356295
      0.356292
      0.356289
      0.356285
       0.35628
      0.356275
      0.356269
      0.356263
      0.356257
       0.35625
      0.356243
      0.356235
      0.356228
      0.356221
      0.356214
      0.356208
      0.356202
      0.356197
      0.356193
       0.35619
      0.356188
      0.356188
      0.356188
       0.35619
      0.356193
      0.356196
      0.356201
      0.356206
      0.356213
      0.356219
      0.356226
      0.356233
      0.356239
      0.356246
      0.356252
      0.356258
      0.356264
      0.356269
      0.356273
      0.356277
       0.35628
      0.356283
      0.356285
      0.356286
      0.356286
      0.366584
      0.366584
      0.366584
      0.366582
      0.366581
      0.366579
      0.366576
      0.366573
       0.36657
      0.366566
      0.366562
      0.366558
      0.366553
      0.366548
      0.366543
      0.366537
      0.366532
      0.366527
      0.366522
      0.366518
      0.366513
       0.36651
      0.366507
      0.366505
      0.366504
      0.366503
      0.366503
      0.366505
      0.366507
      0.366509
      0.366513
      0.366517
      0.366521
      0.366526
       0.36653
      0.366535
       0.36654
      0.366545
       0.36655
      0.366554
      0.366558
      0.366562
      0.366565
      0.366568
       0.36657
      0.366572
      0.366573
      0.366574
      0.366574
      0.377301
      0.377301
        0.3773
      0.377299
      0.377298
      0.377297
      0.377295
      0.377293
      0.377291
      0.377289
      0.377286
      0.377283
       0.37728
      0.377277
      0.377273
       0.37727
      0.377267
      0.377263
       0.37726
      0.377257
      0.377254
      0.377252
       0.37725
      0.377249
      0.377248
      0.377248
      0.377248
      0.377249
       0.37725
      0.377252
      0.377254
      0.377256
      0.377259
      0.377262
      0.377265
      0.377269
      0.377272
      0.377275
      0.377278
      0.377281
      0.377283
      0.377286
      0.377288
       0.37729
      0.377291
      0.377292
      0.377293
      0.377294
      0.377294
      0.388442
      0.388441
      0.388441
      0.388441
       0.38844
       0.38844
      0.388439
      0.388438
      0.388437
      0.388436
      0.388434
      0.388433
      0.388431
       0.38843
      0.388428
      0.388426
      0.388425
      0.388423
      0.388421
       0.38842
      0.388419
      0.388418
      0.388417
      0.388416
      0.388416
      0.388415
      0.388416
      0.388416
      0.388417
      0.388417
      0.388418
       0.38842
      0.388421
      0.388423
      0.388424
      0.388426
      0.388427
      0.388429
       0.38843
      0.388432
      0.388433
      0.388434
      0.388435
      0.388436
      0.388437
      0.388437
      0.388438
      0.388438
      0.388438
           0.4
           0.4
           0.4
           0.4
           0.4
           0.4
           0.4
           0.4
           0.4
           0.4
           0.4
           0.4
           0.4
           0.4
           0.4
           0.4
           0.4
           0.4
           0.4
           0.4
           0.4
           0.4
           0.4
           0.4
           0.4
           0.4
           0.4
           0.4
           0.4
           0.4
           0.4
           0.4
           0.4
           0.4
           0.4
           0.4
           0.4
           0.4
           0.4
           0.4
           0.4
           0.4
           0.4
           0.4
           0.4
           0.4
           0.4
           0.4
           0.4
