           0.4
           0.4
           0.4
           0.4
           0.4
           0.4
           0.4
           0.4
           0.4
           0.4
           0.4
           0.4
           0.4
           0.4
           0.4
           0.4
           0.4
           0.4
           0.4
           0.4
           0.4
           0.4
           0.4
           0.4
           0.4
           0.4
           0.4
           0.4
           0.4
           0.4
           0.4
           0.4
           0.4
           0.4
           0.4
           0.4
           0.4
           0.4
           0.4
           0.4
           0.4
           0.4
           0.4
           0.4
           0.4
           0.4
           0.4
           0.4
           0.4
       0.38958
       0.38958
      0.389579
      0.389578
      0.389576
      0.389574
      0.389572
      0.389569
      0.389566
      0.389562
      0.389559
      0.389554
       0.38955
      0.389545
      0.389541
      0.389536
      0.389531
      0.389526
      0.389522
      0.389518
      0.389515
      0.389512
      0.389509
      0.389507
      0.389507
      0.389506
      0.389507
      0.389508
       0.38951
      0.389513
      0.389516
       0.38952
      0.389524
      0.389528
      0.389532
      0.389537
      0.389541
      0.389546
       0.38955
      0.389554
      0.389558
      0.389561
      0.389564
      0.389566
      0.389568
       0.38957
      0.389571
      0.389572
      0.389572
      0.379572
      0.379572
       0.37957
      0.379568
      0.379565
      0.379561
      0.379556
      0.379551
      0.379544
      0.379537
      0.379529
      0.379521
      0.379512
      0.379503
      0.379493
      0.379483
      0.379474
      0.379464
      0.379456
      0.379447
       0.37944
      0.379434
      0.379429
      0.379426
      0.379424
      0.379423
      0.379425
      0.379427
      0.379431
      0.379437
      0.379443
      0.379451
      0.379459
      0.379468
      0.379477
      0.379486
      0.379495
      0.379504
      0.379512
       0.37952
      0.379527
      0.379534
       0.37954
      0.379545
      0.379549
      0.379552
      0.379555
      0.379556
      0.379557
      0.369979
      0.369978
      0.369976
      0.369973
      0.369968
      0.369962
      0.369955
      0.369947
      0.369937
      0.369926
      0.369914
      0.369901
      0.369887
      0.369873
      0.369858
      0.369844
      0.369829
      0.369814
      0.369801
      0.369788
      0.369777
      0.369768
       0.36976
      0.369755
      0.369752
      0.369751
      0.369753
      0.369757
      0.369763
      0.369772
      0.369782
      0.369793
      0.369806
       0.36982
      0.369833
      0.369848
      0.369861
      0.369875
      0.369888
        0.3699
      0.369911
      0.369922
       0.36993
      0.369938
      0.369944
      0.369949
      0.369953
      0.369955
      0.369956
      0.360803
      0.360802
      0.360799
      0.360795
      0.360788
       0.36078
       0.36077
      0.360759
      0.360745
      0.360731
      0.360714
      0.360697
      0.360678
      0.360658
      0.360638
      0.360618
      0.360597
      0.360577
      0.360559
      0.360541
      0.360526
      0.360513
      0.360502
      0.360495
       0.36049
       0.36049
      0.360492
      0.360498
      0.360507
      0.360518
      0.360533
      0.360549
      0.360566
      0.360585
      0.360604
      0.360624
      0.360643
      0.360661
      0.360679
      0.360696
      0.360711
      0.360725
      0.360737
      0.360748
      0.360756
      0.360763
      0.360768
      0.360771
      0.360772
      0.352046
      0.352045
      0.352041
      0.352035
      0.352027
      0.352017
      0.352004
       0.35199
      0.351972
      0.351953
      0.351932
       0.35191
      0.351886
       0.35186
      0.351834
      0.351807
      0.351781
      0.351755
       0.35173
      0.351707
      0.351687
      0.351669
      0.351655
      0.351646
       0.35164
      0.351639
      0.351642
       0.35165
      0.351662
      0.351677
      0.351696
      0.351717
       0.35174
      0.351765
       0.35179
      0.351816
      0.351841
      0.351865
      0.351888
      0.351909
      0.351929
      0.351947
      0.351963
      0.351976
      0.351987
      0.351996
      0.352002
      0.352006
      0.352007
      0.343711
      0.343709
      0.343705
      0.343698
      0.343688
      0.343675
       0.34366
      0.343641
       0.34362
      0.343597
      0.343571
      0.343542
      0.343512
       0.34348
      0.343447
      0.343414
       0.34338
      0.343347
      0.343316
      0.343287
      0.343261
      0.343238
      0.343221
      0.343208
      0.343201
        0.3432
      0.343204
      0.343214
      0.343229
      0.343249
      0.343273
      0.343301
       0.34333
      0.343361
      0.343393
      0.343425
      0.343457
      0.343487
      0.343516
      0.343543
      0.343568
       0.34359
      0.343609
      0.343626
      0.343639
       0.34365
      0.343658
      0.343662
      0.343664
      0.335801
      0.335799
      0.335794
      0.335785
      0.335773
      0.335758
      0.335739
      0.335717
      0.335692
      0.335663
      0.335632
      0.335598
      0.335561
      0.335522
      0.335481
       0.33544
      0.335398
      0.335357
      0.335318
      0.335281
      0.335248
       0.33522
      0.335198
      0.335182
      0.335173
      0.335172
      0.335177
       0.33519
       0.33521
      0.335235
      0.335265
        0.3353
      0.335337
      0.335375
      0.335415
      0.335455
      0.335494
      0.335531
      0.335567
      0.335599
      0.335629
      0.335656
       0.33568
        0.3357
      0.335716
      0.335729
      0.335738
      0.335744
      0.335746
      0.328318
      0.328316
       0.32831
        0.3283
      0.328286
      0.328268
      0.328246
       0.32822
       0.32819
      0.328156
      0.328119
      0.328077
      0.328033
      0.327986
      0.327937
      0.327887
      0.327836
      0.327785
      0.327737
      0.327692
      0.327651
      0.327616
      0.327588
      0.327568
      0.327557
      0.327555
      0.327562
      0.327579
      0.327603
      0.327635
      0.327673
      0.327716
      0.327761
       0.32781
      0.327858
      0.327907
      0.327954
         0.328
      0.328042
      0.328082
      0.328117
      0.328149
      0.328177
      0.328201
      0.328221
      0.328236
      0.328247
      0.328253
      0.328255
      0.321267
      0.321265
      0.321258
      0.321247
       0.32123
       0.32121
      0.321184
      0.321153
      0.321118
      0.321078
      0.321034
      0.320985
      0.320933
      0.320877
      0.320818
      0.320757
      0.320695
      0.320634
      0.320574
      0.320519
      0.320468
      0.320425
       0.32039
      0.320365
      0.320351
      0.320349
      0.320359
      0.320379
       0.32041
       0.32045
      0.320497
       0.32055
      0.320606
      0.320665
      0.320725
      0.320784
      0.320841
      0.320895
      0.320946
      0.320992
      0.321035
      0.321072
      0.321105
      0.321133
      0.321156
      0.321174
      0.321186
      0.321194
      0.321196
      0.314651
      0.314648
       0.31464
      0.314627
      0.314609
      0.314585
      0.314555
       0.31452
      0.314479
      0.314433
      0.314381
      0.314324
      0.314262
      0.314196
      0.314126
      0.314053
      0.313978
      0.313904
      0.313832
      0.313763
      0.313701
      0.313647
      0.313604
      0.313573
      0.313556
      0.313553
      0.313566
      0.313592
       0.31363
       0.31368
      0.313739
      0.313804
      0.313873
      0.313945
      0.314017
      0.314087
      0.314155
       0.31422
       0.31428
      0.314335
      0.314385
      0.314429
      0.314467
      0.314499
      0.314525
      0.314546
       0.31456
      0.314569
      0.314572
      0.308472
      0.308469
       0.30846
      0.308445
      0.308424
      0.308397
      0.308363
      0.308323
      0.308277
      0.308224
      0.308164
      0.308098
      0.308025
      0.307947
      0.307864
      0.307777
      0.307688
      0.307598
       0.30751
      0.307426
      0.307349
      0.307282
      0.307229
       0.30719
      0.307169
      0.307166
      0.307181
      0.307214
      0.307263
      0.307325
      0.307398
      0.307478
      0.307563
       0.30765
      0.307737
      0.307821
      0.307902
      0.307978
      0.308049
      0.308113
       0.30817
      0.308221
      0.308265
      0.308302
      0.308332
      0.308355
      0.308372
      0.308382
      0.308385
      0.302735
      0.302732
      0.302722
      0.302705
      0.302681
       0.30265
      0.302612
      0.302567
      0.302514
      0.302453
      0.302385
      0.302308
      0.302224
      0.302133
      0.302036
      0.301933
      0.301826
      0.301718
      0.301611
      0.301508
      0.301413
       0.30133
      0.301262
      0.301214
      0.301187
      0.301184
      0.301204
      0.301246
      0.301307
      0.301385
      0.301476
      0.301575
      0.301678
      0.301784
      0.301888
      0.301988
      0.302084
      0.302173
      0.302255
      0.302329
      0.302396
      0.302454
      0.302504
      0.302546
       0.30258
      0.302606
      0.302625
      0.302636
       0.30264
      0.297442
      0.297438
      0.297427
      0.297408
      0.297382
      0.297348
      0.297305
      0.297254
      0.297195
      0.297126
      0.297048
       0.29696
      0.296864
      0.296758
      0.296644
      0.296523
      0.296396
      0.296266
      0.296135
      0.296009
      0.295891
      0.295787
      0.295702
      0.295641
      0.295607
      0.295603
      0.295629
      0.295682
      0.295761
      0.295859
      0.295972
      0.296094
      0.296221
      0.296348
      0.296473
      0.296592
      0.296704
      0.296808
      0.296903
      0.296988
      0.297064
       0.29713
      0.297186
      0.297234
      0.297272
      0.297302
      0.297322
      0.297335
      0.297339
      0.292597
      0.292593
       0.29258
       0.29256
      0.292531
      0.292493
      0.292446
      0.292389
      0.292322
      0.292245
      0.292157
      0.292057
      0.291947
      0.291825
      0.291692
       0.29155
      0.291399
      0.291243
      0.291085
       0.29093
      0.290783
      0.290652
      0.290544
      0.290466
      0.290423
      0.290418
      0.290452
      0.290521
      0.290622
      0.290746
      0.290887
      0.291038
      0.291193
      0.291346
      0.291495
      0.291635
      0.291766
      0.291887
      0.291995
      0.292093
      0.292178
      0.292253
      0.292316
      0.292369
      0.292412
      0.292445
      0.292468
      0.292482
      0.292486
      0.288202
      0.288198
      0.288185
      0.288162
       0.28813
      0.288088
      0.288036
      0.287974
        0.2879
      0.287814
      0.287715
      0.287603
      0.287478
      0.287338
      0.287185
      0.287019
      0.286841
      0.286654
      0.286463
      0.286271
      0.286088
      0.285922
      0.285783
      0.285681
      0.285625
      0.285619
      0.285664
      0.285755
      0.285885
      0.286044
      0.286221
      0.286409
      0.286597
      0.286782
      0.286958
      0.287123
      0.287275
      0.287413
      0.287537
      0.287647
      0.287743
      0.287827
      0.287897
      0.287956
      0.288003
      0.288039
      0.288065
       0.28808
      0.288085
      0.284262
      0.284257
      0.284243
      0.284218
      0.284183
      0.284138
      0.284081
      0.284013
      0.283931
      0.283836
      0.283727
      0.283602
       0.28346
      0.283302
      0.283126
      0.282934
      0.282725
      0.282502
       0.28227
      0.282035
      0.281804
      0.281592
      0.281412
      0.281277
      0.281204
      0.281196
      0.281257
      0.281377
      0.281547
      0.281752
      0.281976
      0.282208
      0.282438
      0.282659
      0.282867
       0.28306
      0.283235
      0.283392
      0.283532
      0.283655
      0.283762
      0.283855
      0.283932
      0.283997
      0.284048
      0.284088
      0.284116
      0.284132
      0.284138
      0.280778
      0.280773
      0.280757
      0.280731
      0.280693
      0.280645
      0.280583
      0.280509
       0.28042
      0.280316
      0.280196
      0.280058
        0.2799
      0.279722
      0.279522
      0.279301
      0.279057
      0.278794
      0.278513
      0.278223
      0.277933
      0.277658
      0.277419
      0.277239
      0.277138
      0.277128
      0.277212
      0.277377
      0.277603
      0.277869
      0.278153
      0.278441
      0.278721
      0.278985
      0.279228
       0.27945
       0.27965
      0.279828
      0.279984
      0.280121
      0.280239
       0.28034
      0.280425
      0.280495
      0.280551
      0.280594
      0.280624
      0.280642
      0.280648
      0.277753
      0.277748
      0.277731
      0.277703
      0.277663
      0.277611
      0.277545
      0.277465
       0.27737
      0.277257
      0.277126
      0.276974
      0.276801
      0.276602
      0.276378
      0.276126
      0.275844
      0.275535
      0.275198
      0.274841
      0.274473
      0.274117
      0.273795
      0.273546
      0.273408
      0.273392
      0.273513
      0.273741
      0.274046
      0.274396
      0.274758
      0.275115
      0.275452
      0.275764
      0.276047
      0.276301
      0.276526
      0.276725
      0.276898
      0.277048
      0.277177
      0.277287
      0.277379
      0.277454
      0.277514
       0.27756
      0.277592
      0.277611
      0.277618
       0.27519
      0.275184
      0.275166
      0.275137
      0.275095
      0.275039
       0.27497
      0.274885
      0.274783
      0.274662
      0.274521
      0.274357
      0.274167
       0.27395
        0.2737
      0.273417
      0.273096
      0.272737
      0.272338
      0.271902
      0.271437
      0.270967
      0.270523
      0.270168
      0.269963
      0.269944
      0.270123
      0.270453
      0.270875
      0.271339
      0.271801
       0.27224
      0.272644
      0.273008
      0.273333
      0.273619
       0.27387
      0.274089
      0.274278
      0.274441
       0.27458
      0.274698
      0.274796
      0.274876
       0.27494
      0.274989
      0.275023
      0.275043
       0.27505
       0.27309
      0.273084
      0.273065
      0.273035
      0.272991
      0.272933
       0.27286
       0.27277
      0.272662
      0.272535
      0.272385
      0.272209
      0.272005
      0.271769
      0.271496
      0.271183
      0.270823
      0.270412
      0.269945
       0.26942
      0.268835
      0.268216
      0.267587
      0.267062
      0.266756
       0.26672
      0.267004
      0.267497
      0.268089
      0.268711
      0.269296
      0.269832
      0.270308
      0.270728
      0.271094
      0.271412
      0.271687
      0.271925
      0.272129
      0.272303
      0.272451
      0.272576
       0.27268
      0.272764
      0.272831
      0.272882
      0.272918
      0.272939
      0.272946
      0.271455
      0.271449
       0.27143
      0.271398
      0.271352
      0.271292
      0.271216
      0.271123
      0.271011
      0.270877
       0.27072
      0.270534
      0.270318
      0.270066
      0.269773
      0.269433
      0.269037
      0.268578
      0.268045
      0.267427
      0.266715
        0.2659
      0.265003
       0.26416
      0.263721
      0.263595
      0.264053
      0.264866
       0.26573
      0.266547
      0.267277
      0.267915
      0.268465
      0.268936
      0.269341
      0.269687
      0.269983
      0.270237
      0.270453
      0.270637
      0.270793
      0.270923
      0.271032
       0.27112
      0.271189
      0.271242
      0.271279
      0.271301
      0.271308
      0.270287
       0.27028
      0.270261
      0.270228
      0.270181
       0.27012
      0.270042
      0.269946
       0.26983
      0.269692
      0.269529
      0.269336
      0.269111
      0.268847
      0.268538
      0.268175
       0.26775
       0.26725
       0.26666
      0.265958
      0.265123
      0.264088
      0.262788
      0.261272
      0.260792
      0.260305
      0.261168
      0.262604
      0.263842
      0.264896
      0.265779
      0.266516
      0.267132
      0.267647
      0.268083
      0.268451
      0.268764
       0.26903
      0.269256
      0.269447
      0.269608
      0.269743
      0.269854
      0.269945
      0.270016
       0.27007
      0.270108
      0.270131
      0.270138
      0.269586
      0.269579
      0.269559
      0.269526
      0.269479
      0.269416
      0.269337
       0.26924
      0.269122
      0.268981
      0.268814
      0.268618
      0.268386
      0.268114
      0.267794
      0.267418
      0.266973
      0.266445
      0.265814
       0.26505
      0.264119
      0.262965
       0.26158
       0.26017
      0.259313
      0.258475
      0.259103
      0.260959
      0.262551
       0.26384
       0.26486
      0.265669
      0.266329
      0.266873
      0.267328
      0.267711
      0.268034
      0.268307
      0.268538
      0.268733
      0.268898
      0.269035
      0.269148
       0.26924
      0.269313
      0.269368
      0.269406
      0.269429
      0.269437
      0.269353
      0.269346
      0.269326
      0.269293
      0.269246
      0.269183
      0.269103
      0.269005
      0.268887
      0.268745
      0.268578
      0.268379
      0.268146
      0.267872
      0.267549
      0.267167
      0.266716
      0.266176
       0.26553
      0.264738
      0.263764
      0.262494
      0.260816
       0.25893
       0.25823
      0.257973
      0.258609
      0.259994
      0.261983
      0.263478
      0.264577
      0.265401
      0.266073
      0.266624
      0.267084
      0.267469
      0.267795
       0.26807
      0.268302
      0.268499
      0.268664
      0.268801
      0.268915
      0.269007
       0.26908
      0.269135
      0.269174
      0.269197
      0.269204
      0.269588
      0.269581
      0.269562
      0.269529
      0.269482
      0.269419
       0.26934
      0.269243
      0.269126
      0.268985
      0.268819
      0.268622
      0.268391
       0.26812
        0.2678
      0.267424
      0.266978
      0.266448
      0.265811
      0.265037
      0.264078
      0.262851
      0.261274
      0.259304
      0.258767
      0.259367
      0.259605
      0.261234
      0.262706
      0.263937
      0.264924
      0.265715
      0.266363
        0.2669
       0.26735
      0.267728
      0.268048
      0.268319
      0.268549
      0.268742
      0.268906
      0.269042
      0.269154
      0.269246
      0.269318
      0.269373
      0.269411
      0.269433
      0.269441
      0.270291
      0.270285
      0.270265
      0.270233
      0.270187
      0.270125
      0.270048
      0.269952
      0.269837
        0.2697
      0.269538
      0.269346
      0.269121
      0.268858
      0.268549
      0.268187
      0.267761
      0.267258
      0.266662
      0.265946
      0.265083
       0.26398
      0.262544
      0.261046
      0.260964
      0.261536
      0.262016
       0.26305
      0.264089
      0.265062
      0.265894
      0.266601
      0.267197
      0.267698
      0.268124
      0.268485
      0.268792
      0.269054
      0.269276
      0.269464
      0.269623
      0.269756
      0.269866
      0.269955
      0.270026
       0.27008
      0.270117
      0.270139
      0.270147
      0.271462
      0.271455
      0.271437
      0.271405
       0.27136
        0.2713
      0.271225
      0.271133
      0.271021
      0.270889
      0.270732
      0.270549
      0.270334
      0.270083
      0.269791
      0.269451
      0.269055
      0.268594
      0.268057
       0.26743
      0.266702
      0.265865
      0.264956
      0.264193
      0.263996
      0.264214
      0.264624
      0.265277
      0.266015
      0.266751
      0.267427
      0.268029
      0.268554
      0.269008
      0.269399
      0.269735
      0.270024
      0.270271
      0.270483
      0.270663
      0.270815
      0.270943
      0.271049
      0.271135
      0.271204
      0.271256
      0.271292
      0.271313
       0.27132
      0.273098
      0.273092
      0.273074
      0.273044
      0.273001
      0.272943
      0.272871
      0.272783
      0.272676
       0.27255
      0.272401
      0.272228
      0.272025
      0.271791
       0.27152
      0.271208
       0.27085
      0.270439
      0.269971
      0.269443
      0.268856
      0.268243
      0.267643
      0.267192
      0.267032
      0.267117
      0.267406
      0.267841
      0.268366
      0.268925
      0.269462
      0.269964
      0.270414
      0.270815
      0.271166
      0.271472
      0.271738
      0.271968
      0.272166
      0.272336
       0.27248
      0.272601
      0.272702
      0.272784
       0.27285
      0.272899
      0.272934
      0.272955
      0.272962
        0.2752
      0.275194
      0.275177
      0.275148
      0.275107
      0.275052
      0.274984
        0.2749
        0.2748
      0.274681
      0.274542
       0.27438
      0.274192
      0.273977
       0.27373
      0.273449
      0.273131
      0.272774
      0.272377
      0.271946
      0.271488
      0.271034
      0.270623
      0.270322
      0.270194
      0.270237
      0.270429
      0.270737
      0.271122
      0.271545
       0.27197
       0.27238
       0.27276
      0.273105
      0.273415
      0.273689
       0.27393
       0.27414
      0.274322
       0.27448
      0.274614
      0.274728
      0.274823
      0.274901
      0.274962
      0.275009
      0.275042
      0.275062
      0.275069
      0.277765
       0.27776
      0.277744
      0.277716
      0.277677
      0.277626
      0.277561
      0.277483
      0.277389
      0.277279
       0.27715
      0.277001
       0.27683
      0.276634
      0.276413
      0.276164
      0.275887
      0.275582
       0.27525
      0.274901
      0.274545
      0.274207
      0.273914
      0.273703
      0.273608
      0.273627
      0.273759
       0.27398
      0.274265
      0.274588
      0.274923
      0.275256
      0.275573
      0.275867
      0.276135
      0.276377
      0.276592
      0.276782
      0.276948
      0.277092
      0.277216
      0.277321
      0.277409
      0.277482
       0.27754
      0.277584
      0.277615
      0.277633
      0.277639
      0.280791
      0.280786
      0.280771
      0.280746
      0.280709
      0.280661
      0.280601
      0.280529
      0.280442
       0.28034
      0.280222
      0.280087
      0.279932
      0.279758
      0.279562
      0.279345
      0.279106
      0.278848
      0.278575
      0.278294
      0.278016
      0.277759
      0.277543
      0.277389
      0.277316
      0.277328
      0.277421
      0.277583
      0.277797
      0.278045
      0.278311
       0.27858
      0.278841
       0.27909
       0.27932
       0.27953
       0.27972
      0.279888
      0.280038
      0.280168
      0.280281
      0.280378
      0.280459
      0.280526
      0.280579
       0.28062
      0.280649
      0.280666
      0.280672
      0.284277
      0.284272
      0.284258
      0.284234
        0.2842
      0.284156
      0.284101
      0.284034
      0.283955
      0.283862
      0.283755
      0.283634
      0.283496
      0.283341
       0.28317
      0.282982
      0.282779
      0.282563
      0.282338
      0.282113
      0.281895
      0.281697
      0.281535
      0.281419
      0.281364
       0.28137
      0.281438
      0.281558
      0.281721
      0.281913
      0.282123
      0.282341
      0.282556
      0.282764
       0.28296
      0.283141
      0.283306
      0.283455
      0.283588
      0.283705
      0.283807
      0.283894
      0.283968
       0.28403
      0.284079
      0.284116
      0.284143
      0.284159
      0.284164
      0.288218
      0.288214
      0.288201
      0.288179
      0.288148
      0.288108
      0.288057
      0.287996
      0.287925
      0.287841
      0.287745
      0.287637
      0.287515
       0.28738
      0.287231
       0.28707
      0.286898
      0.286718
      0.286534
      0.286353
       0.28618
      0.286027
      0.285902
      0.285814
      0.285771
      0.285775
      0.285825
      0.285916
      0.286041
      0.286192
      0.286359
      0.286534
      0.286711
      0.286884
      0.287049
      0.287204
      0.287347
      0.287478
      0.287594
      0.287698
      0.287789
      0.287868
      0.287935
       0.28799
      0.288035
      0.288069
      0.288093
      0.288108
      0.288112
      0.292613
      0.292609
      0.292597
      0.292577
      0.292549
      0.292513
      0.292467
      0.292412
      0.292348
      0.292273
      0.292188
      0.292092
      0.291985
      0.291868
       0.29174
      0.291603
      0.291458
      0.291309
      0.291158
      0.291012
      0.290875
      0.290754
      0.290658
       0.29059
      0.290556
      0.290558
      0.290596
      0.290665
      0.290762
      0.290881
      0.291014
      0.291156
        0.2913
      0.291444
      0.291583
      0.291715
      0.291838
      0.291951
      0.292053
      0.292144
      0.292225
      0.292295
      0.292354
      0.292404
      0.292445
      0.292475
      0.292497
       0.29251
      0.292515
      0.297459
      0.297455
      0.297444
      0.297426
      0.297401
      0.297368
      0.297327
      0.297278
      0.297221
      0.297155
       0.29708
      0.296995
      0.296903
      0.296801
      0.296692
      0.296576
      0.296455
      0.296331
      0.296208
      0.296089
       0.29598
      0.295885
      0.295808
      0.295755
      0.295729
       0.29573
      0.295759
      0.295813
      0.295889
      0.295982
      0.296089
      0.296203
      0.296322
      0.296441
      0.296557
      0.296669
      0.296774
      0.296871
      0.296959
      0.297039
       0.29711
      0.297172
      0.297225
      0.297269
      0.297305
      0.297332
      0.297352
      0.297364
      0.297368
      0.302752
      0.302748
      0.302739
      0.302723
        0.3027
      0.302671
      0.302634
      0.302591
       0.30254
      0.302482
      0.302416
      0.302343
      0.302263
      0.302176
      0.302083
      0.301985
      0.301884
      0.301782
      0.301681
      0.301585
      0.301497
      0.301422
      0.301361
      0.301319
      0.301298
      0.301299
      0.301321
      0.301363
      0.301423
      0.301497
      0.301582
      0.301675
      0.301772
      0.301871
      0.301968
      0.302061
       0.30215
      0.302233
       0.30231
      0.302379
      0.302441
      0.302495
      0.302541
       0.30258
      0.302612
      0.302637
      0.302654
      0.302665
      0.302668
      0.308489
      0.308486
      0.308477
      0.308463
      0.308443
      0.308417
      0.308385
      0.308347
      0.308302
      0.308252
      0.308195
      0.308132
      0.308063
      0.307989
       0.30791
      0.307828
      0.307744
      0.307659
      0.307577
      0.307499
      0.307429
      0.307368
       0.30732
      0.307286
      0.307269
       0.30727
      0.307287
       0.30732
      0.307367
      0.307426
      0.307495
       0.30757
       0.30765
      0.307731
      0.307811
       0.30789
      0.307965
      0.308035
      0.308101
       0.30816
      0.308214
      0.308261
      0.308301
      0.308336
      0.308364
      0.308385
      0.308401
       0.30841
      0.308413
      0.314667
      0.314664
      0.314657
      0.314644
      0.314627
      0.314604
      0.314576
      0.314542
      0.314504
       0.31446
      0.314411
      0.314357
      0.314298
      0.314236
      0.314169
      0.314101
      0.314031
      0.313962
      0.313894
      0.313831
      0.313774
      0.313725
      0.313687
       0.31366
      0.313647
      0.313647
       0.31366
      0.313686
      0.313724
      0.313771
      0.313826
      0.313887
      0.313952
      0.314018
      0.314085
      0.314151
      0.314214
      0.314273
      0.314329
       0.31438
      0.314426
      0.314466
      0.314501
      0.314531
      0.314555
      0.314574
      0.314588
      0.314596
      0.314599
      0.321283
       0.32128
      0.321274
      0.321263
      0.321248
      0.321228
      0.321203
      0.321175
      0.321141
      0.321104
      0.321062
      0.321016
      0.320966
      0.320914
      0.320858
      0.320801
      0.320744
      0.320687
      0.320632
      0.320581
      0.320535
      0.320496
      0.320465
      0.320444
      0.320433
      0.320432
      0.320443
      0.320463
      0.320493
      0.320531
      0.320575
      0.320625
      0.320677
      0.320732
      0.320787
      0.320841
      0.320894
      0.320944
      0.320991
      0.321034
      0.321073
      0.321108
      0.321138
      0.321163
      0.321184
      0.321201
      0.321212
      0.321219
      0.321222
      0.328332
      0.328331
      0.328325
      0.328316
      0.328302
      0.328285
      0.328265
       0.32824
      0.328212
       0.32818
      0.328144
      0.328106
      0.328064
       0.32802
      0.327974
      0.327927
       0.32788
      0.327834
      0.327789
      0.327748
      0.327711
      0.327679
      0.327654
      0.327637
      0.327629
      0.327628
      0.327636
      0.327653
      0.327676
      0.327707
      0.327742
      0.327782
      0.327825
      0.327869
      0.327914
      0.327959
      0.328002
      0.328044
      0.328083
      0.328119
      0.328152
      0.328182
      0.328207
      0.328229
      0.328247
      0.328261
      0.328271
      0.328277
      0.328279
      0.335813
      0.335812
      0.335807
      0.335799
      0.335788
      0.335773
      0.335756
      0.335735
      0.335711
      0.335685
      0.335655
      0.335623
      0.335589
      0.335552
      0.335515
      0.335476
      0.335438
        0.3354
      0.335364
      0.335331
      0.335301
      0.335276
      0.335256
      0.335243
      0.335236
      0.335235
      0.335242
      0.335254
      0.335273
      0.335297
      0.335326
      0.335357
      0.335392
      0.335428
      0.335464
      0.335501
      0.335537
      0.335571
      0.335603
      0.335633
      0.335661
      0.335685
      0.335707
      0.335725
       0.33574
      0.335752
       0.33576
      0.335765
      0.335767
      0.343722
      0.343721
      0.343717
       0.34371
      0.343701
      0.343689
      0.343674
      0.343657
      0.343638
      0.343616
      0.343591
      0.343565
      0.343537
      0.343507
      0.343477
      0.343446
      0.343415
      0.343385
      0.343356
      0.343329
      0.343306
      0.343286
      0.343271
       0.34326
      0.343254
      0.343254
      0.343259
      0.343269
      0.343283
      0.343302
      0.343325
       0.34335
      0.343377
      0.343406
      0.343435
      0.343465
      0.343494
      0.343521
      0.343548
      0.343572
      0.343595
      0.343615
      0.343633
      0.343648
       0.34366
       0.34367
      0.343677
      0.343681
      0.343682
      0.352056
      0.352054
      0.352051
      0.352046
      0.352038
      0.352029
      0.352017
      0.352003
      0.351987
      0.351969
       0.35195
      0.351929
      0.351906
      0.351883
      0.351859
      0.351834
       0.35181
      0.351786
      0.351764
      0.351743
      0.351725
      0.351709
      0.351697
      0.351689
      0.351684
      0.351684
      0.351688
      0.351695
      0.351707
      0.351721
      0.351739
      0.351758
       0.35178
      0.351802
      0.351825
      0.351849
      0.351871
      0.351894
      0.351915
      0.351934
      0.351952
      0.351968
      0.351983
      0.351995
      0.352005
      0.352013
      0.352018
      0.352022
      0.352023
      0.360811
       0.36081
      0.360807
      0.360803
      0.360797
       0.36079
      0.360781
       0.36077
      0.360757
      0.360744
      0.360729
      0.360712
      0.360695
      0.360677
      0.360658
      0.360639
      0.360621
      0.360603
      0.360586
       0.36057
      0.360556
      0.360544
      0.360535
      0.360529
      0.360526
      0.360525
      0.360528
      0.360534
      0.360542
      0.360553
      0.360566
      0.360581
      0.360598
      0.360615
      0.360632
       0.36065
      0.360668
      0.360685
      0.360701
      0.360716
       0.36073
      0.360742
      0.360753
      0.360763
      0.360771
      0.360777
      0.360781
      0.360784
      0.360785
      0.369985
      0.369985
      0.369983
       0.36998
      0.369975
       0.36997
      0.369963
      0.369955
      0.369946
      0.369936
      0.369925
      0.369913
        0.3699
      0.369887
      0.369874
       0.36986
      0.369847
      0.369834
      0.369821
       0.36981
        0.3698
      0.369792
      0.369785
       0.36978
      0.369778
      0.369778
       0.36978
      0.369784
       0.36979
      0.369798
      0.369807
      0.369818
       0.36983
      0.369842
      0.369855
      0.369867
       0.36988
      0.369893
      0.369904
      0.369915
      0.369925
      0.369935
      0.369943
       0.36995
      0.369955
       0.36996
      0.369963
      0.369965
      0.369966
      0.379576
      0.379576
      0.379575
      0.379573
       0.37957
      0.379566
      0.379562
      0.379556
       0.37955
      0.379544
      0.379537
      0.379529
      0.379521
      0.379512
      0.379503
      0.379494
      0.379486
      0.379477
      0.379469
      0.379462
      0.379455
       0.37945
      0.379446
      0.379443
      0.379441
      0.379441
      0.379442
      0.379445
      0.379449
      0.379454
       0.37946
      0.379467
      0.379474
      0.379482
      0.379491
      0.379499
      0.379507
      0.379515
      0.379523
       0.37953
      0.379537
      0.379543
      0.379548
      0.379553
      0.379557
      0.379559
      0.379562
      0.379563
      0.379563
      0.389582
      0.389582
      0.389581
       0.38958
      0.389579
      0.389577
      0.389575
      0.389572
      0.389569
      0.389566
      0.389562
      0.389558
      0.389554
       0.38955
      0.389546
      0.389541
      0.389537
      0.389533
      0.389529
      0.389525
      0.389522
       0.38952
      0.389517
      0.389516
      0.389515
      0.389515
      0.389516
      0.389517
      0.389519
      0.389521
      0.389524
      0.389528
      0.389532
      0.389535
       0.38954
      0.389544
      0.389548
      0.389552
      0.389555
      0.389559
      0.389562
      0.389565
      0.389568
       0.38957
      0.389572
      0.389573
      0.389575
      0.389575
      0.389575
           0.4
           0.4
           0.4
           0.4
           0.4
           0.4
           0.4
           0.4
           0.4
           0.4
           0.4
           0.4
           0.4
           0.4
           0.4
           0.4
           0.4
           0.4
           0.4
           0.4
           0.4
           0.4
           0.4
           0.4
           0.4
           0.4
           0.4
           0.4
           0.4
           0.4
           0.4
           0.4
           0.4
           0.4
           0.4
           0.4
           0.4
           0.4
           0.4
           0.4
           0.4
           0.4
           0.4
           0.4
           0.4
           0.4
           0.4
           0.4
           0.4
