           0.4
           0.4
           0.4
           0.4
           0.4
           0.4
           0.4
           0.4
           0.4
           0.4
           0.4
           0.4
           0.4
           0.4
           0.4
           0.4
           0.4
           0.4
           0.4
           0.4
           0.4
           0.4
           0.4
           0.4
           0.4
           0.4
           0.4
           0.4
           0.4
           0.4
           0.4
           0.4
           0.4
           0.4
           0.4
           0.4
           0.4
           0.4
           0.4
           0.4
           0.4
           0.4
           0.4
           0.4
           0.4
           0.4
           0.4
           0.4
           0.4
      0.390307
      0.390306
      0.390305
      0.390303
        0.3903
      0.390297
      0.390293
      0.390288
      0.390282
      0.390276
      0.390269
      0.390262
      0.390254
      0.390246
      0.390238
      0.390229
      0.390221
      0.390213
      0.390205
      0.390198
      0.390191
      0.390186
      0.390182
      0.390178
      0.390176
      0.390176
      0.390177
      0.390179
      0.390182
      0.390187
      0.390192
      0.390199
      0.390206
      0.390214
      0.390222
       0.39023
      0.390238
      0.390246
      0.390253
      0.390261
      0.390267
      0.390273
      0.390279
      0.390283
      0.390287
       0.39029
      0.390292
      0.390293
      0.390294
      0.381023
      0.381022
      0.381019
      0.381016
       0.38101
      0.381003
      0.380995
      0.380985
      0.380973
      0.380961
      0.380947
      0.380932
      0.380917
        0.3809
      0.380883
      0.380866
      0.380849
      0.380833
      0.380817
      0.380802
      0.380789
      0.380778
      0.380769
      0.380763
      0.380759
      0.380757
      0.380759
      0.380763
       0.38077
       0.38078
      0.380791
      0.380804
      0.380819
      0.380835
      0.380851
      0.380868
      0.380884
        0.3809
      0.380915
       0.38093
      0.380943
      0.380956
      0.380966
      0.380976
      0.380983
      0.380989
      0.380994
      0.380996
      0.380997
      0.372147
      0.372146
      0.372142
      0.372136
      0.372128
      0.372117
      0.372104
      0.372089
      0.372072
      0.372053
      0.372032
      0.372009
      0.371985
       0.37196
      0.371934
      0.371908
      0.371882
      0.371857
      0.371833
       0.37181
       0.37179
      0.371772
      0.371758
      0.371748
      0.371742
       0.37174
      0.371743
      0.371749
       0.37176
      0.371775
      0.371792
      0.371813
      0.371835
       0.37186
      0.371885
       0.37191
      0.371935
       0.37196
      0.371984
      0.372006
      0.372027
      0.372045
      0.372061
      0.372076
      0.372087
      0.372096
      0.372103
      0.372107
      0.372108
      0.363678
      0.363676
      0.363671
      0.363663
      0.363652
      0.363638
       0.36362
        0.3636
      0.363577
      0.363551
      0.363522
      0.363491
      0.363458
      0.363424
      0.363389
      0.363353
      0.363317
      0.363282
      0.363248
      0.363217
      0.363189
      0.363164
      0.363145
       0.36313
      0.363122
      0.363119
      0.363122
      0.363132
      0.363147
      0.363167
      0.363192
       0.36322
      0.363252
      0.363285
       0.36332
      0.363355
       0.36339
      0.363424
      0.363456
      0.363487
      0.363515
       0.36354
      0.363563
      0.363582
      0.363598
       0.36361
      0.363619
      0.363624
      0.363626
      0.355615
      0.355613
      0.355607
      0.355597
      0.355583
      0.355565
      0.355542
      0.355516
      0.355486
      0.355453
      0.355416
      0.355377
      0.355334
       0.35529
      0.355244
      0.355197
       0.35515
      0.355104
       0.35506
      0.355019
      0.354982
       0.35495
      0.354924
      0.354904
      0.354893
      0.354889
      0.354894
      0.354906
      0.354926
      0.354953
      0.354985
      0.355023
      0.355064
      0.355108
      0.355154
        0.3552
      0.355246
       0.35529
      0.355332
      0.355371
      0.355408
       0.35544
      0.355469
      0.355494
      0.355514
       0.35553
      0.355541
      0.355548
       0.35555
      0.347959
      0.347956
      0.347949
      0.347937
      0.347919
      0.347897
      0.347869
      0.347837
      0.347801
      0.347759
      0.347714
      0.347665
      0.347612
      0.347556
      0.347498
      0.347439
       0.34738
      0.347322
      0.347266
      0.347213
      0.347165
      0.347124
       0.34709
      0.347066
      0.347051
      0.347046
      0.347051
      0.347067
      0.347093
      0.347127
      0.347169
      0.347217
       0.34727
      0.347327
      0.347385
      0.347443
      0.347501
      0.347556
      0.347609
      0.347658
      0.347703
      0.347744
       0.34778
       0.34781
      0.347835
      0.347855
      0.347869
      0.347877
       0.34788
      0.340709
      0.340706
      0.340697
      0.340682
      0.340661
      0.340634
      0.340601
      0.340563
      0.340519
      0.340469
      0.340414
      0.340354
       0.34029
      0.340222
      0.340151
      0.340078
      0.340005
      0.339932
      0.339862
      0.339796
      0.339736
      0.339683
      0.339641
      0.339609
      0.339589
      0.339583
       0.33959
       0.33961
      0.339643
      0.339686
      0.339739
        0.3398
      0.339867
      0.339937
       0.34001
      0.340082
      0.340154
      0.340222
      0.340287
      0.340347
      0.340402
      0.340452
      0.340495
      0.340532
      0.340562
      0.340585
      0.340602
      0.340612
      0.340616
      0.333864
      0.333861
       0.33385
      0.333833
      0.333808
      0.333777
      0.333738
      0.333693
      0.333641
      0.333582
      0.333517
      0.333445
      0.333368
      0.333286
      0.333201
      0.333112
      0.333022
      0.332933
      0.332846
      0.332764
      0.332689
      0.332623
      0.332569
      0.332528
      0.332504
      0.332495
      0.332504
      0.332529
       0.33257
      0.332625
      0.332691
      0.332768
      0.332851
      0.332938
      0.333027
      0.333116
      0.333203
      0.333287
      0.333365
      0.333438
      0.333504
      0.333562
      0.333614
      0.333658
      0.333693
      0.333721
      0.333741
      0.333753
      0.333757
      0.327427
      0.327423
       0.32741
       0.32739
      0.327362
      0.327326
      0.327281
      0.327228
      0.327168
      0.327099
      0.327022
      0.326938
      0.326846
      0.326749
      0.326646
       0.32654
      0.326431
      0.326322
      0.326215
      0.326114
       0.32602
      0.325938
       0.32587
      0.325818
      0.325787
      0.325775
      0.325786
      0.325817
      0.325869
      0.325937
      0.326021
      0.326115
      0.326218
      0.326326
      0.326435
      0.326544
      0.326649
      0.326749
      0.326843
      0.326929
      0.327008
      0.327077
      0.327138
      0.327189
      0.327231
      0.327264
      0.327287
      0.327301
      0.327305
      0.321396
      0.321392
      0.321378
      0.321355
      0.321323
      0.321281
       0.32123
      0.321169
      0.321099
      0.321019
       0.32093
      0.320832
      0.320725
       0.32061
      0.320488
       0.32036
      0.320229
      0.320097
      0.319967
      0.319842
      0.319725
      0.319622
      0.319536
      0.319471
      0.319431
      0.319416
      0.319429
      0.319468
      0.319532
      0.319618
      0.319722
       0.31984
      0.319967
      0.320099
      0.320233
      0.320364
       0.32049
       0.32061
      0.320721
      0.320823
      0.320915
      0.320996
      0.321067
      0.321126
      0.321175
      0.321212
      0.321239
      0.321255
       0.32126
      0.315774
      0.315769
      0.315753
      0.315727
      0.315691
      0.315644
      0.315586
      0.315517
      0.315437
      0.315345
      0.315243
      0.315129
      0.315004
      0.314869
      0.314725
      0.314574
      0.314417
      0.314257
      0.314098
      0.313944
      0.313799
       0.31367
      0.313562
      0.313479
      0.313426
      0.313406
      0.313422
      0.313471
      0.313552
       0.31366
       0.31379
      0.313937
      0.314094
      0.314256
      0.314418
      0.314576
      0.314727
      0.314869
      0.315001
       0.31512
      0.315227
      0.315321
      0.315402
       0.31547
      0.315526
      0.315569
      0.315599
      0.315618
      0.315624
      0.310561
      0.310555
      0.310538
      0.310509
      0.310468
      0.310415
       0.31035
      0.310272
      0.310181
      0.310077
       0.30996
      0.309829
      0.309685
      0.309528
      0.309359
       0.30918
      0.308992
        0.3088
      0.308606
      0.308417
      0.308237
      0.308075
      0.307937
       0.30783
      0.307762
      0.307736
      0.307754
      0.307816
      0.307918
      0.308055
      0.308219
      0.308402
      0.308596
      0.308794
       0.30899
      0.309181
       0.30936
      0.309528
      0.309682
       0.30982
      0.309944
      0.310052
      0.310144
      0.310222
      0.310285
      0.310334
      0.310368
      0.310389
      0.310396
      0.305758
      0.305752
      0.305733
      0.305701
      0.305655
      0.305597
      0.305524
      0.305437
      0.305335
      0.305217
      0.305084
      0.304935
       0.30477
      0.304588
      0.304391
       0.30418
      0.303957
      0.303726
       0.30349
      0.303256
      0.303033
      0.302828
      0.302652
      0.302514
      0.302424
      0.302388
       0.30241
      0.302488
      0.302619
      0.302793
         0.303
      0.303229
       0.30347
      0.303713
      0.303951
      0.304178
      0.304391
      0.304588
      0.304766
      0.304926
      0.305068
      0.305191
      0.305296
      0.305384
      0.305455
      0.305509
      0.305548
      0.305571
      0.305579
      0.301367
       0.30136
      0.301339
      0.301304
      0.301254
      0.301189
      0.301109
      0.301012
      0.300898
      0.300767
      0.300617
      0.300448
       0.30026
      0.300051
      0.299823
      0.299576
      0.299312
      0.299034
      0.298748
       0.29846
      0.298181
      0.297921
      0.297694
      0.297515
      0.297396
      0.297346
      0.297372
      0.297472
       0.29764
      0.297863
      0.298127
      0.298416
      0.298714
      0.299012
      0.299299
      0.299571
      0.299821
      0.300051
      0.300257
       0.30044
      0.300601
       0.30074
      0.300858
      0.300956
      0.301036
      0.301096
      0.301139
      0.301165
      0.301173
      0.297389
      0.297381
      0.297359
       0.29732
      0.297266
      0.297194
      0.297106
         0.297
      0.296874
      0.296729
      0.296562
      0.296372
      0.296159
      0.295921
      0.295658
       0.29537
      0.295059
      0.294728
      0.294381
      0.294027
      0.293676
      0.293345
      0.293051
      0.292813
      0.292652
      0.292582
      0.292613
      0.292743
      0.292962
      0.293252
      0.293591
      0.293957
      0.294329
      0.294694
      0.295039
      0.295361
      0.295655
       0.29592
      0.296156
      0.296365
      0.296546
      0.296702
      0.296833
      0.296942
       0.29703
      0.297097
      0.297144
      0.297172
      0.297182
      0.293825
      0.293817
      0.293792
       0.29375
      0.293691
      0.293614
      0.293518
      0.293402
      0.293265
      0.293105
       0.29292
      0.292709
      0.292469
        0.2922
        0.2919
      0.291567
      0.291203
      0.290809
       0.29039
      0.289955
      0.289514
      0.289091
      0.288706
      0.288388
      0.288169
      0.288067
      0.288105
      0.288273
      0.288564
      0.288946
      0.289385
      0.289852
      0.290315
      0.290761
      0.291175
      0.291555
      0.291896
      0.292201
      0.292469
      0.292703
      0.292905
      0.293078
      0.293223
      0.293343
      0.293439
      0.293512
      0.293564
      0.293594
      0.293605
      0.290677
      0.290668
      0.290641
      0.290597
      0.290533
      0.290451
      0.290347
      0.290222
      0.290072
      0.289898
      0.289695
      0.289462
      0.289196
      0.288895
      0.288555
      0.288174
      0.287751
      0.287287
      0.286783
      0.286249
      0.285697
      0.285151
      0.284641
      0.284211
      0.283902
      0.283754
      0.283794
      0.284019
      0.284413
      0.284927
      0.285506
      0.286104
      0.286683
      0.287224
      0.287717
      0.288159
      0.288552
      0.288897
      0.289198
      0.289459
      0.289682
      0.289872
      0.290031
      0.290161
      0.290265
      0.290345
        0.2904
      0.290433
      0.290444
      0.287945
      0.287936
      0.287908
       0.28786
      0.287793
      0.287705
      0.287594
       0.28746
      0.287299
      0.287111
      0.286891
      0.286637
      0.286345
       0.28601
       0.28563
      0.285198
      0.284712
       0.28417
      0.283569
      0.282917
      0.282223
       0.28152
      0.280839
      0.280247
       0.27981
      0.279584
      0.279628
      0.279929
      0.280476
      0.281178
      0.281948
      0.282723
      0.283441
      0.284094
      0.284673
      0.285183
      0.285629
      0.286016
       0.28635
      0.286636
      0.286881
      0.287087
      0.287259
      0.287399
      0.287511
      0.287596
      0.287655
       0.28769
      0.287702
      0.285632
      0.285622
      0.285592
      0.285542
      0.285471
      0.285378
      0.285261
      0.285118
      0.284948
      0.284746
      0.284511
      0.284236
      0.283919
      0.283553
      0.283133
      0.282651
        0.2821
      0.281474
      0.280768
       0.27998
      0.279116
      0.278205
      0.277289
      0.276457
      0.275812
      0.275465
      0.275505
      0.275913
      0.276649
       0.27769
      0.278751
       0.27974
      0.280621
      0.281392
      0.282061
      0.282639
      0.283137
      0.283564
      0.283929
       0.28424
      0.284504
      0.284725
      0.284909
      0.285058
      0.285177
      0.285267
       0.28533
      0.285367
      0.285379
      0.283737
      0.283727
      0.283696
      0.283644
       0.28357
      0.283472
       0.28335
        0.2832
      0.283021
      0.282808
      0.282558
      0.282266
      0.281926
      0.281531
      0.281073
      0.280543
      0.279929
       0.27922
      0.278402
      0.277464
      0.276396
      0.275226
      0.273979
        0.2728
       0.27183
      0.271271
      0.271321
      0.271876
      0.272831
      0.274499
      0.275951
      0.277199
      0.278254
      0.279144
        0.2799
      0.280541
      0.281086
      0.281549
      0.281943
      0.282275
      0.282555
       0.28279
      0.282983
      0.283141
      0.283265
       0.28336
      0.283426
      0.283465
      0.283478
      0.282263
      0.282253
      0.282221
      0.282167
       0.28209
      0.281989
      0.281862
      0.281707
       0.28152
      0.281298
      0.281036
      0.280729
       0.28037
       0.27995
       0.27946
      0.278888
      0.278218
      0.277432
      0.276508
      0.275421
      0.274142
      0.272646
       0.27095
      0.269242
      0.267911
      0.266765
      0.267361
      0.267738
      0.269288
      0.271831
      0.273704
      0.275182
      0.276386
      0.277379
      0.278207
      0.278901
      0.279486
      0.279978
      0.280394
      0.280744
      0.281038
      0.281283
      0.281485
      0.281649
      0.281778
      0.281875
      0.281944
      0.281984
      0.281998
       0.28121
      0.281199
      0.281166
      0.281111
      0.281033
      0.280929
      0.280799
      0.280639
      0.280447
      0.280218
      0.279948
      0.279629
      0.279256
      0.278818
      0.278304
      0.277698
      0.276984
      0.276136
      0.275125
      0.273907
      0.272433
      0.270585
      0.268242
      0.265604
        0.2641
      0.263274
      0.263909
      0.265191
      0.267534
      0.270134
      0.272166
      0.273765
      0.275064
      0.276124
      0.277003
      0.277733
      0.278345
      0.278858
       0.27929
      0.279652
      0.279955
      0.280207
      0.280415
      0.280583
      0.280716
      0.280816
      0.280886
      0.280927
      0.280941
      0.280578
      0.280567
      0.280534
      0.280478
      0.280399
      0.280294
      0.280161
      0.279999
      0.279803
       0.27957
      0.279295
       0.27897
      0.278588
      0.278139
       0.27761
      0.276985
      0.276243
      0.275355
      0.274287
      0.272983
      0.271371
      0.269331
      0.266749
      0.263581
      0.261729
      0.261041
      0.261958
      0.264319
       0.26687
      0.269306
      0.271336
      0.272974
      0.274305
      0.275395
      0.276295
      0.277043
      0.277668
      0.278192
      0.278631
         0.279
      0.279308
      0.279564
      0.279775
      0.279945
      0.280079
      0.280181
      0.280252
      0.280293
      0.280307
      0.280368
      0.280357
      0.280324
      0.280268
      0.280188
      0.280083
       0.27995
      0.279787
      0.279591
      0.279356
       0.27908
      0.278753
      0.278369
      0.277917
      0.277385
      0.276754
      0.276007
      0.275109
      0.274029
      0.272701
      0.271059
       0.26893
      0.266139
      0.262963
      0.260895
        0.2599
      0.261268
      0.263547
      0.266615
       0.26919
      0.271213
      0.272814
      0.274125
        0.2752
      0.276094
      0.276837
       0.27746
      0.277983
      0.278422
       0.27879
      0.279098
      0.279354
      0.279565
      0.279735
       0.27987
      0.279971
      0.280042
      0.280084
      0.280098
       0.28058
      0.280569
      0.280536
       0.28048
      0.280401
      0.280296
      0.280164
      0.280003
      0.279808
      0.279576
      0.279301
      0.278978
      0.278599
      0.278153
      0.277628
      0.277008
      0.276275
      0.275399
      0.274347
      0.273066
       0.27149
      0.269504
      0.267003
      0.263957
      0.262274
      0.261752
      0.262723
      0.264717
      0.267645
      0.269937
      0.271776
      0.273273
      0.274508
      0.275535
      0.276393
      0.277113
      0.277719
      0.278229
       0.27866
      0.279021
      0.279325
      0.279577
      0.279785
      0.279954
      0.280087
      0.280187
      0.280257
      0.280299
      0.280313
      0.281214
      0.281203
       0.28117
      0.281116
      0.281037
      0.280935
      0.280805
      0.280646
      0.280456
      0.280228
      0.279961
      0.279646
      0.279277
      0.278845
      0.278339
      0.277744
      0.277046
      0.276219
      0.275239
      0.274065
      0.272657
       0.27091
      0.268719
      0.266327
      0.265208
      0.264824
       0.26588
      0.267701
       0.26962
       0.27145
      0.273007
      0.274325
      0.275442
      0.276386
      0.277187
      0.277866
      0.278442
       0.27893
      0.279344
      0.279694
      0.279988
      0.280233
      0.280436
        0.2806
       0.28073
      0.280828
      0.280897
      0.280937
      0.280951
      0.282269
      0.282258
      0.282226
      0.282173
      0.282097
      0.281997
      0.281871
      0.281717
      0.281532
      0.281313
      0.281055
      0.280752
        0.2804
      0.279989
       0.27951
      0.278953
      0.278305
      0.277548
      0.276667
       0.27564
      0.274448
      0.273083
      0.271585
      0.270192
      0.269387
      0.269206
      0.269791
      0.270896
      0.272214
       0.27356
      0.274805
      0.275916
      0.276889
      0.277732
       0.27846
      0.279085
      0.279622
       0.28008
      0.280472
      0.280804
      0.281085
       0.28132
      0.281515
      0.281673
      0.281799
      0.281894
       0.28196
         0.282
      0.282013
      0.283745
      0.283734
      0.283704
      0.283652
      0.283579
      0.283482
      0.283361
      0.283214
      0.283037
      0.282827
      0.282582
      0.282296
      0.281964
      0.281579
      0.281136
      0.280624
      0.280036
      0.279362
      0.278592
      0.277723
       0.27675
      0.275718
       0.27467
      0.273788
      0.273256
      0.273137
      0.273496
      0.274196
      0.275103
        0.2761
      0.277073
      0.277988
      0.278813
      0.279549
      0.280195
       0.28076
       0.28125
      0.281674
      0.282038
      0.282349
      0.282614
      0.282836
      0.283021
      0.283172
      0.283292
      0.283383
      0.283447
      0.283484
      0.283497
       0.28564
      0.285631
      0.285601
      0.285552
      0.285482
       0.28539
      0.285275
      0.285135
      0.284967
       0.28477
      0.284539
      0.284272
      0.283963
       0.28361
      0.283205
      0.282744
      0.282221
      0.281633
      0.280977
      0.280259
      0.279489
      0.278707
      0.277964
      0.277361
      0.276994
      0.276915
      0.277142
      0.277618
      0.278264
      0.279002
      0.279759
      0.280496
      0.281184
      0.281813
      0.282377
      0.282878
      0.283319
      0.283704
      0.284038
      0.284325
      0.284571
      0.284779
      0.284953
      0.285095
      0.285208
      0.285294
      0.285355
      0.285391
      0.285402
      0.287955
      0.287946
      0.287918
      0.287871
      0.287805
      0.287718
       0.28761
      0.287478
      0.287321
      0.287137
      0.286923
      0.286676
      0.286394
      0.286072
      0.285708
      0.285299
      0.284841
      0.284336
      0.283785
      0.283199
      0.282591
      0.281999
      0.281459
      0.281033
      0.280779
      0.280719
      0.280874
      0.281205
      0.281672
      0.282226
      0.282813
      0.283405
      0.283972
      0.284504
      0.284989
      0.285427
      0.285818
      0.286163
      0.286466
      0.286728
      0.286955
      0.287147
      0.287308
      0.287441
      0.287546
      0.287627
      0.287684
      0.287717
      0.287728
      0.290688
      0.290679
      0.290653
      0.290609
      0.290547
      0.290466
      0.290364
      0.290242
      0.290096
      0.289926
       0.28973
      0.289505
      0.289249
       0.28896
      0.288637
      0.288278
      0.287883
      0.287454
      0.286997
      0.286521
      0.286043
      0.285588
      0.285187
      0.284876
      0.284691
      0.284649
      0.284757
      0.284998
      0.285345
      0.285764
      0.286224
      0.286696
      0.287161
      0.287605
      0.288019
      0.288398
       0.28874
      0.289047
      0.289317
      0.289554
       0.28976
      0.289936
      0.290084
      0.290206
      0.290304
      0.290379
      0.290432
      0.290463
      0.290473
      0.293837
      0.293829
      0.293805
      0.293764
      0.293706
      0.293631
      0.293537
      0.293424
       0.29329
      0.293135
      0.292956
      0.292753
      0.292523
      0.292267
      0.291983
      0.291671
      0.291332
      0.290972
      0.290593
      0.290209
       0.28983
      0.289479
      0.289177
      0.288946
       0.28881
      0.288778
      0.288858
      0.289035
      0.289296
      0.289618
      0.289978
      0.290357
      0.290736
      0.291106
      0.291455
      0.291781
      0.292078
      0.292347
      0.292587
      0.292799
      0.292984
      0.293143
      0.293278
       0.29339
       0.29348
      0.293548
      0.293597
      0.293626
      0.293636
      0.297402
      0.297394
      0.297372
      0.297334
      0.297281
      0.297212
      0.297126
      0.297022
        0.2969
       0.29676
      0.296599
      0.296416
      0.296213
      0.295987
      0.295739
      0.295471
      0.295183
      0.294881
      0.294569
      0.294258
      0.293958
      0.293684
      0.293451
      0.293277
      0.293174
      0.293151
       0.29321
      0.293345
      0.293545
      0.293795
      0.294079
      0.294383
      0.294692
      0.294998
      0.295292
      0.295569
      0.295826
       0.29606
      0.296271
      0.296459
      0.296624
      0.296767
      0.296889
       0.29699
      0.297071
      0.297134
      0.297178
      0.297205
      0.297214
       0.30138
      0.301374
      0.301353
      0.301319
       0.30127
      0.301207
      0.301128
      0.301035
      0.300925
      0.300798
      0.300654
      0.300493
      0.300313
      0.300116
      0.299901
      0.299671
      0.299428
      0.299176
       0.29892
      0.298667
      0.298428
      0.298212
      0.298032
      0.297898
      0.297821
      0.297803
      0.297848
      0.297952
      0.298107
      0.298302
      0.298528
      0.298772
      0.299025
      0.299278
      0.299524
      0.299759
      0.299979
      0.300181
      0.300365
      0.300531
      0.300677
      0.300804
      0.300913
      0.301004
      0.301077
      0.301134
      0.301174
      0.301198
      0.301206
      0.305772
      0.305766
      0.305747
      0.305716
      0.305671
      0.305614
      0.305544
      0.305459
      0.305361
      0.305248
       0.30512
      0.304978
      0.304821
       0.30465
      0.304465
      0.304269
      0.304065
      0.303855
      0.303644
      0.303439
      0.303247
      0.303076
      0.302935
      0.302831
      0.302771
      0.302758
      0.302793
      0.302874
      0.302995
       0.30315
       0.30333
      0.303527
      0.303733
      0.303942
      0.304148
      0.304346
      0.304533
      0.304708
      0.304867
      0.305012
       0.30514
      0.305252
      0.305349
       0.30543
      0.305496
      0.305547
      0.305583
      0.305604
      0.305611
      0.310574
      0.310569
      0.310552
      0.310524
      0.310484
      0.310433
       0.31037
      0.310294
      0.310207
      0.310107
      0.309995
       0.30987
      0.309734
      0.309586
      0.309428
      0.309262
       0.30909
      0.308916
      0.308742
      0.308576
      0.308422
      0.308286
      0.308174
      0.308093
      0.308046
      0.308036
      0.308064
      0.308127
      0.308223
      0.308346
       0.30849
       0.30865
      0.308818
      0.308991
      0.309162
      0.309329
      0.309487
      0.309637
      0.309774
      0.309899
      0.310011
       0.31011
      0.310195
      0.310267
      0.310325
       0.31037
      0.310402
      0.310422
      0.310428
      0.315787
      0.315782
      0.315767
      0.315742
      0.315707
      0.315661
      0.315605
      0.315538
      0.315461
      0.315374
      0.315275
      0.315167
      0.315049
      0.314923
      0.314788
      0.314648
      0.314504
      0.314359
      0.314217
      0.314082
      0.313957
      0.313848
       0.31376
      0.313695
      0.313658
      0.313651
      0.313673
      0.313723
      0.313799
      0.313898
      0.314014
      0.314143
      0.314281
      0.314423
      0.314566
      0.314705
       0.31484
      0.314966
      0.315084
      0.315192
      0.315289
      0.315375
      0.315449
      0.315512
      0.315564
      0.315604
      0.315632
      0.315649
      0.315655
      0.321409
      0.321404
      0.321391
      0.321369
      0.321338
      0.321297
      0.321248
       0.32119
      0.321122
      0.321046
      0.320961
      0.320868
      0.320766
      0.320658
      0.320545
      0.320427
      0.320307
      0.320187
       0.32007
       0.31996
      0.319859
      0.319772
      0.319701
       0.31965
      0.319621
      0.319615
      0.319633
      0.319673
      0.319734
      0.319812
      0.319906
      0.320011
      0.320124
      0.320241
      0.320359
      0.320476
      0.320589
      0.320696
      0.320796
      0.320888
      0.320972
      0.321046
      0.321111
      0.321165
       0.32121
      0.321245
       0.32127
      0.321285
       0.32129
      0.327439
      0.327435
      0.327423
      0.327404
      0.327376
      0.327341
      0.327298
      0.327247
      0.327189
      0.327123
       0.32705
       0.32697
      0.326884
      0.326793
      0.326697
      0.326599
      0.326499
        0.3264
      0.326304
      0.326214
      0.326133
      0.326063
      0.326006
      0.325965
      0.325942
      0.325938
      0.325952
      0.325984
      0.326033
      0.326096
      0.326172
      0.326257
      0.326349
      0.326445
      0.326543
       0.32664
      0.326734
      0.326824
      0.326909
      0.326987
      0.327059
      0.327122
      0.327178
      0.327225
      0.327264
      0.327294
      0.327316
      0.327329
      0.327333
      0.333875
      0.333872
      0.333862
      0.333845
      0.333821
      0.333791
      0.333754
      0.333711
       0.33366
      0.333604
      0.333542
      0.333474
      0.333402
      0.333325
      0.333245
      0.333163
      0.333081
         0.333
      0.332922
      0.332849
      0.332783
      0.332727
      0.332681
      0.332649
      0.332631
      0.332627
      0.332638
      0.332664
      0.332703
      0.332754
      0.332815
      0.332884
      0.332959
      0.333037
      0.333118
      0.333198
      0.333276
      0.333351
      0.333422
      0.333488
      0.333549
      0.333603
       0.33365
       0.33369
      0.333723
      0.333749
      0.333768
      0.333779
      0.333783
      0.340719
      0.340716
      0.340707
      0.340693
      0.340673
      0.340647
      0.340615
      0.340578
      0.340536
      0.340489
      0.340436
       0.34038
      0.340319
      0.340256
       0.34019
      0.340122
      0.340055
      0.339989
      0.339925
      0.339867
      0.339814
      0.339769
      0.339733
      0.339707
      0.339692
       0.33969
      0.339699
      0.339719
       0.33975
      0.339791
       0.33984
      0.339896
      0.339956
       0.34002
      0.340085
      0.340151
      0.340215
      0.340277
      0.340336
      0.340391
      0.340442
      0.340487
      0.340526
       0.34056
      0.340588
       0.34061
      0.340626
      0.340635
      0.340638
      0.347968
      0.347966
      0.347958
      0.347946
      0.347929
      0.347908
      0.347882
      0.347851
      0.347816
      0.347776
      0.347733
      0.347687
      0.347637
      0.347585
      0.347531
      0.347476
      0.347422
      0.347369
      0.347318
      0.347271
      0.347229
      0.347193
      0.347165
      0.347144
      0.347133
      0.347131
      0.347138
      0.347154
      0.347179
      0.347211
       0.34725
      0.347294
      0.347343
      0.347394
      0.347446
      0.347499
      0.347552
      0.347602
      0.347651
      0.347696
      0.347737
      0.347774
      0.347807
      0.347835
      0.347858
      0.347876
      0.347889
      0.347897
        0.3479
      0.355623
      0.355621
      0.355615
      0.355605
      0.355592
      0.355574
      0.355553
      0.355528
      0.355499
      0.355468
      0.355433
      0.355395
      0.355355
      0.355314
      0.355271
      0.355227
      0.355184
      0.355142
      0.355102
      0.355065
      0.355033
      0.355005
      0.354982
      0.354967
      0.354958
      0.354956
      0.354962
      0.354974
      0.354994
      0.355019
      0.355049
      0.355084
      0.355122
      0.355162
      0.355204
      0.355246
      0.355287
      0.355327
      0.355366
      0.355402
      0.355435
      0.355465
      0.355492
      0.355514
      0.355533
      0.355548
      0.355559
      0.355565
      0.355567
      0.363684
      0.363683
      0.363678
       0.36367
      0.363659
      0.363646
      0.363629
      0.363609
      0.363587
      0.363562
      0.363535
      0.363506
      0.363475
      0.363443
       0.36341
      0.363376
      0.363343
      0.363311
      0.363281
      0.363253
      0.363228
      0.363207
       0.36319
      0.363178
      0.363171
       0.36317
      0.363174
      0.363184
      0.363199
      0.363218
      0.363241
      0.363267
      0.363296
      0.363327
      0.363358
      0.363391
      0.363422
      0.363454
      0.363483
      0.363511
      0.363537
       0.36356
      0.363581
      0.363599
      0.363613
      0.363625
      0.363633
      0.363638
       0.36364
      0.372152
       0.37215
      0.372147
      0.372141
      0.372133
      0.372123
      0.372111
      0.372096
       0.37208
      0.372062
      0.372042
       0.37202
      0.371998
      0.371974
       0.37195
      0.371926
      0.371902
      0.371879
      0.371857
      0.371836
      0.371818
      0.371803
      0.371791
      0.371783
      0.371778
      0.371777
       0.37178
      0.371787
      0.371797
      0.371811
      0.371828
      0.371847
      0.371868
       0.37189
      0.371913
      0.371936
      0.371959
      0.371982
      0.372004
      0.372024
      0.372043
       0.37206
      0.372075
      0.372088
      0.372099
      0.372107
      0.372114
      0.372117
      0.372118
      0.381026
      0.381025
      0.381023
      0.381019
      0.381014
      0.381007
      0.380999
       0.38099
      0.380979
      0.380967
      0.380954
       0.38094
      0.380925
       0.38091
      0.380894
      0.380878
      0.380862
      0.380847
      0.380833
       0.38082
      0.380808
      0.380798
      0.380791
      0.380785
      0.380782
      0.380781
      0.380783
      0.380788
      0.380795
      0.380803
      0.380814
      0.380826
       0.38084
      0.380854
      0.380869
      0.380885
        0.3809
      0.380914
      0.380929
      0.380942
      0.380954
      0.380966
      0.380975
      0.380984
      0.380991
      0.380997
      0.381001
      0.381003
      0.381004
      0.390308
      0.390308
      0.390307
      0.390305
      0.390302
      0.390299
      0.390295
       0.39029
      0.390285
      0.390279
      0.390272
      0.390266
      0.390258
      0.390251
      0.390243
      0.390235
      0.390227
       0.39022
      0.390213
      0.390206
      0.390201
      0.390196
      0.390192
      0.390189
      0.390188
      0.390188
      0.390189
      0.390191
      0.390194
      0.390198
      0.390204
       0.39021
      0.390216
      0.390223
      0.390231
      0.390238
      0.390246
      0.390253
       0.39026
      0.390267
      0.390273
      0.390278
      0.390283
      0.390287
      0.390291
      0.390294
      0.390296
      0.390297
      0.390297
           0.4
           0.4
           0.4
           0.4
           0.4
           0.4
           0.4
           0.4
           0.4
           0.4
           0.4
           0.4
           0.4
           0.4
           0.4
           0.4
           0.4
           0.4
           0.4
           0.4
           0.4
           0.4
           0.4
           0.4
           0.4
           0.4
           0.4
           0.4
           0.4
           0.4
           0.4
           0.4
           0.4
           0.4
           0.4
           0.4
           0.4
           0.4
           0.4
           0.4
           0.4
           0.4
           0.4
           0.4
           0.4
           0.4
           0.4
           0.4
           0.4
