           0.4
           0.4
           0.4
           0.4
           0.4
           0.4
           0.4
           0.4
           0.4
           0.4
           0.4
           0.4
           0.4
           0.4
           0.4
           0.4
           0.4
           0.4
           0.4
           0.4
           0.4
           0.4
           0.4
           0.4
           0.4
           0.4
           0.4
           0.4
           0.4
           0.4
           0.4
           0.4
           0.4
           0.4
           0.4
           0.4
           0.4
           0.4
           0.4
           0.4
           0.4
           0.4
           0.4
           0.4
           0.4
           0.4
           0.4
           0.4
           0.4
      0.390978
      0.390977
      0.390974
      0.390969
      0.390962
      0.390952
      0.390941
      0.390928
      0.390914
      0.390897
       0.39088
       0.39086
       0.39084
      0.390819
      0.390797
      0.390775
      0.390754
      0.390732
      0.390712
      0.390693
      0.390676
      0.390661
      0.390649
      0.390639
      0.390633
      0.390631
      0.390631
      0.390635
      0.390643
      0.390653
      0.390666
      0.390682
      0.390699
      0.390718
      0.390738
      0.390758
      0.390779
      0.390799
      0.390818
      0.390837
      0.390854
       0.39087
      0.390884
      0.390896
      0.390906
      0.390914
      0.390919
      0.390923
      0.390924
      0.382362
       0.38236
      0.382354
      0.382343
      0.382329
      0.382311
      0.382288
      0.382262
      0.382233
        0.3822
      0.382164
      0.382125
      0.382084
      0.382042
      0.381998
      0.381953
      0.381909
      0.381866
      0.381825
      0.381787
      0.381752
      0.381722
      0.381697
      0.381678
      0.381666
       0.38166
      0.381661
       0.38167
      0.381685
      0.381706
      0.381732
      0.381764
      0.381799
      0.381837
      0.381877
      0.381919
       0.38196
      0.382001
      0.382041
      0.382078
      0.382113
      0.382144
      0.382173
      0.382197
      0.382217
      0.382233
      0.382244
      0.382251
      0.382254
      0.374147
      0.374144
      0.374135
      0.374119
      0.374097
       0.37407
      0.374036
      0.373997
      0.373952
      0.373902
      0.373847
      0.373789
      0.373726
      0.373661
      0.373594
      0.373526
      0.373459
      0.373393
       0.37333
      0.373271
      0.373217
      0.373171
      0.373133
      0.373103
      0.373084
      0.373076
      0.373078
      0.373091
      0.373114
      0.373146
      0.373187
      0.373236
       0.37329
      0.373349
      0.373411
      0.373474
      0.373538
        0.3736
      0.373661
      0.373718
      0.373771
      0.373819
      0.373862
      0.373898
      0.373929
      0.373953
      0.373971
      0.373981
      0.373985
       0.36633
      0.366326
      0.366313
      0.366292
      0.366263
      0.366225
       0.36618
      0.366127
      0.366066
      0.365998
      0.365924
      0.365844
       0.36576
      0.365671
      0.365579
      0.365487
      0.365394
      0.365304
      0.365217
      0.365135
      0.365062
      0.364997
      0.364944
      0.364904
      0.364878
      0.364866
      0.364869
      0.364887
      0.364919
      0.364964
      0.365021
      0.365088
      0.365163
      0.365244
      0.365329
      0.365416
      0.365504
      0.365589
      0.365672
       0.36575
      0.365822
      0.365887
      0.365945
      0.365996
      0.366037
       0.36607
      0.366093
      0.366108
      0.366112
      0.358906
        0.3589
      0.358884
      0.358858
      0.358821
      0.358773
      0.358715
      0.358648
       0.35857
      0.358484
      0.358389
      0.358287
      0.358179
      0.358065
      0.357947
      0.357827
      0.357707
       0.35759
      0.357477
      0.357371
      0.357275
       0.35719
      0.357121
      0.357068
      0.357033
      0.357017
      0.357021
      0.357045
      0.357087
      0.357147
      0.357222
       0.35731
      0.357408
      0.357514
      0.357625
      0.357738
      0.357851
      0.357962
      0.358069
      0.358169
      0.358262
      0.358346
       0.35842
      0.358484
      0.358537
      0.358579
      0.358609
      0.358627
      0.358633
      0.351872
      0.351865
      0.351846
      0.351813
      0.351768
       0.35171
      0.351639
      0.351556
      0.351461
      0.351355
      0.351239
      0.351113
      0.350978
      0.350837
      0.350691
      0.350541
      0.350391
      0.350244
      0.350101
      0.349968
      0.349846
      0.349739
       0.34965
      0.349583
      0.349538
      0.349518
      0.349524
      0.349554
      0.349608
      0.349684
       0.34978
      0.349891
      0.350016
      0.350151
      0.350291
      0.350433
      0.350575
      0.350713
      0.350846
      0.350971
      0.351086
       0.35119
      0.351281
       0.35136
      0.351426
      0.351477
      0.351514
      0.351536
      0.351544
      0.345224
      0.345217
      0.345193
      0.345155
      0.345101
      0.345032
      0.344948
      0.344849
      0.344735
      0.344608
      0.344468
      0.344317
      0.344154
      0.343983
      0.343805
      0.343623
      0.343439
      0.343258
      0.343082
      0.342916
      0.342765
      0.342631
      0.342521
      0.342436
       0.34238
      0.342355
      0.342361
      0.342399
      0.342468
      0.342563
      0.342683
      0.342823
      0.342979
      0.343145
      0.343319
      0.343494
      0.343668
      0.343838
      0.343999
      0.344151
       0.34429
      0.344416
      0.344526
      0.344621
        0.3447
      0.344761
      0.344805
      0.344832
      0.344841
      0.338962
      0.338953
      0.338926
      0.338881
      0.338818
      0.338737
      0.338638
      0.338523
      0.338389
       0.33824
      0.338075
      0.337895
      0.337702
      0.337498
      0.337285
      0.337066
      0.336844
      0.336624
       0.33641
      0.336207
      0.336021
      0.335856
      0.335719
      0.335614
      0.335544
      0.335513
      0.335521
      0.335569
      0.335654
      0.335773
      0.335922
      0.336095
      0.336287
      0.336491
      0.336703
      0.336916
      0.337127
      0.337331
      0.337525
      0.337706
      0.337871
      0.338021
      0.338152
      0.338264
      0.338356
      0.338428
       0.33848
      0.338511
      0.338522
      0.333081
      0.333071
       0.33304
      0.332988
      0.332916
      0.332823
      0.332709
      0.332575
      0.332421
      0.332248
      0.332056
      0.331845
      0.331619
      0.331379
      0.331126
      0.330866
      0.330601
      0.330336
      0.330077
      0.329831
      0.329603
      0.329401
      0.329232
      0.329102
      0.329015
      0.328976
      0.328987
      0.329046
      0.329152
      0.329299
      0.329483
      0.329697
      0.329932
      0.330181
      0.330437
      0.330694
      0.330947
       0.33119
      0.331419
      0.331633
      0.331828
      0.332002
      0.332155
      0.332286
      0.332393
      0.332477
      0.332537
      0.332573
      0.332585
      0.327581
      0.327569
      0.327534
      0.327476
      0.327394
      0.327288
      0.327159
      0.327006
      0.326829
       0.32663
      0.326408
      0.326165
      0.325902
      0.325622
      0.325325
      0.325018
      0.324703
      0.324387
      0.324076
      0.323778
      0.323501
      0.323254
      0.323046
      0.322884
      0.322777
      0.322728
      0.322741
      0.322815
      0.322946
      0.323129
      0.323356
      0.323618
      0.323905
      0.324207
      0.324516
      0.324824
      0.325124
      0.325411
      0.325681
       0.32593
      0.326157
       0.32636
      0.326536
      0.326686
       0.32681
      0.326906
      0.326974
      0.327016
       0.32703
      0.322461
      0.322447
      0.322408
      0.322342
       0.32225
      0.322131
      0.321985
      0.321812
      0.321612
      0.321386
      0.321133
      0.320854
      0.320551
      0.320226
      0.319881
       0.31952
      0.319149
      0.318773
        0.3184
       0.31804
      0.317703
      0.317401
      0.317144
      0.316943
      0.316809
      0.316748
      0.316764
      0.316856
       0.31702
      0.317247
      0.317528
      0.317849
      0.318199
      0.318564
      0.318935
      0.319302
      0.319656
      0.319993
      0.320308
      0.320597
      0.320859
      0.321091
      0.321293
      0.321464
      0.321605
      0.321714
      0.321791
      0.321838
      0.321854
      0.317718
      0.317704
       0.31766
      0.317587
      0.317484
      0.317351
      0.317188
      0.316994
       0.31677
      0.316514
      0.316227
       0.31591
      0.315564
      0.315189
       0.31479
      0.314369
      0.313933
      0.313487
      0.313042
      0.312608
      0.312198
      0.311827
      0.311509
      0.311258
      0.311091
      0.311013
      0.311033
      0.311147
      0.311353
      0.311636
      0.311984
      0.312379
      0.312806
      0.313248
      0.313691
      0.314126
      0.314543
      0.314936
      0.315301
      0.315634
      0.315933
      0.316197
      0.316426
       0.31662
      0.316778
        0.3169
      0.316987
       0.31704
      0.317057
      0.313354
      0.313338
      0.313289
      0.313209
      0.313095
      0.312948
      0.312768
      0.312553
      0.312302
      0.312016
      0.311694
      0.311336
      0.310942
      0.310514
      0.310054
      0.309566
      0.309055
      0.308529
      0.307997
      0.307474
      0.306974
      0.306516
       0.30612
      0.305806
      0.305593
      0.305493
      0.305517
      0.305662
      0.305921
      0.306277
      0.306711
        0.3072
      0.307721
      0.308255
      0.308785
      0.309299
      0.309786
      0.310242
      0.310661
      0.311041
       0.31138
      0.311679
      0.311936
      0.312153
      0.312329
      0.312465
      0.312563
      0.312621
       0.31264
      0.309367
      0.309349
      0.309296
      0.309208
      0.309084
      0.308923
      0.308724
      0.308487
       0.30821
      0.307892
      0.307533
      0.307131
      0.306687
      0.306201
      0.305674
      0.305111
      0.304515
      0.303895
      0.303262
      0.302631
       0.30202
      0.301454
      0.300958
      0.300559
      0.300286
      0.300156
      0.300185
      0.300368
      0.300699
       0.30115
      0.301694
      0.302301
      0.302939
      0.303585
      0.304216
       0.30482
      0.305387
      0.305912
       0.30639
      0.306821
      0.307203
      0.307537
      0.307824
      0.308064
      0.308259
       0.30841
      0.308517
      0.308581
      0.308603
      0.305757
      0.305738
      0.305681
      0.305585
       0.30545
      0.305275
      0.305058
      0.304799
      0.304495
      0.304145
      0.303747
        0.3033
      0.302803
      0.302254
      0.301655
      0.301008
      0.300317
       0.29959
      0.298836
      0.298075
      0.297327
      0.296622
      0.295994
      0.295483
      0.295126
      0.294954
      0.294988
      0.295225
      0.295651
       0.29623
      0.296921
      0.297679
      0.298463
      0.299242
      0.299992
      0.300699
      0.301354
      0.301953
      0.302494
      0.302978
      0.303404
      0.303774
      0.304091
      0.304356
       0.30457
      0.304735
      0.304852
      0.304922
      0.304945
      0.302526
      0.302505
      0.302444
      0.302341
      0.302195
      0.302006
      0.301772
       0.30149
      0.301159
      0.300777
       0.30034
      0.299847
      0.299294
       0.29868
      0.298003
      0.297266
      0.296467
      0.295617
      0.294723
      0.293806
      0.292886
      0.292006
      0.291204
      0.290539
      0.290067
      0.289831
      0.289874
      0.290182
       0.29074
      0.291492
      0.292376
      0.293332
      0.294295
      0.295235
       0.29612
      0.296942
      0.297693
      0.298371
      0.298978
      0.299516
      0.299987
      0.300395
      0.300741
       0.30103
      0.301263
      0.301442
      0.301569
      0.301644
      0.301669
      0.299672
       0.29965
      0.299585
      0.299475
      0.299319
      0.299117
      0.298865
      0.298563
      0.298206
      0.297791
      0.297316
      0.296776
      0.296167
      0.295486
      0.294729
      0.293893
      0.292979
      0.291991
      0.290935
       0.28983
      0.288701
      0.287592
      0.286558
      0.285677
      0.285033
      0.284705
      0.284752
      0.285166
      0.285911
      0.286905
      0.288057
       0.28927
      0.290459
      0.291584
      0.292622
      0.293566
      0.294417
      0.295177
      0.295851
      0.296443
      0.296958
      0.297401
      0.297777
      0.298089
      0.298339
      0.298532
      0.298668
      0.298749
      0.298776
      0.297198
      0.297175
      0.297105
      0.296989
      0.296824
      0.296609
      0.296342
      0.296019
      0.295637
      0.295192
       0.29468
      0.294095
       0.29343
      0.292682
      0.291841
      0.290905
      0.289866
      0.288727
      0.287486
      0.286163
      0.284774
      0.283375
      0.282024
       0.28084
      0.279946
      0.279466
      0.279528
      0.280089
      0.281105
       0.28244
      0.283959
       0.28552
      0.286978
      0.288316
      0.289517
      0.290589
      0.291541
      0.292381
      0.293119
      0.293763
      0.294321
      0.294798
      0.295201
      0.295534
      0.295802
      0.296007
      0.296151
      0.296237
      0.296266
      0.295103
      0.295079
      0.295006
      0.294884
      0.294711
      0.294484
      0.294203
      0.293861
      0.293457
      0.292984
      0.292437
      0.291809
      0.291093
      0.290279
      0.289358
       0.28832
      0.287155
      0.285854
      0.284413
      0.282837
       0.28114
       0.27937
      0.277594
      0.275957
      0.274643
      0.273933
      0.274044
      0.274817
      0.276247
       0.27806
      0.280159
      0.282153
      0.283925
      0.285477
      0.286839
      0.288033
      0.289081
      0.289996
      0.290794
      0.291486
      0.292082
       0.29259
      0.293018
       0.29337
      0.293652
      0.293868
       0.29402
      0.294111
      0.294141
      0.293388
      0.293363
      0.293287
       0.29316
       0.29298
      0.292744
       0.29245
      0.292093
      0.291669
      0.291171
      0.290594
      0.289928
      0.289164
       0.28829
      0.287294
       0.28616
      0.284871
      0.283408
      0.281753
      0.279899
      0.277839
      0.275612
      0.273256
      0.270971
      0.268958
      0.267811
      0.268139
      0.269138
      0.271263
      0.273657
      0.276732
      0.279284
      0.281374
      0.283115
       0.28462
      0.285922
      0.287054
      0.288034
      0.288884
      0.289617
      0.290246
      0.290781
      0.291229
      0.291598
      0.291893
      0.292118
      0.292277
      0.292371
      0.292402
      0.292054
      0.292029
      0.291951
      0.291819
      0.291633
       0.29139
      0.291085
      0.290715
      0.290275
      0.289757
      0.289155
      0.288457
      0.287654
      0.286729
      0.285668
      0.284449
      0.283049
      0.281435
      0.279576
       0.27743
      0.274969
      0.272213
      0.269186
      0.265893
      0.263786
      0.262909
      0.263422
      0.265063
       0.26776
      0.271364
      0.274493
       0.27715
      0.279385
      0.281274
      0.282889
      0.284277
      0.285474
      0.286507
      0.287398
      0.288164
      0.288819
      0.289374
      0.289839
       0.29022
      0.290525
      0.290758
      0.290921
      0.291019
      0.291051
      0.291102
      0.291076
      0.290996
      0.290862
      0.290672
      0.290422
       0.29011
      0.289731
      0.289279
      0.288747
      0.288125
      0.287404
      0.286571
      0.285608
      0.284498
      0.283213
      0.281725
      0.279988
      0.277953
      0.275533
      0.272637
      0.269301
       0.26556
        0.2622
      0.260004
      0.259255
      0.260239
      0.262622
      0.266072
      0.269798
      0.272987
      0.275705
      0.278018
      0.279988
      0.281672
      0.283114
      0.284356
      0.285424
      0.286343
       0.28713
      0.287803
      0.288372
      0.288849
      0.289239
      0.289551
      0.289788
      0.289955
      0.290055
      0.290088
      0.290532
      0.290505
      0.290424
      0.290288
      0.290096
      0.289843
      0.289527
      0.289142
      0.288683
      0.288141
      0.287509
      0.286774
      0.285922
      0.284936
      0.283796
      0.282471
      0.280927
      0.279113
      0.276963
      0.274368
      0.271165
      0.267016
      0.263169
      0.259944
      0.257683
      0.256478
      0.258393
      0.261779
      0.265434
      0.269021
      0.272198
      0.274931
      0.277269
      0.279267
      0.280977
      0.282444
      0.283705
      0.284789
      0.285722
       0.28652
      0.287202
      0.287778
       0.28826
      0.288655
       0.28897
       0.28921
      0.289379
       0.28948
      0.289513
      0.290343
      0.290316
      0.290235
      0.290099
      0.289906
      0.289652
      0.289335
      0.288948
      0.288487
      0.287943
      0.287308
      0.286569
      0.285713
      0.284721
      0.283573
      0.282237
      0.280682
       0.27885
      0.276684
      0.274068
      0.270883
      0.267129
      0.262807
      0.259335
      0.256899
      0.255808
      0.257691
      0.260901
      0.265106
      0.268907
       0.27211
      0.274818
      0.277133
      0.279112
      0.280811
      0.282269
      0.283526
      0.284607
      0.285538
      0.286336
      0.287017
      0.287593
      0.288075
       0.28847
      0.288785
      0.289025
      0.289194
      0.289294
      0.289328
      0.290537
       0.29051
       0.29043
      0.290294
      0.290102
       0.28985
      0.289534
      0.289151
      0.288693
      0.288153
      0.287523
      0.286791
      0.285943
      0.284963
      0.283829
      0.282514
      0.280985
      0.279197
      0.277094
      0.274596
      0.271614
      0.268047
       0.26368
      0.260313
      0.258118
      0.257386
       0.25878
      0.261679
      0.265957
      0.269641
      0.272746
      0.275366
        0.2776
      0.279516
      0.281165
      0.282587
      0.283816
      0.284876
       0.28579
      0.286576
      0.287247
      0.287815
      0.288291
      0.288682
      0.288994
      0.289231
      0.289399
      0.289498
      0.289531
      0.291113
      0.291086
      0.291007
      0.290874
      0.290684
      0.290436
      0.290126
      0.289749
      0.289299
       0.28877
      0.288154
      0.287438
      0.286612
      0.285659
      0.284562
      0.283295
      0.281833
      0.280138
      0.278168
       0.27587
      0.273186
      0.270009
      0.266231
      0.262758
      0.260491
      0.259451
      0.260993
       0.26374
      0.267647
      0.271207
      0.274131
      0.276566
      0.278661
      0.280466
      0.282033
       0.28339
       0.28457
      0.285591
      0.286476
      0.287238
      0.287891
      0.288445
       0.28891
      0.289291
      0.289597
      0.289829
      0.289993
      0.290091
      0.290123
       0.29207
      0.292044
      0.291967
      0.291837
      0.291652
       0.29141
      0.291108
      0.290741
      0.290305
      0.289792
      0.289196
      0.288506
      0.287713
      0.286802
      0.285759
      0.284564
      0.283197
      0.281632
      0.279842
      0.277796
      0.275465
      0.272823
      0.269864
       0.26667
      0.264802
      0.264244
      0.265149
      0.267326
      0.270731
      0.273669
      0.276195
      0.278377
      0.280278
      0.281939
      0.283393
      0.284664
      0.285776
      0.286746
      0.287589
      0.288318
      0.288945
      0.289479
      0.289927
      0.290297
      0.290592
      0.290818
      0.290977
      0.291071
      0.291103
      0.293409
      0.293384
      0.293309
      0.293183
      0.293004
      0.292771
       0.29248
      0.292126
      0.291707
      0.291216
      0.290647
       0.28999
      0.289239
      0.288382
      0.287407
        0.2863
      0.285048
      0.283636
      0.282048
      0.280279
      0.278321
      0.276211
      0.273986
      0.271973
        0.2705
      0.270264
      0.270737
      0.272408
       0.27454
      0.276803
      0.278872
      0.280743
      0.282415
      0.283903
      0.285224
      0.286393
      0.287425
       0.28833
      0.289123
      0.289812
      0.290407
      0.290915
      0.291342
      0.291696
      0.291979
      0.292195
      0.292348
      0.292439
      0.292469
      0.295128
      0.295104
      0.295032
      0.294911
       0.29474
      0.294517
      0.294238
      0.293902
      0.293503
      0.293038
        0.2925
      0.291883
      0.291181
      0.290385
      0.289488
      0.288479
      0.287353
      0.286102
      0.284724
      0.283227
      0.281628
      0.279981
      0.278371
      0.276993
      0.276068
       0.27583
      0.276229
      0.277289
      0.278756
      0.280402
      0.282036
      0.283586
      0.285018
      0.286323
      0.287501
      0.288558
      0.289499
      0.290334
      0.291069
      0.291712
      0.292269
      0.292748
      0.293152
      0.293486
      0.293755
      0.293961
      0.294106
      0.294193
      0.294221
      0.297226
      0.297204
      0.297135
       0.29702
      0.296858
      0.296646
      0.296383
      0.296065
       0.29569
      0.295254
      0.294751
      0.294178
      0.293529
        0.2928
      0.291984
      0.291078
      0.290078
      0.288986
      0.287806
      0.286557
      0.285261
      0.283985
      0.282795
      0.281826
      0.281213
      0.281023
      0.281323
       0.28203
      0.283064
      0.284287
      0.285562
      0.286831
      0.288036
      0.289162
      0.290196
      0.291138
      0.291986
      0.292745
      0.293419
      0.294012
      0.294529
      0.294974
      0.295352
      0.295665
      0.295918
      0.296112
      0.296249
      0.296331
      0.296358
      0.299704
      0.299683
      0.299618
       0.29951
      0.299357
      0.299158
      0.298911
      0.298614
      0.298264
      0.297858
      0.297394
      0.296867
      0.296274
      0.295613
       0.29488
      0.294075
      0.293198
      0.292256
      0.291257
      0.290223
      0.289181
      0.288182
      0.287287
      0.286576
      0.286131
         0.286
      0.286208
       0.28672
      0.287478
        0.2884
      0.289402
      0.290428
      0.291432
       0.29239
      0.293287
      0.294115
       0.29487
      0.295553
      0.296163
      0.296704
      0.297179
       0.29759
       0.29794
      0.298231
      0.298466
      0.298647
      0.298775
      0.298851
      0.298877
       0.30256
       0.30254
       0.30248
      0.302379
      0.302236
       0.30205
      0.301821
      0.301545
      0.301222
      0.300848
      0.300423
      0.299943
      0.299406
      0.298812
       0.29816
      0.297451
      0.296689
      0.295882
      0.295041
      0.294189
      0.293348
      0.292563
      0.291877
      0.291344
      0.291016
      0.290917
       0.29107
      0.291445
      0.292014
       0.29272
      0.293509
       0.29434
      0.295171
      0.295982
      0.296752
      0.297473
      0.298139
      0.298746
      0.299294
      0.299784
      0.300215
      0.300591
      0.300912
       0.30118
      0.301397
      0.301564
      0.301683
      0.301754
      0.301777
      0.305794
      0.305775
      0.305719
      0.305625
      0.305493
      0.305322
       0.30511
      0.304857
       0.30456
      0.304219
      0.303833
      0.303399
      0.302918
      0.302389
      0.301813
      0.301195
      0.300537
       0.29985
      0.299145
      0.298442
      0.297763
      0.297139
      0.296605
      0.296195
      0.295944
       0.29587
      0.295982
      0.296267
      0.296702
      0.297252
       0.29788
      0.298552
      0.299239
      0.299919
      0.300577
        0.3012
      0.301782
      0.302318
      0.302806
      0.303244
      0.303633
      0.303973
      0.304265
       0.30451
      0.304709
      0.304862
      0.304971
      0.305036
      0.305058
      0.309405
      0.309388
      0.309336
       0.30925
      0.309128
      0.308971
      0.308777
      0.308546
      0.308277
      0.307968
       0.30762
      0.307231
      0.306803
      0.306335
      0.305831
      0.305294
      0.304729
      0.304147
      0.303557
      0.302977
      0.302425
      0.301927
      0.301505
      0.301186
      0.300992
      0.300933
      0.301019
      0.301237
      0.301575
      0.302007
      0.302509
      0.303055
      0.303621
      0.304192
       0.30475
      0.305286
      0.305791
       0.30626
      0.306691
      0.307081
      0.307428
      0.307734
      0.307997
      0.308219
      0.308399
      0.308539
      0.308638
      0.308698
      0.308718
      0.313392
      0.313377
       0.31333
      0.313251
       0.31314
      0.312997
      0.312822
      0.312612
      0.312369
      0.312092
      0.311781
      0.311435
      0.311056
      0.310646
      0.310207
      0.309743
      0.309261
      0.308768
      0.308275
      0.307796
      0.307347
      0.306944
      0.306608
      0.306356
      0.306202
      0.306156
      0.306221
      0.306392
      0.306657
      0.307001
      0.307404
      0.307849
      0.308317
      0.308794
      0.309266
      0.309724
       0.31016
      0.310568
      0.310946
       0.31129
      0.311598
      0.311871
      0.312106
      0.312306
      0.312468
      0.312594
      0.312684
      0.312738
      0.312756
      0.317757
      0.317743
        0.3177
      0.317629
      0.317529
        0.3174
      0.317242
      0.317054
      0.316836
      0.316589
      0.316313
      0.316008
      0.315675
      0.315317
      0.314937
      0.314538
      0.314127
      0.313712
        0.3133
      0.312905
      0.312537
      0.312211
      0.311941
      0.311739
      0.311617
      0.311579
       0.31163
      0.311764
      0.311974
      0.312249
      0.312576
      0.312939
      0.313325
      0.313723
      0.314121
      0.314511
      0.314885
      0.315239
      0.315567
      0.315869
       0.31614
      0.316381
      0.316591
      0.316768
      0.316913
      0.317026
      0.317107
      0.317155
      0.317171
      0.322499
      0.322486
      0.322448
      0.322384
      0.322294
      0.322179
      0.322037
       0.32187
      0.321677
      0.321459
      0.321215
      0.320947
      0.320657
      0.320347
       0.32002
      0.319679
      0.319331
      0.318981
      0.318637
       0.31831
      0.318008
      0.317742
      0.317524
      0.317361
      0.317263
      0.317233
      0.317272
      0.317378
      0.317547
      0.317768
      0.318033
       0.31833
       0.31865
      0.318981
      0.319316
      0.319646
      0.319965
      0.320269
      0.320554
      0.320816
      0.321053
      0.321265
      0.321449
      0.321606
      0.321735
      0.321835
      0.321907
       0.32195
      0.321964
      0.327618
      0.327607
      0.327573
      0.327516
      0.327436
      0.327334
      0.327209
      0.327061
      0.326891
        0.3267
      0.326487
      0.326254
      0.326003
      0.325736
      0.325455
      0.325166
      0.324871
      0.324578
      0.324292
      0.324021
      0.323773
      0.323556
      0.323379
      0.323247
      0.323167
      0.323142
      0.323173
      0.323258
      0.323393
      0.323572
      0.323787
      0.324031
      0.324294
       0.32457
       0.32485
      0.325129
        0.3254
       0.32566
      0.325904
      0.326131
      0.326337
      0.326521
      0.326682
       0.32682
      0.326933
      0.327021
      0.327084
      0.327122
      0.327134
      0.333116
      0.333106
      0.333076
      0.333026
      0.332956
      0.332866
      0.332757
      0.332628
       0.33248
      0.332313
      0.332129
      0.331928
      0.331712
      0.331484
      0.331245
         0.331
      0.330753
      0.330508
       0.33027
      0.330046
      0.329843
      0.329666
      0.329521
      0.329414
       0.32935
      0.329329
      0.329353
      0.329421
       0.32953
      0.329675
       0.32985
      0.330049
      0.330266
      0.330495
      0.330728
      0.330962
      0.331191
      0.331411
       0.33162
      0.331814
      0.331991
       0.33215
       0.33229
      0.332409
      0.332507
      0.332584
      0.332639
      0.332672
      0.332683
      0.338994
      0.338986
      0.338959
      0.338916
      0.338855
      0.338777
      0.338682
      0.338571
      0.338443
        0.3383
      0.338142
       0.33797
      0.337787
      0.337593
      0.337392
      0.337187
       0.33698
      0.336776
       0.33658
      0.336396
       0.33623
      0.336085
      0.335968
      0.335881
      0.335829
      0.335812
      0.335831
      0.335885
      0.335973
      0.336089
      0.336232
      0.336394
      0.336572
       0.33676
      0.336954
      0.337149
       0.33734
      0.337526
      0.337702
      0.337867
      0.338018
      0.338154
      0.338273
      0.338376
       0.33846
      0.338526
      0.338574
      0.338602
      0.338612
      0.345254
      0.345247
      0.345224
      0.345187
      0.345135
      0.345068
      0.344987
      0.344892
      0.344784
      0.344662
      0.344529
      0.344384
       0.34423
      0.344068
        0.3439
      0.343729
      0.343559
      0.343391
       0.34323
       0.34308
      0.342944
      0.342827
      0.342732
      0.342662
      0.342619
      0.342605
      0.342621
      0.342664
      0.342734
      0.342828
      0.342943
      0.343075
       0.34322
      0.343373
      0.343533
      0.343693
      0.343852
      0.344006
      0.344154
      0.344291
      0.344418
      0.344533
      0.344634
      0.344721
      0.344793
      0.344849
      0.344889
      0.344914
      0.344922
      0.351898
      0.351892
      0.351873
      0.351842
      0.351798
      0.351742
      0.351674
      0.351595
      0.351504
      0.351403
      0.351291
      0.351172
      0.351044
      0.350911
      0.350773
      0.350633
      0.350494
      0.350358
      0.350227
      0.350106
      0.349997
      0.349903
      0.349827
      0.349771
      0.349737
      0.349726
      0.349737
      0.349772
      0.349827
      0.349902
      0.349994
        0.3501
      0.350216
       0.35034
      0.350469
        0.3506
       0.35073
      0.350856
      0.350977
      0.351091
      0.351196
      0.351291
      0.351375
      0.351447
      0.351507
      0.351554
      0.351588
      0.351608
      0.351615
      0.358928
      0.358923
      0.358908
      0.358882
      0.358846
      0.358801
      0.358745
       0.35868
      0.358607
      0.358524
      0.358434
      0.358337
      0.358234
      0.358127
      0.358016
      0.357904
      0.357793
      0.357685
      0.357581
      0.357485
      0.357399
      0.357325
      0.357265
      0.357221
      0.357194
      0.357185
      0.357194
      0.357221
      0.357264
      0.357323
      0.357395
      0.357478
       0.35757
      0.357669
      0.357771
      0.357875
      0.357979
       0.35808
      0.358177
      0.358269
      0.358354
      0.358431
      0.358499
      0.358557
      0.358606
      0.358644
      0.358671
      0.358688
      0.358694
      0.366348
      0.366344
      0.366332
      0.366312
      0.366284
      0.366248
      0.366204
      0.366153
      0.366095
      0.366031
       0.36596
      0.365885
      0.365804
      0.365721
      0.365635
      0.365549
      0.365463
      0.365379
        0.3653
      0.365226
       0.36516
      0.365104
      0.365058
      0.365024
      0.365004
      0.364997
      0.365003
      0.365024
      0.365057
      0.365101
      0.365156
      0.365219
       0.36529
      0.365365
      0.365444
      0.365524
      0.365604
      0.365683
      0.365758
       0.36583
      0.365895
      0.365955
      0.366009
      0.366054
      0.366093
      0.366122
      0.366144
      0.366157
      0.366161
      0.374161
      0.374158
      0.374149
      0.374134
      0.374114
      0.374087
      0.374055
      0.374017
      0.373974
      0.373927
      0.373875
      0.373819
       0.37376
      0.373699
      0.373636
      0.373573
       0.37351
      0.373449
      0.373392
      0.373338
       0.37329
       0.37325
      0.373216
      0.373192
      0.373177
      0.373172
      0.373177
      0.373191
      0.373215
      0.373247
      0.373287
      0.373333
      0.373384
      0.373439
      0.373496
      0.373554
      0.373613
       0.37367
      0.373725
      0.373777
      0.373826
       0.37387
      0.373909
      0.373943
      0.373971
      0.373993
      0.374009
      0.374018
      0.374022
      0.382371
      0.382369
      0.382363
      0.382354
       0.38234
      0.382322
      0.382301
      0.382276
      0.382248
      0.382217
      0.382182
      0.382146
      0.382107
      0.382067
      0.382026
      0.381984
      0.381944
      0.381904
      0.381866
      0.381831
        0.3818
      0.381774
      0.381752
      0.381736
      0.381727
      0.381723
      0.381726
      0.381736
      0.381751
      0.381772
      0.381798
      0.381827
      0.381861
      0.381896
      0.381934
      0.381972
       0.38201
      0.382047
      0.382084
      0.382118
       0.38215
      0.382179
      0.382204
      0.382227
      0.382245
       0.38226
       0.38227
      0.382276
      0.382278
      0.390983
      0.390982
      0.390979
      0.390974
      0.390967
      0.390958
      0.390948
      0.390935
      0.390921
      0.390906
      0.390889
      0.390871
      0.390852
      0.390832
      0.390811
      0.390791
      0.390771
      0.390751
      0.390732
      0.390715
        0.3907
      0.390687
      0.390676
      0.390669
      0.390664
      0.390662
      0.390664
      0.390668
      0.390676
      0.390686
      0.390699
      0.390713
       0.39073
      0.390747
      0.390766
      0.390784
      0.390803
      0.390822
       0.39084
      0.390857
      0.390872
      0.390887
        0.3909
      0.390911
       0.39092
      0.390927
      0.390932
      0.390935
      0.390936
           0.4
           0.4
           0.4
           0.4
           0.4
           0.4
           0.4
           0.4
           0.4
           0.4
           0.4
           0.4
           0.4
           0.4
           0.4
           0.4
           0.4
           0.4
           0.4
           0.4
           0.4
           0.4
           0.4
           0.4
           0.4
           0.4
           0.4
           0.4
           0.4
           0.4
           0.4
           0.4
           0.4
           0.4
           0.4
           0.4
           0.4
           0.4
           0.4
           0.4
           0.4
           0.4
           0.4
           0.4
           0.4
           0.4
           0.4
           0.4
           0.4
