           0.4
           0.4
           0.4
           0.4
           0.4
           0.4
           0.4
           0.4
           0.4
           0.4
           0.4
           0.4
           0.4
           0.4
           0.4
           0.4
           0.4
           0.4
           0.4
           0.4
           0.4
           0.4
           0.4
           0.4
           0.4
           0.4
           0.4
           0.4
           0.4
           0.4
           0.4
           0.4
           0.4
           0.4
           0.4
           0.4
           0.4
           0.4
           0.4
           0.4
           0.4
           0.4
           0.4
           0.4
           0.4
           0.4
           0.4
           0.4
           0.4
      0.391071
       0.39107
      0.391065
      0.391058
      0.391048
      0.391035
      0.391019
      0.391001
       0.39098
      0.390957
      0.390932
      0.390905
      0.390876
      0.390845
      0.390814
      0.390783
      0.390751
       0.39072
      0.390691
      0.390663
      0.390638
      0.390616
      0.390597
      0.390583
      0.390573
      0.390568
      0.390569
      0.390574
      0.390584
      0.390598
      0.390617
      0.390639
      0.390664
      0.390691
       0.39072
      0.390749
      0.390779
      0.390808
      0.390836
      0.390863
      0.390888
       0.39091
       0.39093
      0.390948
      0.390962
      0.390973
      0.390981
      0.390986
      0.390988
      0.382547
      0.382544
      0.382536
      0.382521
      0.382501
      0.382475
      0.382444
      0.382407
      0.382365
      0.382319
      0.382268
      0.382213
      0.382154
      0.382093
       0.38203
      0.381967
      0.381903
       0.38184
       0.38178
      0.381724
      0.381673
      0.381628
       0.38159
      0.381561
      0.381542
      0.381532
      0.381532
      0.381543
      0.381563
      0.381593
      0.381631
      0.381676
      0.381726
      0.381781
       0.38184
      0.381899
      0.381959
      0.382018
      0.382075
      0.382129
      0.382179
      0.382225
      0.382265
        0.3823
      0.382329
      0.382352
      0.382368
      0.382378
      0.382381
      0.374424
       0.37442
      0.374406
      0.374384
      0.374354
      0.374315
      0.374267
      0.374212
      0.374148
      0.374078
         0.374
      0.373917
      0.373828
      0.373735
      0.373639
      0.373542
      0.373444
      0.373348
      0.373256
       0.37317
      0.373091
      0.373022
      0.372964
      0.372919
      0.372889
      0.372874
      0.372875
      0.372891
      0.372923
      0.372969
      0.373027
      0.373096
      0.373174
      0.373259
      0.373348
       0.37344
      0.373532
      0.373622
      0.373709
      0.373791
      0.373867
      0.373936
      0.373998
      0.374051
      0.374095
       0.37413
      0.374155
       0.37417
      0.374175
      0.366696
       0.36669
      0.366672
      0.366642
      0.366601
      0.366548
      0.366484
      0.366409
      0.366324
      0.366228
      0.366123
       0.36601
      0.365889
      0.365763
      0.365632
      0.365499
      0.365365
      0.365234
      0.365107
      0.364988
       0.36488
      0.364784
      0.364704
      0.364642
        0.3646
      0.364579
       0.36458
      0.364603
      0.364647
      0.364711
      0.364792
      0.364888
      0.364996
      0.365113
      0.365236
      0.365361
      0.365487
      0.365611
      0.365729
      0.365842
      0.365946
       0.36604
      0.366123
      0.366195
      0.366255
      0.366302
      0.366336
      0.366356
      0.366363
      0.359358
      0.359351
      0.359328
      0.359291
      0.359239
      0.359172
      0.359091
      0.358995
      0.358886
      0.358765
      0.358631
      0.358486
      0.358332
       0.35817
      0.358001
       0.35783
      0.357657
      0.357487
      0.357322
      0.357167
      0.357025
        0.3569
      0.356795
      0.356713
      0.356658
       0.35663
      0.356632
      0.356662
       0.35672
      0.356804
      0.356911
      0.357037
      0.357178
      0.357331
      0.357491
      0.357655
      0.357818
      0.357978
      0.358131
      0.358275
      0.358409
       0.35853
      0.358636
      0.358728
      0.358804
      0.358864
      0.358907
      0.358933
      0.358942
      0.352408
      0.352399
      0.352371
      0.352326
      0.352262
      0.352181
      0.352081
      0.351965
      0.351831
      0.351682
      0.351518
       0.35134
      0.351149
      0.350948
      0.350739
      0.350526
       0.35031
      0.350097
       0.34989
      0.349694
      0.349514
      0.349355
      0.349221
      0.349117
      0.349046
      0.349011
      0.349013
      0.349052
      0.349126
      0.349233
       0.34937
       0.34953
       0.34971
      0.349904
      0.350106
      0.350312
      0.350516
      0.350716
      0.350907
      0.351086
      0.351251
        0.3514
      0.351532
      0.351645
      0.351739
      0.351812
      0.351865
      0.351897
      0.351907
      0.345841
       0.34583
      0.345797
      0.345743
      0.345668
      0.345571
      0.345453
      0.345314
      0.345155
      0.344977
       0.34478
      0.344565
      0.344336
      0.344093
       0.34384
      0.343579
      0.343316
      0.343054
      0.342799
      0.342557
      0.342333
      0.342135
      0.341967
      0.341836
      0.341747
      0.341703
      0.341705
      0.341754
      0.341848
      0.341983
      0.342154
      0.342355
       0.34258
      0.342821
      0.343071
      0.343325
      0.343576
      0.343819
      0.344052
      0.344269
      0.344469
      0.344649
      0.344807
      0.344943
      0.345055
      0.345142
      0.345205
      0.345243
      0.345256
      0.339654
      0.339642
      0.339604
      0.339541
      0.339453
       0.33934
      0.339202
       0.33904
      0.338854
      0.338644
      0.338412
       0.33816
      0.337887
      0.337599
      0.337296
      0.336985
      0.336667
      0.336351
       0.33604
      0.335744
       0.33547
      0.335224
      0.335017
      0.334854
      0.334742
      0.334686
      0.334689
       0.33475
      0.334867
      0.335036
      0.335249
      0.335499
      0.335776
      0.336072
      0.336377
      0.336686
      0.336989
      0.337283
      0.337561
       0.33782
      0.338057
      0.338271
      0.338458
      0.338618
      0.338749
      0.338852
      0.338926
      0.338971
      0.338985
      0.333845
      0.333831
      0.333788
      0.333716
      0.333615
      0.333486
      0.333327
       0.33314
      0.332925
      0.332683
      0.332413
      0.332119
      0.331801
      0.331462
      0.331105
      0.330735
      0.330357
      0.329978
      0.329604
      0.329245
      0.328909
      0.328608
      0.328351
      0.328149
       0.32801
      0.327939
      0.327942
      0.328018
      0.328164
      0.328374
      0.328639
      0.328947
      0.329287
      0.329648
      0.330019
       0.33039
      0.330753
      0.331102
      0.331432
      0.331737
      0.332015
      0.332264
      0.332482
      0.332668
      0.332821
       0.33294
      0.333025
      0.333076
      0.333093
      0.328413
      0.328397
      0.328348
      0.328266
      0.328152
      0.328005
      0.327825
      0.327613
      0.327367
       0.32709
       0.32678
      0.326441
      0.326073
      0.325679
      0.325262
      0.324827
       0.32438
      0.323928
       0.32348
      0.323047
      0.322639
       0.32227
      0.321953
      0.321702
      0.321527
      0.321438
      0.321441
      0.321535
      0.321718
      0.321979
      0.322307
      0.322687
      0.323103
      0.323541
      0.323988
      0.324432
      0.324863
      0.325275
      0.325661
      0.326017
       0.32634
      0.326628
      0.326879
      0.327092
      0.327267
      0.327403
        0.3275
      0.327559
      0.327578
      0.323355
      0.323337
      0.323282
      0.323191
      0.323063
      0.322898
      0.322696
      0.322456
      0.322179
      0.321864
      0.321512
      0.321125
      0.320702
      0.320248
      0.319764
      0.319257
      0.318732
      0.318197
      0.317662
       0.31714
      0.316645
      0.316193
      0.315801
      0.315487
      0.315267
      0.315154
      0.315156
      0.315273
      0.315501
      0.315828
      0.316236
      0.316704
      0.317214
      0.317745
      0.318281
      0.318809
      0.319318
        0.3198
      0.320249
      0.320661
      0.321032
      0.321361
      0.321647
      0.321889
      0.322088
      0.322242
      0.322351
      0.322417
      0.322439
       0.31867
       0.31865
       0.31859
      0.318488
      0.318346
      0.318163
      0.317938
       0.31767
      0.317359
      0.317006
      0.316609
       0.31617
      0.315689
      0.315169
      0.314612
      0.314024
       0.31341
      0.312779
      0.312143
      0.311516
      0.310915
       0.31036
      0.309874
       0.30948
      0.309201
      0.309053
      0.309053
      0.309199
      0.309488
      0.309898
      0.310407
      0.310988
      0.311611
      0.312254
      0.312896
      0.313521
      0.314118
      0.314679
      0.315196
      0.315668
      0.316091
      0.316464
      0.316787
       0.31706
      0.317282
      0.317455
      0.317578
      0.317651
      0.317676
      0.314359
      0.314336
       0.31427
      0.314159
      0.314002
        0.3138
      0.313551
      0.313255
       0.31291
      0.312516
      0.312073
      0.311579
      0.311036
      0.310445
      0.309807
      0.309129
      0.308415
      0.307675
       0.30692
      0.306168
      0.305437
      0.304755
      0.304148
      0.303648
      0.303288
      0.303095
      0.303087
      0.303271
      0.303638
      0.304161
      0.304803
      0.305526
      0.306291
      0.307068
      0.307834
      0.308571
      0.309266
      0.309913
      0.310506
      0.311042
       0.31152
      0.311939
      0.312301
      0.312605
      0.312852
      0.313044
       0.31318
      0.313261
      0.313288
      0.310419
      0.310395
      0.310323
      0.310202
      0.310031
       0.30981
      0.309538
      0.309212
      0.308832
      0.308397
      0.307904
      0.307354
      0.306745
      0.306078
      0.305353
      0.304575
      0.303749
      0.302884
      0.301991
      0.301091
      0.300202
       0.29936
      0.298597
      0.297959
       0.29749
      0.297228
       0.29721
      0.297438
      0.297914
      0.298587
      0.299404
       0.30031
       0.30125
       0.30219
      0.303099
      0.303963
      0.304768
      0.305509
      0.306182
      0.306786
      0.307321
      0.307789
       0.30819
      0.308526
      0.308798
      0.309009
      0.309158
      0.309248
      0.309277
      0.306853
      0.306827
      0.306749
      0.306618
      0.306433
      0.306193
      0.305897
      0.305543
      0.305128
      0.304651
      0.304109
        0.3035
      0.302822
      0.302074
      0.301257
      0.300371
      0.299421
      0.298415
      0.297364
      0.296286
      0.295207
      0.294163
      0.293198
      0.292371
      0.291747
      0.291385
      0.291336
      0.291626
      0.292254
      0.293142
      0.294199
      0.295342
        0.2965
      0.297631
      0.298706
       0.29971
      0.300634
      0.301475
      0.302232
      0.302907
        0.3035
      0.304016
      0.304457
      0.304825
      0.305122
      0.305352
      0.305514
      0.305612
      0.305644
       0.30366
      0.303632
      0.303548
      0.303408
      0.303209
      0.302952
      0.302632
       0.30225
        0.3018
      0.301281
      0.300689
      0.300021
      0.299273
      0.298442
      0.297526
      0.296526
       0.29544
      0.294277
      0.293044
      0.291762
      0.290452
      0.289158
      0.287925
      0.286843
      0.286002
      0.285486
      0.285382
      0.285736
      0.286594
      0.287794
      0.289175
      0.290631
      0.292053
       0.29341
      0.294669
      0.295827
      0.296877
      0.297822
      0.298665
       0.29941
      0.300062
      0.300626
      0.301105
      0.301505
      0.301827
      0.302074
       0.30225
      0.302354
      0.302389
       0.30084
      0.300811
      0.300722
      0.300572
      0.300361
      0.300086
      0.299745
      0.299335
      0.298852
      0.298293
      0.297653
      0.296926
      0.296108
      0.295193
      0.294177
      0.293055
      0.291826
      0.290491
      0.289057
      0.287537
      0.285956
      0.284352
      0.282779
      0.281327
      0.280123
      0.279423
      0.279222
       0.27959
      0.280793
      0.282519
      0.284379
      0.286218
      0.287955
       0.28956
      0.291019
      0.292336
      0.293514
      0.294563
      0.295491
      0.296305
      0.297014
      0.297623
       0.29814
      0.298569
      0.298914
      0.299179
      0.299366
      0.299478
      0.299515
      0.298396
      0.298364
       0.29827
      0.298112
      0.297889
      0.297599
      0.297238
      0.296802
      0.296289
      0.295691
      0.295005
      0.294222
      0.293336
      0.292339
      0.291222
      0.289978
      0.288598
      0.287082
      0.285424
       0.28364
      0.281741
      0.279768
      0.277762
      0.275806
      0.273982
      0.273099
      0.272728
      0.272849
       0.27471
      0.277357
      0.279855
      0.282167
      0.284254
      0.286125
      0.287787
      0.289261
      0.290565
      0.291713
      0.292721
        0.2936
      0.294361
      0.295014
      0.295564
       0.29602
      0.296386
      0.296667
      0.296865
      0.296983
      0.297022
      0.296326
      0.296293
      0.296195
       0.29603
      0.295796
      0.295492
      0.295112
      0.294654
      0.294113
      0.293481
      0.292753
      0.291918
      0.290969
      0.289894
      0.288681
      0.287317
      0.285788
      0.284084
      0.282193
      0.280118
      0.277865
      0.275465
      0.272956
      0.270387
      0.267654
      0.266493
       0.26685
      0.267127
      0.269138
      0.272584
      0.275771
      0.278592
       0.28104
      0.283162
      0.285014
      0.286633
       0.28805
      0.289288
      0.290368
      0.291305
      0.292112
      0.292802
      0.293383
      0.293862
      0.294247
      0.294541
      0.294749
      0.294872
      0.294913
      0.294633
      0.294599
      0.294497
      0.294325
      0.294083
      0.293766
      0.293372
      0.292895
      0.292329
      0.291668
      0.290903
      0.290024
      0.289019
      0.287874
      0.286574
      0.285099
      0.283428
       0.28154
      0.279409
      0.277028
      0.274386
      0.271514
      0.268443
      0.265362
      0.262457
      0.261059
      0.261272
      0.262368
      0.264854
      0.268303
      0.272291
      0.275639
      0.278408
      0.280731
      0.282739
      0.284478
       0.28599
      0.287303
      0.288443
      0.289427
      0.290274
      0.290994
        0.2916
      0.292098
      0.292498
      0.292803
      0.293019
      0.293147
      0.293189
      0.293316
      0.293281
      0.293176
         0.293
      0.292751
      0.292425
      0.292018
      0.291526
      0.290942
      0.290257
      0.289463
      0.288547
      0.287497
      0.286296
      0.284922
      0.283353
      0.281558
      0.279503
      0.277148
      0.274452
      0.271391
         0.268
      0.264322
      0.260385
       0.25772
      0.256649
      0.257122
       0.25887
      0.261885
        0.2662
       0.27011
      0.273508
      0.276404
      0.278872
      0.280991
      0.282819
      0.284401
       0.28577
      0.286954
      0.287974
       0.28885
      0.289593
      0.290217
      0.290731
      0.291142
      0.291456
      0.291677
      0.291808
      0.291852
      0.292377
      0.292342
      0.292235
      0.292056
      0.291801
      0.291469
      0.291054
      0.290551
      0.289953
      0.289252
      0.288438
      0.287497
      0.286415
      0.285172
      0.283746
      0.282106
      0.280219
      0.278029
      0.275483
      0.272493
      0.268971
      0.265007
      0.260689
       0.25677
      0.253992
      0.253287
      0.254295
      0.256719
      0.260266
      0.264729
      0.268676
      0.272122
       0.27508
      0.277616
      0.279798
      0.281675
      0.283298
      0.284699
      0.285911
      0.286953
      0.287846
      0.288603
      0.289239
      0.289762
       0.29018
      0.290499
      0.290724
      0.290857
      0.290902
      0.291816
       0.29178
      0.291673
      0.291491
      0.291235
      0.290899
      0.290479
      0.289971
      0.289366
      0.288656
      0.287831
      0.286876
      0.285777
      0.284513
      0.283058
      0.281381
       0.27944
      0.277175
       0.27451
      0.271315
      0.267428
      0.262603
      0.258333
      0.254611
      0.251474
      0.250773
      0.252771
      0.256042
      0.259305
      0.264003
      0.268017
      0.271467
      0.274429
      0.276972
      0.279163
      0.281052
      0.282685
      0.284096
      0.285315
      0.286364
      0.287263
      0.288026
      0.288666
      0.289192
      0.289613
      0.289934
       0.29016
      0.290295
      0.290339
      0.291634
      0.291598
       0.29149
      0.291309
      0.291052
      0.290715
      0.290296
      0.289787
      0.289182
      0.288471
      0.287646
      0.286691
      0.285592
      0.284326
      0.282872
      0.281193
      0.279253
      0.276985
      0.274323
       0.27108
      0.267066
       0.26231
      0.258051
      0.254448
      0.251655
       0.25068
      0.252531
      0.255593
      0.259536
      0.264191
      0.268159
      0.271544
      0.274446
      0.276938
      0.279092
      0.280952
      0.282565
      0.283961
       0.28517
      0.286211
      0.287104
      0.287862
      0.288499
      0.289023
      0.289442
      0.289761
      0.289987
      0.290121
      0.290165
      0.291829
      0.291794
      0.291687
      0.291507
      0.291252
      0.290919
      0.290503
      0.289999
        0.2894
      0.288697
      0.287881
      0.286939
      0.285855
      0.284611
      0.283183
      0.281541
      0.279648
      0.277452
       0.27489
      0.271867
        0.2683
      0.264185
      0.259599
      0.256058
      0.253681
      0.252882
       0.25417
      0.256852
      0.260618
      0.265298
      0.269124
       0.27235
      0.275115
      0.277501
       0.27957
      0.281368
      0.282932
      0.284292
      0.285471
       0.28649
      0.287366
      0.288111
      0.288736
      0.289252
      0.289665
       0.28998
      0.290202
      0.290335
      0.290379
      0.292403
      0.292368
      0.292263
      0.292086
      0.291836
      0.291508
        0.2911
      0.290606
       0.29002
      0.289333
      0.288537
      0.287619
      0.286567
      0.285363
      0.283988
      0.282415
      0.280616
      0.278551
      0.276178
      0.273452
      0.270329
      0.266772
      0.262743
      0.259102
      0.256707
      0.255564
      0.256993
      0.259633
      0.263431
      0.267497
      0.270934
      0.273867
      0.276418
       0.27864
      0.280586
      0.282288
      0.283779
       0.28508
      0.286215
      0.287199
      0.288046
      0.288769
      0.289378
       0.28988
      0.290282
       0.29059
      0.290807
      0.290936
      0.290979
      0.293354
       0.29332
      0.293217
      0.293045
      0.292801
      0.292483
      0.292086
      0.291607
      0.291039
      0.290375
      0.289607
      0.288725
      0.287718
      0.286571
      0.285269
      0.283792
      0.282119
      0.280227
      0.278091
      0.275693
      0.273019
      0.270077
      0.266891
      0.263537
      0.261547
      0.260899
      0.261741
      0.263893
      0.267353
      0.270567
      0.273452
      0.276019
      0.278298
      0.280318
      0.282109
      0.283691
      0.285088
      0.286316
      0.287392
       0.28833
       0.28914
      0.289834
      0.290419
      0.290903
      0.291291
      0.291588
      0.291798
      0.291923
      0.291965
      0.294682
      0.294649
       0.29455
      0.294383
      0.294148
      0.293841
      0.293459
      0.292998
      0.292454
      0.291819
      0.291087
       0.29025
      0.289298
      0.288221
      0.287008
      0.285644
      0.284118
      0.282418
      0.280534
      0.278471
      0.276234
      0.273878
      0.271455
       0.26929
      0.267709
      0.267399
      0.267839
      0.269532
      0.271767
      0.274215
      0.276543
      0.278716
      0.280698
      0.282495
       0.28411
      0.285556
      0.286845
      0.287987
      0.288994
      0.289876
      0.290642
        0.2913
      0.291857
      0.292319
       0.29269
      0.292975
      0.293176
      0.293296
      0.293336
      0.296385
      0.296354
      0.296259
        0.2961
      0.295874
      0.295581
      0.295217
      0.294778
      0.294261
       0.29366
       0.29297
      0.292184
      0.291296
      0.290298
      0.289182
      0.287942
      0.286572
      0.285069
      0.283436
       0.28169
      0.279858
      0.278004
      0.276223
      0.274711
      0.273692
      0.273397
      0.273781
      0.274876
      0.276438
      0.278237
      0.280077
      0.281868
      0.283557
      0.285123
      0.286556
      0.287857
       0.28903
      0.290078
      0.291009
       0.29183
      0.292546
      0.293164
      0.293688
      0.294124
      0.294476
      0.294746
      0.294937
      0.295051
      0.295089
      0.298464
      0.298434
      0.298344
      0.298192
      0.297979
      0.297701
      0.297357
      0.296943
      0.296456
      0.295893
      0.295249
      0.294519
      0.293699
      0.292785
      0.291771
      0.290657
       0.28944
      0.288128
      0.286728
      0.285267
      0.283773
      0.282321
      0.280984
        0.2799
      0.279207
      0.278973
      0.279268
      0.280013
      0.281131
      0.282483
      0.283926
      0.285392
       0.28681
      0.288159
      0.289414
       0.29057
      0.291623
      0.292575
      0.293427
      0.294182
      0.294845
      0.295419
      0.295908
      0.296316
      0.296646
        0.2969
       0.29708
      0.297187
      0.297222
      0.300916
      0.300888
      0.300803
       0.30066
      0.300459
      0.300198
      0.299876
      0.299489
      0.299035
      0.298512
      0.297916
      0.297245
      0.296496
      0.295667
      0.294756
      0.293764
      0.292696
      0.291561
      0.290371
      0.289154
      0.287943
      0.286795
      0.285773
      0.284965
      0.284452
      0.284286
      0.284494
      0.285042
      0.285874
      0.286905
      0.288047
      0.289237
      0.290421
      0.291569
      0.292657
      0.293673
       0.29461
      0.295464
      0.296235
      0.296924
      0.297531
       0.29806
      0.298512
      0.298891
      0.299197
      0.299434
      0.299602
      0.299702
      0.299735
      0.303742
      0.303715
      0.303636
      0.303502
      0.303315
      0.303072
      0.302772
      0.302413
      0.301993
      0.301512
      0.300966
      0.300354
      0.299675
      0.298929
      0.298117
      0.297243
      0.296311
      0.295335
      0.294328
      0.293318
      0.292332
      0.291419
      0.290626
      0.290009
      0.289624
      0.289497
      0.289652
      0.290061
      0.290693
      0.291492
        0.2924
      0.293369
      0.294353
      0.295325
      0.296261
      0.297147
      0.297973
      0.298733
      0.299425
      0.300047
      0.300599
      0.301082
      0.301497
      0.301845
      0.302127
      0.302346
      0.302501
      0.302594
      0.302625
      0.306939
      0.306914
      0.306841
      0.306717
      0.306543
      0.306319
      0.306042
      0.305712
      0.305327
      0.304887
      0.304391
      0.303838
      0.303228
      0.302562
      0.301844
      0.301078
      0.300271
      0.299436
      0.298587
      0.297747
      0.296942
      0.296208
      0.295582
      0.295102
      0.294803
      0.294706
      0.294821
      0.295136
      0.295626
      0.296255
      0.296983
      0.297773
       0.29859
       0.29941
      0.300211
      0.300978
      0.301701
      0.302372
      0.302988
      0.303545
      0.304043
       0.30448
      0.304857
      0.305175
      0.305433
      0.305633
      0.305776
      0.305861
       0.30589
      0.310508
      0.310485
      0.310417
      0.310304
      0.310144
      0.309938
      0.309685
      0.309383
      0.309033
      0.308635
      0.308187
       0.30769
      0.307146
      0.306556
      0.305925
      0.305257
      0.304561
      0.303849
      0.303133
      0.302435
      0.301776
      0.301182
      0.300682
      0.300302
      0.300068
       0.29999
       0.30008
      0.300323
      0.300709
      0.301209
      0.301796
      0.302443
      0.303121
      0.303811
      0.304493
      0.305154
      0.305783
      0.306372
      0.306917
      0.307413
      0.307857
      0.308251
      0.308591
      0.308878
      0.309113
      0.309295
      0.309425
      0.309502
      0.309528
      0.314448
      0.314427
      0.314365
      0.314261
      0.314116
      0.313928
      0.313698
      0.313425
      0.313109
      0.312751
      0.312349
      0.311907
      0.311424
      0.310905
      0.310353
      0.309775
      0.309177
      0.308571
      0.307968
      0.307387
      0.306844
       0.30636
      0.305956
      0.305652
      0.305465
      0.305403
      0.305472
      0.305665
      0.305971
      0.306373
       0.30685
       0.30738
      0.307945
      0.308524
      0.309104
      0.309671
      0.310215
      0.310729
      0.311206
      0.311644
       0.31204
       0.31239
      0.312695
      0.312953
      0.313164
      0.313329
      0.313446
      0.313516
       0.31354
      0.318759
       0.31874
      0.318684
       0.31859
      0.318458
      0.318289
      0.318082
      0.317836
      0.317553
      0.317233
      0.316876
      0.316484
      0.316059
      0.315605
      0.315125
      0.314626
      0.314114
      0.313599
      0.313093
      0.312608
       0.31216
      0.311763
      0.311436
       0.31119
      0.311039
      0.310988
      0.311042
      0.311195
      0.311441
      0.311766
      0.312155
      0.312592
      0.313061
      0.313547
      0.314038
      0.314522
      0.314991
      0.315436
      0.315853
      0.316238
      0.316586
      0.316897
      0.317168
      0.317398
      0.317587
      0.317734
      0.317839
      0.317902
      0.317923
      0.323441
      0.323424
      0.323374
       0.32329
      0.323172
       0.32302
      0.322834
      0.322616
      0.322364
       0.32208
      0.321765
      0.321421
      0.321049
      0.320654
      0.320239
       0.31981
      0.319373
      0.318937
      0.318512
      0.318107
      0.317736
      0.317411
      0.317142
      0.316942
      0.316819
      0.316778
       0.31682
      0.316943
      0.317142
      0.317406
      0.317724
      0.318084
      0.318474
      0.318882
      0.319297
      0.319709
       0.32011
      0.320494
      0.320856
      0.321191
      0.321496
      0.321769
      0.322008
      0.322212
      0.322379
       0.32251
      0.322603
       0.32266
      0.322678
      0.328496
      0.328481
      0.328436
      0.328361
      0.328256
      0.328121
      0.327957
      0.327764
      0.327542
      0.327292
      0.327016
      0.326716
      0.326393
      0.326051
      0.325694
      0.325328
      0.324957
      0.324589
      0.324232
      0.323895
      0.323588
      0.323319
        0.3231
      0.322936
      0.322835
      0.322801
      0.322835
      0.322934
      0.323095
      0.323309
       0.32357
      0.323868
      0.324192
      0.324533
      0.324882
      0.325231
      0.325573
      0.325902
      0.326214
      0.326504
      0.326769
      0.327007
      0.327216
      0.327395
      0.327542
      0.327657
      0.327739
      0.327789
      0.327806
      0.333924
       0.33391
      0.333871
      0.333805
      0.333712
      0.333594
       0.33345
       0.33328
      0.333087
      0.332869
       0.33263
       0.33237
      0.332092
      0.331799
      0.331494
      0.331183
      0.330869
       0.33056
      0.330261
      0.329981
      0.329727
      0.329506
      0.329325
      0.329191
      0.329109
       0.32908
      0.329107
      0.329187
      0.329318
      0.329493
      0.329707
      0.329952
       0.33022
      0.330504
      0.330797
      0.331091
      0.331381
      0.331661
      0.331928
      0.332177
      0.332405
      0.332611
      0.332792
      0.332947
      0.333075
      0.333176
      0.333248
      0.333291
      0.333306
      0.339726
      0.339715
       0.33968
      0.339623
      0.339542
       0.33944
      0.339315
      0.339168
      0.339001
      0.338813
      0.338607
      0.338385
      0.338148
      0.337899
      0.337641
      0.337378
      0.337115
      0.336857
      0.336609
      0.336377
      0.336167
      0.335986
      0.335838
      0.335728
      0.335661
      0.335637
      0.335658
      0.335723
      0.335828
      0.335971
      0.336146
      0.336347
      0.336568
      0.336804
      0.337047
      0.337294
      0.337537
      0.337774
      0.337999
      0.338211
      0.338406
      0.338582
      0.338737
      0.338871
      0.338981
      0.339068
       0.33913
      0.339168
       0.33918
      0.345906
      0.345896
      0.345866
      0.345817
      0.345748
       0.34566
      0.345553
      0.345428
      0.345286
      0.345127
      0.344952
      0.344764
      0.344564
      0.344355
      0.344139
       0.34392
      0.343701
      0.343488
      0.343283
      0.343093
      0.342921
      0.342773
      0.342652
      0.342563
      0.342508
      0.342488
      0.342505
      0.342557
      0.342642
      0.342758
        0.3429
      0.343064
      0.343245
      0.343439
       0.34364
      0.343843
      0.344046
      0.344243
      0.344432
       0.34461
      0.344774
      0.344923
      0.345055
      0.345168
      0.345262
      0.345335
      0.345388
       0.34542
      0.345431
      0.352465
      0.352457
      0.352432
       0.35239
      0.352333
      0.352259
      0.352169
      0.352064
      0.351945
      0.351812
      0.351667
       0.35151
      0.351345
      0.351172
      0.350994
      0.350814
      0.350635
      0.350461
      0.350294
       0.35014
      0.350001
      0.349881
      0.349784
      0.349712
      0.349668
      0.349652
      0.349665
      0.349706
      0.349775
      0.349867
      0.349981
      0.350113
       0.35026
      0.350417
       0.35058
      0.350747
      0.350912
      0.351075
       0.35123
      0.351377
      0.351513
      0.351637
      0.351746
      0.351841
      0.351919
       0.35198
      0.352024
      0.352051
       0.35206
      0.359407
        0.3594
       0.35938
      0.359346
      0.359299
      0.359238
      0.359165
      0.359079
      0.358982
      0.358874
      0.358756
      0.358629
      0.358495
      0.358355
      0.358212
      0.358067
      0.357924
      0.357785
      0.357652
      0.357529
      0.357419
      0.357324
      0.357247
       0.35719
      0.357155
      0.357143
      0.357153
      0.357185
      0.357238
      0.357311
      0.357401
      0.357506
      0.357622
      0.357747
      0.357877
       0.35801
      0.358143
      0.358273
      0.358398
      0.358517
      0.358627
      0.358727
      0.358816
      0.358892
      0.358956
      0.359006
      0.359042
      0.359064
      0.359071
      0.366736
       0.36673
      0.366714
      0.366687
       0.36665
      0.366602
      0.366544
      0.366477
      0.366401
      0.366316
      0.366223
      0.366124
       0.36602
      0.365911
      0.365799
      0.365687
      0.365576
      0.365469
      0.365366
      0.365272
      0.365187
      0.365114
      0.365055
      0.365012
      0.364985
      0.364975
      0.364982
      0.365007
      0.365048
      0.365103
      0.365172
      0.365252
      0.365341
      0.365437
      0.365538
       0.36564
      0.365743
      0.365844
      0.365942
      0.366034
       0.36612
      0.366198
      0.366268
      0.366328
      0.366377
      0.366417
      0.366445
      0.366462
      0.366468
      0.374454
       0.37445
      0.374438
      0.374418
      0.374391
      0.374355
      0.374313
      0.374263
      0.374206
      0.374144
      0.374075
      0.374002
      0.373925
      0.373846
      0.373764
      0.373682
      0.373601
      0.373522
      0.373447
      0.373379
      0.373317
      0.373264
      0.373221
       0.37319
       0.37317
      0.373163
      0.373168
      0.373186
      0.373215
      0.373256
      0.373305
      0.373364
      0.373428
      0.373498
      0.373571
      0.373646
      0.373721
      0.373795
      0.373867
      0.373935
      0.373998
      0.374055
      0.374106
      0.374151
      0.374187
      0.374216
      0.374237
       0.37425
      0.374254
      0.382568
      0.382565
      0.382557
      0.382544
      0.382526
      0.382502
      0.382474
      0.382441
      0.382404
      0.382363
      0.382318
       0.38227
      0.382219
      0.382167
      0.382113
      0.382059
      0.382006
      0.381955
      0.381906
      0.381861
      0.381821
      0.381787
      0.381759
      0.381738
      0.381725
      0.381721
      0.381724
      0.381736
      0.381755
      0.381781
      0.381813
      0.381851
      0.381893
      0.381939
      0.381986
      0.382035
      0.382085
      0.382133
       0.38218
      0.382224
      0.382266
      0.382304
      0.382337
      0.382366
      0.382391
       0.38241
      0.382424
      0.382432
      0.382435
      0.391081
       0.39108
      0.391076
      0.391069
       0.39106
      0.391049
      0.391035
      0.391018
         0.391
      0.390979
      0.390957
      0.390933
      0.390908
      0.390882
      0.390856
      0.390829
      0.390803
      0.390777
      0.390753
      0.390731
      0.390711
      0.390694
      0.390681
       0.39067
      0.390664
      0.390662
      0.390663
      0.390669
      0.390678
      0.390691
      0.390707
      0.390726
      0.390747
      0.390769
      0.390793
      0.390817
      0.390841
      0.390865
      0.390888
       0.39091
      0.390931
       0.39095
      0.390966
      0.390981
      0.390993
      0.391002
      0.391009
      0.391013
      0.391015
           0.4
           0.4
           0.4
           0.4
           0.4
           0.4
           0.4
           0.4
           0.4
           0.4
           0.4
           0.4
           0.4
           0.4
           0.4
           0.4
           0.4
           0.4
           0.4
           0.4
           0.4
           0.4
           0.4
           0.4
           0.4
           0.4
           0.4
           0.4
           0.4
           0.4
           0.4
           0.4
           0.4
           0.4
           0.4
           0.4
           0.4
           0.4
           0.4
           0.4
           0.4
           0.4
           0.4
           0.4
           0.4
           0.4
           0.4
           0.4
           0.4
