           0.4
           0.4
           0.4
           0.4
           0.4
           0.4
           0.4
           0.4
           0.4
           0.4
           0.4
           0.4
           0.4
           0.4
           0.4
           0.4
           0.4
           0.4
           0.4
           0.4
           0.4
           0.4
           0.4
           0.4
           0.4
           0.4
           0.4
           0.4
           0.4
           0.4
           0.4
           0.4
           0.4
           0.4
           0.4
           0.4
           0.4
           0.4
           0.4
           0.4
           0.4
           0.4
           0.4
           0.4
           0.4
           0.4
           0.4
           0.4
           0.4
      0.391072
       0.39107
      0.391064
      0.391055
      0.391043
      0.391027
      0.391008
      0.390985
       0.39096
      0.390931
        0.3909
      0.390867
      0.390831
      0.390794
      0.390756
      0.390717
      0.390678
       0.39064
      0.390603
      0.390569
      0.390538
       0.39051
      0.390487
      0.390468
      0.390455
      0.390449
      0.390448
      0.390453
      0.390464
      0.390481
      0.390502
      0.390528
      0.390558
       0.39059
      0.390625
       0.39066
      0.390696
      0.390732
      0.390766
      0.390799
       0.39083
      0.390858
      0.390882
      0.390904
      0.390922
      0.390936
      0.390946
      0.390952
      0.390954
      0.382549
      0.382545
      0.382534
      0.382516
      0.382491
      0.382459
      0.382421
      0.382375
      0.382324
      0.382267
      0.382204
      0.382136
      0.382065
       0.38199
      0.381913
      0.381834
      0.381756
      0.381679
      0.381605
      0.381535
      0.381472
      0.381416
      0.381368
      0.381331
      0.381305
      0.381291
      0.381289
        0.3813
      0.381322
      0.381356
        0.3814
      0.381453
      0.381513
      0.381579
      0.381649
      0.381721
      0.381794
      0.381865
      0.381935
      0.382001
      0.382063
      0.382119
      0.382169
      0.382212
      0.382248
      0.382277
      0.382297
      0.382309
      0.382313
      0.374425
       0.37442
      0.374404
      0.374377
      0.374339
      0.374291
      0.374232
      0.374164
      0.374086
      0.373999
      0.373904
      0.373802
      0.373693
       0.37358
      0.373462
      0.373343
      0.373223
      0.373106
      0.372992
      0.372886
      0.372788
      0.372702
      0.372629
      0.372572
      0.372532
       0.37251
      0.372507
      0.372524
      0.372558
       0.37261
      0.372678
      0.372759
      0.372852
      0.372953
       0.37306
      0.373171
      0.373282
      0.373392
      0.373498
      0.373599
      0.373692
      0.373778
      0.373854
      0.373919
      0.373974
      0.374017
      0.374048
      0.374067
      0.374073
      0.366697
       0.36669
      0.366668
      0.366632
      0.366581
      0.366516
      0.366437
      0.366345
       0.36624
      0.366123
      0.365995
      0.365856
      0.365709
      0.365555
      0.365395
      0.365232
      0.365069
      0.364909
      0.364753
      0.364607
      0.364473
      0.364354
      0.364253
      0.364174
      0.364119
      0.364089
      0.364085
      0.364107
      0.364156
      0.364228
      0.364321
      0.364434
      0.364561
      0.364701
      0.364848
         0.365
      0.365152
      0.365302
      0.365447
      0.365584
      0.365712
      0.365828
      0.365931
       0.36602
      0.366093
      0.366151
      0.366193
      0.366218
      0.366227
       0.35936
      0.359351
      0.359323
      0.359277
      0.359213
      0.359131
      0.359031
      0.358915
      0.358782
      0.358633
       0.35847
      0.358293
      0.358105
      0.357908
      0.357703
      0.357495
      0.357285
      0.357077
      0.356876
      0.356686
      0.356512
      0.356356
      0.356225
      0.356121
      0.356049
      0.356009
      0.356004
      0.356034
      0.356097
      0.356192
      0.356315
      0.356462
      0.356629
       0.35681
      0.357002
      0.357198
      0.357395
      0.357589
      0.357775
      0.357951
      0.358115
      0.358263
      0.358395
      0.358508
      0.358602
      0.358676
      0.358729
      0.358761
      0.358772
      0.352409
      0.352398
      0.352364
      0.352308
       0.35223
      0.352131
       0.35201
      0.351868
      0.351705
      0.351523
      0.351323
      0.351107
      0.350876
      0.350633
       0.35038
      0.350121
       0.34986
      0.349601
       0.34935
      0.349111
      0.348891
      0.348695
      0.348529
      0.348397
      0.348304
      0.348254
      0.348247
      0.348285
      0.348365
      0.348486
      0.348642
      0.348829
       0.34904
       0.34927
       0.34951
      0.349757
      0.350003
      0.350245
      0.350476
      0.350695
      0.350896
      0.351079
      0.351241
       0.35138
      0.351495
      0.351586
      0.351651
       0.35169
      0.351703
      0.345841
      0.345828
      0.345788
      0.345722
       0.34563
      0.345512
      0.345369
        0.3452
      0.345007
       0.34479
      0.344552
      0.344293
      0.344016
      0.343723
      0.343418
      0.343104
      0.342787
      0.342471
      0.342163
       0.34187
      0.341598
      0.341354
      0.341147
      0.340982
      0.340866
      0.340802
      0.340794
      0.340841
      0.340942
      0.341093
      0.341289
      0.341522
      0.341784
      0.342068
      0.342365
      0.342668
       0.34297
      0.343264
      0.343545
      0.343809
      0.344052
      0.344272
      0.344466
      0.344633
       0.34477
      0.344878
      0.344956
      0.345002
      0.345018
      0.339653
      0.339638
      0.339592
      0.339516
      0.339409
      0.339272
      0.339105
      0.338909
      0.338683
       0.33843
      0.338151
      0.337847
       0.33752
      0.337173
      0.336811
      0.336437
      0.336058
      0.335678
      0.335306
       0.33495
      0.334618
      0.334319
      0.334064
       0.33386
      0.333715
      0.333635
      0.333624
      0.333682
      0.333808
      0.333995
      0.334238
      0.334525
      0.334848
      0.335196
      0.335558
      0.335925
      0.336288
       0.33664
      0.336976
       0.33729
      0.337579
      0.337838
      0.338067
      0.338263
      0.338424
      0.338551
      0.338641
      0.338696
      0.338714
      0.333844
      0.333826
      0.333774
      0.333687
      0.333565
      0.333408
      0.333217
      0.332991
      0.332733
      0.332441
      0.332118
      0.331766
      0.331385
      0.330981
      0.330556
      0.330116
      0.329666
      0.329215
      0.328769
       0.32834
      0.327938
      0.327574
       0.32726
      0.327008
      0.326828
      0.326728
      0.326714
      0.326785
      0.326941
      0.327173
      0.327472
      0.327826
       0.32822
      0.328643
       0.32908
       0.32952
      0.329953
      0.330371
      0.330768
      0.331137
      0.331474
      0.331776
      0.332042
      0.332268
      0.332455
      0.332601
      0.332705
      0.332768
      0.332789
       0.32841
       0.32839
      0.328331
      0.328233
      0.328095
      0.327918
      0.327702
      0.327447
      0.327152
      0.326821
      0.326452
      0.326047
       0.32561
      0.325143
      0.324649
      0.324136
      0.323608
      0.323074
      0.322544
       0.32203
      0.321545
      0.321102
      0.320718
      0.320406
      0.320183
      0.320056
      0.320037
      0.320124
      0.320318
      0.320605
      0.320974
      0.321408
      0.321889
        0.3224
      0.322924
      0.323449
      0.323962
      0.324454
      0.324917
      0.325346
      0.325736
      0.326084
      0.326389
      0.326649
      0.326862
      0.327028
      0.327147
      0.327218
      0.327242
       0.32335
      0.323328
      0.323263
      0.323153
      0.322999
      0.322802
      0.322559
      0.322273
      0.321943
      0.321568
      0.321151
      0.320692
      0.320193
      0.319658
      0.319089
      0.318494
      0.317878
      0.317251
      0.316624
      0.316011
      0.315426
      0.314888
      0.314416
       0.31403
      0.313749
      0.313588
      0.313561
      0.313668
      0.313908
      0.314266
      0.314723
      0.315257
      0.315843
      0.316461
      0.317089
      0.317711
      0.318314
      0.318888
      0.319425
      0.319919
      0.320366
      0.320763
      0.321109
      0.321403
      0.321644
      0.321831
      0.321965
      0.322046
      0.322072
      0.318664
       0.31864
      0.318567
      0.318446
      0.318277
      0.318058
      0.317789
      0.317471
      0.317102
      0.316684
      0.316216
      0.315699
      0.315135
      0.314526
      0.313876
       0.31319
      0.312476
      0.311743
      0.311004
      0.310273
      0.309569
      0.308915
      0.308334
      0.307851
      0.307496
      0.307287
      0.307249
       0.30738
      0.307682
       0.30813
        0.3087
      0.309359
      0.310075
       0.31082
      0.311569
      0.312305
       0.31301
      0.313675
      0.314292
      0.314856
      0.315364
      0.315813
      0.316203
      0.316533
      0.316802
      0.317011
      0.317161
       0.31725
       0.31728
      0.314351
      0.314325
      0.314245
      0.314113
      0.313927
      0.313686
      0.313391
       0.31304
      0.312633
       0.31217
      0.311649
      0.311072
      0.310438
      0.309751
      0.309012
      0.308227
      0.307403
      0.306551
      0.305681
      0.304813
      0.303966
      0.303168
      0.302448
       0.30184
      0.301381
      0.301106
      0.301046
       0.30121
      0.301594
      0.302166
      0.302883
      0.303702
      0.304579
      0.305479
      0.306371
      0.307235
      0.308054
       0.30882
      0.309524
      0.310163
      0.310735
      0.311238
      0.311673
      0.312039
      0.312338
      0.312569
      0.312734
      0.312833
      0.312865
      0.310411
      0.310382
      0.310296
      0.310152
       0.30995
      0.309689
      0.309367
      0.308983
      0.308537
      0.308027
      0.307452
      0.306812
      0.306106
      0.305335
      0.304501
      0.303609
      0.302663
      0.301676
      0.300657
      0.299627
      0.298609
      0.297634
      0.296737
      0.295964
      0.295361
      0.294985
      0.294895
      0.295095
      0.295597
      0.296337
       0.29725
      0.298276
      0.299352
      0.300439
      0.301497
      0.302508
      0.303454
      0.304329
      0.305125
      0.305843
      0.306481
       0.30704
      0.307521
      0.307924
      0.308252
      0.308506
      0.308686
      0.308794
       0.30883
      0.306844
      0.306813
      0.306721
      0.306566
      0.306348
      0.306065
      0.305717
      0.305301
      0.304816
       0.30426
       0.30363
      0.302926
      0.302145
      0.301287
      0.300353
      0.299344
      0.298266
      0.297127
      0.295939
      0.294721
      0.293497
      0.292304
      0.291182
      0.290188
      0.289384
      0.288839
      0.288637
      0.288937
      0.289625
      0.290604
      0.291786
      0.293081
      0.294408
      0.295716
      0.296966
       0.29814
      0.299223
      0.300213
      0.301107
      0.301905
       0.30261
      0.303225
      0.303751
      0.304191
      0.304548
      0.304823
      0.305019
      0.305136
      0.305175
      0.303651
      0.303618
      0.303519
      0.303353
       0.30312
      0.302818
      0.302444
      0.301997
      0.301474
      0.300872
      0.300188
      0.299419
      0.298562
      0.297615
      0.296575
      0.295444
      0.294222
      0.292917
      0.291537
      0.290103
      0.288635
      0.287176
      0.285766
      0.284482
      0.283399
      0.282585
      0.282103
       0.28263
      0.283608
      0.284928
      0.286474
      0.288127
      0.289761
      0.291333
      0.292798
      0.294148
      0.295377
      0.296486
      0.297477
      0.298357
      0.299129
      0.299797
      0.300368
      0.300844
      0.301228
      0.301524
      0.301734
       0.30186
      0.301901
      0.300832
      0.300797
      0.300692
      0.300517
      0.300269
      0.299948
       0.29955
      0.299073
      0.298514
      0.297868
      0.297131
      0.296299
      0.295367
       0.29433
      0.293184
      0.291924
      0.290551
      0.289066
      0.287475
      0.285795
      0.284045
      0.282264
      0.280499
      0.278822
      0.277333
      0.276207
        0.2752
      0.276079
      0.277434
      0.279272
      0.281341
      0.283456
      0.285468
      0.287332
       0.28903
      0.290562
      0.291937
      0.293164
      0.294251
      0.295208
      0.296044
      0.296764
      0.297376
      0.297885
      0.298296
      0.298611
      0.298835
      0.298968
      0.299012
      0.298389
      0.298352
      0.298242
      0.298057
      0.297797
      0.297458
      0.297038
      0.296534
       0.29594
      0.295254
      0.294467
      0.293575
      0.292571
      0.291446
      0.290193
      0.288805
      0.287275
        0.2856
       0.28378
      0.281826
      0.279752
      0.277596
      0.275393
      0.273213
      0.271121
      0.269891
      0.269066
      0.269233
      0.270993
      0.273622
      0.276414
      0.279146
       0.28159
      0.283769
      0.285701
      0.287412
      0.288928
      0.290265
      0.291441
       0.29247
      0.293364
      0.294131
      0.294781
       0.29532
      0.295754
      0.296087
      0.296322
      0.296463
      0.296509
      0.296321
      0.296283
      0.296168
      0.295976
      0.295704
       0.29535
       0.29491
      0.294381
      0.293758
      0.293034
      0.292203
      0.291256
      0.290185
      0.288978
      0.287624
       0.28611
      0.284425
      0.282556
      0.280495
      0.278244
      0.275811
      0.273226
      0.270523
      0.267748
       0.26479
       0.26336
       0.26342
      0.263484
      0.265169
      0.268043
      0.272007
      0.275378
      0.278251
      0.280718
      0.282861
      0.284733
      0.286372
      0.287807
      0.289062
      0.290153
      0.291097
      0.291905
      0.292587
      0.293152
      0.293606
      0.293953
      0.294199
      0.294346
      0.294394
      0.294631
      0.294592
      0.294473
      0.294274
      0.293992
      0.293625
       0.29317
       0.29262
      0.291971
      0.291216
      0.290346
      0.289352
      0.288222
      0.286941
      0.285496
      0.283867
      0.282033
      0.279974
      0.277668
      0.275105
      0.272278
      0.269221
      0.265965
      0.262697
      0.259599
      0.257987
      0.257965
      0.258762
      0.260834
       0.26409
      0.268435
       0.27236
      0.275576
      0.278254
      0.280562
      0.282558
      0.284296
      0.285808
      0.287125
      0.288266
       0.28925
       0.29009
      0.290799
      0.291384
      0.291854
      0.292213
      0.292467
      0.292619
      0.292669
      0.293319
      0.293279
      0.293157
      0.292953
      0.292664
      0.292287
      0.291818
      0.291252
      0.290583
      0.289803
      0.288903
       0.28787
      0.286692
      0.285352
      0.283831
      0.282103
       0.28014
      0.277909
       0.27537
      0.272486
      0.269234
      0.265655
      0.261799
      0.257698
      0.254872
      0.253627
      0.253895
      0.255376
      0.258011
      0.261725
      0.266372
        0.2703
      0.273612
      0.276419
       0.27883
       0.28091
      0.282714
      0.284281
       0.28564
      0.286817
      0.287829
      0.288692
      0.289419
      0.290019
        0.2905
      0.290868
      0.291128
      0.291283
      0.291334
      0.292386
      0.292345
      0.292221
      0.292013
      0.291719
      0.291335
      0.290858
      0.290281
      0.289598
      0.288801
      0.287879
       0.28682
      0.285609
      0.284226
      0.282649
      0.280847
      0.278787
      0.276415
      0.273676
      0.270487
      0.266762
      0.262601
      0.258104
      0.254031
      0.251137
      0.250314
      0.251179
       0.25342
      0.256725
      0.261082
       0.26527
      0.269106
      0.272406
      0.275243
      0.277691
      0.279805
      0.281642
      0.283234
      0.284616
      0.285811
      0.286838
      0.287714
      0.288451
      0.289059
      0.289547
      0.289919
      0.290183
      0.290339
      0.290391
      0.291831
       0.29179
      0.291665
      0.291455
      0.291158
      0.290771
       0.29029
      0.289707
      0.289018
      0.288212
      0.287279
      0.286206
      0.284977
      0.283571
      0.281964
      0.280122
      0.278004
      0.275549
      0.272681
      0.269272
      0.265161
      0.260112
      0.255623
      0.251744
      0.248558
      0.247839
       0.24978
      0.252965
      0.256152
      0.260842
      0.265005
      0.268698
      0.271919
      0.274714
       0.27714
      0.279246
      0.281078
       0.28267
      0.284053
      0.285249
      0.286279
      0.287156
      0.287895
      0.288505
      0.288993
      0.289367
      0.289631
      0.289788
       0.28984
      0.291656
      0.291614
      0.291489
       0.29128
      0.290983
      0.290596
      0.290115
      0.289533
      0.288844
      0.288038
      0.287106
      0.286033
      0.284804
      0.283397
       0.28179
      0.279944
      0.277823
      0.275359
      0.272482
      0.269003
       0.26473
      0.259688
        0.2551
      0.251288
      0.248567
      0.247754
       0.24966
      0.252729
      0.256676
      0.261366
      0.265452
       0.26901
      0.272112
      0.274815
      0.277173
      0.279229
      0.281025
      0.282589
      0.283952
      0.285133
      0.286151
       0.28702
      0.287752
      0.288356
      0.288841
      0.289212
      0.289474
       0.28963
      0.289682
      0.291859
      0.291818
      0.291694
      0.291487
      0.291193
       0.29081
      0.290333
      0.289757
      0.289075
      0.288278
      0.287357
      0.286298
      0.285087
      0.283703
      0.282122
      0.280313
      0.278238
      0.275841
      0.273053
      0.269772
      0.265903
      0.261425
      0.256387
      0.252226
      0.250488
       0.24999
      0.251421
      0.254175
      0.257992
      0.262731
      0.266661
      0.270028
      0.272957
       0.27552
      0.277767
      0.279739
      0.281469
      0.282984
      0.284307
      0.285458
      0.286452
      0.287301
      0.288018
      0.288611
      0.289087
      0.289452
       0.28971
      0.289863
      0.289914
      0.292441
      0.292401
      0.292279
      0.292075
      0.291787
       0.29141
      0.290943
      0.290378
      0.289711
      0.288932
      0.288033
      0.287002
      0.285825
      0.284483
      0.282958
      0.281221
      0.279242
      0.276974
      0.274371
      0.271371
      0.267911
      0.263924
      0.259337
      0.255776
      0.253646
      0.252803
      0.254399
      0.257136
      0.261006
      0.265145
      0.268682
      0.271736
      0.274428
      0.276801
      0.278903
       0.28076
        0.2824
      0.283845
      0.285112
      0.286218
      0.287177
      0.287999
      0.288694
      0.289269
      0.289732
      0.290087
      0.290338
      0.290487
      0.290537
      0.293401
      0.293361
      0.293243
      0.293044
      0.292763
      0.292398
      0.291943
      0.291395
      0.290748
      0.289995
      0.289128
      0.288136
      0.287007
      0.285727
       0.28428
      0.282644
      0.280796
      0.278707
      0.276345
      0.273676
       0.27066
      0.267237
      0.263228
      0.260431
      0.258746
      0.258322
      0.259315
      0.261572
      0.265111
      0.268406
      0.271387
      0.274063
      0.276466
       0.27862
      0.280547
      0.282268
        0.2838
      0.285158
      0.286356
      0.287406
       0.28832
      0.289106
      0.289773
      0.290326
      0.290771
      0.291113
      0.291355
        0.2915
      0.291548
      0.294737
      0.294699
      0.294585
      0.294393
      0.294122
      0.293769
      0.293332
      0.292805
      0.292184
      0.291464
      0.290636
      0.289693
      0.288625
      0.287421
      0.286069
      0.284554
      0.282862
      0.280978
      0.278886
      0.276581
      0.274056
      0.271364
      0.268559
      0.266589
       0.26519
      0.265034
      0.265596
      0.267383
      0.269702
      0.272232
      0.274651
      0.276924
      0.279017
      0.280931
      0.282668
      0.284238
      0.285648
      0.286908
      0.288027
      0.289014
      0.289875
      0.290619
      0.291252
      0.291778
      0.292203
       0.29253
      0.292761
      0.292899
      0.292945
       0.29645
      0.296413
      0.296304
       0.29612
       0.29586
      0.295523
      0.295106
      0.294604
      0.294014
      0.293331
       0.29255
      0.291664
      0.290665
      0.289547
      0.288301
       0.28692
      0.285396
      0.283726
       0.28191
      0.279964
      0.277915
      0.275847
        0.2739
      0.272406
      0.271463
      0.271261
      0.271732
      0.272908
      0.274546
      0.276424
      0.278348
       0.28023
      0.282018
      0.283689
      0.285232
      0.286643
      0.287925
       0.28908
      0.290114
       0.29103
      0.291834
      0.292531
      0.293126
      0.293622
      0.294024
      0.294333
      0.294552
      0.294683
      0.294727
      0.298537
      0.298502
      0.298398
      0.298223
      0.297977
      0.297657
      0.297262
      0.296789
      0.296233
      0.295593
      0.294862
      0.294038
      0.293114
      0.292088
      0.290953
      0.289709
      0.288354
      0.286894
      0.285336
      0.283712
      0.282055
      0.280463
      0.279037
      0.277916
      0.277243
      0.277061
      0.277415
      0.278225
      0.279409
      0.280831
      0.282351
      0.283899
      0.285407
       0.28685
      0.288202
      0.289458
       0.29061
      0.291658
      0.292602
      0.293445
      0.294188
      0.294836
       0.29539
      0.295854
       0.29623
       0.29652
      0.296726
      0.296849
       0.29689
      0.300997
      0.300964
      0.300866
      0.300701
       0.30047
      0.300169
      0.299798
      0.299355
      0.298837
      0.298241
      0.297564
      0.296805
      0.295959
      0.295026
      0.294004
      0.292895
      0.291703
      0.290439
      0.289116
      0.287767
      0.286431
      0.285177
      0.284083
      0.283238
      0.282725
      0.282584
      0.282832
      0.283429
      0.284317
      0.285409
       0.28662
      0.287883
      0.289147
      0.290379
      0.291555
       0.29266
      0.293685
      0.294627
      0.295482
      0.296249
       0.29693
      0.297526
      0.298038
      0.298468
      0.298817
      0.299087
      0.299279
      0.299394
      0.299432
      0.303829
      0.303799
      0.303707
      0.303553
      0.303336
      0.303056
      0.302711
      0.302299
       0.30182
       0.30127
      0.300649
      0.299955
      0.299187
      0.298347
      0.297434
      0.296454
      0.295413
      0.294325
      0.293205
      0.292086
         0.291
      0.290003
       0.28915
      0.288497
      0.288103
      0.287987
      0.288168
      0.288614
      0.289292
      0.290145
      0.291112
      0.292146
      0.293201
      0.294249
      0.295262
      0.296229
      0.297134
      0.297973
       0.29874
      0.299434
      0.300053
      0.300597
      0.301066
      0.301461
      0.301783
      0.302033
       0.30221
      0.302316
      0.302352
      0.307033
      0.307004
      0.306919
      0.306776
      0.306575
      0.306316
      0.305997
      0.305618
      0.305177
      0.304675
      0.304109
       0.30348
      0.302789
      0.302038
      0.301229
      0.300368
      0.299465
      0.298532
      0.297587
      0.296656
       0.29577
      0.294967
      0.294289
      0.293776
      0.293463
      0.293369
      0.293502
      0.293845
      0.294372
      0.295047
      0.295827
      0.296674
      0.297555
      0.298441
      0.299311
       0.30015
      0.300944
      0.301686
       0.30237
      0.302992
      0.303551
      0.304043
       0.30447
       0.30483
      0.305124
      0.305353
      0.305516
      0.305613
      0.305646
      0.310606
       0.31058
      0.310501
       0.31037
      0.310185
      0.309947
      0.309655
      0.309308
      0.308907
       0.30845
      0.307939
      0.307373
      0.306755
      0.306088
      0.305375
      0.304624
      0.303843
      0.303046
      0.302249
      0.301474
      0.300745
      0.300093
      0.299549
      0.299138
       0.29889
      0.298811
      0.298911
      0.299177
      0.299593
      0.300131
      0.300763
      0.301461
      0.302195
      0.302944
      0.303688
      0.304413
      0.305105
      0.305757
      0.306363
      0.306917
      0.307417
       0.30786
      0.308245
      0.308571
      0.308838
      0.309046
      0.309194
      0.309283
      0.309313
       0.31455
      0.314526
      0.314454
      0.314333
      0.314165
      0.313948
      0.313682
      0.313368
      0.313004
      0.312593
      0.312134
      0.311629
       0.31108
      0.310491
      0.309867
      0.309214
      0.308542
      0.307862
      0.307189
      0.306542
       0.30594
      0.305407
      0.304964
      0.304633
       0.30443
      0.304365
      0.304441
      0.304651
      0.304982
      0.305417
      0.305932
      0.306507
       0.30712
      0.307752
      0.308387
       0.30901
      0.309611
      0.310181
      0.310713
      0.311204
      0.311648
      0.312043
      0.312388
      0.312681
      0.312922
      0.313109
      0.313244
      0.313324
      0.313351
      0.318862
       0.31884
      0.318775
      0.318666
      0.318513
      0.318317
      0.318077
      0.317794
      0.317468
        0.3171
      0.316691
      0.316243
      0.315759
      0.315242
      0.314698
      0.314133
      0.313556
      0.312978
       0.31241
      0.311869
       0.31137
      0.310931
      0.310569
      0.310299
      0.310134
      0.310078
      0.310137
      0.310304
       0.31057
      0.310922
      0.311345
       0.31182
      0.312332
      0.312864
      0.313403
      0.313937
      0.314456
      0.314952
      0.315417
      0.315848
      0.316241
      0.316591
      0.316898
       0.31716
      0.317375
      0.317543
      0.317663
      0.317735
       0.31776
      0.323545
      0.323525
      0.323466
      0.323368
      0.323231
      0.323055
       0.32284
      0.322588
      0.322297
       0.32197
      0.321608
      0.321214
      0.320789
      0.320339
      0.319867
      0.319381
      0.318887
      0.318396
      0.317917
      0.317464
       0.31705
      0.316687
      0.316389
      0.316167
      0.316031
      0.315984
       0.31603
      0.316163
      0.316379
      0.316666
      0.317013
      0.317407
      0.317834
      0.318282
      0.318739
      0.319195
       0.31964
      0.320069
      0.320473
       0.32085
      0.321194
      0.321502
      0.321773
      0.322005
      0.322196
      0.322345
      0.322452
      0.322517
      0.322538
      0.328597
       0.32858
      0.328527
       0.32844
      0.328318
      0.328161
      0.327971
      0.327747
       0.32749
      0.327203
      0.326885
       0.32654
      0.326171
       0.32578
      0.325374
      0.324957
      0.324536
       0.32412
      0.323718
      0.323339
      0.322994
      0.322694
      0.322448
      0.322265
      0.322153
      0.322113
      0.322149
      0.322256
      0.322431
      0.322665
      0.322951
      0.323277
      0.323633
      0.324009
      0.324395
      0.324782
      0.325163
      0.325531
      0.325881
      0.326207
      0.326506
      0.326776
      0.327013
      0.327217
      0.327385
      0.327516
      0.327611
      0.327668
      0.327687
      0.334021
      0.334006
       0.33396
      0.333883
      0.333775
      0.333637
       0.33347
      0.333274
      0.333049
      0.332798
      0.332522
      0.332223
      0.331904
      0.331568
       0.33122
      0.330865
      0.330509
      0.330158
       0.32982
      0.329504
      0.329217
      0.328969
      0.328766
      0.328615
      0.328522
      0.328488
      0.328516
      0.328603
      0.328745
      0.328937
      0.329172
      0.329441
      0.329737
      0.330051
      0.330376
      0.330703
      0.331027
      0.331341
       0.33164
      0.331921
       0.33218
      0.332413
      0.332619
      0.332796
      0.332942
      0.333057
       0.33314
       0.33319
      0.333206
      0.339819
      0.339805
      0.339765
      0.339698
      0.339604
      0.339484
      0.339339
      0.339168
      0.338974
      0.338758
       0.33852
      0.338263
       0.33799
      0.337704
      0.337409
      0.337109
      0.336809
      0.336515
      0.336234
      0.335971
      0.335734
      0.335529
      0.335362
      0.335237
       0.33516
      0.335132
      0.335154
      0.335224
      0.335339
      0.335496
      0.335688
       0.33591
      0.336155
      0.336416
      0.336687
      0.336962
      0.337234
        0.3375
      0.337754
      0.337994
      0.338214
      0.338415
      0.338591
      0.338744
       0.33887
      0.338969
      0.339041
      0.339084
      0.339098
      0.345991
       0.34598
      0.345945
      0.345887
      0.345807
      0.345704
       0.34558
      0.345434
      0.345268
      0.345084
      0.344882
      0.344665
      0.344434
      0.344194
      0.343946
      0.343695
      0.343445
      0.343201
      0.342969
      0.342752
      0.342557
      0.342389
      0.342252
       0.34215
      0.342087
      0.342063
       0.34208
      0.342136
       0.34223
      0.342357
      0.342513
      0.342695
      0.342896
      0.343111
      0.343335
      0.343564
      0.343791
      0.344013
      0.344226
      0.344428
      0.344614
      0.344783
      0.344933
      0.345062
       0.34517
      0.345254
      0.345315
      0.345352
      0.345364
      0.352542
      0.352532
      0.352503
      0.352454
      0.352386
        0.3523
      0.352195
      0.352073
      0.351934
       0.35178
      0.351612
      0.351431
       0.35124
       0.35104
      0.350836
      0.350629
      0.350424
      0.350225
      0.350035
      0.349858
        0.3497
      0.349564
      0.349453
      0.349371
      0.349319
        0.3493
      0.349313
      0.349357
      0.349432
      0.349534
       0.34966
      0.349807
       0.34997
      0.350145
      0.350328
      0.350515
      0.350701
      0.350884
       0.35106
      0.351227
      0.351381
      0.351522
      0.351647
      0.351755
      0.351844
      0.351915
      0.351966
      0.351996
      0.352007
      0.359473
      0.359465
      0.359441
      0.359401
      0.359346
      0.359275
       0.35919
       0.35909
      0.358976
      0.358851
      0.358714
      0.358567
      0.358412
       0.35825
      0.358085
      0.357919
      0.357754
      0.357595
      0.357443
      0.357302
      0.357176
      0.357068
       0.35698
      0.356914
      0.356874
      0.356858
      0.356868
      0.356903
      0.356961
      0.357042
      0.357141
      0.357258
      0.357387
      0.357527
      0.357673
      0.357822
      0.357972
      0.358119
      0.358261
      0.358396
      0.358521
      0.358635
      0.358736
      0.358824
      0.358897
      0.358955
      0.358996
      0.359021
       0.35903
       0.36679
      0.366784
      0.366765
      0.366733
      0.366689
      0.366634
      0.366566
      0.366488
      0.366398
        0.3663
      0.366192
      0.366077
      0.365956
       0.36583
      0.365702
      0.365572
      0.365445
      0.365321
      0.365203
      0.365095
      0.364998
      0.364915
      0.364847
      0.364797
      0.364765
      0.364753
       0.36476
      0.364787
      0.364831
      0.364893
      0.364969
      0.365058
      0.365158
      0.365265
      0.365378
      0.365494
       0.36561
      0.365724
      0.365835
       0.36594
      0.366038
      0.366127
      0.366206
      0.366275
      0.366332
      0.366378
       0.36641
       0.36643
      0.366436
      0.374496
      0.374491
      0.374477
      0.374454
      0.374421
       0.37438
       0.37433
      0.374272
      0.374206
      0.374133
      0.374054
      0.373969
      0.373879
      0.373787
      0.373693
      0.373598
      0.373504
      0.373414
      0.373328
      0.373249
      0.373178
      0.373118
      0.373068
      0.373032
      0.373009
         0.373
      0.373005
      0.373024
      0.373056
      0.373101
      0.373156
      0.373221
      0.373293
      0.373372
      0.373454
      0.373538
      0.373623
      0.373707
      0.373788
      0.373866
      0.373938
      0.374003
      0.374062
      0.374113
      0.374155
      0.374188
      0.374212
      0.374227
      0.374232
      0.382596
      0.382593
      0.382584
      0.382568
      0.382547
      0.382519
      0.382486
      0.382448
      0.382404
      0.382356
      0.382304
      0.382248
      0.382189
      0.382129
      0.382067
      0.382004
      0.381943
      0.381884
      0.381828
      0.381776
       0.38173
       0.38169
      0.381658
      0.381634
      0.381619
      0.381613
      0.381617
      0.381629
       0.38165
      0.381679
      0.381715
      0.381757
      0.381804
      0.381856
      0.381909
      0.381965
       0.38202
      0.382075
      0.382129
      0.382179
      0.382226
       0.38227
      0.382308
      0.382342
       0.38237
      0.382392
      0.382407
      0.382417
       0.38242
      0.391096
      0.391094
      0.391089
      0.391082
      0.391071
      0.391057
      0.391041
      0.391022
         0.391
      0.390976
       0.39095
      0.390923
      0.390893
      0.390863
      0.390833
      0.390802
      0.390772
      0.390742
      0.390715
      0.390689
      0.390666
      0.390647
      0.390631
      0.390619
      0.390612
      0.390609
       0.39061
      0.390616
      0.390627
      0.390641
      0.390659
      0.390679
      0.390703
      0.390728
      0.390755
      0.390782
      0.390809
      0.390837
      0.390863
      0.390888
      0.390912
      0.390933
      0.390952
      0.390969
      0.390983
      0.390994
      0.391001
      0.391006
      0.391008
           0.4
           0.4
           0.4
           0.4
           0.4
           0.4
           0.4
           0.4
           0.4
           0.4
           0.4
           0.4
           0.4
           0.4
           0.4
           0.4
           0.4
           0.4
           0.4
           0.4
           0.4
           0.4
           0.4
           0.4
           0.4
           0.4
           0.4
           0.4
           0.4
           0.4
           0.4
           0.4
           0.4
           0.4
           0.4
           0.4
           0.4
           0.4
           0.4
           0.4
           0.4
           0.4
           0.4
           0.4
           0.4
           0.4
           0.4
           0.4
           0.4
