           0.4
           0.4
           0.4
           0.4
           0.4
           0.4
           0.4
           0.4
           0.4
           0.4
           0.4
           0.4
           0.4
           0.4
           0.4
           0.4
           0.4
           0.4
           0.4
           0.4
           0.4
           0.4
           0.4
           0.4
           0.4
           0.4
           0.4
           0.4
           0.4
           0.4
           0.4
           0.4
           0.4
           0.4
           0.4
           0.4
           0.4
           0.4
           0.4
           0.4
           0.4
           0.4
           0.4
           0.4
           0.4
           0.4
           0.4
           0.4
           0.4
      0.390983
      0.390981
      0.390974
      0.390963
      0.390947
      0.390927
      0.390903
      0.390874
      0.390842
      0.390806
      0.390767
      0.390724
      0.390679
      0.390632
      0.390583
      0.390533
      0.390484
      0.390435
      0.390389
      0.390345
      0.390305
      0.390269
       0.39024
      0.390217
      0.390201
      0.390192
      0.390191
      0.390198
      0.390213
      0.390234
      0.390262
      0.390295
      0.390332
      0.390373
      0.390416
       0.39046
      0.390505
      0.390549
      0.390591
      0.390632
      0.390669
      0.390703
      0.390733
       0.39076
      0.390781
      0.390799
      0.390811
      0.390818
      0.390821
      0.382372
      0.382367
      0.382354
      0.382331
        0.3823
      0.382259
      0.382211
      0.382154
      0.382088
      0.382016
      0.381937
      0.381851
       0.38176
      0.381665
      0.381567
      0.381467
      0.381367
      0.381269
      0.381174
      0.381085
      0.381004
      0.380932
      0.380872
      0.380825
      0.380793
      0.380775
      0.380774
      0.380788
      0.380818
      0.380861
      0.380918
      0.380985
      0.381061
      0.381143
       0.38123
       0.38132
       0.38141
      0.381499
      0.381585
      0.381666
      0.381742
       0.38181
      0.381872
      0.381924
      0.381968
      0.382003
      0.382028
      0.382043
      0.382048
      0.374161
      0.374154
      0.374134
        0.3741
      0.374052
      0.373991
      0.373918
      0.373831
      0.373733
      0.373623
      0.373503
      0.373373
      0.373235
      0.373091
      0.372941
      0.372789
      0.372637
      0.372487
      0.372342
      0.372206
      0.372081
      0.371971
      0.371878
      0.371806
      0.371756
       0.37173
      0.371728
       0.37175
      0.371796
      0.371863
       0.37195
      0.372053
       0.37217
      0.372297
      0.372431
      0.372568
      0.372706
      0.372842
      0.372973
      0.373096
      0.373211
      0.373316
      0.373409
      0.373489
      0.373555
      0.373607
      0.373645
      0.373668
      0.373675
      0.366346
      0.366337
      0.366309
      0.366264
        0.3662
      0.366118
      0.366019
      0.365903
       0.36577
      0.365622
       0.36546
      0.365284
      0.365097
      0.364901
      0.364698
       0.36449
      0.364282
      0.364077
      0.363879
      0.363692
       0.36352
      0.363368
      0.363241
      0.363141
      0.363072
      0.363036
      0.363034
      0.363065
      0.363129
      0.363222
      0.363343
      0.363486
      0.363647
      0.363822
      0.364006
      0.364194
      0.364383
      0.364568
      0.364747
      0.364915
      0.365071
      0.365213
      0.365339
      0.365447
      0.365537
      0.365608
      0.365658
      0.365689
      0.365699
      0.358923
      0.358911
      0.358876
      0.358819
      0.358738
      0.358635
      0.358509
      0.358362
      0.358194
      0.358007
        0.3578
      0.357577
      0.357338
      0.357088
      0.356827
      0.356561
      0.356293
      0.356028
      0.355771
      0.355528
      0.355305
      0.355107
       0.35494
      0.354809
      0.354719
      0.354672
       0.35467
      0.354711
      0.354796
      0.354919
      0.355078
      0.355265
      0.355476
      0.355705
      0.355944
      0.356188
      0.356432
      0.356671
        0.3569
      0.357116
      0.357316
      0.357497
      0.357657
      0.357795
       0.35791
      0.357999
      0.358064
      0.358103
      0.358116
      0.351887
      0.351873
      0.351831
      0.351761
      0.351663
      0.351538
      0.351385
      0.351206
      0.351002
      0.350772
       0.35052
      0.350246
      0.349953
      0.349644
      0.349322
      0.348992
      0.348659
      0.348328
      0.348006
      0.347701
      0.347419
      0.347169
      0.346957
      0.346791
      0.346677
      0.346617
      0.346615
      0.346669
      0.346777
      0.346936
      0.347138
      0.347377
      0.347645
      0.347933
      0.348234
      0.348541
      0.348845
      0.349143
      0.349427
      0.349694
      0.349941
      0.350164
      0.350361
       0.35053
       0.35067
      0.350779
      0.350858
      0.350906
      0.350922
      0.345236
       0.34522
       0.34517
      0.345087
      0.344972
      0.344824
      0.344643
      0.344431
      0.344188
      0.343915
      0.343614
      0.343287
      0.342935
      0.342564
      0.342175
      0.341776
       0.34137
      0.340967
      0.340572
      0.340195
      0.339847
      0.339535
      0.339272
      0.339064
      0.338921
      0.338847
      0.338845
      0.338914
      0.339052
      0.339251
      0.339506
      0.339805
      0.340138
      0.340496
      0.340867
      0.341243
      0.341616
      0.341978
      0.342322
      0.342645
      0.342942
      0.343209
      0.343445
      0.343647
      0.343814
      0.343945
      0.344039
      0.344095
      0.344114
      0.338968
      0.338949
      0.338891
      0.338795
      0.338662
       0.33849
       0.33828
      0.338034
       0.33775
      0.337432
      0.337079
      0.336695
      0.336281
      0.335842
      0.335381
      0.334905
       0.33442
      0.333934
      0.333456
      0.332998
      0.332571
      0.332188
      0.331863
      0.331605
      0.331428
      0.331336
      0.331335
      0.331422
      0.331596
      0.331846
      0.332163
      0.332533
      0.332944
      0.333381
      0.333833
      0.334289
      0.334737
      0.335171
      0.335582
      0.335965
      0.336316
      0.336632
      0.336909
      0.337146
      0.337341
      0.337494
      0.337603
      0.337669
      0.337691
       0.33308
      0.333058
      0.332992
      0.332883
       0.33273
      0.332534
      0.332295
      0.332012
      0.331687
      0.331321
      0.330914
      0.330469
      0.329989
      0.329476
      0.328936
      0.328375
        0.3278
      0.327221
      0.326648
      0.326094
      0.325575
      0.325107
      0.324706
      0.324388
      0.324167
      0.324054
      0.324054
      0.324166
      0.324384
      0.324696
      0.325089
      0.325546
      0.326048
       0.32658
      0.327126
      0.327672
      0.328206
      0.328719
      0.329203
      0.329652
      0.330062
      0.330429
       0.33075
      0.331024
      0.331249
      0.331425
      0.331551
      0.331627
      0.331652
       0.32757
      0.327545
      0.327472
      0.327349
      0.327177
      0.326956
      0.326685
      0.326366
      0.325997
       0.32558
      0.325116
      0.324607
      0.324055
      0.323464
      0.322837
      0.322182
      0.321506
      0.320821
      0.320138
      0.319473
      0.318843
      0.318271
      0.317777
      0.317383
       0.31711
      0.316968
      0.316971
      0.317112
      0.317387
      0.317778
      0.318265
      0.318827
       0.31944
      0.320083
      0.320738
      0.321388
      0.322018
      0.322621
      0.323185
      0.323706
      0.324179
      0.324601
      0.324968
      0.325281
      0.325538
      0.325738
      0.325881
      0.325967
      0.325996
      0.322438
      0.322411
      0.322329
      0.322192
         0.322
      0.321754
      0.321451
      0.321093
       0.32068
      0.320211
      0.319687
       0.31911
      0.318481
      0.317804
      0.317083
      0.316325
      0.315537
       0.31473
      0.313919
      0.313122
       0.31236
      0.311659
      0.311047
      0.310556
      0.310212
      0.310036
      0.310041
      0.310223
      0.310572
      0.311063
      0.311669
      0.312361
      0.313108
      0.313885
      0.314666
      0.315435
      0.316175
      0.316876
      0.317529
      0.318128
      0.318668
      0.319148
      0.319565
      0.319919
      0.320208
      0.320433
      0.320594
       0.32069
      0.320722
      0.317683
      0.317653
      0.317563
      0.317412
      0.317201
      0.316928
      0.316593
      0.316196
      0.315736
      0.315213
      0.314627
      0.313978
      0.313268
        0.3125
      0.311676
      0.310804
      0.309889
      0.308946
      0.307986
      0.307033
      0.306109
      0.305248
      0.304487
      0.303868
      0.303433
      0.303208
      0.303219
      0.303454
      0.303901
      0.304522
       0.30528
      0.306135
      0.307044
       0.30798
      0.308909
      0.309815
      0.310678
      0.311489
      0.312237
       0.31292
      0.313532
      0.314074
      0.314542
      0.314938
       0.31526
      0.315511
       0.31569
      0.315797
      0.315833
      0.313306
      0.313273
      0.313174
       0.31301
      0.312778
      0.312479
      0.312112
      0.311676
      0.311168
       0.31059
      0.309939
      0.309216
      0.308421
      0.307555
      0.306621
      0.305624
      0.304571
      0.303472
      0.302342
      0.301203
      0.300081
      0.299018
       0.29806
      0.297269
      0.296706
      0.296417
      0.296434
      0.296746
      0.297327
      0.298123
      0.299078
      0.300136
      0.301246
       0.30237
      0.303473
      0.304534
      0.305534
      0.306464
      0.307317
      0.308088
      0.308776
       0.30938
      0.309902
       0.31034
      0.310697
      0.310974
      0.311171
      0.311289
      0.311328
      0.309305
       0.30927
      0.309163
      0.308985
      0.308734
      0.308409
       0.30801
      0.307533
      0.306979
      0.306344
      0.305627
      0.304828
      0.303944
      0.302976
      0.301924
      0.300793
      0.299586
      0.298315
      0.296989
      0.295632
       0.29427
      0.292952
      0.291732
      0.290704
      0.289965
      0.289579
      0.289613
      0.290031
        0.2908
      0.291833
      0.293042
      0.294358
      0.295712
      0.297061
      0.298364
        0.2996
      0.300751
      0.301811
      0.302773
      0.303638
      0.304404
      0.305073
      0.305648
       0.30613
      0.306521
      0.306824
      0.307039
      0.307167
       0.30721
      0.305684
      0.305645
      0.305531
      0.305339
      0.305069
      0.304719
      0.304288
      0.303773
      0.303171
       0.30248
      0.301698
       0.30082
      0.299846
      0.298772
      0.297598
      0.296324
      0.294953
       0.29349
      0.291946
      0.290337
      0.288689
      0.287047
      0.285478
      0.284097
      0.283054
      0.282564
      0.282587
      0.283212
      0.284265
      0.285619
      0.287164
      0.288805
      0.290458
       0.29207
      0.293602
      0.295031
      0.296346
      0.297543
       0.29862
      0.299579
      0.300424
      0.301158
      0.301786
      0.302311
      0.302736
      0.303063
      0.303296
      0.303435
      0.303481
      0.302441
        0.3024
      0.302278
      0.302074
      0.301785
      0.301411
      0.300949
      0.300396
      0.299749
      0.299004
      0.298156
      0.297202
      0.296136
      0.294955
      0.293654
      0.292232
      0.290686
      0.289019
      0.287234
      0.285342
      0.283355
      0.281317
      0.279274
      0.277386
      0.275818
      0.275266
      0.275188
      0.276197
      0.277664
      0.279456
      0.281437
      0.283491
      0.285501
      0.287422
      0.289208
      0.290849
      0.292337
      0.293675
      0.294867
      0.295922
      0.296844
      0.297642
      0.298321
      0.298887
      0.299344
      0.299695
      0.299945
      0.300093
      0.300143
      0.299579
      0.299536
      0.299407
       0.29919
      0.298885
      0.298488
      0.297998
      0.297409
      0.296718
      0.295921
       0.29501
      0.293981
      0.292826
      0.291539
      0.290111
      0.288538
      0.286813
      0.284931
      0.282892
      0.280694
       0.27834
       0.27583
      0.273193
      0.270576
      0.268197
      0.267705
      0.267347
      0.268942
       0.27094
      0.273333
      0.275894
       0.27846
      0.280899
      0.283162
      0.285224
      0.287085
      0.288748
      0.290226
      0.291532
      0.292678
      0.293675
      0.294532
      0.295259
      0.295863
       0.29635
      0.296724
      0.296988
      0.297146
      0.297198
      0.297099
      0.297053
      0.296918
       0.29669
       0.29637
      0.295952
      0.295436
      0.294814
      0.294084
      0.293238
      0.292269
      0.291169
      0.289929
      0.288539
      0.286988
      0.285266
       0.28336
      0.281262
      0.278961
      0.276449
       0.27372
      0.270699
      0.267311
      0.263736
      0.261374
      0.260211
      0.260233
       0.26149
      0.264033
      0.267256
       0.27057
      0.273784
      0.276709
      0.279346
      0.281694
      0.283774
      0.285608
      0.287219
      0.288631
       0.28986
      0.290924
      0.291836
      0.292607
      0.293244
      0.293758
      0.294151
      0.294429
      0.294595
       0.29465
      0.295001
      0.294954
      0.294813
      0.294576
      0.294242
      0.293807
      0.293267
      0.292617
      0.291851
      0.290961
       0.28994
      0.288776
      0.287458
      0.285973
      0.284307
      0.282442
      0.280362
       0.27805
      0.275488
      0.272663
      0.269561
      0.266157
      0.262425
      0.258327
      0.255537
      0.254134
      0.254102
      0.255373
      0.257837
      0.261295
      0.265745
      0.269614
      0.273038
      0.276052
      0.278678
      0.280961
      0.282947
      0.284676
      0.286179
      0.287481
      0.288603
       0.28956
      0.290368
      0.291035
       0.29157
       0.29198
       0.29227
      0.292442
      0.292499
      0.293288
      0.293239
      0.293094
      0.292849
      0.292504
      0.292053
      0.291494
       0.29082
      0.290024
      0.289098
      0.288032
      0.286813
      0.285428
      0.283859
       0.28209
      0.280096
      0.277854
      0.275339
      0.272523
      0.269392
      0.265931
      0.262163
      0.258111
      0.254205
      0.250873
      0.249229
      0.249213
      0.250616
       0.25323
      0.256958
      0.261699
      0.266098
       0.26999
      0.273373
      0.276242
      0.278688
      0.280797
      0.282618
      0.284193
      0.285551
      0.286719
      0.287712
      0.288548
      0.289238
      0.289791
      0.290214
      0.290513
       0.29069
      0.290749
       0.29196
       0.29191
      0.291761
       0.29151
      0.291156
      0.290694
       0.29012
      0.289428
      0.288609
      0.287654
      0.286552
       0.28529
       0.28385
      0.282214
      0.280359
      0.278257
      0.275875
      0.273177
      0.270125
      0.266686
      0.262846
      0.258669
      0.254246
      0.249706
      0.246602
      0.245192
      0.245398
      0.247155
      0.250136
      0.254177
      0.259248
      0.263287
      0.267807
      0.271425
      0.274439
      0.276991
      0.279179
       0.28106
      0.282683
       0.28408
      0.285278
      0.286296
      0.287152
      0.287857
      0.288422
      0.288854
      0.289159
       0.28934
        0.2894
      0.291017
      0.290967
      0.290815
      0.290561
      0.290201
      0.289732
      0.289148
      0.288443
      0.287608
      0.286634
      0.285509
      0.284216
      0.282739
      0.281055
      0.279138
      0.276954
      0.274465
      0.271617
      0.268355
      0.264613
      0.260324
      0.255638
      0.250706
      0.246282
      0.243114
      0.241997
      0.242489
      0.244945
      0.248483
      0.252906
      0.258016
      0.262627
      0.266727
      0.270299
      0.273325
      0.275899
      0.278112
      0.280016
       0.28166
      0.283073
      0.284286
      0.285316
      0.286181
      0.286894
      0.287465
      0.287902
       0.28821
      0.288393
      0.288454
      0.290461
      0.290411
      0.290258
      0.290002
      0.289639
      0.289166
      0.288578
      0.287867
      0.287025
      0.286042
      0.284904
      0.283597
      0.282101
      0.280392
      0.278441
      0.276212
      0.273658
      0.270716
      0.267309
      0.263319
      0.258618
      0.253069
      0.248214
      0.244084
      0.240694
      0.239622
      0.240722
      0.244107
      0.248245
      0.253481
      0.258317
      0.262673
      0.266543
      0.269935
      0.272871
      0.275404
      0.277593
      0.279485
      0.281122
      0.282532
      0.283742
      0.284771
      0.285637
       0.28635
      0.286921
      0.287358
      0.287666
      0.287849
       0.28791
      0.290292
      0.290242
      0.290089
      0.289833
      0.289471
      0.288999
      0.288412
      0.287701
      0.286861
      0.285879
      0.284743
      0.283437
      0.281943
      0.280234
      0.278284
       0.27605
       0.27349
      0.270527
      0.267085
      0.262971
      0.257986
      0.252365
      0.247507
      0.243608
      0.240861
      0.239953
      0.241569
      0.244967
      0.249401
      0.254645
      0.259293
      0.263406
      0.267046
      0.270249
      0.273049
      0.275491
      0.277618
      0.279465
      0.281069
      0.282455
      0.283647
      0.284663
      0.285518
      0.286223
      0.286789
      0.287221
      0.287527
      0.287708
      0.287769
      0.290509
      0.290459
      0.290308
      0.290055
      0.289696
      0.289229
      0.288648
      0.287946
      0.287115
      0.286145
      0.285024
      0.283736
      0.282264
      0.280582
      0.278665
      0.276473
      0.273961
      0.271062
      0.267694
      0.263726
       0.25902
      0.253455
       0.24859
      0.244442
      0.242934
       0.24265
      0.244221
      0.247255
      0.251447
      0.256605
      0.260992
      0.264822
      0.268202
      0.271189
      0.273821
      0.276136
      0.278167
      0.279943
      0.281492
      0.282837
      0.283996
      0.284987
      0.285822
      0.286512
      0.287066
      0.287491
       0.28779
      0.287968
      0.288028
      0.291112
      0.291062
      0.290914
      0.290666
      0.290314
      0.289856
      0.289286
      0.288599
      0.287786
      0.286839
      0.285745
      0.284491
      0.283061
      0.281432
      0.279582
      0.277473
      0.275072
      0.272316
      0.269145
      0.265455
      0.261143
      0.256414
      0.251476
      0.247624
      0.246241
      0.245941
      0.247873
      0.250878
       0.25506
      0.259545
       0.26346
      0.266904
      0.269977
      0.272714
       0.27515
      0.277311
      0.279222
      0.280905
      0.282382
      0.283669
      0.284784
      0.285739
      0.286547
      0.287215
      0.287752
      0.288164
      0.288455
      0.288629
      0.288686
      0.292099
      0.292051
      0.291906
      0.291664
      0.291322
      0.290877
      0.290324
      0.289657
       0.28887
      0.287955
        0.2869
      0.285695
      0.284324
      0.282771
      0.281014
      0.279027
      0.276781
      0.274236
      0.271346
      0.268049
      0.264258
      0.259811
      0.256079
      0.253397
      0.252075
      0.252021
      0.253326
       0.25586
      0.259674
      0.263273
      0.266577
      0.269584
      0.272312
      0.274777
      0.276997
      0.278986
       0.28076
      0.282334
      0.283724
      0.284942
      0.286002
      0.286913
      0.287685
      0.288326
      0.288842
      0.289239
      0.289519
      0.289686
      0.289742
      0.293469
      0.293422
      0.293283
       0.29305
       0.29272
      0.292291
      0.291759
      0.291118
      0.290364
      0.289488
      0.288483
      0.287338
      0.286042
      0.284581
      0.282941
      0.281102
      0.279048
      0.276755
      0.274205
      0.271381
      0.268269
      0.265132
      0.262232
       0.26038
      0.259197
      0.259295
      0.260115
      0.262152
      0.264728
      0.267523
      0.270221
      0.272776
      0.275148
      0.277332
      0.279324
       0.28113
      0.282756
      0.284211
      0.285504
      0.286645
      0.287641
      0.288502
      0.289233
      0.289842
      0.290334
      0.290711
      0.290979
      0.291139
      0.291192
      0.295221
      0.295176
      0.295043
      0.294819
      0.294504
      0.294094
      0.293587
      0.292977
      0.292261
      0.291432
      0.290484
      0.289408
      0.288198
      0.286842
      0.285333
      0.283659
      0.281814
      0.279792
      0.277596
      0.275251
      0.272814
      0.270456
      0.268393
      0.266926
      0.266105
      0.266077
      0.266748
      0.268136
      0.269998
      0.272107
      0.274271
      0.276396
      0.278425
      0.280329
      0.282094
      0.283714
      0.285187
      0.286517
      0.287708
      0.288765
      0.289693
      0.290498
      0.291184
      0.291757
      0.292221
      0.292578
      0.292831
      0.292983
      0.293033
      0.297352
       0.29731
      0.297184
      0.296971
      0.296672
      0.296284
      0.295804
      0.295229
      0.294555
      0.293778
      0.292893
      0.291893
      0.290775
      0.289533
      0.288161
      0.286658
      0.285022
      0.283264
      0.281395
      0.279468
      0.277534
      0.275732
      0.274202
      0.273069
      0.272461
      0.272399
      0.272904
      0.273888
      0.275262
      0.276882
      0.278607
      0.280364
      0.282079
      0.283723
       0.28527
      0.286708
       0.28803
      0.289235
      0.290321
      0.291291
      0.292147
      0.292893
      0.293532
      0.294067
        0.2945
      0.294835
      0.295073
      0.295215
      0.295262
      0.299862
      0.299823
      0.299703
      0.299503
      0.299222
      0.298857
      0.298407
       0.29787
      0.297241
      0.296519
        0.2957
       0.29478
      0.293758
       0.29263
      0.291397
      0.290062
      0.288629
      0.287115
      0.285542
      0.283953
      0.282408
      0.280994
      0.279808
      0.278939
      0.278461
      0.278402
      0.278764
      0.279501
      0.280545
      0.281804
      0.283189
      0.284631
      0.286074
       0.28748
      0.288824
       0.29009
      0.291266
      0.292347
      0.293329
      0.294211
      0.294995
      0.295681
       0.29627
      0.296765
      0.297167
      0.297479
        0.2977
      0.297832
      0.297876
      0.302749
      0.302711
        0.3026
      0.302413
       0.30215
       0.30181
      0.301392
      0.300893
      0.300312
      0.299647
      0.298895
      0.298056
       0.29713
      0.296116
      0.295017
       0.29384
      0.292594
      0.291298
      0.289973
      0.288664
      0.287414
       0.28629
      0.285359
      0.284677
      0.284301
      0.284241
      0.284509
      0.285065
      0.285871
      0.286863
      0.287978
      0.289164
      0.290372
      0.291571
      0.292731
      0.293837
      0.294875
      0.295838
      0.296719
      0.297516
      0.298227
      0.298853
      0.299393
      0.299847
      0.300218
      0.300505
      0.300709
      0.300832
      0.300872
       0.30601
      0.305975
      0.305871
      0.305698
      0.305455
      0.305141
      0.304754
      0.304295
      0.303762
      0.303154
       0.30247
      0.301712
      0.300879
      0.299974
      0.299002
      0.297972
      0.296894
      0.295787
      0.294674
      0.293589
       0.29257
      0.291665
       0.29092
      0.290378
      0.290073
      0.290018
      0.290217
      0.290647
      0.291278
      0.292069
      0.292972
      0.293949
       0.29496
      0.295977
      0.296974
      0.297935
      0.298846
      0.299697
      0.300482
      0.301197
      0.301838
      0.302404
      0.302894
      0.303309
      0.303647
       0.30391
      0.304097
       0.30421
      0.304247
      0.309644
      0.309612
      0.309517
      0.309357
      0.309134
      0.308845
      0.308492
      0.308072
      0.307587
      0.307035
      0.306418
      0.305736
      0.304992
      0.304191
      0.303336
      0.302439
       0.30151
      0.300567
       0.29963
      0.298729
      0.297892
      0.297155
      0.296554
      0.296116
      0.295869
      0.295817
      0.295968
      0.296303
      0.296803
      0.297437
      0.298173
      0.298979
      0.299825
      0.300686
       0.30154
      0.302371
      0.303165
      0.303914
      0.304609
      0.305245
      0.305819
      0.306328
       0.30677
      0.307145
      0.307452
      0.307691
      0.307862
      0.307964
      0.307998
       0.31365
      0.313621
      0.313534
      0.313389
      0.313185
      0.312922
        0.3126
       0.31222
      0.311782
      0.311285
      0.310732
      0.310124
      0.309464
      0.308758
      0.308011
      0.307233
      0.306435
      0.305632
      0.304843
      0.304091
        0.3034
      0.302796
      0.302305
      0.301948
      0.301743
      0.301697
      0.301811
      0.302076
      0.302476
      0.302989
      0.303591
      0.304258
      0.304965
      0.305693
      0.306422
      0.307138
      0.307828
      0.308482
      0.309094
      0.309656
      0.310166
      0.310621
      0.311017
      0.311354
      0.311631
      0.311846
         0.312
      0.312093
      0.312124
      0.318029
      0.318002
      0.317923
      0.317791
      0.317606
      0.317369
      0.317079
      0.316737
      0.316344
        0.3159
      0.315407
      0.314869
      0.314287
      0.313669
      0.313019
      0.312347
      0.311663
      0.310981
      0.310316
      0.309687
      0.309114
      0.308615
      0.308212
      0.307918
      0.307749
      0.307707
      0.307795
      0.308005
      0.308326
      0.308743
      0.309238
       0.30979
      0.310382
      0.310997
      0.311617
      0.312231
      0.312827
      0.313396
      0.313931
      0.314426
      0.314876
      0.315279
      0.315632
      0.315933
       0.31618
      0.316373
      0.316511
      0.316595
      0.316622
      0.322778
      0.322754
      0.322683
      0.322564
      0.322399
      0.322186
      0.321927
      0.321621
      0.321271
      0.320878
      0.320442
      0.319968
      0.319459
      0.318921
      0.318358
       0.31778
      0.317195
      0.316617
      0.316057
       0.31553
      0.315053
       0.31464
      0.314306
      0.314064
      0.313922
      0.313884
      0.313952
       0.31412
       0.31438
      0.314721
      0.315128
      0.315586
      0.316081
      0.316598
      0.317125
       0.31765
      0.318162
      0.318655
       0.31912
      0.319552
      0.319947
      0.320302
      0.320613
      0.320879
      0.321099
      0.321271
      0.321394
      0.321468
      0.321492
      0.327899
      0.327878
      0.327814
      0.327709
      0.327561
      0.327372
      0.327142
      0.326872
      0.326563
      0.326216
      0.325835
      0.325421
      0.324978
      0.324512
      0.324027
      0.323532
      0.323035
      0.322545
      0.322074
      0.321633
      0.321236
      0.320893
      0.320617
      0.320415
      0.320297
      0.320263
      0.320316
       0.32045
      0.320662
       0.32094
      0.321275
      0.321655
      0.322068
      0.322503
      0.322948
      0.323394
      0.323833
      0.324256
      0.324658
      0.325033
      0.325377
      0.325687
       0.32596
      0.326194
      0.326387
      0.326538
      0.326647
      0.326712
      0.326734
      0.333392
      0.333373
      0.333317
      0.333224
      0.333094
      0.332928
      0.332726
      0.332489
      0.332219
      0.331917
      0.331585
      0.331227
      0.330845
      0.330444
       0.33003
      0.329609
      0.329187
      0.328774
      0.328379
      0.328011
       0.32768
      0.327395
      0.327166
      0.326999
        0.3269
       0.32687
      0.326911
      0.327019
      0.327191
      0.327418
      0.327694
      0.328008
      0.328352
      0.328716
      0.329091
      0.329468
      0.329841
      0.330202
      0.330547
       0.33087
      0.331167
      0.331435
      0.331672
      0.331876
      0.332044
      0.332176
      0.332271
      0.332328
      0.332347
      0.339259
      0.339242
      0.339194
      0.339113
         0.339
      0.338855
       0.33868
      0.338475
      0.338241
       0.33798
      0.337695
      0.337388
      0.337061
       0.33672
      0.336369
      0.336013
      0.335658
      0.335312
      0.334982
      0.334676
      0.334402
      0.334167
      0.333977
      0.333839
      0.333756
       0.33373
      0.333761
      0.333848
      0.333987
      0.334173
      0.334399
      0.334658
      0.334943
      0.335245
      0.335559
      0.335876
       0.33619
      0.336496
      0.336788
      0.337064
      0.337318
      0.337548
      0.337751
      0.337926
      0.338072
      0.338186
      0.338268
      0.338317
      0.338334
      0.345501
      0.345487
      0.345445
      0.345376
      0.345279
      0.345155
      0.345005
       0.34483
       0.34463
      0.344409
      0.344167
      0.343906
      0.343631
      0.343344
      0.343049
      0.342752
      0.342456
      0.342169
      0.341896
      0.341644
      0.341418
      0.341224
      0.341069
      0.340955
      0.340886
      0.340864
      0.340888
      0.340957
       0.34107
       0.34122
      0.341404
      0.341616
       0.34185
        0.3421
      0.342359
      0.342622
      0.342884
       0.34314
      0.343386
      0.343618
      0.343832
      0.344027
      0.344199
      0.344348
      0.344472
      0.344569
      0.344639
      0.344681
      0.344695
      0.352122
       0.35211
      0.352075
      0.352016
      0.351934
       0.35183
      0.351704
      0.351557
      0.351391
      0.351205
      0.351003
      0.350787
      0.350558
      0.350321
      0.350077
      0.349832
       0.34959
      0.349355
      0.349132
      0.348926
      0.348743
      0.348586
      0.348459
      0.348367
       0.34831
      0.348291
       0.34831
      0.348365
      0.348454
      0.348575
      0.348723
      0.348895
      0.349084
      0.349287
      0.349499
      0.349715
       0.34993
      0.350141
      0.350344
      0.350535
      0.350713
      0.350875
      0.351019
      0.351143
      0.351246
      0.351328
      0.351386
      0.351421
      0.351433
      0.359124
      0.359114
      0.359085
      0.359037
       0.35897
      0.358885
      0.358782
      0.358662
      0.358525
      0.358374
       0.35821
      0.358034
      0.357849
      0.357657
      0.357461
      0.357263
      0.357069
       0.35688
      0.356702
      0.356538
      0.356392
      0.356266
      0.356166
      0.356092
      0.356047
      0.356031
      0.356045
      0.356088
      0.356158
      0.356253
       0.35637
      0.356506
      0.356657
      0.356819
      0.356988
       0.35716
      0.357333
      0.357503
      0.357667
      0.357822
      0.357966
      0.358097
      0.358214
      0.358315
      0.358399
      0.358465
      0.358513
      0.358542
      0.358552
       0.36651
      0.366503
       0.36648
      0.366442
      0.366389
      0.366322
      0.366241
      0.366146
      0.366039
      0.365921
      0.365792
      0.365654
      0.365509
      0.365359
      0.365207
      0.365053
      0.364902
      0.364756
      0.364619
      0.364492
      0.364379
      0.364282
      0.364205
      0.364148
      0.364113
        0.3641
       0.36411
      0.364143
      0.364196
      0.364269
      0.364359
      0.364463
      0.364579
      0.364703
      0.364834
      0.364968
      0.365102
      0.365234
      0.365361
      0.365482
      0.365595
      0.365698
      0.365789
      0.365868
      0.365934
      0.365986
      0.366024
      0.366047
      0.366054
      0.374287
      0.374281
      0.374264
      0.374236
      0.374197
      0.374147
      0.374087
      0.374017
      0.373937
       0.37385
      0.373755
      0.373653
      0.373547
      0.373436
      0.373324
      0.373212
      0.373101
      0.372994
      0.372894
      0.372801
      0.372719
      0.372649
      0.372592
       0.37255
      0.372525
      0.372515
      0.372523
      0.372546
      0.372584
      0.372637
      0.372702
      0.372778
      0.372862
      0.372953
      0.373048
      0.373146
      0.373244
      0.373341
      0.373434
      0.373523
      0.373606
      0.373682
      0.373749
      0.373808
      0.373857
      0.373895
      0.373923
      0.373939
      0.373945
      0.382456
      0.382453
      0.382442
      0.382423
      0.382397
      0.382364
      0.382324
      0.382278
      0.382226
      0.382168
      0.382105
      0.382039
      0.381968
      0.381896
      0.381822
      0.381749
      0.381676
      0.381606
       0.38154
       0.38148
      0.381426
       0.38138
      0.381343
      0.381316
      0.381299
      0.381293
      0.381298
      0.381313
      0.381338
      0.381372
      0.381414
      0.381463
      0.381518
      0.381578
       0.38164
      0.381704
      0.381768
      0.381832
      0.381893
      0.381951
      0.382006
      0.382056
        0.3821
      0.382139
      0.382171
      0.382196
      0.382214
      0.382226
      0.382229
      0.391026
      0.391024
      0.391018
      0.391009
      0.390996
       0.39098
       0.39096
      0.390937
      0.390911
      0.390882
      0.390851
      0.390818
      0.390783
      0.390747
      0.390711
      0.390674
      0.390639
      0.390604
      0.390571
      0.390542
      0.390515
      0.390492
      0.390474
      0.390461
      0.390452
      0.390449
      0.390451
      0.390459
      0.390471
      0.390488
      0.390509
      0.390533
       0.39056
      0.390589
       0.39062
      0.390652
      0.390684
      0.390715
      0.390745
      0.390774
      0.390801
      0.390826
      0.390848
      0.390867
      0.390883
      0.390896
      0.390905
       0.39091
      0.390912
           0.4
           0.4
           0.4
           0.4
           0.4
           0.4
           0.4
           0.4
           0.4
           0.4
           0.4
           0.4
           0.4
           0.4
           0.4
           0.4
           0.4
           0.4
           0.4
           0.4
           0.4
           0.4
           0.4
           0.4
           0.4
           0.4
           0.4
           0.4
           0.4
           0.4
           0.4
           0.4
           0.4
           0.4
           0.4
           0.4
           0.4
           0.4
           0.4
           0.4
           0.4
           0.4
           0.4
           0.4
           0.4
           0.4
           0.4
           0.4
           0.4
