           0.4
           0.4
           0.4
           0.4
           0.4
           0.4
           0.4
           0.4
           0.4
           0.4
           0.4
           0.4
           0.4
           0.4
           0.4
           0.4
           0.4
           0.4
           0.4
           0.4
           0.4
           0.4
           0.4
           0.4
           0.4
           0.4
           0.4
           0.4
           0.4
           0.4
           0.4
           0.4
           0.4
           0.4
           0.4
           0.4
           0.4
           0.4
           0.4
           0.4
           0.4
           0.4
           0.4
           0.4
           0.4
           0.4
           0.4
           0.4
           0.4
      0.390906
      0.390904
      0.390896
      0.390884
      0.390866
      0.390844
      0.390816
      0.390784
      0.390748
      0.390708
      0.390663
      0.390615
      0.390565
      0.390511
      0.390456
        0.3904
      0.390344
      0.390288
      0.390235
      0.390184
      0.390138
      0.390097
      0.390062
      0.390035
      0.390015
      0.390004
      0.390002
      0.390009
      0.390024
      0.390048
      0.390078
      0.390115
      0.390158
      0.390204
      0.390253
      0.390303
      0.390355
      0.390405
      0.390454
        0.3905
      0.390544
      0.390583
      0.390618
      0.390649
      0.390674
      0.390694
      0.390708
      0.390717
       0.39072
      0.382218
      0.382213
      0.382198
      0.382173
      0.382138
      0.382093
      0.382038
      0.381974
      0.381901
       0.38182
       0.38173
      0.381634
      0.381532
      0.381424
      0.381313
        0.3812
      0.381086
      0.380974
      0.380866
      0.380764
       0.38067
      0.380587
      0.380516
       0.38046
      0.380421
      0.380399
      0.380394
      0.380408
      0.380439
      0.380487
      0.380549
      0.380624
       0.38071
      0.380804
      0.380903
      0.381006
      0.381109
      0.381211
       0.38131
      0.381404
      0.381491
      0.381571
      0.381641
      0.381702
      0.381753
      0.381793
      0.381822
       0.38184
      0.381845
      0.373932
      0.373924
      0.373901
      0.373863
       0.37381
      0.373742
      0.373659
      0.373563
      0.373452
      0.373329
      0.373194
      0.373048
      0.372893
       0.37273
      0.372561
      0.372388
      0.372215
      0.372044
      0.371879
      0.371722
      0.371578
       0.37145
      0.371342
      0.371256
      0.371195
      0.371161
      0.371154
      0.371176
      0.371224
      0.371297
      0.371394
      0.371509
      0.371641
      0.371785
      0.371937
      0.372095
      0.372253
      0.372409
      0.372559
      0.372702
      0.372835
      0.372956
      0.373063
      0.373156
      0.373233
      0.373293
      0.373337
      0.373363
      0.373372
      0.366041
      0.366031
         0.366
      0.365949
      0.365878
      0.365787
      0.365676
      0.365546
      0.365397
      0.365231
      0.365049
      0.364852
      0.364641
       0.36442
       0.36419
      0.363956
      0.363719
      0.363486
      0.363259
      0.363044
      0.362846
      0.362669
       0.36252
      0.362401
      0.362317
       0.36227
      0.362261
      0.362291
      0.362358
       0.36246
      0.362593
      0.362753
      0.362935
      0.363134
      0.363343
      0.363559
      0.363775
      0.363988
      0.364194
      0.364388
      0.364569
      0.364733
      0.364878
      0.365004
      0.365108
       0.36519
      0.365249
      0.365284
      0.365296
      0.358544
      0.358531
      0.358492
      0.358428
      0.358338
      0.358222
      0.358082
      0.357918
       0.35773
       0.35752
      0.357288
      0.357037
      0.356769
      0.356487
      0.356193
      0.355892
      0.355588
      0.355286
      0.354993
      0.354714
      0.354456
      0.354226
       0.35403
      0.353875
      0.353764
      0.353702
      0.353691
      0.353731
      0.353819
      0.353954
      0.354129
      0.354338
      0.354576
      0.354835
      0.355108
      0.355387
      0.355667
      0.355942
      0.356206
      0.356456
      0.356687
      0.356897
      0.357082
      0.357242
      0.357375
      0.357479
      0.357553
      0.357599
      0.357614
      0.351436
       0.35142
      0.351373
      0.351295
      0.351186
      0.351046
      0.350876
      0.350676
      0.350447
      0.350191
      0.349908
      0.349601
      0.349271
      0.348924
      0.348561
      0.348188
       0.34781
      0.347434
      0.347067
      0.346717
      0.346392
      0.346101
      0.345853
      0.345655
      0.345515
      0.345436
      0.345422
      0.345473
      0.345587
      0.345758
      0.345981
      0.346248
       0.34655
      0.346877
       0.34722
      0.347571
       0.34792
      0.348263
      0.348591
        0.3489
      0.349185
      0.349443
      0.349671
      0.349867
      0.350029
      0.350157
      0.350248
      0.350303
      0.350322
      0.344714
      0.344696
      0.344641
      0.344548
       0.34442
      0.344254
      0.344053
      0.343817
      0.343545
       0.34324
      0.342904
      0.342537
      0.342143
      0.341725
      0.341288
      0.340837
      0.340378
       0.33992
       0.33947
      0.339038
      0.338636
      0.338275
      0.337966
      0.337718
      0.337543
      0.337444
      0.337427
      0.337492
      0.337635
      0.337851
      0.338131
      0.338465
       0.33884
      0.339245
      0.339668
      0.340099
      0.340527
      0.340944
      0.341342
      0.341715
      0.342059
      0.342369
      0.342642
      0.342876
       0.34307
      0.343222
      0.343331
      0.343396
      0.343418
      0.338377
      0.338356
      0.338292
      0.338186
      0.338036
      0.337845
      0.337612
      0.337337
      0.337021
      0.336666
      0.336272
      0.335843
       0.33538
      0.334887
      0.334369
      0.333832
      0.333283
      0.332732
      0.332188
      0.331664
      0.331173
      0.330729
      0.330347
      0.330041
      0.329822
        0.3297
       0.32968
      0.329761
      0.329941
       0.33021
      0.330558
       0.33097
      0.331432
      0.331928
      0.332444
      0.332965
      0.333481
      0.333981
      0.334455
      0.334899
      0.335306
      0.335671
      0.335993
      0.336268
      0.336495
      0.336672
      0.336799
      0.336876
      0.336901
      0.332423
      0.332398
      0.332326
      0.332205
      0.332035
      0.331817
      0.331551
      0.331236
      0.330875
      0.330466
      0.330013
      0.329516
      0.328979
      0.328406
        0.3278
      0.327169
       0.32652
      0.325864
      0.325213
      0.324581
      0.323984
      0.323442
      0.322972
      0.322594
      0.322323
      0.322171
      0.322146
      0.322248
      0.322473
      0.322808
      0.323239
      0.323746
      0.324312
      0.324915
      0.325537
      0.326163
      0.326778
       0.32737
       0.32793
       0.32845
      0.328925
       0.32935
      0.329723
      0.330041
      0.330303
      0.330507
      0.330653
      0.330741
       0.33077
       0.32685
      0.326822
      0.326741
      0.326605
      0.326414
      0.326168
      0.325868
      0.325513
      0.325104
       0.32464
      0.324124
      0.323557
      0.322941
       0.32228
      0.321578
      0.320843
      0.320083
      0.319309
      0.318533
      0.317776
      0.317055
      0.316393
      0.315816
      0.315347
      0.315011
      0.314822
      0.314792
       0.31492
      0.315202
      0.315619
      0.316152
      0.316776
      0.317465
      0.318195
      0.318942
      0.319688
      0.320415
      0.321111
      0.321764
      0.322368
      0.322916
      0.323406
      0.323833
      0.324196
      0.324494
      0.324727
      0.324893
      0.324993
      0.325026
      0.321657
      0.321627
      0.321536
      0.321385
      0.321173
        0.3209
      0.320565
      0.320168
      0.319709
      0.319189
      0.318607
      0.317966
      0.317266
      0.316511
      0.315705
      0.314856
      0.313971
      0.313062
      0.312145
      0.311239
      0.310368
      0.309561
      0.308849
      0.308266
      0.307845
      0.307608
      0.307572
      0.307735
      0.308089
      0.308611
      0.309273
       0.31004
      0.310881
      0.311762
      0.312656
       0.31354
      0.314394
      0.315205
      0.315961
      0.316655
      0.317283
       0.31784
      0.318324
      0.318735
      0.319071
      0.319332
      0.319519
      0.319631
      0.319668
      0.316846
      0.316812
      0.316713
      0.316546
      0.316312
      0.316011
      0.315641
      0.315202
      0.314693
      0.314113
      0.313464
      0.312744
      0.311956
      0.311101
      0.310183
      0.309209
      0.308185
      0.307125
      0.306043
      0.304963
       0.30391
      0.302923
      0.302041
      0.301311
       0.30078
      0.300478
      0.300435
      0.300644
      0.301094
      0.301751
      0.302575
      0.303523
      0.304547
      0.305611
      0.306677
       0.30772
      0.308717
      0.309656
      0.310524
      0.311316
      0.312027
      0.312655
      0.313199
      0.313659
      0.314034
      0.314325
      0.314532
      0.314657
      0.314698
      0.312415
      0.312379
       0.31227
      0.312088
      0.311833
      0.311503
      0.311098
      0.310616
      0.310056
      0.309417
      0.308697
      0.307897
      0.307016
      0.306056
      0.305018
      0.303908
      0.302731
      0.301501
      0.300231
      0.298946
      0.297674
      0.296461
      0.295358
      0.294431
      0.293749
      0.293363
      0.293309
      0.293583
      0.294162
      0.294998
      0.296034
      0.297208
      0.298462
      0.299744
      0.301012
      0.302236
      0.303394
      0.304472
      0.305461
      0.306357
      0.307156
      0.307858
      0.308463
      0.308972
      0.309387
      0.309708
      0.309936
      0.310073
      0.310118
      0.308366
      0.308327
      0.308209
      0.308013
      0.307736
      0.307379
      0.306939
      0.306414
      0.305803
      0.305103
      0.304313
       0.30343
      0.302454
      0.301383
      0.300218
      0.298962
      0.297619
      0.296199
      0.294714
       0.29319
      0.291653
      0.290159
      0.288764
      0.287572
      0.286686
      0.286177
      0.286117
      0.286479
      0.287237
      0.288311
      0.289622
      0.291086
      0.292621
      0.294168
       0.29567
      0.297101
      0.298436
      0.299666
      0.300783
      0.301787
      0.302676
      0.303453
       0.30412
      0.304679
      0.305133
      0.305484
      0.305733
      0.305882
      0.305931
      0.304699
      0.304657
      0.304531
       0.30432
      0.304024
      0.303639
      0.303165
      0.302598
      0.301937
      0.301177
      0.300317
      0.299351
      0.298277
      0.297093
      0.295796
      0.294386
      0.292865
      0.291239
      0.289516
      0.287716
      0.285865
      0.284016
      0.282239
      0.280661
      0.279437
      0.278791
      0.278691
      0.279231
      0.280249
      0.281642
      0.283317
      0.285155
      0.287044
      0.288905
       0.29068
      0.292339
      0.293865
      0.295254
      0.296504
      0.297617
      0.298597
      0.299449
      0.300177
      0.300785
      0.301277
      0.301656
      0.301926
      0.302086
       0.30214
      0.301417
      0.301372
      0.301238
      0.301014
      0.300697
      0.300287
       0.29978
      0.299174
      0.298463
      0.297646
      0.296715
      0.295667
      0.294497
      0.293198
      0.291766
      0.290197
      0.288489
      0.286642
      0.284659
      0.282551
      0.280331
      0.278051
      0.275762
      0.273636
      0.271849
      0.271098
      0.270862
      0.271743
      0.273126
      0.274936
      0.277095
      0.279427
      0.281751
      0.283991
      0.286069
      0.287977
      0.289704
      0.291256
      0.292639
      0.293861
      0.294929
      0.295853
       0.29664
      0.297294
      0.297823
       0.29823
      0.298518
       0.29869
      0.298747
       0.29852
      0.298473
      0.298331
      0.298094
      0.297759
      0.297325
      0.296788
      0.296143
      0.295387
      0.294514
      0.293518
      0.292391
      0.291125
      0.289714
      0.288148
      0.286419
       0.28452
      0.282444
      0.280187
      0.277748
      0.275128
      0.272334
      0.269404
      0.266504
       0.26387
      0.263115
      0.262521
      0.263978
      0.265825
      0.268113
      0.270926
      0.273948
      0.276834
      0.279491
      0.281897
      0.284058
      0.285987
      0.287698
      0.289208
      0.290533
      0.291685
      0.292676
      0.293516
      0.294214
      0.294776
      0.295207
      0.295513
      0.295695
      0.295755
      0.296009
       0.29596
      0.295812
      0.295563
      0.295212
      0.294756
      0.294191
      0.293513
      0.292715
       0.29179
      0.290732
      0.289531
      0.288177
      0.286658
      0.284962
      0.283076
      0.280987
      0.278681
      0.276145
      0.273368
      0.270337
      0.266983
      0.263238
      0.259326
      0.256671
      0.255183
      0.254775
       0.25604
      0.258299
       0.26099
      0.264775
      0.268842
      0.272387
      0.275487
      0.278222
      0.280629
      0.282747
      0.284605
      0.286232
      0.287649
      0.288875
      0.289926
      0.290814
      0.291549
       0.29214
      0.292593
      0.292914
      0.293105
      0.293168
      0.293887
      0.293836
      0.293682
      0.293424
      0.293059
      0.292584
      0.291994
      0.291286
       0.29045
      0.289481
      0.288368
        0.2871
      0.285665
      0.284047
      0.282231
      0.280197
      0.277926
      0.275397
      0.272588
      0.269479
      0.266045
      0.262244
      0.258049
      0.253501
      0.250484
      0.248739
      0.247927
      0.249683
      0.252156
      0.255405
      0.259565
      0.264487
       0.26858
      0.272091
      0.275119
      0.277741
       0.28002
      0.282003
      0.283728
      0.285222
      0.286511
      0.287611
      0.288538
      0.289305
       0.28992
      0.290391
      0.290724
      0.290922
      0.290988
      0.292155
      0.292102
      0.291943
      0.291677
        0.2913
      0.290809
        0.2902
      0.289466
      0.288601
      0.287593
      0.286434
      0.285109
      0.283604
      0.281901
      0.279978
      0.277812
      0.275375
      0.272637
      0.269568
      0.266144
      0.262341
      0.258114
      0.253418
      0.248695
      0.245541
      0.243858
      0.243554
      0.245119
      0.247774
      0.251484
      0.256211
      0.261182
      0.265584
      0.269413
      0.272666
      0.275443
      0.277842
      0.279916
      0.281714
      0.283266
      0.284601
      0.285738
      0.286696
      0.287486
      0.288119
      0.288604
      0.288946
       0.28915
      0.289217
      0.290814
      0.290759
      0.290597
      0.290324
      0.289939
      0.289436
      0.288812
      0.288059
      0.287169
      0.286133
      0.284937
      0.283568
      0.282008
      0.280235
      0.278226
      0.275949
      0.273371
       0.27045
      0.267144
      0.263414
      0.259238
      0.254662
      0.249782
      0.244817
      0.241568
      0.240047
      0.240142
      0.241925
      0.244959
      0.249076
      0.254282
      0.258664
      0.263554
      0.267544
      0.270902
      0.273766
      0.276231
       0.27836
      0.280201
      0.281789
      0.283152
      0.284313
      0.285289
      0.286094
       0.28674
      0.287233
      0.287581
      0.287788
      0.287857
      0.289864
      0.289809
      0.289644
      0.289367
      0.288976
      0.288466
      0.287832
      0.287066
      0.286161
      0.285105
      0.283885
      0.282486
      0.280888
      0.279068
      0.276997
      0.274639
      0.271955
      0.268886
      0.265375
      0.261352
      0.256747
      0.251718
      0.246425
      0.241681
      0.238289
      0.237024
      0.237451
      0.239908
      0.243522
      0.248085
      0.253385
      0.258247
      0.262647
      0.266537
      0.269869
       0.27273
      0.275205
      0.277344
      0.279197
      0.280796
       0.28217
      0.283339
      0.284322
      0.285133
      0.285783
       0.28628
      0.286631
       0.28684
      0.286909
      0.289306
       0.28925
      0.289085
      0.288806
      0.288412
      0.287899
       0.28726
      0.286489
      0.285577
      0.284512
      0.283282
      0.281869
      0.280253
      0.278409
      0.276306
      0.273905
      0.271158
         0.268
       0.26435
      0.260092
      0.255098
      0.249242
      0.244061
      0.239618
      0.235968
      0.234685
      0.235671
       0.23914
      0.243437
      0.248854
      0.253905
      0.258506
      0.262645
      0.266317
      0.269527
      0.272321
      0.274752
      0.276865
        0.2787
      0.280286
      0.281651
      0.282815
      0.283794
      0.284602
      0.285249
      0.285745
      0.286095
      0.286303
      0.286372
       0.28914
      0.289085
      0.288919
      0.288641
      0.288249
      0.287736
      0.287099
       0.28633
       0.28542
      0.284358
      0.283131
       0.28172
      0.280108
      0.278267
      0.276168
      0.273766
      0.271016
      0.267841
      0.264163
      0.259787
       0.25452
        0.2486
      0.243413
      0.239169
      0.236076
      0.234848
      0.236198
      0.239944
      0.244679
      0.250184
      0.255081
       0.25944
      0.263332
      0.266788
      0.269836
      0.272516
      0.274864
      0.276916
      0.278706
      0.280257
      0.281596
      0.282739
      0.283703
      0.284499
      0.285138
      0.285627
      0.285972
      0.286178
      0.286246
      0.289365
      0.289311
      0.289147
      0.288872
      0.288484
      0.287977
      0.287347
      0.286587
      0.285689
       0.28464
       0.28343
       0.28204
      0.280453
      0.278642
      0.276579
      0.274224
      0.271527
      0.268422
      0.264821
      0.260594
      0.255603
      0.249729
      0.244515
      0.239974
         0.238
       0.23721
      0.238267
      0.242168
      0.246845
      0.252324
       0.25698
      0.261057
      0.264676
      0.267895
      0.270754
      0.273284
      0.275518
      0.277481
      0.279202
      0.280701
      0.281997
      0.283108
      0.284046
      0.284822
      0.285445
      0.285923
      0.286261
      0.286462
      0.286529
      0.289982
      0.289929
      0.289768
      0.289498
      0.289117
      0.288621
      0.288004
       0.28726
      0.286381
      0.285358
      0.284177
      0.282825
      0.281284
       0.27953
      0.277539
      0.275272
      0.272693
      0.269736
      0.266337
      0.262389
      0.257781
      0.252718
      0.247405
      0.243097
       0.24113
      0.240105
      0.242341
       0.24605
      0.250691
      0.255489
       0.25967
       0.26335
      0.266646
      0.269596
      0.272237
      0.274594
      0.276689
      0.278543
      0.280177
      0.281606
      0.282848
      0.283914
      0.284818
      0.285567
      0.286169
      0.286632
      0.286959
      0.287154
      0.287219
      0.290989
      0.290937
       0.29078
      0.290518
      0.290147
      0.289665
      0.289066
      0.288345
      0.287494
      0.286505
      0.285367
      0.284067
       0.28259
      0.280916
      0.279024
      0.276887
       0.27447
      0.271732
      0.268621
      0.265069
      0.260978
      0.256167
      0.251985
      0.248832
      0.247289
      0.247101
       0.24859
      0.251478
      0.255609
      0.259481
      0.263025
       0.26625
      0.269182
      0.271841
      0.274246
      0.276411
      0.278351
       0.28008
      0.281613
      0.282961
      0.284138
      0.285151
      0.286013
      0.286728
      0.287305
      0.287749
      0.288063
       0.28825
      0.288313
      0.292383
      0.292333
      0.292182
      0.291929
      0.291572
      0.291107
      0.290531
      0.289838
      0.289023
      0.288077
      0.286991
      0.285756
      0.284359
      0.282784
      0.281016
      0.279035
      0.276819
      0.274344
      0.271585
      0.268519
       0.26512
      0.261578
      0.258081
      0.255465
      0.254583
      0.254907
      0.255946
      0.258194
      0.260996
      0.264017
      0.266921
       0.26967
      0.272224
      0.274581
      0.276738
      0.278702
      0.280477
      0.282072
      0.283495
      0.284753
      0.285856
       0.28681
      0.287624
      0.288301
      0.288849
       0.28927
      0.289569
      0.289748
      0.289807
      0.294164
      0.294116
      0.293971
      0.293729
      0.293387
      0.292944
      0.292394
      0.291735
       0.29096
      0.290065
      0.289041
       0.28788
      0.286574
      0.285112
      0.283483
      0.281676
      0.279681
       0.27749
      0.275103
      0.272537
      0.269841
      0.267167
      0.264735
      0.262944
      0.262132
      0.262208
      0.263022
      0.264571
      0.266606
      0.268892
      0.271228
      0.273519
      0.275707
      0.277764
      0.279675
      0.281436
      0.283042
      0.284498
      0.285805
      0.286968
      0.287992
      0.288882
      0.289643
      0.290279
      0.290794
      0.291192
      0.291474
      0.291642
      0.291698
      0.296329
      0.296284
      0.296146
      0.295916
      0.295592
      0.295172
      0.294652
       0.29403
      0.293301
      0.292461
      0.291504
      0.290425
      0.289217
      0.287876
      0.286393
      0.284768
      0.282996
      0.281086
      0.279048
      0.276929
      0.274779
      0.272746
      0.270977
      0.269668
      0.269014
      0.268993
      0.269585
      0.270685
       0.27219
       0.27395
      0.275816
      0.277713
      0.279565
      0.281343
      0.283018
       0.28458
       0.28602
      0.287336
      0.288526
      0.289591
      0.290534
      0.291358
      0.292064
      0.292656
      0.293137
      0.293508
      0.293772
       0.29393
      0.293982
      0.298877
      0.298834
      0.298704
      0.298488
      0.298183
      0.297788
        0.2973
      0.296718
      0.296038
      0.295257
      0.294371
      0.293378
      0.292273
      0.291054
       0.28972
      0.288274
      0.286719
      0.285071
      0.283351
      0.281604
      0.279888
      0.278302
      0.276957
      0.275971
      0.275445
      0.275397
      0.275812
      0.276629
      0.277772
      0.279141
      0.280641
        0.2822
      0.283759
       0.28528
      0.286737
      0.288111
      0.289391
       0.29057
      0.291644
      0.292612
      0.293473
      0.294228
      0.294879
      0.295425
       0.29587
      0.296215
       0.29646
      0.296607
      0.296655
      0.301805
      0.301764
      0.301643
      0.301441
      0.301156
      0.300788
      0.300334
      0.299794
      0.299165
      0.298445
      0.297632
      0.296725
      0.295722
      0.294625
      0.293435
       0.29216
      0.290805
      0.289393
      0.287944
      0.286504
      0.285121
      0.283869
      0.282825
      0.282059
      0.281642
       0.28158
      0.281879
      0.282492
      0.283372
      0.284451
      0.285658
      0.286942
      0.288248
      0.289546
      0.290803
      0.292004
      0.293133
      0.294183
      0.295146
      0.296018
      0.296799
      0.297486
       0.29808
      0.298581
       0.29899
      0.299307
      0.299533
      0.299669
      0.299714
      0.305111
      0.305073
      0.304961
      0.304773
      0.304509
      0.304168
       0.30375
      0.303252
      0.302675
      0.302016
      0.301276
      0.300455
      0.299553
      0.298573
       0.29752
      0.296402
       0.29523
      0.294024
      0.292807
      0.291615
       0.29049
      0.289486
      0.288658
      0.288053
      0.287714
      0.287654
      0.287872
      0.288343
      0.289031
      0.289889
      0.290868
      0.291925
      0.293019
       0.29412
      0.295201
      0.296245
      0.297235
      0.298162
      0.299019
      0.299801
      0.300503
      0.301124
      0.301663
      0.302119
      0.302492
      0.302782
      0.302989
      0.303113
      0.303154
      0.308793
      0.308759
      0.308655
      0.308482
      0.308239
      0.307927
      0.307543
      0.307088
      0.306562
      0.305965
      0.305296
      0.304558
      0.303752
      0.302883
      0.301956
      0.300982
      0.299971
      0.298944
       0.29792
      0.296932
      0.296011
      0.295198
      0.294532
      0.294046
      0.293771
      0.293713
      0.293877
      0.294241
      0.294784
      0.295472
       0.29627
      0.297143
      0.298058
      0.298991
      0.299916
      0.300819
      0.301682
      0.302498
      0.303255
      0.303951
      0.304578
      0.305136
      0.305622
      0.306034
      0.306371
      0.306635
      0.306822
      0.306935
      0.306973
      0.312851
      0.312819
      0.312725
      0.312566
      0.312345
       0.31206
      0.311711
      0.311299
      0.310823
      0.310285
      0.309685
      0.309026
      0.308311
      0.307545
      0.306735
      0.305889
      0.305021
      0.304147
      0.303285
      0.302462
      0.301703
      0.301038
      0.300497
      0.300102
      0.299875
      0.299823
      0.299946
      0.300233
      0.300666
      0.301222
      0.301875
      0.302597
      0.303363
      0.304152
      0.304942
      0.305719
      0.306469
      0.307182
      0.307848
      0.308463
       0.30902
      0.309518
      0.309952
      0.310322
      0.310626
      0.310862
      0.311032
      0.311134
      0.311168
      0.317282
      0.317254
      0.317168
      0.317025
      0.316824
      0.316566
      0.316251
       0.31588
      0.315453
      0.314972
      0.314437
      0.313853
      0.313223
      0.312552
      0.311846
      0.311116
      0.310372
      0.309629
      0.308904
      0.308217
      0.307588
      0.307042
      0.306598
      0.306275
      0.306087
      0.306039
      0.306134
      0.306361
      0.306709
      0.307161
      0.307696
      0.308295
      0.308936
      0.309602
      0.310275
      0.310942
      0.311589
      0.312209
      0.312792
      0.313332
      0.313824
      0.314265
      0.314651
       0.31498
      0.315251
      0.315463
      0.315615
      0.315707
      0.315737
      0.322088
      0.322062
      0.321984
      0.321856
      0.321675
      0.321444
      0.321163
      0.320831
      0.320451
      0.320024
      0.319551
      0.319037
      0.318485
        0.3179
      0.317289
       0.31666
      0.316025
      0.315395
      0.314784
       0.31421
      0.313688
      0.313236
       0.31287
      0.312603
      0.312447
      0.312404
      0.312477
      0.312659
       0.31294
      0.313309
       0.31375
      0.314246
      0.314783
      0.315344
      0.315915
      0.316485
      0.317042
      0.317578
      0.318084
      0.318556
      0.318987
      0.319375
      0.319716
      0.320007
      0.320248
      0.320436
      0.320571
      0.320652
      0.320679
      0.327266
      0.327243
      0.327174
      0.327059
      0.326899
      0.326693
      0.326443
       0.32615
      0.325814
      0.325438
      0.325023
      0.324574
      0.324093
      0.323587
      0.323061
      0.322523
      0.321982
      0.321449
      0.320936
      0.320455
      0.320021
      0.319647
      0.319344
      0.319124
      0.318993
      0.318955
      0.319012
      0.319157
      0.319386
      0.319687
      0.320051
      0.320462
       0.32091
      0.321382
      0.321865
       0.32235
      0.322826
      0.323287
      0.323725
      0.324134
      0.324509
      0.324848
      0.325146
      0.325402
      0.325613
      0.325779
      0.325898
       0.32597
      0.325994
      0.332819
      0.332798
      0.332737
      0.332636
      0.332495
      0.332314
      0.332094
      0.331837
      0.331543
      0.331215
      0.330855
      0.330465
       0.33005
      0.329615
      0.329165
      0.328707
      0.328249
        0.3278
      0.327369
      0.326968
      0.326608
      0.326297
      0.326047
      0.325864
      0.325755
      0.325722
      0.325766
      0.325883
      0.326069
      0.326315
      0.326614
      0.326955
      0.327328
      0.327723
       0.32813
       0.32854
      0.328945
      0.329339
      0.329714
      0.330066
       0.33039
      0.330683
      0.330942
      0.331164
      0.331348
      0.331493
      0.331597
       0.33166
      0.331681
      0.338746
      0.338728
      0.338675
      0.338587
      0.338464
      0.338307
      0.338116
      0.337893
      0.337639
      0.337356
      0.337045
      0.336711
      0.336357
      0.335986
      0.335604
      0.335217
      0.334832
      0.334456
      0.334097
      0.333764
      0.333465
      0.333208
      0.333002
      0.332851
       0.33276
      0.332731
      0.332765
      0.332859
       0.33301
      0.333211
      0.333457
      0.333738
      0.334047
      0.334375
      0.334715
       0.33506
      0.335401
      0.335734
      0.336053
      0.336353
       0.33663
      0.336881
      0.337104
      0.337295
      0.337454
      0.337579
      0.337668
      0.337723
      0.337741
       0.34505
      0.345035
       0.34499
      0.344914
      0.344808
      0.344673
       0.34451
      0.344319
      0.344103
      0.343862
      0.343598
      0.343315
      0.343016
      0.342704
      0.342384
       0.34206
      0.341739
      0.341427
       0.34113
      0.340856
       0.34061
      0.340399
       0.34023
      0.340106
      0.340031
      0.340006
      0.340032
      0.340108
      0.340229
      0.340393
      0.340593
      0.340823
      0.341077
      0.341348
      0.341629
      0.341916
      0.342201
      0.342479
      0.342747
      0.342999
      0.343233
      0.343446
      0.343634
      0.343797
      0.343932
      0.344038
      0.344114
      0.344161
      0.344176
      0.351734
      0.351721
      0.351682
      0.351619
       0.35153
      0.351416
      0.351279
      0.351119
      0.350938
      0.350736
      0.350516
      0.350281
      0.350032
      0.349774
       0.34951
      0.349243
       0.34898
      0.348725
      0.348482
      0.348259
      0.348059
      0.347888
      0.347751
       0.34765
      0.347589
      0.347568
      0.347588
      0.347648
      0.347745
      0.347876
      0.348037
      0.348223
      0.348429
       0.34865
       0.34888
      0.349114
      0.349348
      0.349578
      0.349799
      0.350008
      0.350202
      0.350379
      0.350536
      0.350671
      0.350784
      0.350873
      0.350937
      0.350975
      0.350988
      0.358799
      0.358789
      0.358757
      0.358705
      0.358632
      0.358539
      0.358427
      0.358296
      0.358148
      0.357983
      0.357805
      0.357613
      0.357412
      0.357203
      0.356989
      0.356775
      0.356564
      0.356359
      0.356165
      0.355987
      0.355828
      0.355692
      0.355582
      0.355502
      0.355453
      0.355436
      0.355451
      0.355498
      0.355574
      0.355678
      0.355805
      0.355952
      0.356116
      0.356292
      0.356476
      0.356664
      0.356852
      0.357037
      0.357215
      0.357384
      0.357542
      0.357685
      0.357812
      0.357923
      0.358014
      0.358087
      0.358139
      0.358171
      0.358181
       0.36625
      0.366242
      0.366217
      0.366176
      0.366118
      0.366045
      0.365956
      0.365853
      0.365737
      0.365608
      0.365468
      0.365318
       0.36516
      0.364997
      0.364831
      0.364664
        0.3645
      0.364342
      0.364192
      0.364054
      0.363932
      0.363827
      0.363742
      0.363681
      0.363643
      0.363629
      0.363641
      0.363676
      0.363734
      0.363813
      0.363911
      0.364024
       0.36415
      0.364286
      0.364428
      0.364573
      0.364719
      0.364863
      0.365002
      0.365134
      0.365256
      0.365369
      0.365468
      0.365555
      0.365627
      0.365684
      0.365725
      0.365749
      0.365758
      0.374091
      0.374085
      0.374066
      0.374036
      0.373993
      0.373939
      0.373873
      0.373797
      0.373711
      0.373615
      0.373512
      0.373401
      0.373285
      0.373165
      0.373043
      0.372921
      0.372801
      0.372685
      0.372576
      0.372475
      0.372386
      0.372309
      0.372248
      0.372203
      0.372175
      0.372165
      0.372173
      0.372198
       0.37224
      0.372298
      0.372368
      0.372451
      0.372542
      0.372641
      0.372745
      0.372851
      0.372958
      0.373064
      0.373166
      0.373263
      0.373353
      0.373435
      0.373509
      0.373573
      0.373626
      0.373668
      0.373698
      0.373717
      0.373723
      0.382326
      0.382322
       0.38231
      0.382289
      0.382261
      0.382225
      0.382182
      0.382132
      0.382075
      0.382012
      0.381943
      0.381871
      0.381794
      0.381716
      0.381635
      0.381555
      0.381477
      0.381401
      0.381329
      0.381263
      0.381205
      0.381155
      0.381115
      0.381086
      0.381067
      0.381061
      0.381066
      0.381082
       0.38111
      0.381147
      0.381193
      0.381246
      0.381306
      0.381371
      0.381438
      0.381508
      0.381578
      0.381647
      0.381714
      0.381778
      0.381837
      0.381892
       0.38194
      0.381982
      0.382017
      0.382045
      0.382065
      0.382077
      0.382081
       0.39096
      0.390958
      0.390952
      0.390942
      0.390928
       0.39091
      0.390889
      0.390864
      0.390835
      0.390804
       0.39077
      0.390734
      0.390696
      0.390657
      0.390618
      0.390578
      0.390539
      0.390501
      0.390466
      0.390434
      0.390405
       0.39038
       0.39036
      0.390346
      0.390337
      0.390333
      0.390336
      0.390344
      0.390357
      0.390376
      0.390398
      0.390425
      0.390454
      0.390486
       0.39052
      0.390554
      0.390589
      0.390623
      0.390656
      0.390688
      0.390717
      0.390744
      0.390768
      0.390789
      0.390807
       0.39082
       0.39083
      0.390836
      0.390838
           0.4
           0.4
           0.4
           0.4
           0.4
           0.4
           0.4
           0.4
           0.4
           0.4
           0.4
           0.4
           0.4
           0.4
           0.4
           0.4
           0.4
           0.4
           0.4
           0.4
           0.4
           0.4
           0.4
           0.4
           0.4
           0.4
           0.4
           0.4
           0.4
           0.4
           0.4
           0.4
           0.4
           0.4
           0.4
           0.4
           0.4
           0.4
           0.4
           0.4
           0.4
           0.4
           0.4
           0.4
           0.4
           0.4
           0.4
           0.4
           0.4
