               0
    0.00357143
    0.00714286
     0.0107143
     0.0142857
     0.0178571
     0.0214286
         0.025
     0.0285714
     0.0321429
     0.0357143
     0.0392857
     0.0428571
     0.0464286
          0.05
     0.0535714
     0.0571429
     0.0607143
     0.0642857
     0.0678571
     0.0714286
         0.075
     0.0785714
     0.0821429
     0.0857143
     0.0892857
     0.0928571
     0.0964286
           0.1
      0.103571
      0.107143
      0.110714
      0.114286
      0.117857
      0.121429
         0.125
      0.128571
      0.132143
      0.135714
      0.139286
      0.142857
      0.146429
          0.15
      0.153571
      0.157143
      0.160714
      0.164286
      0.167857
      0.171429
         0.175
      0.178571
      0.182143
      0.185714
      0.189286
      0.192857
      0.196429
           0.2
      0.203571
      0.207143
      0.210714
      0.214286
      0.217857
      0.221429
         0.225
      0.228571
      0.232143
      0.235714
      0.239286
      0.242857
      0.246429
          0.25
      0.253571
      0.257143
      0.260714
      0.264286
      0.267857
      0.271429
         0.275
      0.278571
      0.282143
      0.285714
      0.289286
      0.292857
      0.296429
           0.3
      0.303571
      0.307143
      0.310714
      0.314286
      0.317857
      0.321429
         0.325
      0.328571
      0.332143
      0.335714
      0.339286
      0.342857
      0.346429
          0.35
      0.353571
      0.357143
      0.360714
      0.364286
      0.367857
      0.371429
         0.375
      0.378571
      0.382143
      0.385714
      0.389286
      0.392857
      0.396429
           0.4
      0.403571
      0.407143
      0.410714
      0.414286
      0.417857
      0.421429
         0.425
      0.428571
      0.432143
      0.435714
      0.439286
      0.442857
      0.446429
          0.45
      0.453571
      0.457143
      0.460714
      0.464286
      0.467857
      0.471429
         0.475
      0.478571
      0.482143
      0.485714
      0.489286
      0.492857
      0.496429
           0.5
