             5
             5
             5
             5
             5
             5
             5
             5
             5
             5
             5
             5
             5
             5
             5
             5
             5
             5
             5
       4.40669
       4.40651
        4.4062
       4.40528
       4.40395
       4.40242
       4.40312
       4.40457
       4.40577
       4.40639
       4.40686
       4.40703
       4.40724
       4.40726
       4.40739
       4.40735
       4.40744
       4.40738
       4.40745
       3.86748
       3.86688
       3.86671
       3.86465
       3.86166
       3.85609
       3.85901
       3.86299
       3.86583
       3.86663
       3.86778
       3.86778
       3.86846
        3.8682
       3.86872
       3.86837
       3.86882
       3.86842
       3.86884
       3.39354
       3.39324
       3.39268
       3.39125
       3.38914
       3.38619
       3.38346
       3.38875
       3.39156
       3.39296
       3.39392
       3.39435
       3.39477
       3.39489
       3.39511
        3.3951
       3.39524
       3.39518
       3.39527
       2.99269
       2.99238
       2.99198
       2.99092
        2.9897
       2.98811
       2.98703
       2.98922
        2.9911
       2.99219
       2.99314
       2.99351
       2.99398
       2.99406
       2.99434
       2.99429
       2.99449
       2.99438
       2.99453
       2.66631
       2.66617
       2.66583
       2.66523
       2.66451
       2.66382
       2.66359
       2.66438
       2.66535
       2.66614
       2.66678
       2.66719
       2.66752
        2.6677
       2.66787
       2.66794
       2.66802
       2.66803
       2.66806
       2.41464
       2.41455
       2.41433
       2.41399
       2.41361
       2.41333
       2.41338
       2.41365
       2.41414
       2.41466
        2.4151
       2.41543
       2.41569
       2.41586
         2.416
       2.41608
       2.41614
       2.41616
       2.41618
       2.23637
       2.23633
       2.23619
       2.23601
       2.23581
        2.2357
       2.23573
        2.2359
       2.23618
       2.23651
        2.2368
       2.23705
       2.23724
        2.2374
        2.2375
       2.23758
       2.23763
       2.23766
       2.23766
       2.13012
       2.13014
       2.13002
       2.12997
       2.12984
       2.12983
       2.12982
       2.12997
        2.1301
       2.13034
        2.1305
       2.13072
       2.13083
       2.13098
       2.13103
       2.13114
       2.13114
        2.1312
       2.13117
       2.09503
       2.09503
       2.09498
       2.09495
       2.09489
       2.09489
        2.0949
       2.09499
       2.09509
       2.09523
       2.09535
       2.09549
       2.09559
       2.09569
       2.09575
       2.09581
       2.09583
       2.09587
       2.09586
       2.13056
       2.13059
       2.13054
       2.13055
        2.1305
       2.13053
       2.13052
       2.13061
       2.13064
       2.13077
       2.13082
       2.13095
       2.13099
        2.1311
       2.13111
       2.13119
       2.13118
       2.13123
        2.1312
       2.23723
       2.23724
       2.23722
       2.23722
       2.23721
       2.23722
       2.23723
       2.23727
       2.23732
       2.23738
       2.23744
       2.23751
       2.23756
       2.23761
       2.23765
       2.23768
        2.2377
       2.23772
       2.23772
        2.4159
       2.41588
       2.41589
       2.41588
       2.41589
       2.41588
       2.41591
       2.41593
       2.41597
         2.416
       2.41606
       2.41609
       2.41614
       2.41617
       2.41621
       2.41622
       2.41624
       2.41624
       2.41626
       2.66788
       2.66785
       2.66788
       2.66785
       2.66788
       2.66786
        2.6679
       2.66789
       2.66794
       2.66795
         2.668
       2.66801
       2.66806
       2.66806
       2.66811
        2.6681
       2.66814
       2.66812
       2.66814
       2.99443
       2.99429
       2.99443
       2.99429
       2.99443
        2.9943
       2.99445
       2.99432
       2.99448
       2.99436
       2.99452
        2.9944
       2.99456
       2.99444
       2.99459
       2.99446
       2.99461
       2.99448
       2.99462
       3.39522
       3.39513
       3.39522
       3.39513
       3.39522
       3.39514
       3.39523
       3.39515
       3.39526
       3.39518
       3.39528
       3.39521
       3.39531
       3.39523
       3.39533
       3.39525
       3.39535
       3.39526
       3.39535
       3.86882
        3.8684
       3.86882
       3.86841
       3.86882
       3.86841
       3.86883
       3.86842
       3.86884
       3.86844
       3.86886
       3.86845
       3.86887
       3.86847
       3.86889
       3.86848
        3.8689
       3.86848
        3.8689
       4.40744
       4.40738
       4.40745
       4.40738
       4.40745
       4.40738
       4.40745
       4.40739
       4.40746
       4.40739
       4.40746
        4.4074
       4.40747
       4.40741
       4.40748
       4.40741
       4.40748
       4.40742
       4.40748
             5
             5
             5
             5
             5
             5
             5
             5
             5
             5
             5
             5
             5
             5
             5
             5
             5
             5
             5
