             5
             5
             5
             5
             5
             5
             5
             5
             5
             5
             5
             5
             5
             5
             5
             5
             5
             5
             5
       4.73589
       4.73353
       4.72628
       4.71347
       4.69461
        4.6859
       4.69044
       4.70036
         4.713
       4.73104
       4.74087
       4.74699
       4.75091
       4.75344
       4.75511
       4.75619
       4.75688
       4.75725
       4.75737
       4.50592
        4.5013
       4.48735
       4.46196
       4.43654
       4.41627
       4.43335
       4.45594
        4.4788
       4.49964
       4.51499
       4.52582
       4.53295
       4.53755
       4.54064
       4.54266
       4.54394
       4.54465
       4.54488
       4.31102
       4.30653
       4.29241
        4.2655
       4.24099
       4.21829
        4.2386
       4.26603
       4.28742
        4.3018
       4.32337
       4.33702
       4.34605
       4.35209
       4.35619
       4.35893
       4.36067
       4.36164
       4.36195
       4.15238
       4.14859
       4.13713
       4.11927
       4.09613
       4.08169
       4.08943
         4.109
       4.13008
       4.15024
       4.16725
       4.18073
       4.19024
       4.19682
       4.20144
       4.20457
        4.2066
       4.20774
        4.2081
       4.02763
       4.02492
       4.01691
       4.00442
        3.9889
         3.974
        3.9794
       4.00235
       4.00871
       4.02871
       4.04391
        4.0558
        4.0647
       4.07123
       4.07592
       4.07919
       4.08133
       4.08255
       4.08294
       3.93458
       3.93277
       3.92729
       3.91852
       3.90678
       3.89605
       3.90207
       3.91502
       3.92501
       3.93874
       3.95078
       3.96087
       3.96876
       3.97479
       3.97924
       3.98242
       3.98453
       3.98574
       3.98613
       3.87158
       3.87036
       3.86679
       3.86139
       3.85515
       3.85054
       3.85185
        3.8574
       3.86652
       3.87705
       3.88673
       3.89498
       3.90168
       3.90697
       3.91099
       3.91391
       3.91589
       3.91703
       3.91741
       3.83703
       3.83629
       3.83405
       3.83095
        3.8276
       3.82477
       3.82322
       3.82231
       3.83289
       3.84264
       3.85066
        3.8573
       3.86282
       3.86731
       3.87079
       3.87339
       3.87516
        3.8762
       3.87653
       3.83024
       3.82978
       3.82849
       3.82671
       3.82487
       3.82354
       3.82327
       3.82471
       3.83005
       3.83627
       3.84214
       3.84734
       3.85179
       3.85548
        3.8584
       3.86062
       3.86215
       3.86306
       3.86335
       3.85052
       3.85028
       3.84955
       3.84862
       3.84772
       3.84726
       3.84763
       3.84924
       3.85251
       3.85664
       3.86081
       3.86478
       3.86825
       3.87122
        3.8736
       3.87545
       3.87673
        3.8775
       3.87775
       3.89776
       3.89763
       3.89726
       3.89681
       3.89646
       3.89646
       3.89705
       3.89843
       3.90069
       3.90352
       3.90651
       3.90944
        3.9121
       3.91442
       3.91633
       3.91782
       3.91887
        3.9195
       3.91971
       3.97187
       3.97182
       3.97165
       3.97148
       3.97143
       3.97164
       3.97227
       3.97337
         3.975
       3.97699
       3.97913
       3.98129
       3.98329
       3.98507
       3.98655
       3.98773
       3.98857
       3.98908
       3.98925
       4.07307
       4.07305
       4.07299
       4.07297
       4.07305
       4.07333
       4.07388
       4.07475
       4.07594
       4.07736
       4.07891
       4.08048
       4.08196
        4.0833
       4.08443
       4.08533
       4.08598
       4.08638
       4.08651
       4.20161
       4.20162
       4.20161
       4.20166
       4.20179
       4.20206
       4.20251
       4.20317
       4.20403
       4.20504
       4.20613
       4.20726
       4.20832
        4.2093
       4.21013
        4.2108
       4.21129
       4.21159
       4.21168
       4.35797
       4.35798
         4.358
       4.35806
       4.35818
       4.35841
       4.35875
       4.35922
       4.35981
       4.36051
       4.36125
       4.36202
       4.36276
       4.36344
       4.36402
        4.3645
       4.36484
       4.36505
       4.36512
       4.54265
       4.54267
       4.54268
       4.54275
       4.54283
         4.543
       4.54322
       4.54353
       4.54389
       4.54434
        4.5448
       4.54528
       4.54574
       4.54617
       4.54653
       4.54684
       4.54706
        4.5472
       4.54724
        4.7564
        4.7564
       4.75642
       4.75645
        4.7565
       4.75658
       4.75669
       4.75684
       4.75702
       4.75723
       4.75745
       4.75769
       4.75791
       4.75811
       4.75829
       4.75844
       4.75855
       4.75861
       4.75863
             5
             5
             5
             5
             5
             5
             5
             5
             5
             5
             5
             5
             5
             5
             5
             5
             5
             5
             5
