             5
             5
             5
             5
             5
             5
             5
             5
             5
             5
             5
             5
             5
             5
             5
             5
             5
             5
             5
       4.56828
       4.56809
        4.5675
       4.56613
       4.56331
        4.5569
       4.56331
        4.5662
       4.56768
       4.56847
       4.56894
       4.56921
       4.56939
        4.5695
       4.56958
       4.56962
       4.56966
       4.56967
       4.56968
       4.17412
       4.17376
       4.17292
       4.17084
       4.16723
       4.16488
       4.16723
       4.17096
       4.17326
       4.17444
       4.17529
       4.17571
       4.17609
       4.17623
       4.17643
       4.17646
       4.17658
       4.17655
       4.17662
       3.82304
       3.82272
       3.82177
       3.81983
       3.81655
       3.81101
       3.81653
          3.82
       3.82224
       3.82362
       3.82455
       3.82513
       3.82555
        3.8258
         3.826
        3.8261
        3.8262
       3.82622
       3.82625
       3.52007
       3.51975
       3.51903
       3.51755
       3.51544
       3.51412
        3.5155
        3.5178
       3.51959
       3.52076
        3.5217
       3.52224
       3.52273
       3.52296
       3.52323
        3.5233
       3.52345
       3.52344
       3.52352
       3.26841
       3.26822
       3.26771
       3.26686
       3.26592
       3.26545
       3.26604
       3.26718
       3.26833
       3.26925
          3.27
       3.27053
       3.27095
       3.27122
       3.27144
       3.27157
       3.27168
       3.27171
       3.27175
       3.07077
       3.07062
       3.07034
       3.06987
       3.06949
       3.06929
       3.06965
       3.07022
       3.07096
        3.0716
       3.07221
       3.07263
       3.07302
       3.07325
       3.07348
       3.07358
       3.07371
       3.07372
       3.07378
       2.92863
       2.92856
        2.9284
       2.92817
       2.92799
       2.92794
       2.92815
       2.92851
       2.92898
       2.92945
       2.92989
       2.93024
       2.93054
       2.93076
       2.93094
       2.93106
       2.93115
       2.93119
       2.93121
       2.84318
       2.84313
       2.84306
       2.84293
       2.84289
       2.84288
       2.84304
       2.84326
       2.84359
        2.8439
       2.84423
       2.84449
       2.84475
       2.84491
       2.84509
       2.84517
       2.84527
       2.84529
       2.84533
       2.81488
       2.81486
       2.81483
       2.81477
       2.81476
       2.81479
        2.8149
       2.81506
       2.81528
       2.81551
       2.81574
       2.81595
       2.81614
       2.81628
       2.81641
        2.8165
       2.81657
        2.8166
       2.81662
         2.844
       2.84397
       2.84398
       2.84394
       2.84397
       2.84398
       2.84409
       2.84418
       2.84436
        2.8445
       2.84469
       2.84483
       2.84499
       2.84509
       2.84521
       2.84526
       2.84534
       2.84534
       2.84538
       2.93023
       2.93022
       2.93023
       2.93022
       2.93024
       2.93027
       2.93034
       2.93042
       2.93054
       2.93065
       2.93078
       2.93089
       2.93101
       2.93109
       2.93118
       2.93123
       2.93128
       2.93129
       2.93131
       3.07308
       3.07304
       3.07308
       3.07305
       3.07311
        3.0731
       3.07319
       3.07321
       3.07333
       3.07338
       3.07351
       3.07356
       3.07368
       3.07371
       3.07381
       3.07381
       3.07389
       3.07387
       3.07391
       3.27127
       3.27126
       3.27128
       3.27127
        3.2713
       3.27131
       3.27137
        3.2714
       3.27147
       3.27152
        3.2716
       3.27165
       3.27172
       3.27176
       3.27182
       3.27184
       3.27188
       3.27188
        3.2719
       3.52321
       3.52315
       3.52322
       3.52316
       3.52324
        3.5232
       3.52329
       3.52326
       3.52336
       3.52334
       3.52345
       3.52344
       3.52354
       3.52352
       3.52361
       3.52358
       3.52366
       3.52361
       3.52367
       3.82607
       3.82605
       3.82607
       3.82606
       3.82609
       3.82608
       3.82612
       3.82612
       3.82617
       3.82618
       3.82624
       3.82625
        3.8263
        3.8263
       3.82635
       3.82634
       3.82638
       3.82636
       3.82639
       4.17652
       4.17645
       4.17652
       4.17646
       4.17653
       4.17648
       4.17655
       4.17651
       4.17659
       4.17654
       4.17662
       4.17658
       4.17666
       4.17662
       4.17669
       4.17664
       4.17671
       4.17666
       4.17672
       4.56964
       4.56963
       4.56964
       4.56963
       4.56965
       4.56964
       4.56966
       4.56965
       4.56967
       4.56967
       4.56969
       4.56969
       4.56971
       4.56971
       4.56972
       4.56972
       4.56973
       4.56973
       4.56974
             5
             5
             5
             5
             5
             5
             5
             5
             5
             5
             5
             5
             5
             5
             5
             5
             5
             5
             5
