             5
             5
             5
             5
             5
             5
             5
             5
             5
             5
             5
             5
             5
             5
             5
             5
             5
             5
             5
       4.73279
         4.731
       4.72552
        4.7159
       4.70408
       4.68885
       4.69187
       4.70192
       4.71256
       4.72843
        4.7362
        4.7406
       4.74333
       4.74508
       4.74624
         4.747
       4.74747
       4.74773
       4.74781
       4.49886
       4.49534
       4.48464
       4.46311
       4.44036
       4.41694
       4.43429
        4.4608
       4.47775
       4.49444
       4.50558
       4.51285
       4.51771
       4.52091
       4.52306
       4.52448
       4.52537
       4.52587
       4.52602
       4.29887
       4.29558
       4.28534
       4.26654
       4.23775
       4.21249
       4.23091
        4.2568
       4.27697
       4.29463
        4.3077
       4.31681
       4.32308
       4.32735
       4.33026
       4.33219
       4.33342
        4.3341
       4.33432
       4.13371
       4.13091
        4.1224
       4.10722
       4.08422
         4.068
       4.07252
        4.0855
       4.10624
       4.12753
       4.14233
       4.15244
       4.15951
       4.16435
       4.16771
       4.16996
       4.17141
       4.17221
       4.17247
       4.00191
       3.99979
       3.99344
       3.98291
        3.9688
       3.95404
       3.95679
       3.95799
       3.97205
        3.9947
       4.00954
       4.01967
       4.02677
       4.03176
       4.03525
       4.03764
       4.03918
       4.04005
       4.04033
       3.90215
       3.90069
       3.89627
       3.88953
       3.88108
       3.87358
       3.86974
        3.8686
       3.88069
       3.89737
       3.90953
       3.91831
       3.92476
       3.92942
       3.93277
        3.9351
       3.93664
        3.9375
       3.93778
        3.8333
       3.83234
       3.82955
        3.8254
       3.82064
       3.81668
       3.81498
       3.81635
       3.82303
        3.8323
       3.84072
        3.8476
       3.85298
       3.85706
       3.86007
       3.86222
       3.86365
       3.86447
       3.86473
        3.7943
       3.79373
       3.79201
       3.78962
       3.78702
       3.78506
       3.78462
       3.78621
       3.79043
       3.79598
       3.80159
       3.80677
       3.81102
       3.81441
       3.81699
       3.81887
       3.82015
       3.82088
       3.82113
       3.78464
        3.7843
       3.78332
       3.78197
       3.78062
       3.77976
       3.77987
       3.78126
       3.78404
       3.78769
       3.79158
       3.79531
       3.79856
       3.80125
       3.80337
       3.80495
       3.80604
       3.80668
       3.80688
       3.80388
        3.8037
       3.80315
       3.80246
       3.80182
       3.80154
       3.80191
       3.80302
       3.80496
       3.80743
       3.81015
       3.81284
       3.81527
       3.81737
       3.81906
       3.82035
       3.82125
       3.82178
       3.82196
        3.8519
        3.8518
       3.85152
       3.85119
       3.85094
       3.85094
       3.85136
       3.85225
       3.85365
       3.85539
       3.85732
       3.85927
       3.86108
       3.86267
       3.86398
         3.865
       3.86573
       3.86616
       3.86631
       3.92861
       3.92857
       3.92844
       3.92832
       3.92827
        3.9284
        3.9288
       3.92951
       3.93052
       3.93177
       3.93314
       3.93455
       3.93588
       3.93708
       3.93808
       3.93888
       3.93944
       3.93979
        3.9399
        4.0341
       4.03409
       4.03404
       4.03402
       4.03406
       4.03423
       4.03458
       4.03513
       4.03587
       4.03677
       4.03775
       4.03876
       4.03973
       4.04062
       4.04136
       4.04197
        4.0424
       4.04266
       4.04275
       4.16847
       4.16847
       4.16847
       4.16849
       4.16857
       4.16873
       4.16901
       4.16943
       4.16996
        4.1706
       4.17129
       4.17201
        4.1727
       4.17333
       4.17387
       4.17432
       4.17463
       4.17483
       4.17489
       4.33193
       4.33193
       4.33194
       4.33198
       4.33205
       4.33219
        4.3324
        4.3327
       4.33307
        4.3335
       4.33397
       4.33446
       4.33493
       4.33537
       4.33575
       4.33606
       4.33628
       4.33642
       4.33646
       4.52472
       4.52473
       4.52474
       4.52478
       4.52483
       4.52493
       4.52506
       4.52526
       4.52549
       4.52576
       4.52605
       4.52636
       4.52665
       4.52693
       4.52716
       4.52736
       4.52749
       4.52759
       4.52761
       4.74726
       4.74726
       4.74727
       4.74729
       4.74732
       4.74737
       4.74743
       4.74753
       4.74764
       4.74777
       4.74791
       4.74806
        4.7482
       4.74833
       4.74844
       4.74854
       4.74861
       4.74865
       4.74866
             5
             5
             5
             5
             5
             5
             5
             5
             5
             5
             5
             5
             5
             5
             5
             5
             5
             5
             5
