             5
             5
             5
             5
             5
             5
             5
             5
             5
             5
             5
             5
             5
             5
             5
             5
             5
             5
             5
       4.69917
       4.69885
       4.69786
       4.69618
        4.6941
       4.69354
       4.69419
       4.69645
       4.69844
       4.69986
       4.70081
       4.70143
       4.70184
       4.70211
       4.70229
       4.70241
       4.70248
       4.70252
       4.70254
       4.43063
       4.42999
       4.42806
       4.42436
       4.41837
       4.41792
       4.41854
       4.42488
       4.42913
       4.43187
       4.43365
       4.43478
       4.43553
       4.43603
       4.43637
       4.43659
       4.43673
       4.43681
       4.43684
       4.19572
       4.19496
       4.19248
       4.18724
       4.17617
       4.17376
       4.17636
       4.18795
       4.19395
       4.19748
       4.19972
       4.20117
       4.20215
       4.20281
       4.20326
       4.20356
       4.20376
       4.20386
        4.2039
       3.99582
       3.99513
       3.99305
       3.98918
       3.98311
       3.98269
       3.98347
        3.9901
       3.99478
       3.99798
       4.00021
        4.0017
       4.00276
       4.00349
       4.00401
       4.00435
       4.00458
        4.0047
       4.00475
       3.83155
       3.83108
       3.82971
       3.82755
       3.82515
        3.8246
        3.8256
        3.8286
       3.83157
       3.83401
       3.83588
       3.83726
       3.83828
       3.83901
       3.83954
        3.8399
       3.84014
       3.84028
       3.84032
       3.70349
        3.7032
       3.70239
       3.70134
       3.70045
       3.70014
       3.70095
       3.70244
       3.70424
       3.70601
       3.70749
       3.70865
       3.70957
       3.71023
       3.71074
       3.71109
       3.71133
       3.71146
       3.71151
       3.61203
       3.61187
       3.61145
       3.61092
       3.61054
       3.61051
       3.61104
         3.612
       3.61319
       3.61441
       3.61553
       3.61646
       3.61722
       3.61781
       3.61827
       3.61859
       3.61881
       3.61894
       3.61898
       3.55745
       3.55736
       3.55717
       3.55693
       3.55682
       3.55688
       3.55729
       3.55791
       3.55873
       3.55959
       3.56042
       3.56115
       3.56177
       3.56226
       3.56266
       3.56294
       3.56315
       3.56325
        3.5633
       3.53993
        3.5399
       3.53981
       3.53972
       3.53972
       3.53983
       3.54014
       3.54059
       3.54117
       3.54178
        3.5424
       3.54296
       3.54345
       3.54386
       3.54418
       3.54442
        3.5446
       3.54469
       3.54473
       3.55956
       3.55954
       3.55952
        3.5595
       3.55956
       3.55967
       3.55992
       3.56024
       3.56067
       3.56111
       3.56157
       3.56199
       3.56239
        3.5627
       3.56298
       3.56317
       3.56332
       3.56339
       3.56344
       3.61616
       3.61616
       3.61616
       3.61618
       3.61624
       3.61636
       3.61655
        3.6168
       3.61711
       3.61743
       3.61778
        3.6181
        3.6184
       3.61865
       3.61886
       3.61902
       3.61915
       3.61921
       3.61924
       3.70946
       3.70945
       3.70947
       3.70949
       3.70957
       3.70966
       3.70982
          3.71
       3.71023
       3.71047
       3.71073
       3.71096
        3.7112
       3.71139
       3.71156
       3.71168
       3.71179
       3.71183
       3.71186
       3.83888
       3.83888
        3.8389
       3.83893
       3.83899
       3.83907
       3.83919
       3.83933
       3.83949
       3.83967
       3.83986
       3.84004
       3.84021
       3.84036
       3.84049
       3.84059
       3.84066
        3.8407
       3.84072
       4.00378
       4.00378
        4.0038
       4.00382
       4.00387
       4.00393
       4.00402
       4.00412
       4.00425
       4.00437
       4.00451
       4.00464
       4.00477
       4.00487
       4.00498
       4.00504
       4.00511
       4.00513
       4.00515
       4.20328
       4.20329
        4.2033
       4.20332
       4.20336
       4.20341
       4.20347
       4.20354
       4.20363
       4.20372
       4.20381
        4.2039
       4.20399
       4.20406
       4.20413
       4.20418
       4.20422
       4.20425
       4.20426
       4.43648
       4.43648
       4.43649
       4.43651
       4.43653
       4.43656
        4.4366
       4.43665
        4.4367
       4.43676
       4.43682
       4.43688
       4.43693
       4.43698
       4.43702
       4.43706
       4.43708
        4.4371
        4.4371
       4.70238
       4.70238
       4.70238
       4.70239
        4.7024
       4.70242
       4.70244
       4.70246
       4.70248
       4.70251
       4.70254
       4.70257
       4.70259
       4.70262
       4.70264
       4.70266
       4.70267
       4.70268
       4.70268
             5
             5
             5
             5
             5
             5
             5
             5
             5
             5
             5
             5
             5
             5
             5
             5
             5
             5
             5
