             5
             5
             5
             5
             5
             5
             5
             5
             5
             5
             5
             5
             5
             5
             5
             5
             5
             5
             5
       4.65164
       4.65139
       4.65057
       4.64878
       4.64525
       4.63789
       4.64403
        4.6478
       4.65013
       4.65153
        4.6524
       4.65293
       4.65326
       4.65347
       4.65361
        4.6537
       4.65376
       4.65379
        4.6538
       4.33713
       4.33669
       4.33542
        4.3326
       4.32758
       4.32351
        4.3236
       4.33027
       4.33446
       4.33693
       4.33849
       4.33941
       4.34003
       4.34041
       4.34068
       4.34083
       4.34095
       4.34099
       4.34102
       4.05911
       4.05865
       4.05721
       4.05434
       4.04931
       4.04049
       4.04069
        4.0508
       4.05603
       4.05904
       4.06091
       4.06209
       4.06286
       4.06336
       4.06371
       4.06393
       4.06407
       4.06415
       4.06418
       3.82019
       3.81976
       3.81856
       3.81629
       3.81277
       3.80968
       3.80882
       3.81405
       3.81784
       3.82043
       3.82223
       3.82339
       3.82423
       3.82476
       3.82516
       3.82539
       3.82558
       3.82565
        3.8257
       3.62218
       3.62189
       3.62104
       3.61963
       3.61788
       3.61657
       3.61665
       3.61874
       3.62098
       3.62286
        3.6243
       3.62535
       3.62612
       3.62666
       3.62705
       3.62731
       3.62748
       3.62757
       3.62761
       3.46678
       3.46658
       3.46605
       3.46525
       3.46442
       3.46392
       3.46428
       3.46516
       3.46643
       3.46772
       3.46883
       3.46968
       3.47037
       3.47083
       3.47122
       3.47145
       3.47164
       3.47171
       3.47176
        3.3551
       3.35498
       3.35468
       3.35426
       3.35387
       3.35369
       3.35394
        3.3545
       3.35531
       3.35617
       3.35697
       3.35764
       3.35819
       3.35861
       3.35893
       3.35915
       3.35932
        3.3594
       3.35943
       3.28805
       3.28797
       3.28783
        3.2876
       3.28746
       3.28741
       3.28763
       3.28798
       3.28854
        3.2891
        3.2897
       3.29019
       3.29065
       3.29097
       3.29127
       3.29144
        3.2916
       3.29166
       3.29171
       3.26607
       3.26603
       3.26596
       3.26586
       3.26581
       3.26583
         3.266
       3.26626
       3.26664
       3.26704
       3.26747
       3.26784
       3.26819
       3.26846
       3.26869
       3.26885
       3.26897
       3.26903
       3.26907
       3.28938
       3.28935
       3.28934
       3.28928
       3.28931
       3.28933
       3.28949
       3.28966
       3.28995
       3.29022
       3.29055
       3.29081
       3.29109
       3.29129
       3.29149
        3.2916
       3.29173
       3.29176
        3.2918
        3.3577
       3.35769
       3.35769
       3.35768
        3.3577
       3.35775
       3.35787
       3.35801
       3.35821
       3.35841
       3.35864
       3.35885
       3.35905
       3.35922
       3.35936
       3.35947
       3.35955
       3.35959
       3.35961
       3.47051
       3.47049
       3.47052
        3.4705
       3.47056
       3.47058
       3.47069
       3.47078
       3.47095
       3.47108
       3.47126
        3.4714
       3.47157
       3.47168
       3.47181
       3.47187
       3.47196
       3.47197
       3.47201
       3.62675
       3.62674
       3.62676
       3.62677
        3.6268
       3.62684
       3.62691
       3.62699
        3.6271
       3.62721
       3.62733
       3.62744
       3.62756
       3.62765
       3.62774
        3.6278
       3.62785
       3.62787
       3.62789
       3.82513
       3.82512
       3.82514
       3.82514
       3.82518
        3.8252
       3.82527
       3.82531
       3.82541
       3.82547
       3.82557
       3.82564
       3.82574
       3.82579
       3.82587
       3.82589
       3.82595
       3.82595
       3.82598
       4.06383
       4.06383
       4.06384
       4.06385
       4.06387
       4.06389
       4.06393
       4.06397
       4.06403
       4.06408
       4.06414
       4.06419
       4.06425
        4.0643
       4.06435
       4.06438
       4.06441
       4.06442
       4.06443
       4.34083
       4.34082
       4.34083
       4.34083
       4.34085
       4.34086
       4.34089
       4.34091
       4.34095
       4.34098
       4.34103
       4.34105
        4.3411
       4.34112
       4.34116
       4.34117
       4.34119
       4.34119
       4.34121
       4.65371
       4.65371
       4.65372
       4.65372
       4.65373
       4.65373
       4.65375
       4.65376
       4.65378
       4.65379
       4.65381
       4.65383
       4.65385
       4.65386
       4.65387
       4.65388
       4.65389
       4.65389
        4.6539
             5
             5
             5
             5
             5
             5
             5
             5
             5
             5
             5
             5
             5
             5
             5
             5
             5
             5
             5
