             5
             5
             5
             5
             5
             5
             5
             5
             5
             5
             5
             5
             5
             5
             5
             5
             5
             5
             5
       4.71447
        4.7102
       4.69531
       4.68855
       4.67014
        4.6598
       4.66603
       4.67446
       4.68971
       4.70977
        4.7252
       4.73825
       4.74756
        4.7538
       4.75795
       4.76066
       4.76235
       4.76328
       4.76358
       4.46567
       4.45914
       4.43941
       4.41719
        4.3892
        4.3598
       4.38694
       4.39942
       4.43215
       4.45279
       4.48148
       4.50916
       4.52732
       4.53893
       4.54671
       4.55174
       4.55493
       4.55667
       4.55723
        4.2589
       4.24707
       4.22788
       4.20473
        4.1812
        4.1638
       4.20026
        4.2122
       4.24169
       4.24185
       4.27946
       4.31676
       4.34035
       4.35574
       4.36603
       4.37283
       4.37714
       4.37953
        4.3803
       4.09975
       4.09246
       4.07037
       4.04245
       4.01663
       4.01554
       4.03744
        4.0585
       4.08015
       4.09699
       4.12913
       4.16383
       4.18793
       4.20435
       4.21581
       4.22351
       4.22851
       4.23128
       4.23219
       3.98154
       3.97531
       3.95651
       3.92495
       3.89339
        3.8917
        3.9202
        3.9535
       3.96513
        3.9862
       4.01863
       4.04638
       4.06784
       4.08371
       4.09518
       4.10315
       4.10839
       4.11135
       4.11231
       3.89801
       3.89277
        3.8769
       3.85259
       3.83369
       3.83153
       3.84502
       3.86963
       3.88877
       3.91197
       3.93651
       3.95951
       3.97808
       3.99263
       4.00343
       4.01113
       4.01627
       4.01921
       4.02016
       3.84598
       3.84263
       3.83302
       3.81943
       3.80723
       3.80065
       3.79987
       3.81421
       3.83837
       3.85945
       3.88128
       3.90097
       3.91718
       3.92997
        3.9397
       3.94678
       3.95157
       3.95434
       3.95524
       3.82259
       3.82063
       3.81467
       3.80608
       3.79617
       3.78513
       3.78479
       3.79451
       3.81347
       3.82892
        3.8514
       3.86959
       3.88376
       3.89474
       3.90322
       3.90951
        3.9138
       3.91631
       3.91713
       3.82602
       3.82476
        3.8211
       3.81579
       3.80966
       3.80361
       3.79899
       3.81106
       3.82424
       3.83752
       3.85233
       3.86582
       3.87712
       3.88628
       3.89346
       3.89885
       3.90258
       3.90477
        3.9055
       3.85455
       3.85383
       3.85165
       3.84858
       3.84518
       3.84256
       3.84182
       3.84876
       3.85756
       3.86754
       3.87796
       3.88797
        3.8967
       3.90408
       3.90997
       3.91447
       3.91761
       3.91948
       3.92009
       3.90787
       3.90744
       3.90624
       3.90461
       3.90305
       3.90233
       3.90337
       3.90753
       3.91353
       3.92061
       3.92811
       3.93545
       3.94211
       3.94786
       3.95256
       3.95621
       3.95878
       3.96032
       3.96083
        3.9857
        3.9855
       3.98488
       3.98416
       3.98362
       3.98382
       3.98531
       3.98811
       3.99227
        3.9973
       4.00269
       4.00808
       4.01305
       4.01747
       4.02113
       4.02403
       4.02608
       4.02732
       4.02772
       4.08843
       4.08834
       4.08808
       4.08783
       4.08781
       4.08831
       4.08961
       4.09176
       4.09475
       4.09833
        4.1022
       4.10611
       4.10979
        4.1131
       4.11588
        4.1181
        4.1197
       4.12067
       4.12099
       4.21648
       4.21647
       4.21638
       4.21639
       4.21658
       4.21714
       4.21821
       4.21981
       4.22194
       4.22446
        4.2272
       4.22999
       4.23263
       4.23505
        4.2371
       4.23876
       4.23995
       4.24068
       4.24092
       4.37068
       4.37068
       4.37069
       4.37077
       4.37101
       4.37149
        4.3723
       4.37344
       4.37491
       4.37663
        4.3785
        4.3804
       4.38223
       4.38391
       4.38535
       4.38651
       4.38736
       4.38788
       4.38805
       4.55187
       4.55189
       4.55192
       4.55202
       4.55221
       4.55256
       4.55309
       4.55383
       4.55475
       4.55583
       4.55698
       4.55818
       4.55932
       4.56038
       4.56128
       4.56204
       4.56257
       4.56291
       4.56301
       4.76124
       4.76124
       4.76127
       4.76132
       4.76143
       4.76161
       4.76188
       4.76224
       4.76268
        4.7632
       4.76376
       4.76433
       4.76488
       4.76539
       4.76583
       4.76619
       4.76645
       4.76662
       4.76667
             5
             5
             5
             5
             5
             5
             5
             5
             5
             5
             5
             5
             5
             5
             5
             5
             5
             5
             5
