             5
             5
             5
             5
             5
             5
             5
             5
             5
             5
             5
             5
             5
             5
             5
             5
             5
             5
             5
       4.39206
       4.38985
       4.38271
       4.36661
       4.33995
       4.31217
       4.32424
         4.353
       4.37467
       4.38753
       4.39532
       4.39979
       4.40261
       4.40422
       4.40532
       4.40589
       4.40635
       4.40648
       4.40661
       3.84138
       3.83733
       3.82664
       3.79504
       3.73067
        3.6324
       3.68045
       3.76351
       3.80993
       3.83268
       3.84702
       3.85455
       3.85994
       3.86252
       3.86485
        3.8656
       3.86673
       3.86669
       3.86723
       3.35997
       3.35604
        3.3437
       3.31823
       3.27638
       3.22192
       3.16863
       3.27074
        3.3224
       3.35058
       3.36727
       3.37713
       3.38343
       3.38723
       3.38981
       3.39128
       3.39233
       3.39275
         3.393
       2.95685
       2.95338
       2.94335
       2.92568
       2.90001
        2.8722
       2.84918
       2.89335
       2.92648
       2.94984
       2.96526
       2.97478
       2.98132
        2.9853
       2.98817
       2.98977
         2.991
       2.99144
       2.99177
       2.63175
       2.62943
        2.6226
       2.61157
       2.59758
       2.58485
       2.58003
       2.59545
       2.61346
       2.62899
       2.64067
       2.64891
       2.65469
        2.6586
        2.6613
       2.66304
       2.66417
       2.66476
       2.66498
       2.38357
       2.38213
       2.37778
       2.37145
       2.36408
       2.35897
       2.35973
       2.36499
       2.37408
        2.3841
       2.39235
       2.39884
       2.40363
       2.40706
       2.40949
       2.41112
       2.41219
       2.41276
       2.41296
       2.20985
       2.20899
       2.20648
       2.20297
       2.19929
       2.19706
       2.19764
        2.2009
       2.20625
       2.21238
       2.21801
       2.22276
       2.22648
       2.22931
       2.23136
        2.2328
       2.23374
       2.23428
       2.23445
       2.10817
       2.10774
        2.1063
       2.10451
       2.10273
       2.10183
       2.10243
       2.10448
       2.10773
       2.11162
       2.11535
        2.1188
       2.12157
       2.12383
       2.12547
       2.12671
       2.12748
       2.12798
       2.12809
       2.07734
       2.07709
       2.07634
       2.07542
       2.07459
        2.0743
       2.07482
       2.07622
       2.07832
       2.08084
       2.08339
        2.0858
       2.08785
       2.08956
       2.09086
       2.09185
        2.0925
        2.0929
       2.09301
       2.11652
       2.11644
       2.11603
       2.11563
       2.11526
       2.11527
       2.11572
        2.1167
       2.11807
       2.11977
       2.12148
        2.1232
       2.12466
       2.12596
       2.12693
       2.12774
       2.12823
       2.12858
       2.12864
       2.22628
       2.22622
       2.22605
       2.22586
       2.22576
       2.22586
       2.22624
       2.22693
       2.22789
       2.22902
       2.23022
        2.2314
       2.23247
       2.23341
       2.23416
       2.23475
       2.23516
       2.23541
       2.23548
       2.40747
       2.40743
       2.40738
        2.4073
       2.40733
       2.40745
       2.40778
       2.40825
       2.40893
       2.40969
       2.41054
       2.41135
       2.41213
       2.41279
       2.41336
       2.41379
       2.41411
       2.41429
       2.41436
       2.66152
       2.66149
       2.66149
       2.66147
       2.66154
       2.66165
       2.66192
       2.66225
       2.66273
       2.66325
       2.66384
        2.6644
       2.66496
       2.66542
       2.66585
       2.66615
        2.6664
       2.66652
       2.66659
       2.98976
       2.98962
       2.98976
       2.98964
       2.98984
       2.98981
       2.99014
       2.99025
       2.99071
       2.99093
       2.99147
       2.99172
       2.99224
       2.99244
       2.99286
       2.99295
       2.99326
       2.99322
       2.99339
       3.39196
       3.39187
       3.39197
        3.3919
       3.39204
       3.39204
       3.39226
       3.39234
       3.39265
        3.3928
       3.39315
       3.39332
       3.39366
        3.3938
       3.39408
       3.39415
       3.39435
       3.39433
       3.39445
       3.86675
       3.86634
       3.86677
       3.86637
       3.86682
       3.86647
       3.86696
       3.86666
        3.8672
       3.86693
       3.86751
       3.86725
       3.86782
       3.86755
       3.86808
       3.86776
       3.86825
       3.86788
       3.86831
       4.40644
       4.40638
       4.40645
        4.4064
       4.40648
       4.40644
       4.40655
       4.40653
       4.40666
       4.40667
       4.40681
       4.40682
       4.40696
       4.40696
       4.40708
       4.40706
       4.40716
       4.40711
       4.40719
             5
             5
             5
             5
             5
             5
             5
             5
             5
             5
             5
             5
             5
             5
             5
             5
             5
             5
             5
