             5
             5
             5
             5
             5
             5
             5
             5
             5
             5
             5
             5
             5
             5
             5
             5
             5
             5
             5
       4.54203
       4.53871
       4.52757
       4.50253
        4.4501
       4.33121
       4.45017
       4.50372
       4.53098
        4.5456
       4.55415
       4.55929
       4.56257
       4.56467
       4.56606
       4.56694
       4.56752
       4.56781
       4.56792
       4.12707
       4.12152
       4.10503
        4.0678
       4.00026
       3.95812
       4.00021
       4.06991
       4.11127
       4.13409
       4.14865
       4.15744
       4.16339
       4.16712
       4.16975
       4.17134
       4.17246
       4.17297
       4.17322
       3.76213
       3.75652
       3.73873
       3.70362
       3.64342
       3.54331
       3.64293
       3.70659
       3.74732
       3.77308
       3.78993
       3.80093
       3.80837
       3.81332
       3.81672
       3.81894
       3.82039
       3.82115
       3.82143
       3.45398
       3.44914
       3.43478
        3.4088
       3.36938
       3.34639
       3.37042
       3.41331
       3.44507
       3.46776
       3.48392
         3.495
       3.50293
        3.5083
       3.51216
       3.51465
       3.51636
       3.51721
       3.51757
        3.2034
       3.20012
       3.19049
       3.17533
       3.15779
       3.14944
       3.15991
       3.18111
       3.20182
       3.21914
       3.23262
       3.24269
       3.25014
       3.25549
       3.25935
       3.26198
       3.26372
       3.26468
       3.26501
       3.01093
       3.00891
         3.003
       2.99514
       2.98761
       2.98449
       2.99039
       3.00155
       3.01443
       3.02703
       3.03757
       3.04601
       3.05258
       3.05745
        3.0611
        3.0636
       3.06533
       3.06625
        3.0666
       2.87615
         2.875
       2.87183
       2.86777
       2.86439
        2.8637
       2.86732
       2.87418
       2.88265
       2.89137
       2.89927
       2.90597
        2.9114
       2.91563
       2.91885
       2.92115
       2.92272
       2.92361
       2.92391
       2.79843
       2.79786
       2.79625
       2.79434
        2.7931
       2.79329
       2.79593
       2.80032
         2.806
       2.81209
        2.8179
       2.82308
       2.82745
       2.83096
       2.83372
       2.83571
       2.83711
       2.83789
       2.83818
       2.77766
       2.77738
       2.77663
       2.77582
       2.77549
       2.77609
       2.77804
       2.78112
       2.78506
       2.78937
       2.79363
       2.79755
       2.80096
       2.80379
       2.80606
       2.80774
       2.80893
       2.80961
       2.80985
       2.81352
       2.81339
       2.81312
       2.81287
       2.81301
       2.81368
       2.81522
        2.8174
       2.82021
       2.82326
       2.82639
       2.82932
       2.83197
       2.83419
       2.83602
       2.83739
       2.83839
       2.83894
       2.83915
       2.90569
       2.90565
       2.90559
        2.9056
        2.9059
       2.90656
       2.90774
       2.90936
       2.91138
        2.9136
       2.91589
       2.91807
       2.92008
        2.9218
       2.92324
       2.92433
       2.92513
       2.92559
       2.92576
       3.05362
       3.05359
       3.05367
       3.05377
       3.05414
       3.05468
       3.05564
        3.0568
        3.0583
       3.05987
       3.06157
       3.06316
        3.0647
       3.06598
       3.06712
       3.06794
        3.0686
       3.06893
        3.0691
       3.25617
       3.25618
       3.25627
       3.25642
       3.25674
       3.25721
       3.25792
       3.25879
       3.25987
       3.26102
       3.26224
       3.26341
       3.26454
       3.26551
       3.26636
         3.267
       3.26749
       3.26776
       3.26787
       3.51185
       3.51182
       3.51196
       3.51205
       3.51237
       3.51268
       3.51326
       3.51385
       3.51466
       3.51543
       3.51635
       3.51714
         3.518
       3.51865
       3.51932
       3.51975
       3.52016
       3.52032
       3.52045
       3.81796
       3.81796
       3.81805
       3.81815
       3.81837
       3.81863
       3.81901
       3.81944
       3.81998
       3.82052
       3.82113
       3.82169
       3.82227
       3.82274
       3.82319
       3.82351
       3.82378
        3.8239
       3.82398
       4.17131
       4.17126
       4.17137
        4.1714
       4.17159
        4.1717
         4.172
       4.17222
       4.17261
        4.1729
       4.17333
       4.17363
       4.17404
       4.17428
       4.17462
       4.17477
       4.17499
       4.17502
       4.17512
       4.56709
       4.56709
       4.56713
       4.56716
       4.56723
       4.56731
       4.56744
       4.56756
       4.56773
       4.56789
       4.56807
       4.56824
       4.56841
       4.56855
       4.56869
       4.56879
       4.56887
       4.56891
       4.56894
             5
             5
             5
             5
             5
             5
             5
             5
             5
             5
             5
             5
             5
             5
             5
             5
             5
             5
             5
