             5
             5
             5
             5
             5
             5
             5
             5
             5
             5
             5
             5
             5
             5
             5
             5
             5
             5
             5
       4.50738
       4.48225
        4.4062
       4.27732
       4.12884
       3.91107
       3.92086
       4.02971
       4.16887
       4.42508
       4.54628
       4.61347
       4.65483
       4.68136
       4.69891
       4.71037
       4.71761
       4.72158
       4.72286
       4.08836
       4.03794
       3.88534
       3.59092
       3.34201
       3.08987
       3.24031
       3.54835
       3.75612
       4.00401
       4.17022
       4.27881
       4.35187
       4.39988
       4.43261
       4.45403
       4.46776
       4.47524
        4.4777
       3.75671
       3.71156
       3.57282
       3.32627
       2.96807
       2.70993
       2.86167
       3.16988
       3.42955
        3.6781
       3.86775
       4.00201
       4.09551
       4.15959
       4.20353
       4.23288
       4.25166
       4.26204
       4.26539
       3.52892
       3.49114
       3.37703
       3.17711
       2.88103
       2.66904
       2.70112
       2.84046
       3.11904
       3.42218
       3.63676
       3.78575
       3.89091
        3.9636
       4.01443
       4.04856
       4.07073
       4.08296
       4.08699
       3.38686
       3.35816
       3.27208
       3.12997
       2.93914
       2.73095
       2.75336
       2.74651
       2.93465
       3.26453
       3.48181
       3.63154
       3.73745
       3.81237
       3.86524
        3.9015
       3.92512
       3.93837
       3.94268
       3.31391
       3.29375
       3.23298
        3.1395
       3.02093
       2.91118
       2.84431
       2.81227
        2.9849
       3.22944
       3.40867
       3.53879
       3.63522
       3.70541
       3.75631
       3.79176
       3.81526
       3.82847
       3.83284
       3.29548
       3.28202
       3.24279
       3.18407
        3.1156
        3.0563
       3.02613
       3.03987
       3.13496
        3.2705
       3.39492
       3.49748
       3.57812
       3.63972
       3.68556
       3.71833
       3.74029
       3.75284
       3.75695
       3.31761
       3.30945
       3.28489
       3.25035
       3.21215
       3.18239
       3.17314
       3.19391
       3.25453
       3.33575
       3.41898
       3.49652
       3.56054
        3.6119
       3.65121
       3.68001
       3.69962
       3.71094
       3.71468
       3.37331
       3.36831
       3.35405
       3.33431
       3.31415
        3.3007
       3.30111
       3.32038
       3.36071
       3.41446
       3.47252
       3.52852
       3.57767
       3.61861
         3.651
       3.67529
       3.69208
       3.70191
       3.70515
       3.45582
       3.45316
       3.44515
       3.43481
       3.42516
       3.42055
       3.42546
       3.44132
       3.46988
       3.50661
        3.5473
       3.58803
       3.62496
       3.65697
       3.68286
       3.70276
       3.71669
       3.72494
       3.72767
       3.56329
       3.56182
       3.55774
        3.5527
       3.54881
       3.54862
       3.55456
        3.5677
       3.58836
       3.61451
       3.64365
       3.67319
       3.70082
       3.72522
       3.74547
       3.76128
       3.77252
       3.77923
       3.78146
       3.69388
       3.69324
       3.69136
        3.6894
       3.68861
       3.69042
       3.69641
       3.70684
       3.72214
       3.74089
       3.76184
       3.78331
       3.80372
       3.82213
       3.83762
       3.84994
       3.85876
       3.86409
       3.86585
       3.84795
       3.84769
       3.84703
       3.84662
       3.84723
       3.84974
       3.85497
       3.86319
       3.87445
       3.88805
       3.90314
       3.91867
       3.93362
       3.94723
       3.95887
       3.96819
       3.97495
       3.97904
       3.98041
       4.02584
       4.02582
       4.02575
       4.02607
       4.02723
        4.0297
       4.03401
       4.04021
        4.0484
       4.05808
       4.06879
       4.07983
       4.09051
       4.10035
       4.10882
       4.11569
       4.12068
       4.12374
       4.12474
       4.22871
       4.22875
       4.22893
       4.22946
       4.23061
       4.23267
       4.23589
       4.24036
       4.24606
       4.25273
       4.26005
       4.26759
       4.27494
       4.28172
       4.28761
        4.2924
        4.2959
       4.29805
       4.29877
        4.4577
       4.45777
       4.45797
       4.45845
       4.45933
       4.46078
       4.46293
       4.46581
       4.46942
       4.47359
       4.47815
       4.48285
       4.48743
       4.49169
       4.49539
       4.49843
       4.50064
       4.50202
       4.50246
       4.71429
       4.71433
       4.71445
       4.71472
       4.71519
       4.71593
         4.717
       4.71841
       4.72016
       4.72217
       4.72437
       4.72662
       4.72883
       4.73088
       4.73267
       4.73413
       4.73521
       4.73587
       4.73609
             5
             5
             5
             5
             5
             5
             5
             5
             5
             5
             5
             5
             5
             5
             5
             5
             5
             5
             5
