             5
             5
             5
             5
             5
             5
             5
             5
             5
             5
             5
             5
             5
             5
             5
             5
             5
             5
             5
       3.92885
       3.92897
       3.92885
       3.92897
       3.92885
       3.92897
       3.92885
       3.92897
       3.92885
       3.92897
       3.92885
       3.92897
       3.92885
       3.92897
       3.92885
       3.92897
       3.92885
       3.92897
       3.92885
       3.09998
       3.10072
       3.09998
       3.10072
       3.09998
       3.10072
       3.09998
       3.10072
       3.09998
       3.10072
       3.09998
       3.10072
       3.09998
       3.10072
       3.09998
       3.10072
       3.09998
       3.10072
       3.09998
       2.46516
       2.46536
       2.46516
       2.46536
       2.46516
       2.46536
       2.46516
       2.46536
       2.46516
       2.46536
       2.46516
       2.46536
       2.46516
       2.46536
       2.46516
       2.46536
       2.46516
       2.46536
       2.46516
       1.98211
       1.98258
       1.98211
       1.98258
       1.98211
       1.98258
       1.98211
       1.98258
       1.98211
       1.98258
       1.98211
       1.98258
       1.98211
       1.98258
       1.98211
       1.98258
       1.98211
       1.98258
       1.98211
         1.623
       1.62313
         1.623
       1.62313
         1.623
       1.62313
         1.623
       1.62313
         1.623
       1.62313
         1.623
       1.62313
         1.623
       1.62313
         1.623
       1.62313
         1.623
       1.62313
         1.623
       1.36381
       1.36414
       1.36381
       1.36414
       1.36381
       1.36414
       1.36381
       1.36414
       1.36381
       1.36414
       1.36381
       1.36414
       1.36381
       1.36414
       1.36381
       1.36414
       1.36381
       1.36414
       1.36381
       1.18991
       1.19001
       1.18991
       1.19001
       1.18991
       1.19001
       1.18991
       1.19001
       1.18991
       1.19001
       1.18991
       1.19001
       1.18991
       1.19001
       1.18991
       1.19001
       1.18991
       1.19001
       1.18991
       1.08927
       1.08953
       1.08927
       1.08953
       1.08927
       1.08953
       1.08927
       1.08953
       1.08927
       1.08953
       1.08927
       1.08953
       1.08927
       1.08953
       1.08927
       1.08953
       1.08927
       1.08953
       1.08927
       1.05674
       1.05682
       1.05674
       1.05682
       1.05674
       1.05682
       1.05674
       1.05682
       1.05674
       1.05682
       1.05674
       1.05682
       1.05674
       1.05682
       1.05674
       1.05682
       1.05674
       1.05682
       1.05674
       1.08927
       1.08953
       1.08927
       1.08953
       1.08927
       1.08953
       1.08927
       1.08953
       1.08927
       1.08953
       1.08927
       1.08953
       1.08927
       1.08953
       1.08927
       1.08953
       1.08927
       1.08953
       1.08927
       1.18991
       1.19001
       1.18991
       1.19001
       1.18991
       1.19001
       1.18991
       1.19001
       1.18991
       1.19001
       1.18991
       1.19001
       1.18991
       1.19001
       1.18991
       1.19001
       1.18991
       1.19001
       1.18991
       1.36381
       1.36414
       1.36381
       1.36414
       1.36381
       1.36414
       1.36381
       1.36414
       1.36381
       1.36414
       1.36381
       1.36414
       1.36381
       1.36414
       1.36381
       1.36414
       1.36381
       1.36414
       1.36381
         1.623
       1.62313
         1.623
       1.62313
         1.623
       1.62313
         1.623
       1.62313
         1.623
       1.62313
         1.623
       1.62313
         1.623
       1.62313
         1.623
       1.62313
         1.623
       1.62313
         1.623
       1.98211
       1.98258
       1.98211
       1.98258
       1.98211
       1.98258
       1.98211
       1.98258
       1.98211
       1.98258
       1.98211
       1.98258
       1.98211
       1.98258
       1.98211
       1.98258
       1.98211
       1.98258
       1.98211
       2.46516
       2.46536
       2.46516
       2.46536
       2.46516
       2.46536
       2.46516
       2.46536
       2.46516
       2.46536
       2.46516
       2.46536
       2.46516
       2.46536
       2.46516
       2.46536
       2.46516
       2.46536
       2.46516
       3.09998
       3.10072
       3.09998
       3.10072
       3.09998
       3.10072
       3.09998
       3.10072
       3.09998
       3.10072
       3.09998
       3.10072
       3.09998
       3.10072
       3.09998
       3.10072
       3.09998
       3.10072
       3.09998
       3.92885
       3.92897
       3.92885
       3.92897
       3.92885
       3.92897
       3.92885
       3.92897
       3.92885
       3.92897
       3.92885
       3.92897
       3.92885
       3.92897
       3.92885
       3.92897
       3.92885
       3.92897
       3.92885
             5
             5
             5
             5
             5
             5
             5
             5
             5
             5
             5
             5
             5
             5
             5
             5
             5
             5
             5
