             5
             5
             5
             5
             5
             5
             5
             5
             5
             5
             5
             5
             5
             5
             5
             5
             5
             5
             5
       4.63827
       4.63262
       4.61546
         4.586
       4.54992
       4.54065
       4.55249
       4.59175
       4.62616
       4.65075
       4.66729
       4.67807
       4.68523
       4.68997
       4.69315
       4.69524
       4.69656
       4.69729
       4.69752
       4.31795
       4.30678
       4.27301
       4.20837
       4.10408
       4.09807
       4.10998
       4.21942
       4.29305
       4.34053
       4.37149
       4.39106
       4.40427
       4.41297
       4.41891
        4.4228
       4.42531
       4.42667
       4.42713
       4.04615
       4.03289
       3.98942
       3.89777
       3.70386
       3.66718
       3.71381
       3.91332
       4.01685
       4.07805
       4.11693
       4.14225
       4.15934
       4.17091
       4.17884
       4.18414
       4.18755
       4.18944
       4.19005
       3.83044
       3.81839
       3.78196
       3.71458
       3.60888
       3.60347
        3.6182
       3.73286
       3.81382
        3.8695
       3.90803
        3.9342
        3.9527
       3.96551
       3.97453
       3.98063
       3.98462
       3.98682
       3.98756
       3.66611
       3.65798
       3.63401
       3.59649
       3.55485
       3.54613
         3.564
       3.61629
        3.6678
       3.71033
       3.74289
       3.76705
        3.7848
       3.79766
       3.80689
        3.8133
       3.81751
       3.81989
       3.82067
       3.54894
       3.54415
        3.5297
       3.51168
       3.49624
        3.4913
       3.50554
       3.53176
       3.56301
       3.59408
       3.61971
       3.64028
       3.65611
       3.66801
       3.67681
       3.68303
        3.6872
       3.68956
       3.69035
       3.47447
        3.4718
       3.46443
       3.45546
       3.44878
       3.44855
       3.45792
        3.4747
       3.49551
       3.51703
       3.53644
       3.55291
       3.56623
       3.57666
       3.58458
       3.59032
       3.59421
       3.59645
       3.59719
        3.4383
       3.43709
       3.43351
       3.42959
       3.42749
       3.42896
       3.43599
       3.44718
       3.46138
        3.4766
       3.49101
       3.50394
       3.51479
       3.52358
       3.53044
        3.5355
         3.539
       3.54101
        3.5417
       3.43912
       3.43854
       3.43703
        3.4356
       3.43546
       3.43766
       3.44301
       3.45108
       3.46114
       3.47207
       3.48283
       3.49275
       3.50137
       3.50856
        3.5143
       3.51862
       3.52164
        3.5234
       3.52399
       3.47552
       3.47534
       3.47489
       3.47471
       3.47554
       3.47779
       3.48205
       3.48794
       3.49524
        3.5032
       3.51121
       3.51878
       3.52553
       3.53129
       3.53598
       3.53957
       3.54212
       3.54361
       3.54412
       3.54722
       3.54721
       3.54725
       3.54762
       3.54873
       3.55083
       3.55418
       3.55864
       3.56401
       3.56988
       3.57587
       3.58161
       3.58684
       3.59137
       3.59512
       3.59803
       3.60011
       3.60134
       3.60176
       3.65381
       3.65388
       3.65414
       3.65471
       3.65586
       3.65766
       3.66031
       3.66366
       3.66765
       3.67199
       3.67645
       3.68077
       3.68477
       3.68828
       3.69122
       3.69353
       3.69519
       3.69618
       3.69652
       3.79497
       3.79506
       3.79537
       3.79596
       3.79697
       3.79846
        3.8005
       3.80303
       3.80598
       3.80918
       3.81248
        3.8157
        3.8187
       3.82136
       3.82362
       3.82541
        3.8267
       3.82748
       3.82774
       3.97025
       3.97033
       3.97063
       3.97115
       3.97198
       3.97314
       3.97468
       3.97653
       3.97868
       3.98098
       3.98338
       3.98572
       3.98792
       3.98988
       3.99156
       3.99289
       3.99387
       3.99445
       3.99466
       4.17906
       4.17914
       4.17937
       4.17978
        4.1804
       4.18125
       4.18234
       4.18365
       4.18514
       4.18675
       4.18841
       4.19004
       4.19157
       4.19295
       4.19414
       4.19509
       4.19578
        4.1962
       4.19634
       4.42077
       4.42082
       4.42098
       4.42126
       4.42168
       4.42223
       4.42293
       4.42376
        4.4247
       4.42572
       4.42676
       4.42779
       4.42876
       4.42964
       4.43039
         4.431
       4.43144
       4.43171
        4.4318
       4.69465
       4.69468
       4.69476
        4.6949
       4.69511
       4.69538
       4.69572
       4.69613
       4.69658
       4.69707
       4.69758
       4.69807
       4.69855
       4.69897
       4.69934
       4.69963
       4.69985
       4.69998
       4.70002
             5
             5
             5
             5
             5
             5
             5
             5
             5
             5
             5
             5
             5
             5
             5
             5
             5
             5
             5
