             5
             5
             5
             5
             5
             5
             5
             5
             5
             5
             5
             5
             5
             5
             5
             5
             5
             5
             5
       4.30332
       4.25923
       4.12062
       3.85701
       3.72067
       3.64751
       3.65194
       3.70149
       3.84058
       4.11806
       4.31951
       4.46183
       4.55549
       4.61501
       4.65381
       4.67873
        4.6943
       4.70277
        4.7055
        3.7142
       3.63138
        3.3814
       3.08025
       2.84773
       2.67655
       2.71989
       2.78343
       3.03082
       3.32557
       3.71604
       3.99402
       4.16941
       4.27664
        4.3484
       4.39441
       4.42368
       4.43948
        4.4447
       3.26682
       3.17876
       2.88538
       2.63356
       2.39659
       2.19934
       2.27828
       2.45607
       2.59083
       2.87805
       3.32702
        3.6425
       3.85512
        3.9953
       4.08942
       4.15146
       4.19087
       4.21258
        4.2196
       2.99848
       2.93215
       2.73185
       2.51928
       2.22224
       2.05106
        2.0435
       2.15927
       2.35583
        2.6548
       3.07181
       3.40254
       3.62771
       3.77821
       3.88313
       3.95336
       3.99899
       4.02414
       4.03246
       2.86435
       2.81808
       2.68344
       2.48313
       2.18407
       2.01756
       1.98537
       2.08113
       2.30479
       2.67696
       3.00561
       3.27399
       3.47596
        3.6226
       3.72755
       3.80022
       3.84785
       3.87466
        3.8834
       2.82227
       2.79102
       2.69677
       2.53844
        2.3141
       2.12713
       2.07595
       2.17034
       2.42267
       2.73367
       2.99857
       3.21762
       3.39048
       3.52333
       3.62154
        3.6912
       3.73777
       3.76418
       3.77292
       2.84915
       2.82674
       2.76031
        2.6546
       2.52061
       2.39171
       2.27808
       2.40704
       2.60632
       2.83161
       3.03795
       3.21424
       3.35858
       3.47294
       3.56012
       3.62362
       3.66666
       3.69149
       3.69964
       2.92294
       2.90811
       2.86338
       2.79701
       2.71684
       2.63213
       2.55204
       2.56232
       2.75812
       2.94796
       3.11163
       3.25116
       3.36844
       3.46423
       3.53893
       3.59459
       3.63287
       3.65517
       3.66255
       3.03292
       3.02332
        2.9955
       2.95463
       2.90765
       2.86481
       2.84148
       2.87001
       2.97172
       3.09402
       3.21288
       3.32055
       3.41384
       3.49176
       3.55398
       3.60115
       3.63404
       3.65341
       3.65981
       3.16886
       3.16331
       3.14658
       3.12328
       3.09797
       3.08042
        3.0807
       3.10724
       3.16948
       3.25081
       3.33518
       3.41654
       3.48895
       3.55112
       3.60163
       3.64064
       3.66812
       3.68447
       3.68989
       3.32701
       3.32376
       3.31455
       3.30219
       3.29053
       3.28529
       3.29242
        3.3164
       3.35949
       3.41523
       3.47578
       3.53578
       3.59103
       3.63945
       3.67961
       3.71102
       3.73342
       3.74684
       3.75129
       3.50373
       3.50216
       3.49744
       3.49187
       3.48778
        3.4887
       3.49833
       3.51799
       3.54933
       3.58849
        3.6319
       3.67605
       3.71749
       3.75465
       3.78586
       3.81066
       3.82846
       3.83922
       3.84278
       3.69918
       3.69843
       3.69644
       3.69447
       3.69419
       3.69765
       3.70686
       3.72276
       3.74567
       3.77388
        3.8052
       3.83731
       3.86803
       3.89586
       3.91962
       3.93863
       3.95242
       3.96079
       3.96357
       3.91351
       3.91331
        3.9127
       3.91263
       3.91404
       3.91812
       3.92612
       3.93828
       3.95498
       3.97502
       3.99727
       4.02023
       4.04239
       4.06274
       4.08022
       4.09438
       4.10467
       4.11097
       4.11305
       4.14858
       4.14857
       4.14863
       4.14926
       4.15105
       4.15469
       4.16084
       4.16972
       4.18135
       4.19518
       4.21044
        4.2262
       4.24154
       4.25568
       4.26794
       4.27791
       4.28521
       4.28967
       4.29116
       4.40627
       4.40636
       4.40659
       4.40731
       4.40881
       4.41147
       4.41564
        4.4214
        4.4288
       4.43746
         4.447
       4.45686
       4.46648
       4.47541
       4.48316
       4.48952
       4.49416
       4.49703
       4.49797
       4.68919
       4.68925
       4.68943
       4.68985
       4.69068
       4.69207
       4.69416
         4.697
       4.70059
       4.70477
       4.70937
       4.71412
       4.71876
       4.72307
       4.72683
       4.72991
       4.73218
       4.73357
       4.73404
             5
             5
             5
             5
             5
             5
             5
             5
             5
             5
             5
             5
             5
             5
             5
             5
             5
             5
             5
