       0        38         2        19        20         1  
      40         2        38        21        20        39  
       2        40         4        21        22         3  
      42         4        40        23        22        41  
       4        42         6        23        24         5  
      44         6        42        25        24        43  
       6        44         8        25        26         7  
      46         8        44        27        26        45  
       8        46        10        27        28         9  
      48        10        46        29        28        47  
      10        48        12        29        30        11  
      50        12        48        31        30        49  
      12        50        14        31        32        13  
      52        14        50        33        32        51  
      14        52        16        33        34        15  
      54        16        52        35        34        53  
      16        54        18        35        36        17  
      56        18        54        37        36        55  
      38        76        40        57        58        39  
      78        40        76        59        58        77  
      40        78        42        59        60        41  
      80        42        78        61        60        79  
      42        80        44        61        62        43  
      82        44        80        63        62        81  
      44        82        46        63        64        45  
      84        46        82        65        64        83  
      46        84        48        65        66        47  
      86        48        84        67        66        85  
      48        86        50        67        68        49  
      88        50        86        69        68        87  
      50        88        52        69        70        51  
      90        52        88        71        70        89  
      52        90        54        71        72        53  
      92        54        90        73        72        91  
      54        92        56        73        74        55  
      94        56        92        75        74        93  
      76       114        78        95        96        77  
     116        78       114        97        96       115  
      78       116        80        97        98        79  
     118        80       116        99        98       117  
      80       118        82        99       100        81  
     120        82       118       101       100       119  
      82       120        84       101       102        83  
     122        84       120       103       102       121  
      84       122        86       103       104        85  
     124        86       122       105       104       123  
      86       124        88       105       106        87  
     126        88       124       107       106       125  
      88       126        90       107       108        89  
     128        90       126       109       108       127  
      90       128        92       109       110        91  
     130        92       128       111       110       129  
      92       130        94       111       112        93  
     132        94       130       113       112       131  
     114       152       116       133       134       115  
     154       116       152       135       134       153  
     116       154       118       135       136       117  
     156       118       154       137       136       155  
     118       156       120       137       138       119  
     158       120       156       139       138       157  
     120       158       122       139       140       121  
     160       122       158       141       140       159  
     122       160       124       141       142       123  
     162       124       160       143       142       161  
     124       162       126       143       144       125  
     164       126       162       145       144       163  
     126       164       128       145       146       127  
     166       128       164       147       146       165  
     128       166       130       147       148       129  
     168       130       166       149       148       167  
     130       168       132       149       150       131  
     170       132       168       151       150       169  
     152       190       154       171       172       153  
     192       154       190       173       172       191  
     154       192       156       173       174       155  
     194       156       192       175       174       193  
     156       194       158       175       176       157  
     196       158       194       177       176       195  
     158       196       160       177       178       159  
     198       160       196       179       178       197  
     160       198       162       179       180       161  
     200       162       198       181       180       199  
     162       200       164       181       182       163  
     202       164       200       183       182       201  
     164       202       166       183       184       165  
     204       166       202       185       184       203  
     166       204       168       185       186       167  
     206       168       204       187       186       205  
     168       206       170       187       188       169  
     208       170       206       189       188       207  
     190       228       192       209       210       191  
     230       192       228       211       210       229  
     192       230       194       211       212       193  
     232       194       230       213       212       231  
     194       232       196       213       214       195  
     234       196       232       215       214       233  
     196       234       198       215       216       197  
     236       198       234       217       216       235  
     198       236       200       217       218       199  
     238       200       236       219       218       237  
     200       238       202       219       220       201  
     240       202       238       221       220       239  
     202       240       204       221       222       203  
     242       204       240       223       222       241  
     204       242       206       223       224       205  
     244       206       242       225       224       243  
     206       244       208       225       226       207  
     246       208       244       227       226       245  
     228       266       230       247       248       229  
     268       230       266       249       248       267  
     230       268       232       249       250       231  
     270       232       268       251       250       269  
     232       270       234       251       252       233  
     272       234       270       253       252       271  
     234       272       236       253       254       235  
     274       236       272       255       254       273  
     236       274       238       255       256       237  
     276       238       274       257       256       275  
     238       276       240       257       258       239  
     278       240       276       259       258       277  
     240       278       242       259       260       241  
     280       242       278       261       260       279  
     242       280       244       261       262       243  
     282       244       280       263       262       281  
     244       282       246       263       264       245  
     284       246       282       265       264       283  
     266       304       268       285       286       267  
     306       268       304       287       286       305  
     268       306       270       287       288       269  
     308       270       306       289       288       307  
     270       308       272       289       290       271  
     310       272       308       291       290       309  
     272       310       274       291       292       273  
     312       274       310       293       292       311  
     274       312       276       293       294       275  
     314       276       312       295       294       313  
     276       314       278       295       296       277  
     316       278       314       297       296       315  
     278       316       280       297       298       279  
     318       280       316       299       298       317  
     280       318       282       299       300       281  
     320       282       318       301       300       319  
     282       320       284       301       302       283  
     322       284       320       303       302       321  
     304       342       306       323       324       305  
     344       306       342       325       324       343  
     306       344       308       325       326       307  
     346       308       344       327       326       345  
     308       346       310       327       328       309  
     348       310       346       329       328       347  
     310       348       312       329       330       311  
     350       312       348       331       330       349  
     312       350       314       331       332       313  
     352       314       350       333       332       351  
     314       352       316       333       334       315  
     354       316       352       335       334       353  
     316       354       318       335       336       317  
     356       318       354       337       336       355  
     318       356       320       337       338       319  
     358       320       356       339       338       357  
     320       358       322       339       340       321  
     360       322       358       341       340       359  
